

TREE # 1

  0  0.0000   2119.009673  x:  0.05685   0.00000   0.10406   0.00930   0.08496   0.06130   0.05737   0.03404   0.06653   0.06810   0.06680   0.14477   0.00308   0.08875   0.01964   0.05452   0.06338   0.05393   0.05445   0.07372   0.12173   0.05154   0.13306   0.07547   2.00000   1.84046   1.04872   1.37668   0.40000  
  1 99.0000   2099.691533  x:  0.07334   0.05356   0.12561   0.03427   0.07350   0.03536   0.06365   0.00747   0.05238   0.09843   0.05812   0.15677   0.09897   0.13279   0.03642   0.04566   0.05425   0.05591   0.05198   0.08701   0.11901   0.03415   0.14773   0.09196   2.00878   1.83846   1.04936   1.37819   0.41806  
  2 677.8846   2091.899529  x:  0.07803   0.04571   0.13587   0.02751   0.06464   0.01815   0.06622   0.00075   0.04452   0.11044   0.05070   0.16237   0.09485   0.14946   0.03501   0.04160   0.04950   0.05674   0.05093   0.09311   0.11686   0.02336   0.15523   0.09665   2.01565   1.83689   1.05011   1.37908   0.43019  
  3 295.0429   2087.202224  x:  0.08194   0.03978   0.14436   0.02235   0.05738   0.00425   0.06834   0.00306   0.03812   0.12037   0.04465   0.16700   0.09231   0.16331   0.03404   0.03828   0.04563   0.05742   0.05007   0.09813   0.11510   0.01466   0.16141   0.10056   2.02134   1.83559   1.05073   1.37981   0.44021  
  4 4588.5836   2081.943563  x:  0.09050   0.02600   0.16363   0.01511   0.04204   0.02052   0.07235   0.00525   0.02780   0.14166   0.03260   0.17750   0.08737   0.19450   0.03352   0.03285   0.03863   0.05871   0.04855   0.10869   0.11105   0.00680   0.17505   0.10912   2.03615   1.83228   1.05223   1.38175   0.46481  
  5 447.0466   2078.697357  x:  0.09746   0.01228   0.18073   0.01747   0.03220   0.02336   0.07479   0.00620   0.02644   0.15914   0.02721   0.18675   0.08196   0.22223   0.03505   0.03172   0.03599   0.05949   0.04789   0.11691   0.10754   0.02925   0.18662   0.11608   2.05228   1.82871   1.05389   1.38381   0.48947  
  6 478.6521   2075.450498  x:  0.10168   0.00000   0.19543   0.03136   0.04152   0.02462   0.07385   0.00662   0.04257   0.17042   0.03980   0.19420   0.07512   0.24617   0.03584   0.03776   0.04330   0.05909   0.04911   0.12052   0.10567   0.02644   0.19467   0.12030   2.07527   1.82365   1.05654   1.38652   0.51860  
  7 210.3908   2068.058745  x:  0.09342   0.00000   0.21047   0.00775   0.06465   0.02540   0.05690   0.00684   0.02946   0.15306   0.03736   0.19966   0.04060   0.27174   0.03394   0.04796   0.05748   0.05308   0.05441   0.09935   0.11090   0.03274   0.18786   0.11204   2.17585   1.80158   1.07050   1.39675   0.60946  
  8 94.5132   2064.148820  x:  0.08726   0.00000   0.21397   0.02313   0.06146   0.02535   0.05530   0.00680   0.02146   0.13835   0.02964   0.19979   0.01075   0.27800   0.03047   0.04434   0.05341   0.05245   0.05412   0.08840   0.11360   0.03216   0.18046   0.10588   2.24324   1.78720   1.07966   1.40342   0.66263  
  9 400.3150   2062.140582  x:  0.08463   0.00000   0.21283   0.01880   0.05039   0.02504   0.06072   0.00674   0.03426   0.12981   0.02970   0.19822   0.00000   0.27610   0.02900   0.03931   0.04609   0.05432   0.05214   0.08720   0.11411   0.03220   0.17622   0.10325   2.28692   1.77836   1.08515   1.40765   0.69211  
 10 310.6668   2058.627558  x:  0.07620   0.00000   0.20896   0.01818   0.03454   0.02454   0.06822   0.00657   0.03765   0.11072   0.03997   0.19419   0.00815   0.26403   0.01511   0.03626   0.03985   0.05751   0.04959   0.08798   0.11360   0.03172   0.17263   0.09482   2.39268   1.75741   1.09782   1.41789   0.76294  
 11 242.0222   2055.113734  x:  0.07291   0.00000   0.19754   0.01850   0.02622   0.02342   0.07885   0.00627   0.03833   0.09765   0.04309   0.18650   0.01318   0.23745   0.04550   0.03564   0.03483   0.06206   0.04622   0.09864   0.11164   0.02842   0.16874   0.09153   2.53884   1.73016   1.11359   1.43166   0.84839  
 12 474.9656   2051.098086  x:  0.08444   0.00000   0.17760   0.01919   0.04402   0.02311   0.08957   0.00622   0.04440   0.11242   0.02436   0.17692   0.01708   0.19924   0.04211   0.02793   0.03207   0.06489   0.04501   0.11568   0.10819   0.02904   0.16560   0.10306   2.68724   1.70593   1.12621   1.44474   0.91130  
 13 337.3344   2048.444205  x:  0.09836   0.00000   0.16032   0.01858   0.03308   0.02320   0.08905   0.00619   0.03614   0.13685   0.03512   0.17112   0.01342   0.16954   0.03763   0.03550   0.04119   0.06251   0.04821   0.12505   0.10733   0.02930   0.16490   0.11698   2.79866   1.69204   1.13155   1.45332   0.93340  
 14 264.4562   2043.964898  x:  0.09777   0.00000   0.15635   0.02019   0.02877   0.02298   0.05387   0.00621   0.04403   0.15500   0.03578   0.17956   0.01511   0.16741   0.03991   0.03458   0.02245   0.05005   0.04849   0.10773   0.11266   0.02831   0.18033   0.11639   3.01869   1.68024   1.12741   1.46522   0.90507  
 15 117.2961   2038.740407  x:  0.09072   0.02804   0.15950   0.02170   0.02071   0.02273   0.04856   0.00621   0.05176   0.16317   0.02537   0.19296   0.01669   0.17946   0.04187   0.02483   0.04807   0.05337   0.04520   0.08945   0.11701   0.02697   0.19991   0.10934   3.33789   1.66749   1.11750   1.48088   0.84509  
 16 574.6559   2026.374809  x:  0.07526   0.02536   0.17438   0.01688   0.04320   0.02452   0.09549   0.00666   0.03558   0.16947   0.04324   0.22004   0.01045   0.22306   0.04040   0.03700   0.03809   0.07176   0.04111   0.07677   0.12044   0.03082   0.23966   0.09388   4.12844   1.64226   1.08784   1.51658   0.67621  
 17 1004.9278   2022.084718  x:  0.07677   0.00000   0.18223   0.01842   0.03929   0.02430   0.08658   0.00666   0.03902   0.15857   0.03592   0.22237   0.01048   0.23751   0.03871   0.04027   0.04748   0.06608   0.04976   0.09036   0.11722   0.02985   0.24101   0.09539   4.35153   1.63842   1.07768   1.52399   0.63088  
 18 612.5536   2020.589745  x:  0.09038   0.00925   0.19473   0.01801   0.04284   0.02454   0.08019   0.00671   0.03500   0.14020   0.04240   0.21560   0.00911   0.24853   0.03703   0.03523   0.04625   0.06045   0.04391   0.10839   0.10853   0.03069   0.22149   0.10900   4.43064   1.64624   1.06830   1.52018   0.61358  
 19 143.8204   2019.637885  x:  0.09886   0.00620   0.20702   0.01831   0.04058   0.02435   0.07985   0.00668   0.03767   0.14510   0.04008   0.20018   0.01177   0.25908   0.03783   0.04033   0.04514   0.06860   0.04288   0.09333   0.10578   0.02988   0.18668   0.11748   4.49659   1.66683   1.05245   1.50616   0.61038  
 20 59.4767   2019.288547  x:  0.09416   0.00577   0.20932   0.01799   0.04131   0.02451   0.08170   0.00672   0.03698   0.15217   0.04309   0.19352   0.01211   0.26214   0.03889   0.03262   0.04570   0.06274   0.04696   0.09487   0.10927   0.03029   0.17553   0.11278   4.52047   1.68390   1.04152   1.49369   0.61218  
 21 42.0231   2019.002933  x:  0.08885   0.00878   0.20896   0.01826   0.04073   0.02442   0.08262   0.00670   0.03748   0.15528   0.04036   0.18935   0.01235   0.26284   0.03800   0.03891   0.04533   0.05895   0.04317   0.10104   0.11205   0.02998   0.17185   0.10747   4.53564   1.70527   1.02911   1.47761   0.61608  
 22 47.7812   2018.420271  x:  0.08872   0.00777   0.20265   0.01809   0.04149   0.02431   0.07756   0.00668   0.03613   0.15146   0.04171   0.18907   0.01138   0.25877   0.03752   0.03626   0.04520   0.07085   0.04318   0.10377   0.10925   0.03011   0.18470   0.10734   4.57961   1.76083   0.99892   1.43470   0.62679  
 23 48.1858   2018.240893  x:  0.09251   0.00703   0.20125   0.01820   0.04113   0.02418   0.08223   0.00665   0.03657   0.14743   0.04079   0.19311   0.01157   0.25645   0.03778   0.03677   0.04552   0.06300   0.04440   0.09864   0.10767   0.02987   0.18988   0.11113   4.59417   1.77831   0.99193   1.42038   0.63072  
 24 38.7505   2018.174288  x:  0.09275   0.00506   0.20335   0.01820   0.04126   0.02418   0.08174   0.00665   0.03656   0.14790   0.04123   0.20105   0.01169   0.25378   0.03788   0.03573   0.04619   0.06317   0.04113   0.09875   0.11008   0.02992   0.18741   0.11137   4.60354   1.78381   0.99936   1.41354   0.63100  
 25  6.5264   2018.106097  x:  0.09266   0.00632   0.20568   0.01834   0.04125   0.02414   0.08198   0.00664   0.03673   0.14763   0.04079   0.20759   0.01187   0.25152   0.03779   0.03690   0.04547   0.06452   0.04486   0.10015   0.11106   0.02984   0.18462   0.11128   4.60824   1.78951   1.00891   1.40626   0.63179  
 26 26.3310   2017.904322  x:  0.09065   0.00616   0.20668   0.01835   0.04159   0.02412   0.08132   0.00665   0.03660   0.14923   0.04096   0.20171   0.01180   0.25248   0.03783   0.03708   0.04590   0.06332   0.04427   0.09963   0.10095   0.02981   0.18640   0.10927   4.62895   1.80275   1.04161   1.39003   0.63276  
 27 12.3260   2017.719941  x:  0.09363   0.00625   0.20478   0.01849   0.04184   0.02414   0.08140   0.00666   0.03666   0.14693   0.04101   0.19122   0.01161   0.25699   0.03760   0.03727   0.04606   0.06361   0.04459   0.09978   0.11160   0.02984   0.19072   0.11225   4.64859   1.81374   1.06670   1.38163   0.63533  
 28 22.1095   2015.735966  x:  0.09656   0.00305   0.15609   0.01916   0.04416   0.02295   0.07732   0.00651   0.03614   0.13975   0.04089   0.20292   0.01193   0.28256   0.03633   0.03850   0.04755   0.06213   0.04612   0.10412   0.10706   0.02812   0.17188   0.11518   4.85545   1.90030   1.12137   1.47658   0.68785  
 29  7.9320   2013.807938  x:  0.09663   0.00000   0.16867   0.01958   0.04533   0.02210   0.07535   0.00637   0.03585   0.13648   0.04023   0.19874   0.01194   0.27256   0.03561   0.03900   0.04851   0.06096   0.04708   0.10525   0.10667   0.02723   0.17253   0.11525   4.97638   1.94807   1.14488   1.53540   0.71635  
 30 122.8052   2013.807938  x:  0.09663   0.00000   0.16867   0.01958   0.04533   0.02210   0.07535   0.00637   0.03585   0.13648   0.04023   0.19874   0.01194   0.27256   0.03561   0.03900   0.04851   0.06096   0.04708   0.10525   0.10667   0.02723   0.17253   0.11525   4.97638   1.94807   1.14488   1.53540   0.71635  
 31  6.4205   2012.854780  x:  0.09566   0.00149   0.17217   0.01862   0.04582   0.01035   0.07316   0.00578   0.03710   0.13743   0.03955   0.19778   0.01498   0.26900   0.03202   0.03893   0.04663   0.05972   0.04848   0.10573   0.10723   0.01974   0.17411   0.11428   4.97763   1.94685   1.14465   1.53587   0.71857  
 32 97.5335   2012.613512  x:  0.09444   0.00000   0.17642   0.01851   0.04632   0.01204   0.07087   0.00849   0.03811   0.13862   0.03899   0.19637   0.01524   0.26411   0.03022   0.03921   0.04496   0.05848   0.04967   0.10630   0.10783   0.01610   0.17595   0.11305   4.97944   1.94512   1.14425   1.53655   0.72168  
 33 53.1573   2012.613512  x:  0.09444   0.00000   0.17642   0.01851   0.04632   0.01204   0.07087   0.00849   0.03811   0.13862   0.03899   0.19637   0.01524   0.26411   0.03022   0.03921   0.04496   0.05848   0.04967   0.10630   0.10783   0.01610   0.17595   0.11305   4.97944   1.94512   1.14425   1.53655   0.72168  
 34 105.1408   2012.486406  x:  0.09420   0.00018   0.17742   0.01862   0.04633   0.01202   0.07059   0.00545   0.03802   0.13887   0.03903   0.19607   0.01506   0.26281   0.03071   0.03932   0.04491   0.05836   0.04972   0.10640   0.10793   0.01770   0.17637   0.11282   4.97999   1.94460   1.14412   1.53676   0.72260  
 35 54.8763   2012.215644  x:  0.09247   0.00086   0.18501   0.01920   0.04635   0.01229   0.06862   0.00741   0.03744   0.14075   0.03917   0.19370   0.01393   0.25270   0.03316   0.03991   0.04456   0.05753   0.05008   0.10717   0.10867   0.02486   0.17957   0.11109   4.98438   1.94052   1.14305   1.53840   0.72980  
 36 46.5164   2011.849144  x:  0.09102   0.00000   0.19210   0.01888   0.04623   0.01193   0.06739   0.00710   0.03733   0.14243   0.03905   0.19136   0.01392   0.24234   0.03242   0.03978   0.04440   0.05706   0.05029   0.10777   0.10932   0.02250   0.18263   0.10964   4.98934   1.93595   1.14190   1.54017   0.73769  
 37 81.5906   2011.762709  x:  0.09164   0.00257   0.19318   0.01943   0.04632   0.01434   0.06911   0.00701   0.03797   0.14226   0.03905   0.19129   0.01608   0.23862   0.03230   0.03965   0.04482   0.05784   0.04994   0.10750   0.10907   0.02185   0.18312   0.11026   4.99328   1.93253   1.14094   1.54142   0.74306  
 38 37.6981   2011.525573  x:  0.09526   0.00235   0.19073   0.02011   0.04626   0.01058   0.07613   0.00719   0.03932   0.14001   0.03877   0.19247   0.01766   0.23110   0.03279   0.03951   0.04616   0.06089   0.04858   0.10589   0.10743   0.02270   0.18210   0.11388   5.00785   1.92030   1.13744   1.54566   0.76130  
 39 49.1998   2011.365426  x:  0.09687   0.00000   0.18838   0.01955   0.04622   0.01260   0.07812   0.00716   0.03916   0.13877   0.03870   0.19326   0.01616   0.22830   0.03288   0.03955   0.04625   0.06157   0.04833   0.10517   0.10671   0.02310   0.18111   0.11548   5.01653   1.91316   1.13538   1.54802   0.77153  
 40 107.6010   2010.865220  x:  0.09802   0.00000   0.17768   0.01797   0.04706   0.01034   0.06848   0.00713   0.03371   0.13584   0.04086   0.19826   0.01470   0.22870   0.03156   0.04028   0.04224   0.05566   0.05151   0.10512   0.10689   0.02210   0.17677   0.11664   5.05485   1.88317   1.12661   1.55708   0.81116  
 41 66.0714   2010.618812  x:  0.09500   0.00000   0.17408   0.02073   0.04675   0.01047   0.06379   0.00710   0.04108   0.13672   0.03919   0.19987   0.01419   0.23432   0.03265   0.04022   0.04469   0.05533   0.05108   0.10649   0.10838   0.02167   0.17576   0.11361   5.08218   1.86331   1.12061   1.56217   0.83454  
 42 75.4887   2010.364780  x:  0.08994   0.00000   0.17526   0.01644   0.04600   0.01103   0.06619   0.00716   0.03902   0.13988   0.03810   0.19975   0.01724   0.24519   0.03290   0.03954   0.04654   0.05820   0.04926   0.10837   0.11025   0.02260   0.17696   0.10856   5.11529   1.84138   1.11378   1.56642   0.85661  
 43 74.4252   2010.222343  x:  0.08802   0.00000   0.17836   0.02080   0.04641   0.01129   0.06945   0.00711   0.03605   0.14194   0.03941   0.19874   0.01574   0.25278   0.03220   0.03942   0.04570   0.05932   0.04891   0.10894   0.11074   0.02211   0.17827   0.10664   5.13644   1.82880   1.10974   1.56782   0.86678  
 44 87.9624   2010.037243  x:  0.09025   0.00000   0.18667   0.01843   0.04690   0.01045   0.07211   0.00708   0.03915   0.14338   0.04041   0.19549   0.01181   0.26287   0.03189   0.04047   0.04253   0.05759   0.05075   0.10789   0.10947   0.02135   0.18074   0.10887   5.16577   1.81532   1.10509   1.56614   0.87063  
 45 45.3648   2009.772888  x:  0.09840   0.00000   0.19513   0.01974   0.04647   0.01166   0.06926   0.00708   0.03780   0.14111   0.03792   0.19016   0.01539   0.27064   0.03282   0.04083   0.04488   0.05503   0.05159   0.10452   0.10602   0.02173   0.18209   0.11702   5.22380   1.78974   1.09644   1.56173   0.87769  
 46 65.3977   2009.173665  x:  0.10104   0.00000   0.20099   0.01862   0.04469   0.01066   0.06121   0.00706   0.03623   0.13523   0.04267   0.18189   0.01140   0.27240   0.03110   0.03647   0.04988   0.06478   0.04423   0.10508   0.10724   0.02142   0.17701   0.11966   5.35542   1.74582   1.08010   1.53947   0.86402  
 47 65.6126   2006.981643  x:  0.09512   0.00000   0.19754   0.01962   0.04948   0.01108   0.06587   0.00703   0.03825   0.12258   0.03773   0.16687   0.01685   0.25746   0.03327   0.04495   0.03917   0.06825   0.05241   0.11274   0.11606   0.02107   0.15604   0.11373   5.86327   1.57864   1.01646   1.45388   0.82057  
 48 284.8326   2005.728958  x:  0.09181   0.00000   0.19074   0.01908   0.04486   0.01063   0.07304   0.00709   0.03814   0.13401   0.04035   0.17576   0.01509   0.24740   0.03070   0.03801   0.04984   0.05076   0.05101   0.11076   0.11334   0.02198   0.15945   0.11043   6.15147   1.49345   0.98002   1.40177   0.79367  
 49 366.4329   2004.958543  x:  0.09343   0.00000   0.18393   0.01921   0.04702   0.01085   0.06880   0.00698   0.03760   0.14839   0.03797   0.19530   0.01461   0.24103   0.03586   0.03956   0.04363   0.05911   0.04877   0.10550   0.10672   0.02009   0.17761   0.11205   6.34221   1.44836   0.95479   1.36595   0.78293  
 50 212.7832   2004.737674  x:  0.09420   0.00000   0.18316   0.01922   0.04655   0.01126   0.06843   0.00708   0.03883   0.14560   0.04012   0.20092   0.01531   0.24032   0.02838   0.04248   0.04461   0.06140   0.05176   0.10678   0.10850   0.02264   0.18458   0.11282   6.39885   1.44527   0.94701   1.35458   0.78639  
 51 74.7292   2004.163800  x:  0.09422   0.00000   0.18487   0.01911   0.04572   0.01124   0.07055   0.00695   0.03751   0.12930   0.04006   0.21028   0.01318   0.24182   0.03489   0.04156   0.04738   0.05875   0.05235   0.11307   0.11752   0.02007   0.19928   0.11284   6.55281   1.45894   0.92715   1.32030   0.80039  
 52 106.3690   2003.592886  x:  0.09298   0.00000   0.18529   0.01965   0.04854   0.01151   0.07085   0.00705   0.03918   0.12756   0.03612   0.20793   0.01470   0.24286   0.03036   0.03413   0.04006   0.05562   0.04521   0.11116   0.11474   0.02232   0.19792   0.11160   6.70737   1.48305   0.91101   1.28818   0.82089  
 53 132.0036   2002.636766  x:  0.09059   0.00000   0.18558   0.01912   0.04782   0.01129   0.06979   0.00693   0.03848   0.13940   0.04023   0.19717   0.01524   0.24504   0.03272   0.04250   0.04472   0.05708   0.04817   0.10455   0.10458   0.02054   0.18523   0.10921   6.97574   1.53363   0.88824   1.23508   0.85540  
 54 294.7315   2002.464518  x:  0.09282   0.00000   0.18574   0.01959   0.04421   0.01108   0.06964   0.00694   0.03783   0.14503   0.03698   0.19647   0.01446   0.24542   0.03259   0.03796   0.04478   0.05951   0.05371   0.10680   0.10866   0.02069   0.18265   0.11144   7.02544   1.54454   0.89191   1.23324   0.85909  
 55 60.1832   2002.003522  x:  0.10016   0.00000   0.18534   0.01914   0.04768   0.01183   0.07037   0.00693   0.03885   0.15633   0.04194   0.19843   0.01631   0.24457   0.03345   0.04011   0.04329   0.05772   0.04834   0.11505   0.12171   0.02076   0.17848   0.11878   7.17222   1.57242   0.91792   1.24881   0.87013  
 56 76.3908   2000.585836  x:  0.09701   0.00000   0.18853   0.01949   0.05080   0.01062   0.07039   0.00686   0.03554   0.15519   0.02819   0.20500   0.01100   0.24535   0.02885   0.04826   0.04859   0.05637   0.04457   0.11335   0.11814   0.02021   0.18056   0.11562   7.59794   1.66555   1.01369   1.31851   0.88126  
 57 163.3327   1998.972018  x:  0.09078   0.00000   0.18836   0.01942   0.04526   0.01220   0.07149   0.00685   0.03902   0.14618   0.04067   0.21192   0.01522   0.24311   0.03327   0.04024   0.04440   0.05756   0.05233   0.10451   0.10478   0.02026   0.18526   0.10939   8.12853   1.77189   1.12682   1.41234   0.90468  
 58 864.7940   1998.458282  x:  0.09088   0.00000   0.17606   0.01866   0.05359   0.01167   0.07139   0.00682   0.03872   0.14917   0.04116   0.19503   0.01466   0.24046   0.03330   0.03710   0.04704   0.05743   0.05543   0.10520   0.10496   0.02016   0.19839   0.10949   8.29355   1.81720   1.11765   1.47463   0.89644  
 59 44.2628   1998.166571  x:  0.09102   0.00000   0.17272   0.01947   0.04353   0.01164   0.07137   0.00677   0.03864   0.15022   0.04035   0.19086   0.01502   0.23873   0.03302   0.04080   0.04366   0.05623   0.05175   0.10554   0.10550   0.01986   0.20112   0.10964   8.38429   1.84262   1.10779   1.51196   0.89110  
 60 147.8076   1997.842924  x:  0.09071   0.00000   0.18225   0.01916   0.04559   0.01213   0.07127   0.00671   0.03854   0.14985   0.04017   0.20595   0.01510   0.23586   0.03287   0.03995   0.04451   0.05681   0.05248   0.10404   0.10508   0.01971   0.18798   0.10933   8.49284   1.87166   1.08761   1.56081   0.88579  
 61 67.1010   1997.839536  x:  0.09083   0.00000   0.18233   0.01916   0.04557   0.01214   0.07127   0.00671   0.03853   0.14986   0.04016   0.20602   0.01510   0.23585   0.03288   0.03988   0.04451   0.05682   0.05249   0.10582   0.10385   0.01969   0.18791   0.10945   8.49552   1.87165   1.08752   1.56095   0.88587  
 62  1.4271   1995.892723  x:  0.09500   0.00000   0.21045   0.01787   0.04707   0.01221   0.06847   0.00570   0.03752   0.14100   0.03918   0.18054   0.01472   0.23595   0.02909   0.04025   0.04602   0.05914   0.04769   0.11162   0.11489   0.01614   0.18624   0.11360  10.48672   1.79370   1.06907   1.54368   0.96502  
 63  3.3912   1995.449311  x:  0.09402   0.00000   0.19972   0.01888   0.04642   0.01194   0.06961   0.00668   0.03792   0.14184   0.03832   0.19552   0.01402   0.23569   0.03179   0.03963   0.04462   0.05800   0.05030   0.10839   0.11042   0.02158   0.18324   0.11262  11.29183   1.75731   1.04785   1.51466   0.94282  
 64  0.5309   1995.372586  x:  0.09333   0.00000   0.19653   0.01870   0.04650   0.01197   0.06954   0.00641   0.03800   0.14425   0.03889   0.19408   0.01453   0.23629   0.03137   0.04014   0.04490   0.05799   0.05033   0.10814   0.10956   0.01823   0.18534   0.11193  11.65902   1.74886   1.03926   1.50303   0.93243  
 65  0.2816   1995.367646  x:  0.09368   0.00000   0.19779   0.01864   0.04642   0.01200   0.06955   0.00630   0.03802   0.14405   0.03910   0.19261   0.01464   0.23728   0.03119   0.04010   0.04511   0.05837   0.04996   0.10855   0.11016   0.01864   0.18531   0.11227  11.76935   1.75245   1.04137   1.50567   0.93565  
 66  0.0886   1995.367361  x:  0.09362   0.00000   0.19784   0.01866   0.04644   0.01201   0.06953   0.00633   0.03800   0.14394   0.03907   0.19291   0.01461   0.23699   0.03123   0.04009   0.04506   0.05828   0.05004   0.10852   0.11013   0.01856   0.18516   0.11222  11.79776   1.75407   1.04199   1.50663   0.93621  
 67  0.0244   1995.367357  x:  0.09363   0.00000   0.19781   0.01866   0.04645   0.01200   0.06953   0.00633   0.03800   0.14395   0.03905   0.19292   0.01460   0.23701   0.03123   0.04009   0.04505   0.05827   0.05004   0.10851   0.11012   0.01858   0.18519   0.11222  11.79901   1.75411   1.04199   1.50664   0.93627  
 68  0.0012   1995.367357  x:  0.09363   0.00000   0.19781   0.01866   0.04645   0.01200   0.06953   0.00633   0.03800   0.14396   0.03905   0.19291   0.01460   0.23700   0.03123   0.04009   0.04505   0.05827   0.05004   0.10851   0.11012   0.01858   0.18519   0.11222  11.79903   1.75412   1.04200   1.50664   0.93628  
 69  0.0000   1995.367357  x:  0.09363   0.00000   0.19781   0.01866   0.04645   0.01200   0.06953   0.00633   0.03800   0.14396   0.03905   0.19291   0.01460   0.23700   0.03123   0.04009   0.04505   0.05827   0.05004   0.10851   0.11012   0.01858   0.18519   0.11222  11.79901   1.75412   1.04200   1.50664   0.93628  
 70  0.0000   1995.367357  x:  0.09363   0.00000   0.19781   0.01866   0.04645   0.01200   0.06953   0.00633   0.03800   0.14396   0.03905   0.19291   0.01460   0.23700   0.03123   0.04009   0.04505   0.05827   0.05004   0.10851   0.11012   0.01858   0.18519   0.11222  11.79901   1.75412   1.04200   1.50664   0.93628  
 71  0.0000   1995.367357  x:  0.09363   0.00000   0.19781   0.01866   0.04645   0.01200   0.06953   0.00633   0.03800   0.14396   0.03905   0.19291   0.01460   0.23700   0.03123   0.04009   0.04505   0.05827   0.05004   0.10851   0.11012   0.01858   0.18519   0.11222  11.79901   1.75412   1.04200   1.50664   0.93628  
 72  0.0000   1995.367357  x:  0.09363   0.00000   0.19781   0.01866   0.04645   0.01200   0.06953   0.00633   0.03800   0.14396   0.03905   0.19291   0.01460   0.23700   0.03123   0.04009   0.04505   0.05827   0.05004   0.10851   0.11012   0.01858   0.18519   0.11222  11.79901   1.75412   1.04200   1.50664   0.93628  
 73  0.0000   1995.367357  x:  0.09363   0.00000   0.19781   0.01866   0.04645   0.01200   0.06953   0.00633   0.03800   0.14396   0.03905   0.19291   0.01460   0.23700   0.03123   0.04009   0.04505   0.05827   0.05004   0.10851   0.11012   0.01858   0.18519   0.11222  11.79901   1.75412   1.04200   1.50664   0.93628  