

TREE # 1

  0  0.0000   1837.973194  x:  0.01972   0.20925   0.02571   0.03211   0.02495   0.05815   0.02188   0.05666   0.08536   0.02661   0.17168   0.01972   0.20925   0.02571   0.03211   0.02495   0.05815   0.02188   0.05666   0.08536   0.02661   0.17168   0.21568   8.40433   1.58632   1.01477   1.56248   1.00000  
  1 99.0000   1822.951429  x:  0.00000   0.20516   0.04179   0.03718   0.04199   0.06494   0.02596   0.06062   0.07556   0.03700   0.16594   0.00037   0.20576   0.02571   0.03713   0.02881   0.06601   0.03801   0.05360   0.07099   0.01299   0.16585   0.21760   8.40445   1.58642   1.01388   1.56345   1.00064  
  2 383.6942   1822.829526  x:  0.00000   0.20509   0.04177   0.03718   0.04198   0.06499   0.02593   0.06063   0.07539   0.03702   0.16584   0.00000   0.20570   0.02573   0.03715   0.02879   0.06607   0.03795   0.05357   0.07074   0.01283   0.16575   0.21764   8.40445   1.58642   1.01386   1.56347   1.00066  
  3 378.4073   1817.666052  x:  0.00000   0.18990   0.04046   0.03865   0.04146   0.06622   0.02822   0.05864   0.04525   0.03680   0.14500   0.00000   0.19616   0.03301   0.03950   0.02829   0.06690   0.03996   0.05267   0.02047   0.03392   0.14495   0.22459   8.40495   1.58711   1.00923   1.56793   1.00349  
  4 239.1404   1817.024535  x:  0.00000   0.18023   0.04373   0.03937   0.04231   0.06405   0.02546   0.05827   0.04023   0.03871   0.13097   0.00000   0.19070   0.02571   0.03853   0.02255   0.06486   0.03876   0.05731   0.02535   0.03695   0.13098   0.22916   8.40545   1.58777   1.00463   1.57250   1.00632  
  5 51.4281   1816.760789  x:  0.00000   0.17418   0.04298   0.03932   0.04203   0.06386   0.02611   0.05816   0.04305   0.03801   0.12183   0.00000   0.18777   0.02790   0.03794   0.02904   0.06445   0.03859   0.05838   0.02862   0.03689   0.12187   0.23239   8.40594   1.58846   1.00019   1.57692   1.00905  
  6 52.9317   1816.657197  x:  0.00000   0.17252   0.04144   0.03865   0.04202   0.06450   0.02781   0.05823   0.04841   0.03733   0.11839   0.00000   0.18769   0.02897   0.03754   0.02580   0.06486   0.04017   0.05604   0.02778   0.03624   0.11845   0.23437   8.40650   1.58939   0.99521   1.58185   1.01212  
  7 24.7934   1816.497528  x:  0.00000   0.17443   0.04252   0.03728   0.04179   0.06332   0.02431   0.05831   0.05202   0.03902   0.11706   0.00000   0.19123   0.02565   0.03914   0.02737   0.06454   0.03944   0.05388   0.02528   0.03653   0.11714   0.23797   8.40838   1.59263   0.97942   1.59772   1.02210  
  8 19.8498   1816.176909  x:  0.00000   0.17991   0.04320   0.03866   0.04328   0.06389   0.02708   0.05817   0.04726   0.03824   0.11624   0.00000   0.19882   0.02873   0.03931   0.02647   0.06497   0.03700   0.05411   0.02756   0.03588   0.11631   0.24409   8.41294   1.60039   0.94353   1.63476   1.04571  
  9 67.1966   1816.123385  x:  0.00000   0.18052   0.04171   0.03877   0.04185   0.06433   0.02654   0.05800   0.04595   0.03686   0.11641   0.00000   0.19871   0.02771   0.03745   0.02689   0.06503   0.04034   0.05546   0.02761   0.03485   0.11647   0.24316   8.41402   1.60197   0.93825   1.64168   1.05052  
 10 30.4241   1816.045885  x:  0.00000   0.17933   0.04232   0.03910   0.04124   0.06436   0.02630   0.05765   0.04725   0.03860   0.11743   0.00000   0.19221   0.02912   0.03750   0.02629   0.06305   0.04019   0.05842   0.02644   0.03394   0.11744   0.23350   8.41699   1.60549   0.93565   1.65404   1.06099  
 11 12.0711   1815.998904  x:  0.00000   0.17763   0.04192   0.03849   0.04309   0.06408   0.02686   0.05780   0.04700   0.03657   0.11827   0.00000   0.18818   0.02764   0.03827   0.02674   0.06450   0.03943   0.05674   0.02674   0.03454   0.11828   0.22809   8.41930   1.60810   0.93627   1.66199   1.06826  
 12 22.9464   1815.959638  x:  0.00000   0.17538   0.04231   0.03855   0.04173   0.06411   0.02595   0.05816   0.04593   0.03794   0.11916   0.00000   0.18627   0.02840   0.03763   0.02673   0.06608   0.03977   0.05337   0.02798   0.03534   0.11921   0.22655   8.42188   1.61097   0.93978   1.66898   1.07530  
 13 16.2017   1815.792616  x:  0.00000   0.16608   0.04213   0.04069   0.04068   0.06629   0.02906   0.05828   0.04595   0.03908   0.12353   0.00000   0.18521   0.02597   0.03767   0.02757   0.06324   0.03943   0.05296   0.02736   0.03440   0.12371   0.23176   8.43516   1.62593   0.96459   1.69952   1.10788  
 14 21.5912   1815.658760  x:  0.00000   0.16166   0.04236   0.03877   0.04324   0.06508   0.02556   0.05799   0.04618   0.03733   0.12573   0.00000   0.18525   0.02892   0.03841   0.02648   0.06375   0.04040   0.05576   0.02695   0.03341   0.12594   0.23635   8.44619   1.63866   0.98554   1.72349   1.13359  
 15 86.0668   1815.552853  x:  0.00000   0.16824   0.04269   0.03745   0.04267   0.06256   0.02779   0.05729   0.04660   0.03893   0.12330   0.00000   0.18614   0.02834   0.03688   0.02664   0.06822   0.03990   0.05810   0.02612   0.03290   0.12332   0.23754   8.45602   1.65109   1.00335   1.74118   1.15250  
 16 31.9166   1815.427218  x:  0.00000   0.17983   0.04235   0.03976   0.04216   0.06430   0.02675   0.05890   0.04560   0.03766   0.11807   0.00000   0.18826   0.02857   0.03965   0.02649   0.06595   0.04080   0.05627   0.02658   0.03228   0.11788   0.23671   8.46843   1.66776   1.02414   1.76073   1.17305  
 17 49.8242   1815.400899  x:  0.00000   0.18108   0.04305   0.03884   0.04330   0.06536   0.02643   0.05842   0.04535   0.03746   0.11706   0.00000   0.18970   0.02861   0.03724   0.02669   0.06444   0.04032   0.05531   0.02637   0.03205   0.11696   0.23576   8.47144   1.67248   1.02741   1.76377   1.17583  
 18 17.0292   1815.274852  x:  0.00000   0.17726   0.04256   0.03705   0.04314   0.06608   0.02709   0.05505   0.04410   0.03869   0.11390   0.00000   0.20060   0.02850   0.03959   0.02668   0.06481   0.04131   0.05530   0.02649   0.03048   0.11479   0.22853   8.48906   1.70362   1.03575   1.77234   1.17944  
 19 11.9086   1815.167280  x:  0.00000   0.17446   0.04298   0.04140   0.04361   0.06449   0.02621   0.05867   0.04480   0.03790   0.11277   0.00000   0.20588   0.02859   0.03788   0.02659   0.06649   0.04065   0.05601   0.02535   0.02964   0.11372   0.22494   8.50491   1.73139   1.04139   1.77883   1.18054  
 20 49.3885   1814.820199  x:  0.00000   0.17429   0.04607   0.03526   0.04182   0.06553   0.02831   0.06580   0.04354   0.03718   0.11598   0.00000   0.19510   0.02887   0.03903   0.02673   0.06559   0.04179   0.05615   0.02495   0.02672   0.11351   0.23070   8.55816   1.82041   1.05363   1.79701   1.17608  
 21 37.7184   1814.612011  x:  0.00000   0.17560   0.04338   0.03968   0.04505   0.06555   0.02656   0.05817   0.04353   0.03891   0.11721   0.00000   0.18574   0.02896   0.03868   0.02696   0.06599   0.04218   0.05468   0.02479   0.02477   0.11495   0.23593   8.59027   1.87037   1.06036   1.80810   1.17169  
 22 88.1769   1814.555649  x:  0.00000   0.17556   0.04671   0.04060   0.04342   0.06799   0.02612   0.05633   0.04422   0.03675   0.11481   0.00000   0.18485   0.02899   0.03886   0.02683   0.06758   0.04183   0.05520   0.02443   0.02470   0.11744   0.23637   8.60057   1.87392   1.06202   1.81325   1.16665  
 23  8.3853   1814.095767  x:  0.00000   0.17438   0.04299   0.03907   0.04707   0.07095   0.02587   0.06103   0.04235   0.04118   0.10102   0.00000   0.18274   0.02911   0.03916   0.02707   0.06873   0.04266   0.05600   0.02359   0.02121   0.13010   0.23679   8.68700   1.88064   1.07510   1.85899   1.11833  
 24 29.5519   1813.262996  x:  0.00000   0.17089   0.04844   0.04015   0.04697   0.06325   0.02831   0.05917   0.03875   0.03926   0.10535   0.00000   0.18161   0.03063   0.03993   0.02722   0.06613   0.04558   0.05214   0.02062   0.00967   0.12286   0.23607   8.83365   1.88467   1.09656   1.93523   1.03662  
 25 126.1994   1812.976236  x:  0.00000   0.16960   0.04720   0.04052   0.04886   0.07264   0.02622   0.06000   0.03905   0.04162   0.11276   0.00000   0.18173   0.03022   0.04018   0.02724   0.07073   0.04488   0.05482   0.02023   0.00984   0.11438   0.23564   8.88958   1.88491   1.10385   1.96216   1.00740  
 26 121.5156   1812.085774  x:  0.00000   0.16857   0.04851   0.04106   0.05099   0.07608   0.02613   0.06113   0.03716   0.04330   0.11040   0.00000   0.18191   0.03071   0.04107   0.02736   0.07321   0.04621   0.05500   0.01818   0.00235   0.11262   0.23776   9.04856   1.83403   1.07180   1.88727   1.06467  
 27  6.1506   1811.404660  x:  0.00000   0.16518   0.05092   0.04187   0.05278   0.07898   0.02542   0.06262   0.03232   0.04479   0.10745   0.00000   0.18087   0.03092   0.04258   0.02732   0.07758   0.04507   0.05185   0.01605   0.00658   0.10750   0.24167   9.36195   1.72416   1.01752   1.76574   1.12990  
 28  1.0600   1811.040370  x:  0.00000   0.16628   0.05044   0.04140   0.05212   0.07981   0.02336   0.06354   0.03625   0.04474   0.11015   0.00000   0.18203   0.02993   0.04238   0.02751   0.08017   0.04083   0.04878   0.02335   0.00576   0.10999   0.24152   9.76502   1.67499   0.99671   1.71891   1.14546  
 29  0.7389   1810.925938  x:  0.00000   0.16632   0.04856   0.04098   0.05003   0.07894   0.02255   0.06306   0.03608   0.04371   0.11093   0.00000   0.18090   0.03014   0.04238   0.02688   0.08099   0.03655   0.04833   0.02103   0.00466   0.11035   0.24163  10.14021   1.68463   1.00389   1.73505   1.13762  
 30  0.3925   1810.886308  x:  0.00000   0.16663   0.04968   0.04127   0.05049   0.07814   0.02384   0.06305   0.03607   0.04410   0.11147   0.00000   0.18115   0.03003   0.04252   0.02708   0.08103   0.03897   0.04940   0.02037   0.00441   0.11109   0.24133  10.44518   1.69308   1.00723   1.74078   1.13610  
 31  0.2246   1810.881155  x:  0.00000   0.16651   0.04948   0.04127   0.05056   0.07831   0.02335   0.06292   0.03573   0.04410   0.11090   0.00000   0.18122   0.03013   0.04236   0.02711   0.08073   0.03886   0.04933   0.02079   0.00472   0.11040   0.24153  10.55226   1.69664   1.00770   1.74296   1.13964  
 32  0.0892   1810.880760  x:  0.00000   0.16653   0.04941   0.04123   0.05058   0.07839   0.02338   0.06299   0.03599   0.04409   0.11092   0.00000   0.18131   0.03013   0.04238   0.02709   0.08062   0.03878   0.04923   0.02072   0.00473   0.11059   0.24153  10.57349   1.69441   1.00664   1.74107   1.14046  
 33  0.0261   1810.880736  x:  0.00000   0.16653   0.04940   0.04122   0.05058   0.07841   0.02341   0.06300   0.03593   0.04407   0.11094   0.00000   0.18129   0.03014   0.04238   0.02709   0.08056   0.03876   0.04923   0.02073   0.00471   0.11061   0.24153  10.57676   1.69415   1.00658   1.74106   1.14043  
 34  0.0038   1810.880734  x:  0.00000   0.16653   0.04940   0.04122   0.05058   0.07842   0.02340   0.06299   0.03595   0.04407   0.11095   0.00000   0.18128   0.03013   0.04238   0.02709   0.08053   0.03876   0.04924   0.02073   0.00471   0.11060   0.24153  10.57663   1.69433   1.00666   1.74122   1.14043  
 35  0.0003   1810.880734  x:  0.00000   0.16653   0.04940   0.04122   0.05059   0.07842   0.02340   0.06299   0.03595   0.04407   0.11095   0.00000   0.18129   0.03013   0.04238   0.02709   0.08053   0.03877   0.04923   0.02073   0.00471   0.11060   0.24153  10.57639   1.69431   1.00665   1.74119   1.14042  
 36  0.0002   1810.880734  x:  0.00000   0.16653   0.04940   0.04122   0.05059   0.07842   0.02340   0.06299   0.03595   0.04407   0.11095   0.00000   0.18129   0.03013   0.04238   0.02709   0.08053   0.03876   0.04923   0.02073   0.00471   0.11060   0.24153  10.57638   1.69431   1.00665   1.74119   1.14042  
 37  0.0000   1810.880734  x:  0.00000   0.16653   0.04940   0.04122   0.05059   0.07842   0.02340   0.06299   0.03595   0.04407   0.11095   0.00000   0.18129   0.03013   0.04238   0.02709   0.08053   0.03876   0.04923   0.02073   0.00471   0.11060   0.24153  10.57637   1.69431   1.00665   1.74119   1.14042  

TREE # 2

  0  0.0000   2064.595057  x:  0.00000   0.16653   0.04940   0.04122   0.05059   0.07842   0.02340   0.06299   0.03595   0.04407   0.11095   0.00000   0.18129   0.03013   0.04238   0.02709   0.08053   0.03876   0.04923   0.02073   0.00471   0.11060   0.24153  10.57637   1.66176   0.91658   1.58744   1.14042  
  1 99.0000   1957.762912  x:  0.15065   0.16741   0.05326   0.04782   0.04895   0.07703   0.02287   0.06237   0.03672   0.04518   0.11113   0.18405   0.18186   0.03771   0.04850   0.02859   0.07983   0.03863   0.04901   0.02566   0.01250   0.11027   0.23975  10.57637   1.66173   0.91663   1.58754   1.14037  
  2 15644.9739   1882.969472  x:  0.19257   0.10723   0.14683   0.20264   0.00000   0.03659   0.01032   0.04148   0.06025   0.01658   0.09226   0.14538   0.12074   0.19306   0.19038   0.07158   0.05835   0.03234   0.04138   0.12277   0.11675   0.09514   0.18627  10.57643   1.65850   0.92215   1.58940   1.14040  
  3 788.8999   1851.037064  x:  0.25226   0.00000   0.16531   0.24845   0.08871   0.02167   0.08435   0.03233   0.05783   0.03756   0.07395   0.09999   0.01228   0.21840   0.22606   0.05361   0.03489   0.03756   0.02074   0.11913   0.10481   0.06247   0.09289  10.57653   1.65149   0.93442   1.59141   1.14079  
  4 383.1769   1847.428588  x:  0.25743   0.00000   0.16524   0.25025   0.08769   0.02023   0.08382   0.03248   0.05693   0.03713   0.07322   0.09617   0.00000   0.21817   0.22732   0.05215   0.03537   0.03788   0.02185   0.11731   0.10209   0.06119   0.08362  10.57653   1.65079   0.93562   1.59165   1.14083  
  5 449.8196   1844.352991  x:  0.27631   0.00000   0.16389   0.25879   0.08175   0.03832   0.08020   0.03441   0.05797   0.03992   0.07567   0.08198   0.00000   0.21585   0.23341   0.05419   0.03252   0.03389   0.00935   0.10994   0.09216   0.07158   0.04971  10.57658   1.64803   0.94014   1.59331   1.14102  
  6 241.8861   1843.216966  x:  0.28626   0.00000   0.16266   0.26457   0.08154   0.05249   0.08099   0.03448   0.06065   0.04366   0.07862   0.07432   0.00000   0.21382   0.23764   0.05858   0.02980   0.03273   0.02001   0.10686   0.08813   0.08147   0.03474  10.57661   1.64633   0.94276   1.59473   1.14113  
  7 204.2718   1842.822679  x:  0.29485   0.00000   0.15905   0.27122   0.08132   0.05154   0.08329   0.03035   0.06318   0.04293   0.08050   0.06744   0.00000   0.20828   0.24320   0.06291   0.03655   0.03799   0.01991   0.10142   0.08547   0.08938   0.03856  10.57666   1.64379   0.94652   1.59736   1.14127  
  8 38.8961   1842.413192  x:  0.30417   0.00000   0.15205   0.28114   0.07873   0.04618   0.08532   0.03339   0.06492   0.04093   0.08178   0.05988   0.00000   0.19751   0.25145   0.06503   0.02928   0.03537   0.02029   0.09454   0.08279   0.09593   0.04649  10.57677   1.63955   0.95273   1.60211   1.14149  
  9 49.1598   1841.905827  x:  0.30309   0.00000   0.13738   0.30006   0.07506   0.04715   0.08809   0.03692   0.06095   0.04584   0.08128   0.06005   0.00000   0.17343   0.26781   0.06545   0.03517   0.02735   0.02093   0.09412   0.08521   0.09173   0.04878  10.57702   1.63151   0.96411   1.61305   1.14217  
 10 28.9934   1841.307033  x:  0.29759   0.00000   0.11889   0.32281   0.06899   0.05040   0.08929   0.03506   0.05717   0.04870   0.08107   0.06355   0.00000   0.14201   0.28738   0.06366   0.03105   0.03598   0.02040   0.09647   0.08769   0.08573   0.04822  10.57736   1.62166   0.97795   1.62765   1.14311  
 11 107.5350   1841.082576  x:  0.29330   0.00000   0.11514   0.32773   0.06972   0.04933   0.08934   0.02976   0.06359   0.04180   0.08133   0.06659   0.00000   0.13331   0.29170   0.06216   0.03059   0.03287   0.02044   0.09862   0.08507   0.08676   0.04524  10.57753   1.61968   0.98052   1.63442   1.14375  
 12 22.9610   1840.842153  x:  0.28894   0.00000   0.11429   0.33096   0.07203   0.04768   0.08817   0.03717   0.06934   0.03655   0.08097   0.06938   0.00000   0.12896   0.29480   0.06140   0.03279   0.03501   0.02038   0.10062   0.08105   0.08977   0.04246  10.57777   1.61908   0.98110   1.64318   1.14473  
 13 24.4511   1838.769146  x:  0.27208   0.00000   0.11994   0.33672   0.08073   0.03258   0.05641   0.03593   0.06349   0.05267   0.07890   0.07542   0.00000   0.12737   0.30157   0.05655   0.03235   0.03406   0.02066   0.09861   0.05269   0.10709   0.03729  10.57985   1.62403   0.97396   1.71559   1.15392  
 14 22.9496   1834.066896  x:  0.26893   0.00000   0.11919   0.32404   0.08615   0.04213   0.01842   0.03653   0.04747   0.03170   0.07876   0.06176   0.00000   0.12879   0.29025   0.04789   0.03470   0.03402   0.02264   0.07384   0.06338   0.10070   0.03413  10.58419   1.64040   0.95980   1.85644   1.17284  
 15 78.3007   1823.988498  x:  0.26259   0.00000   0.11392   0.27392   0.00795   0.03907   0.04061   0.03750   0.05543   0.03609   0.08483   0.03315   0.00000   0.13481   0.24554   0.05359   0.03572   0.03562   0.02115   0.05485   0.06703   0.08082   0.01740  10.59324   1.68234   0.93489   2.13430   1.21093  
 16 192.1162   1823.222303  x:  0.26767   0.00000   0.11408   0.26800   0.00230   0.04273   0.04061   0.03751   0.05201   0.03355   0.07992   0.02606   0.00000   0.13390   0.23848   0.04966   0.03673   0.03532   0.02106   0.06917   0.06146   0.08038   0.02084  10.59410   1.68895   0.94310   2.14966   1.21323  
 17 61.7595   1821.981757  x:  0.26544   0.00000   0.10914   0.25660   0.00297   0.03408   0.02956   0.03868   0.05568   0.03705   0.08396   0.02247   0.00000   0.13533   0.22108   0.06746   0.03513   0.03527   0.01923   0.07621   0.06669   0.07954   0.01437  10.59570   1.70976   0.99222   2.14089   1.21307  
 18 32.2108   1821.373336  x:  0.26157   0.00000   0.11133   0.25545   0.00000   0.03481   0.02941   0.03877   0.05543   0.03633   0.08457   0.02381   0.00000   0.13920   0.21813   0.06671   0.03540   0.03530   0.01965   0.07134   0.06465   0.07926   0.01420  10.59628   1.71795   1.01226   2.13394   1.21255  
 19 81.0271   1821.373336  x:  0.26157   0.00000   0.11133   0.25545   0.00000   0.03481   0.02941   0.03877   0.05543   0.03633   0.08457   0.02381   0.00000   0.13920   0.21813   0.06671   0.03540   0.03530   0.01965   0.07134   0.06465   0.07926   0.01420  10.59628   1.71795   1.01226   2.13394   1.21255  
 20 15.1098   1818.839758  x:  0.26022   0.00000   0.10975   0.25090   0.01666   0.03398   0.02401   0.04023   0.05274   0.03209   0.08357   0.03444   0.00000   0.13425   0.21433   0.06125   0.04013   0.03683   0.03482   0.06936   0.06146   0.07894   0.02404  10.59629   1.71879   1.01340   2.13203   1.21227  
 21 253.8545   1816.213908  x:  0.25697   0.00000   0.10611   0.23907   0.00389   0.02686   0.01559   0.04234   0.04795   0.02389   0.08119   0.04442   0.00000   0.12255   0.20522   0.04868   0.04771   0.03766   0.04803   0.06458   0.05337   0.07789   0.02826  10.59631   1.72081   1.01635   2.12715   1.21154  
 22 162.3074   1814.899548  x:  0.25211   0.00000   0.10151   0.22118   0.00467   0.03067   0.02593   0.04330   0.04610   0.02355   0.07869   0.04409   0.00000   0.10656   0.19186   0.03529   0.05234   0.03577   0.04993   0.05969   0.04464   0.07677   0.02298  10.59635   1.72431   1.02104   2.11911   1.21032  
 23 108.6799   1814.079244  x:  0.24686   0.00000   0.09816   0.20151   0.00745   0.03072   0.01791   0.04222   0.04735   0.03000   0.07779   0.03899   0.00000   0.09352   0.17842   0.03636   0.05332   0.03481   0.04606   0.05924   0.04441   0.07700   0.02266  10.59640   1.72918   1.02669   2.10873   1.20866  
 24 85.9606   1813.623828  x:  0.24252   0.00000   0.09763   0.18540   0.00645   0.02973   0.02197   0.04185   0.04876   0.02624   0.07838   0.03911   0.00000   0.09008   0.16854   0.04381   0.05168   0.03598   0.04513   0.06170   0.04933   0.07777   0.02772  10.59644   1.73475   1.03246   2.09748   1.20675  
 25 70.5906   1813.177272  x:  0.23733   0.00000   0.10278   0.16870   0.00773   0.03038   0.02013   0.04276   0.04786   0.02349   0.08020   0.04395   0.00000   0.10205   0.15922   0.04442   0.04686   0.03630   0.04496   0.06373   0.05108   0.07745   0.02103  10.59652   1.74515   1.04238   2.07687   1.20309  
 26 46.5028   1812.841371  x:  0.23328   0.00000   0.11046   0.15872   0.00616   0.03098   0.02133   0.04284   0.04812   0.02925   0.08079   0.04280   0.00000   0.11451   0.15316   0.04168   0.04733   0.03602   0.04609   0.06240   0.04991   0.07779   0.02595  10.59660   1.75617   1.05261   2.05482   1.19908  
 27 70.5322   1812.608281  x:  0.23145   0.00000   0.11665   0.15788   0.00785   0.02835   0.02091   0.04164   0.04831   0.02530   0.07958   0.03730   0.00000   0.11880   0.15085   0.04200   0.05210   0.03573   0.04521   0.06044   0.04773   0.07783   0.02640  10.59668   1.76595   1.06149   2.03456   1.19529  
 28 52.4242   1812.081186  x:  0.23087   0.00000   0.12559   0.16958   0.00615   0.03375   0.02087   0.04281   0.04910   0.02719   0.07640   0.04217   0.00000   0.11310   0.15053   0.04742   0.05812   0.03561   0.04603   0.06109   0.04862   0.07774   0.02353  10.59694   1.79424   1.08634   1.97383   1.18363  
 29 54.0994   1811.635528  x:  0.23324   0.00000   0.12214   0.18015   0.00698   0.02905   0.02130   0.04264   0.04919   0.02690   0.07868   0.04211   0.00000   0.10746   0.15448   0.04164   0.04895   0.03455   0.04471   0.06339   0.05126   0.07836   0.02557  10.59717   1.81834   1.10637   1.91998   1.17316  
 30 90.9969   1811.473502  x:  0.23631   0.00000   0.11205   0.18106   0.00639   0.03176   0.02078   0.04231   0.04812   0.02650   0.08122   0.03961   0.00000   0.10854   0.16006   0.04299   0.04861   0.03807   0.04651   0.06244   0.04902   0.07825   0.02566  10.59728   1.82723   1.11179   1.89783   1.16872  
 31 42.6363   1811.427700  x:  0.23809   0.00000   0.10818   0.18002   0.00669   0.03021   0.02129   0.04281   0.04890   0.02722   0.08099   0.04075   0.00000   0.10943   0.16307   0.04364   0.05079   0.03566   0.04589   0.06189   0.04918   0.07824   0.02531  10.59732   1.82943   1.11153   1.89059   1.16720  
 32 22.3607   1811.402373  x:  0.24035   0.00000   0.10852   0.17805   0.00659   0.03154   0.02079   0.04223   0.04892   0.02646   0.07910   0.04079   0.00000   0.10913   0.16592   0.04228   0.05140   0.03544   0.04516   0.06259   0.05055   0.07842   0.02581  10.59737   1.82969   1.10704   1.88457   1.16576  
 33  8.5964   1811.364766  x:  0.24353   0.00000   0.11069   0.17565   0.00677   0.02993   0.02137   0.04260   0.04906   0.02738   0.07812   0.04073   0.00000   0.10789   0.16882   0.04271   0.05080   0.03724   0.04589   0.06305   0.04962   0.07831   0.02508  10.59746   1.82896   1.09676   1.87395   1.16315  
 34 16.5193   1811.310390  x:  0.24578   0.00000   0.11250   0.17507   0.00654   0.03094   0.02106   0.04286   0.04831   0.02674   0.08074   0.04066   0.00000   0.10702   0.16859   0.04388   0.04950   0.03466   0.04606   0.06164   0.04794   0.07814   0.02567  10.59762   1.82626   1.07884   1.85702   1.15898  
 35 23.1361   1811.230395  x:  0.24526   0.00000   0.11128   0.17749   0.00656   0.03060   0.02121   0.04227   0.04897   0.02705   0.08277   0.04082   0.00000   0.10802   0.16368   0.04260   0.05160   0.03639   0.04573   0.06113   0.05069   0.07807   0.02511  10.59788   1.81994   1.05073   1.83047   1.15250  
 36 36.0550   1811.198892  x:  0.24262   0.00000   0.10971   0.17888   0.00652   0.03061   0.02121   0.04279   0.04859   0.02704   0.07910   0.04059   0.00000   0.10905   0.16202   0.04313   0.05072   0.03596   0.04570   0.06253   0.04936   0.07832   0.02547  10.59800   1.81519   1.04032   1.81930   1.14988  
 37 21.8395   1811.169078  x:  0.23644   0.00000   0.10996   0.17870   0.00649   0.03056   0.02127   0.04071   0.04932   0.02709   0.07897   0.04126   0.00000   0.10871   0.16502   0.04336   0.05012   0.03609   0.04574   0.06121   0.04936   0.07788   0.02536  10.59815   1.80343   1.03371   1.80671   1.14730  
 38  8.5218   1811.143188  x:  0.23256   0.00000   0.11051   0.17838   0.00654   0.03074   0.02115   0.04351   0.04893   0.02695   0.07997   0.04059   0.00000   0.10839   0.16728   0.04306   0.05058   0.03614   0.04571   0.06159   0.05012   0.07800   0.02539  10.59830   1.79088   1.02897   1.79504   1.14502  
 39 25.0924   1811.075423  x:  0.23419   0.00000   0.11162   0.17818   0.00655   0.03044   0.02150   0.04165   0.04695   0.02749   0.08193   0.04064   0.00000   0.10901   0.16691   0.04312   0.05226   0.03543   0.04577   0.06595   0.04923   0.07948   0.02531  10.59871   1.75150   1.02062   1.76324   1.13920  
 40 19.8296   1810.997536  x:  0.23932   0.00000   0.11256   0.17830   0.00654   0.03103   0.02108   0.04265   0.05042   0.02685   0.08081   0.04121   0.00000   0.11036   0.16456   0.04345   0.05130   0.03607   0.04511   0.06370   0.04903   0.07894   0.02577  10.59918   1.70496   1.01191   1.72647   1.13264  
 41 65.3434   1810.990441  x:  0.23993   0.00000   0.11262   0.17832   0.00655   0.03083   0.02123   0.04261   0.04912   0.02712   0.08018   0.04089   0.00000   0.11049   0.16427   0.04375   0.05102   0.03587   0.04558   0.06261   0.05002   0.07842   0.02555  10.59922   1.70069   1.01117   1.72313   1.13211  
 42 14.4034   1810.979526  x:  0.24015   0.00000   0.11238   0.17872   0.00642   0.03070   0.02114   0.04267   0.04873   0.02707   0.08034   0.04112   0.00000   0.11051   0.16461   0.04373   0.05104   0.03619   0.04447   0.06293   0.04973   0.07673   0.02583  10.59864   1.69919   1.00954   1.72115   1.14980  
 43  0.1694   1810.972204  x:  0.24029   0.00000   0.11223   0.17896   0.00616   0.03072   0.02109   0.04257   0.04934   0.02708   0.08028   0.04053   0.00000   0.11051   0.16483   0.04374   0.05081   0.03575   0.04537   0.06290   0.05013   0.07789   0.02529  10.59826   1.69821   1.00846   1.71994   1.16133  
 44 15.9076   1810.971033  x:  0.24031   0.00000   0.11220   0.17901   0.00618   0.03067   0.02109   0.04261   0.04908   0.02707   0.08024   0.04071   0.00000   0.11051   0.16487   0.04377   0.05078   0.03594   0.04502   0.06258   0.05007   0.07867   0.02532  10.59820   1.69806   1.00831   1.71987   1.16269  
 45  3.0755   1810.890082  x:  0.24149   0.00000   0.11022   0.18108   0.00452   0.02984   0.02034   0.04251   0.04902   0.02687   0.08047   0.03957   0.00000   0.11062   0.16646   0.04363   0.04976   0.03601   0.04255   0.06275   0.05028   0.07838   0.02414  10.59508   1.69006   1.00444   1.74388   1.14429  
 46  0.2622   1810.881438  x:  0.24171   0.00000   0.11039   0.18159   0.00488   0.03004   0.02059   0.04239   0.04923   0.02708   0.08056   0.03884   0.00000   0.11100   0.16678   0.04404   0.04935   0.03595   0.04127   0.06300   0.05061   0.07842   0.02347  10.59010   1.69381   1.00637   1.74336   1.14091  
 47  0.0084   1810.880765  x:  0.24158   0.00000   0.11054   0.18138   0.00470   0.03012   0.02070   0.04238   0.04923   0.02708   0.08053   0.03877   0.00000   0.11092   0.16658   0.04406   0.04940   0.03595   0.04121   0.06300   0.05059   0.07842   0.02338  10.58672   1.69474   1.00687   1.74139   1.14053  
 48  0.0054   1810.880742  x:  0.24153   0.00000   0.11062   0.18128   0.00471   0.03014   0.02074   0.04238   0.04924   0.02709   0.08053   0.03876   0.00000   0.11095   0.16652   0.04407   0.04940   0.03594   0.04122   0.06300   0.05058   0.07842   0.02341  10.58346   1.69426   1.00660   1.74115   1.14050  
 49  0.0030   1810.880735  x:  0.24152   0.00000   0.11061   0.18126   0.00471   0.03013   0.02073   0.04238   0.04924   0.02709   0.08053   0.03876   0.00000   0.11095   0.16651   0.04406   0.04940   0.03595   0.04122   0.06299   0.05059   0.07842   0.02341  10.57730   1.69437   1.00670   1.74124   1.14045  
 50  0.0024   1810.880734  x:  0.24153   0.00000   0.11060   0.18129   0.00471   0.03013   0.02073   0.04238   0.04923   0.02709   0.08053   0.03876   0.00000   0.11095   0.16653   0.04407   0.04940   0.03595   0.04122   0.06299   0.05059   0.07842   0.02340  10.57637   1.69431   1.00665   1.74119   1.14042  
 51  0.0008   1810.880734  x:  0.24153   0.00000   0.11060   0.18129   0.00471   0.03013   0.02073   0.04238   0.04923   0.02709   0.08053   0.03876   0.00000   0.11095   0.16653   0.04407   0.04940   0.03595   0.04122   0.06299   0.05059   0.07842   0.02340  10.57637   1.69431   1.00665   1.74119   1.14042  
 52  0.0000   1810.880734  x:  0.24153   0.00000   0.11060   0.18129   0.00471   0.03013   0.02073   0.04238   0.04923   0.02709   0.08053   0.03876   0.00000   0.11095   0.16653   0.04407   0.04940   0.03595   0.04122   0.06299   0.05059   0.07842   0.02340  10.57637   1.69431   1.00665   1.74119   1.14042  