

TREE # 1

  0  0.0000   2091.694398  x:  0.07221   0.00000   0.08227   0.04488   0.06547   0.07509   0.05816   0.05146   0.06887   0.04811   0.05893   0.13636   0.00374   0.08457   0.02399   0.04856   0.06814   0.04277   0.04754   0.06466   0.07557   0.06147   0.15842   0.09083   2.00000   1.56092   0.99537   1.18201   0.40000  
  1 99.0000   2091.693254  x:  0.07221   0.00000   0.08227   0.04488   0.06547   0.07509   0.05816   0.05146   0.06887   0.04811   0.05893   0.13636   0.00374   0.08457   0.02399   0.04855   0.06814   0.04277   0.04754   0.06466   0.07557   0.06147   0.15842   0.09084   2.00000   1.56092   0.99537   1.18201   0.40000  
  2 427.7435   2089.740823  x:  0.07284   0.00000   0.08318   0.04518   0.06441   0.07317   0.05849   0.05115   0.06833   0.04830   0.05856   0.13703   0.00000   0.08516   0.02136   0.04539   0.06827   0.04280   0.04630   0.06449   0.07410   0.06081   0.15968   0.09146   2.00091   1.56077   0.99541   1.18248   0.40269  
  3 504.5608   2082.160475  x:  0.07538   0.00000   0.07388   0.04573   0.05310   0.04825   0.05823   0.04956   0.06395   0.04475   0.05339   0.14436   0.00000   0.06892   0.02997   0.00000   0.06900   0.04263   0.03532   0.06298   0.05804   0.05563   0.17166   0.09396   2.01554   1.55909   0.99604   1.18984   0.43925  
  4 399.4903   2079.812468  x:  0.07733   0.00000   0.06816   0.04629   0.04493   0.02987   0.05820   0.04840   0.06081   0.04256   0.04978   0.14985   0.00000   0.05933   0.03450   0.00262   0.06981   0.04254   0.02747   0.06226   0.04644   0.05171   0.18062   0.09588   2.02680   1.55782   0.99649   1.19551   0.46685  
  5 303.8469   2076.824144  x:  0.07071   0.00000   0.05156   0.04527   0.05021   0.02714   0.05404   0.05315   0.06620   0.03997   0.05133   0.15702   0.00000   0.07253   0.03449   0.00275   0.06680   0.04222   0.04500   0.06561   0.04773   0.05413   0.18721   0.08916   2.06155   1.55557   0.99729   1.21253   0.52525  
  6 120.4571   2073.693348  x:  0.06396   0.00000   0.06983   0.04485   0.06033   0.04042   0.05236   0.05718   0.07349   0.04037   0.05546   0.16195   0.00000   0.06116   0.03623   0.00309   0.06353   0.04138   0.05934   0.06885   0.05696   0.05877   0.18860   0.08225   2.11389   1.55297   0.99887   1.23718   0.59705  
  7 239.1558   2071.093747  x:  0.07571   0.00000   0.06057   0.04464   0.06309   0.05883   0.06212   0.04770   0.07091   0.04864   0.05323   0.14630   0.00000   0.06151   0.03671   0.00327   0.06889   0.04154   0.04233   0.06359   0.07199   0.06095   0.16296   0.09375   2.19174   1.55233   1.00375   1.26848   0.64126  
  8 100.9962   2068.973963  x:  0.07209   0.00000   0.06477   0.04101   0.05920   0.05772   0.05039   0.04801   0.06529   0.03214   0.05313   0.13155   0.00000   0.06762   0.03632   0.00316   0.06868   0.04180   0.03169   0.06163   0.07499   0.05960   0.14352   0.08985   2.27414   1.55412   1.01051   1.29765   0.65346  
  9 129.0324   2064.899263  x:  0.05921   0.00000   0.07010   0.04447   0.05049   0.04075   0.04122   0.05511   0.05756   0.05541   0.05669   0.10905   0.00000   0.06999   0.03571   0.00278   0.06540   0.04239   0.03409   0.06223   0.06998   0.05480   0.12269   0.07627   2.47604   1.56170   1.02790   1.36481   0.65370  
 10 263.1048   2052.765312  x:  0.06302   0.00000   0.07838   0.04361   0.04436   0.01846   0.10329   0.06415   0.06160   0.03681   0.05771   0.09931   0.00000   0.07084   0.03674   0.00238   0.06184   0.04092   0.06486   0.06914   0.04760   0.05019   0.13874   0.07761   3.18256   1.59581   1.08940   1.59004   0.61469  
 11 513.1905   2040.231089  x:  0.07991   0.00000   0.07086   0.04873   0.04735   0.05084   0.06084   0.05588   0.06772   0.04552   0.04881   0.15887   0.00000   0.07249   0.03918   0.00265   0.06835   0.04174   0.05119   0.06708   0.02688   0.04971   0.19880   0.09197   3.89009   1.63944   1.15269   1.80183   0.56637  
 12 824.3977   2038.211697  x:  0.08189   0.00000   0.07062   0.04690   0.04936   0.03857   0.05389   0.05025   0.06787   0.04784   0.05081   0.17420   0.00000   0.07258   0.03876   0.00245   0.06779   0.04118   0.04356   0.06587   0.05605   0.05212   0.21552   0.09347   4.01788   1.65268   1.16468   1.83244   0.55753  
 13 411.7570   2037.313253  x:  0.07461   0.00000   0.06998   0.04482   0.06284   0.03504   0.05950   0.04686   0.06751   0.04889   0.05891   0.18256   0.00000   0.07423   0.03833   0.00247   0.06760   0.04226   0.03214   0.05922   0.05248   0.06076   0.21432   0.08588   4.07190   1.68101   1.17168   1.81320   0.55989  
 14 49.8040   2032.242433  x:  0.08735   0.00000   0.07617   0.05761   0.07200   0.02558   0.05668   0.05219   0.06194   0.04724   0.04673   0.20469   0.00000   0.07558   0.03968   0.00246   0.07072   0.03981   0.04483   0.06030   0.05208   0.05875   0.19079   0.09653   4.39752   1.89874   1.21642   1.62609   0.58897  
 15 117.0759   2030.543341  x:  0.08398   0.00000   0.07467   0.04467   0.05178   0.03670   0.06019   0.05090   0.06670   0.04924   0.05631   0.19915   0.00000   0.07707   0.04018   0.00252   0.06756   0.04403   0.04103   0.06694   0.05405   0.04980   0.19954   0.09242   4.50449   1.97022   1.22955   1.56031   0.60023  
 16 236.5500   2030.181192  x:  0.08232   0.00000   0.07436   0.04968   0.04975   0.03930   0.05881   0.04852   0.06934   0.04875   0.05250   0.18467   0.00000   0.07762   0.04029   0.00258   0.06857   0.03930   0.03936   0.06479   0.05440   0.05657   0.21163   0.09054   4.52781   1.98342   1.22947   1.54431   0.60311  
 17 49.8043   2030.066935  x:  0.08387   0.00000   0.07445   0.04788   0.05401   0.03888   0.05693   0.04924   0.06890   0.04900   0.05198   0.17751   0.00000   0.07732   0.04032   0.00259   0.06934   0.04394   0.03957   0.06362   0.05407   0.05643   0.21698   0.09197   4.53523   1.98568   1.22726   1.53859   0.60410  
 18 27.8826   2029.990365  x:  0.08508   0.00000   0.07417   0.04689   0.05733   0.03887   0.05612   0.05022   0.06697   0.04909   0.05446   0.17498   0.00000   0.07714   0.04037   0.00259   0.06897   0.03995   0.03921   0.06397   0.05375   0.05337   0.21908   0.09302   4.53993   1.98346   1.22211   1.53405   0.60470  
 19 12.0894   2029.083511  x:  0.08332   0.00000   0.07309   0.05998   0.05950   0.04173   0.05893   0.04669   0.05444   0.04672   0.05603   0.17614   0.00000   0.07759   0.04064   0.00250   0.06517   0.04531   0.03627   0.06907   0.05523   0.04568   0.22174   0.08880   4.59478   1.93039   1.13597   1.47460   0.61061  
 20 19.1664   2026.892699  x:  0.08823   0.00000   0.07643   0.04854   0.05541   0.03695   0.05849   0.04703   0.05790   0.04986   0.05025   0.18194   0.00000   0.07967   0.03955   0.00225   0.06805   0.04189   0.03436   0.06735   0.05299   0.05313   0.21736   0.08806   4.71814   1.80524   0.94327   1.33925   0.62329  
 21 251.1116   2026.561391  x:  0.09055   0.00000   0.07661   0.05382   0.05371   0.03539   0.05715   0.04662   0.06610   0.04871   0.05698   0.18220   0.00000   0.07952   0.03948   0.00230   0.06826   0.04315   0.03549   0.05812   0.05294   0.04944   0.21596   0.08938   4.73679   1.77847   0.92935   1.31557   0.62593  
 22 44.5611   2023.721674  x:  0.09369   0.00000   0.08035   0.05286   0.05944   0.03456   0.06153   0.04884   0.06925   0.05140   0.04522   0.18676   0.00000   0.08423   0.04029   0.00221   0.06351   0.04241   0.02874   0.05901   0.05379   0.04241   0.21475   0.08409   4.87646   1.53160   0.91958   1.11920   0.65084  
 23 59.7138   2023.161885  x:  0.09786   0.00000   0.08118   0.05301   0.05651   0.03369   0.06002   0.04602   0.06131   0.05113   0.05455   0.18735   0.00000   0.08419   0.04023   0.00213   0.06908   0.04328   0.03230   0.06267   0.05263   0.05141   0.21453   0.08642   4.90533   1.48058   0.91899   1.07923   0.65648  
 24 171.6226   2022.755148  x:  0.09777   0.00000   0.08155   0.05164   0.05235   0.03629   0.06223   0.05430   0.05259   0.05147   0.05337   0.18881   0.00000   0.08499   0.04022   0.00220   0.07322   0.04304   0.03282   0.05248   0.05451   0.05157   0.21704   0.08475   4.91065   1.47932   0.92187   1.08293   0.66099  
 25  4.4717   2008.468449  x:  0.13780   0.00000   0.10984   0.05046   0.03209   0.02063   0.06633   0.03330   0.05010   0.06274   0.05503   0.17978   0.00000   0.11650   0.04299   0.00051   0.10042   0.04376   0.00899   0.05909   0.04718   0.03657   0.23917   0.07103   5.04138   1.55066   1.02430   1.31102   0.80441  
 26 22.9239   2008.045090  x:  0.14019   0.00000   0.11104   0.04770   0.03066   0.02047   0.06572   0.02649   0.04642   0.06346   0.05418   0.17942   0.00000   0.11724   0.04315   0.00062   0.09089   0.04333   0.01162   0.05431   0.04599   0.03752   0.23970   0.07175   5.04548   1.55291   1.02759   1.31809   0.80884  
 27 67.4290   2007.719259  x:  0.14441   0.00000   0.11142   0.04783   0.02887   0.02039   0.06526   0.02918   0.04484   0.06405   0.05561   0.17902   0.00000   0.11796   0.04329   0.00075   0.07679   0.04395   0.01022   0.05309   0.04518   0.04244   0.24011   0.07468   5.04867   1.55471   1.03003   1.32359   0.81225  
 28 67.5807   2000.219053  x:  0.17730   0.00000   0.14175   0.05708   0.04371   0.03660   0.08240   0.04844   0.05711   0.06974   0.06091   0.16155   0.00000   0.16249   0.03664   0.00530   0.06783   0.04539   0.02754   0.06241   0.04745   0.05024   0.23431   0.07012   5.21796   1.57360   1.07289   1.42964   0.85506  
 29  0.7657   1995.760232  x:  0.18965   0.00000   0.17092   0.04610   0.03420   0.02919   0.07634   0.04598   0.05398   0.07050   0.04751   0.17333   0.00000   0.19566   0.03854   0.00538   0.08741   0.04232   0.02688   0.05604   0.03524   0.04034   0.24901   0.04229   6.15804   1.65896   1.05617   1.38995   0.99698  
 30  0.5415   1994.589158  x:  0.19210   0.00000   0.17890   0.05108   0.04649   0.02976   0.07445   0.03696   0.05320   0.06595   0.05008   0.17356   0.00000   0.20654   0.03874   0.00591   0.07452   0.04241   0.02296   0.05523   0.03793   0.04340   0.24789   0.03448   6.60995   1.56811   1.03297   1.37201   1.04409  
 31  0.4299   1994.042780  x:  0.19082   0.00000   0.18112   0.05462   0.03719   0.02672   0.07242   0.04151   0.05516   0.06190   0.05509   0.16975   0.00000   0.20952   0.03956   0.00551   0.07216   0.04429   0.02514   0.06202   0.04266   0.04516   0.24683   0.03135   6.95798   1.56315   1.04350   1.38124   1.07725  
 32  0.3350   1993.699565  x:  0.18613   0.00000   0.18091   0.05044   0.03825   0.03171   0.07165   0.04223   0.05384   0.05942   0.05544   0.16176   0.00000   0.21052   0.03917   0.00541   0.07333   0.04320   0.02389   0.05867   0.04214   0.04607   0.23582   0.03058   7.36224   1.62716   1.06203   1.40052   1.09769  
 33  0.2406   1993.533173  x:  0.18326   0.00000   0.17737   0.04856   0.04040   0.02762   0.07152   0.04492   0.05371   0.06019   0.05402   0.16209   0.00000   0.20635   0.03892   0.00481   0.07401   0.04300   0.02417   0.05749   0.04011   0.04442   0.22890   0.03336   7.60149   1.60002   1.05238   1.40704   1.09898  
 34  0.1757   1993.441651  x:  0.18135   0.00000   0.17246   0.05181   0.03824   0.02893   0.07311   0.04324   0.05404   0.06225   0.05361   0.16117   0.00000   0.20173   0.03818   0.00455   0.07428   0.04375   0.02344   0.05947   0.04116   0.04402   0.22741   0.03782   7.77121   1.59418   1.04784   1.40760   1.08412  
 35  0.0970   1993.418408  x:  0.18119   0.00000   0.17149   0.05155   0.03924   0.02794   0.07310   0.04275   0.05406   0.06310   0.05388   0.16219   0.00000   0.20102   0.03803   0.00456   0.07327   0.04349   0.02355   0.05903   0.04100   0.04459   0.23110   0.03896   7.85143   1.60958   1.05458   1.40959   1.07781  
 36  0.0605   1993.409694  x:  0.18110   0.00000   0.17171   0.05085   0.03895   0.02871   0.07292   0.04267   0.05379   0.06305   0.05371   0.16316   0.00000   0.20163   0.03797   0.00464   0.07410   0.04324   0.02380   0.05849   0.04088   0.04472   0.23334   0.03861   7.91284   1.60223   1.05267   1.40843   1.07518  
 37  0.0472   1993.407865  x:  0.18139   0.00000   0.17211   0.05106   0.03900   0.02857   0.07300   0.04285   0.05404   0.06263   0.05393   0.16301   0.00000   0.20221   0.03806   0.00470   0.07387   0.04346   0.02409   0.05886   0.04072   0.04459   0.23335   0.03853   7.93853   1.60180   1.05126   1.40838   1.07364  
 38  0.0150   1993.407401  x:  0.18146   0.00000   0.17222   0.05107   0.03906   0.02860   0.07311   0.04279   0.05401   0.06253   0.05376   0.16298   0.00000   0.20229   0.03817   0.00475   0.07397   0.04340   0.02413   0.05875   0.04084   0.04460   0.23288   0.03859   7.93540   1.60231   1.05208   1.40832   1.07111  
 39  0.0021   1993.407319  x:  0.18147   0.00000   0.17229   0.05104   0.03900   0.02856   0.07302   0.04276   0.05394   0.06256   0.05380   0.16289   0.00000   0.20230   0.03823   0.00476   0.07390   0.04339   0.02410   0.05875   0.04077   0.04457   0.23288   0.03853   7.93177   1.60189   1.05180   1.40825   1.07036  
 40  0.0024   1993.407303  x:  0.18145   0.00000   0.17234   0.05104   0.03901   0.02855   0.07300   0.04276   0.05399   0.06258   0.05383   0.16291   0.00000   0.20229   0.03826   0.00476   0.07395   0.04341   0.02408   0.05876   0.04078   0.04460   0.23288   0.03850   7.93193   1.60200   1.05185   1.40845   1.07022  
 41  0.0002   1993.407294  x:  0.18145   0.00000   0.17239   0.05104   0.03901   0.02857   0.07301   0.04279   0.05397   0.06260   0.05383   0.16292   0.00000   0.20227   0.03827   0.00475   0.07391   0.04341   0.02407   0.05876   0.04080   0.04457   0.23289   0.03849   7.93292   1.60205   1.05187   1.40848   1.07017  
 42  0.0005   1993.407289  x:  0.18147   0.00000   0.17245   0.05105   0.03901   0.02857   0.07302   0.04280   0.05397   0.06260   0.05381   0.16291   0.00000   0.20225   0.03826   0.00475   0.07393   0.04340   0.02407   0.05877   0.04078   0.04459   0.23290   0.03849   7.93304   1.60196   1.05184   1.40837   1.07015  
 43  0.0001   1993.407288  x:  0.18147   0.00000   0.17247   0.05104   0.03900   0.02857   0.07302   0.04279   0.05398   0.06259   0.05382   0.16292   0.00000   0.20224   0.03825   0.00474   0.07392   0.04340   0.02407   0.05876   0.04079   0.04458   0.23290   0.03850   7.93280   1.60196   1.05183   1.40835   1.07012  
 44  0.0001   1993.407287  x:  0.18147   0.00000   0.17247   0.05104   0.03901   0.02857   0.07302   0.04279   0.05397   0.06259   0.05382   0.16291   0.00000   0.20223   0.03825   0.00474   0.07393   0.04340   0.02407   0.05876   0.04079   0.04458   0.23290   0.03850   7.93277   1.60198   1.05184   1.40838   1.07011  
 45  0.0000   1993.407287  x:  0.18146   0.00000   0.17247   0.05104   0.03901   0.02857   0.07302   0.04278   0.05397   0.06259   0.05382   0.16291   0.00000   0.20223   0.03825   0.00474   0.07393   0.04340   0.02407   0.05876   0.04079   0.04458   0.23289   0.03850   7.93279   1.60198   1.05184   1.40839   1.07011  
 46  0.0000   1993.407287  x:  0.18147   0.00000   0.17247   0.05104   0.03901   0.02857   0.07302   0.04278   0.05397   0.06259   0.05382   0.16291   0.00000   0.20223   0.03825   0.00474   0.07393   0.04340   0.02407   0.05876   0.04079   0.04458   0.23289   0.03849   7.93277   1.60198   1.05184   1.40839   1.07011  
 47  0.0000   1993.407287  x:  0.18147   0.00000   0.17247   0.05104   0.03901   0.02857   0.07302   0.04278   0.05397   0.06259   0.05382   0.16291   0.00000   0.20223   0.03825   0.00474   0.07393   0.04340   0.02407   0.05876   0.04079   0.04458   0.23289   0.03849   7.93278   1.60198   1.05184   1.40838   1.07011  
 48  0.0000   1993.407287  x:  0.18147   0.00000   0.17247   0.05104   0.03901   0.02857   0.07302   0.04278   0.05397   0.06259   0.05382   0.16291   0.00000   0.20223   0.03825   0.00474   0.07393   0.04340   0.02407   0.05876   0.04079   0.04458   0.23289   0.03849   7.93278   1.60198   1.05184   1.40839   1.07011  
 49  0.0000   1993.407287  x:  0.18147   0.00000   0.17247   0.05104   0.03901   0.02857   0.07302   0.04278   0.05397   0.06259   0.05382   0.16291   0.00000   0.20223   0.03825   0.00474   0.07393   0.04340   0.02407   0.05876   0.04079   0.04458   0.23289   0.03849   7.93277   1.60198   1.05184   1.40839   1.07011  
 50  0.0000   1993.407287  x:  0.18147   0.00000   0.17247   0.05104   0.03901   0.02857   0.07302   0.04278   0.05397   0.06259   0.05382   0.16291   0.00000   0.20223   0.03825   0.00474   0.07393   0.04340   0.02407   0.05876   0.04079   0.04458   0.23289   0.03849   7.93277   1.60198   1.05184   1.40839   1.07011  