

TREE # 1

  0  0.0000   2334.943893  x:  0.20925   0.02571   0.03211   0.02495   0.05815   0.02188   0.05666   0.08536   0.02661   0.17168   0.20925   0.02571   0.03211   0.02495   0.05815   0.02188   0.05666   0.08536   0.02661   0.17168   0.21568   8.40433   1.82125   1.06833   1.23568   1.00000  
  1 99.0000   2274.020102  x:  0.21673   0.03594   0.01288   0.02446   0.06376   0.00000   0.04651   0.10557   0.06356   0.16602   0.20417   0.03174   0.06017   0.16463   0.13635   0.08273   0.12401   0.14729   0.13817   0.17078   0.23102   8.40440   1.81985   1.06591   1.24104   0.99489  
  2 908.1210   2271.424231  x:  0.21760   0.03697   0.01105   0.02457   0.06447   0.00773   0.04533   0.10786   0.06743   0.16536   0.20351   0.03226   0.06307   0.17950   0.14483   0.08913   0.13132   0.15415   0.15010   0.17066   0.23284   8.40441   1.81968   1.06563   1.24167   0.99427  
  3 5635.3563   2265.725063  x:  0.23188   0.02366   0.04303   0.02741   0.06896   0.00731   0.03566   0.13163   0.05047   0.15512   0.18096   0.00602   0.04250   0.17316   0.16589   0.06968   0.14953   0.19633   0.15287   0.16629   0.26653   8.40473   1.81663   1.06260   1.25405   0.97916  
  4 136.8492   2262.720716  x:  0.24060   0.03071   0.02546   0.02398   0.07080   0.00735   0.03751   0.13950   0.04893   0.14935   0.16752   0.00000   0.03535   0.16153   0.17433   0.05885   0.15896   0.22026   0.15048   0.16375   0.28658   8.40500   1.81409   1.06058   1.26396   0.96683  
  5 146.2464   2261.647564  x:  0.24718   0.02510   0.01897   0.02903   0.07003   0.00723   0.03787   0.14256   0.04908   0.14570   0.15945   0.01539   0.03898   0.15003   0.17894   0.05687   0.16519   0.23791   0.14760   0.16222   0.30185   8.40531   1.81155   1.05873   1.27406   0.95400  
  6 133.3273   2260.880736  x:  0.25295   0.02942   0.02507   0.02551   0.06570   0.00723   0.03999   0.13617   0.05935   0.14473   0.15549   0.01364   0.05023   0.13910   0.18066   0.06845   0.16641   0.24886   0.14236   0.16226   0.31468   8.40587   1.80710   1.05653   1.29112   0.93106  
  7 58.5614   2260.310407  x:  0.25582   0.02114   0.02040   0.02887   0.06535   0.00720   0.03740   0.12806   0.05942   0.14583   0.15658   0.00580   0.05337   0.13563   0.18002   0.07723   0.16549   0.25195   0.14134   0.16328   0.32121   8.40652   1.80226   1.05488   1.30952   0.90501  
  8 66.4014   2259.056985  x:  0.25971   0.03029   0.02212   0.03220   0.07127   0.00712   0.03477   0.11447   0.04565   0.15001   0.16626   0.00939   0.04509   0.13678   0.17392   0.08394   0.16378   0.25180   0.14772   0.16611   0.32992   8.40859   1.78827   1.05090   1.36460   0.82437  
  9 83.3122   2258.216513  x:  0.25923   0.02388   0.02312   0.02299   0.07052   0.00732   0.04161   0.11806   0.05098   0.15095   0.17114   0.01260   0.03895   0.14088   0.16887   0.07830   0.16360   0.24681   0.15166   0.16637   0.33019   8.41017   1.77889   1.04907   1.40377   0.76518  
 10 123.2473   2257.812544  x:  0.25731   0.02576   0.02310   0.03003   0.06717   0.00724   0.03933   0.12611   0.05790   0.14971   0.17103   0.01155   0.04071   0.14361   0.16711   0.07162   0.16381   0.24170   0.15132   0.16513   0.32684   8.41112   1.77448   1.04884   1.42502   0.73249  
 11 99.8806   2257.692085  x:  0.25568   0.02606   0.02236   0.02720   0.06677   0.00727   0.03558   0.12979   0.05485   0.14796   0.16834   0.01165   0.04582   0.14449   0.16921   0.07045   0.16408   0.23944   0.14920   0.16371   0.32313   8.41152   1.77398   1.04964   1.43171   0.72250  
 12 33.1880   2257.646650  x:  0.25447   0.02616   0.02236   0.02803   0.06758   0.00727   0.03877   0.13064   0.05275   0.14667   0.16556   0.01132   0.04746   0.14480   0.17226   0.07095   0.16408   0.23852   0.14752   0.16273   0.31993   8.41179   1.77455   1.05072   1.43487   0.71847  
 13 19.5683   2257.616691  x:  0.25324   0.02609   0.02252   0.02798   0.06827   0.00725   0.03778   0.12907   0.05398   0.14586   0.16231   0.01220   0.04500   0.14418   0.17636   0.07171   0.16367   0.23848   0.14600   0.16215   0.31590   8.41218   1.77642   1.05281   1.43786   0.71614  
 14 10.2920   2257.600372  x:  0.25309   0.02606   0.02262   0.02795   0.06594   0.00727   0.03798   0.12748   0.05351   0.14725   0.16189   0.01200   0.04538   0.14346   0.17728   0.07009   0.16395   0.24057   0.14679   0.16339   0.31286   8.41288   1.78110   1.05675   1.44192   0.71612  
 15  4.2620   2257.572344  x:  0.25327   0.02595   0.02277   0.02796   0.06917   0.00724   0.03790   0.12780   0.05433   0.14894   0.16272   0.01146   0.04674   0.14210   0.17683   0.06897   0.16391   0.24400   0.14739   0.16518   0.30903   8.41456   1.79243   1.06571   1.45113   0.71721  
 16 10.1811   2257.508848  x:  0.25394   0.02638   0.02190   0.02789   0.06726   0.00726   0.03800   0.13237   0.05357   0.14731   0.16509   0.01140   0.04438   0.14185   0.17465   0.07321   0.16304   0.24685   0.14603   0.16478   0.30690   8.41900   1.82230   1.08779   1.47427   0.72128  
 17 16.1879   2257.440145  x:  0.25402   0.02632   0.02201   0.02779   0.06757   0.00728   0.03810   0.12851   0.05410   0.14383   0.16381   0.01144   0.04513   0.14451   0.17351   0.07037   0.16548   0.24257   0.14527   0.16095   0.31179   8.42429   1.85735   1.11040   1.49993   0.72636  
 18 21.4107   2257.421096  x:  0.25350   0.02645   0.02175   0.02772   0.06753   0.00729   0.03815   0.12970   0.05406   0.14722   0.16223   0.01164   0.04526   0.14360   0.17609   0.07032   0.16453   0.23888   0.14656   0.16252   0.31506   8.42619   1.86862   1.11394   1.50676   0.72755  
 19  8.1460   2257.407870  x:  0.25182   0.02651   0.02159   0.02766   0.06747   0.00729   0.03818   0.12950   0.05409   0.14487   0.16167   0.01151   0.04538   0.14337   0.17569   0.07009   0.16263   0.23954   0.14778   0.16396   0.31498   8.42890   1.87947   1.10850   1.50919   0.72693  
 20  2.1484   2257.397508  x:  0.25206   0.02655   0.02142   0.02762   0.06744   0.00729   0.03820   0.12946   0.05410   0.14672   0.16213   0.01139   0.04500   0.14368   0.17517   0.07033   0.16426   0.24027   0.14631   0.16189   0.31396   8.43160   1.88750   1.10358   1.51011   0.72603  
 21  4.2080   2257.384176  x:  0.25705   0.02662   0.02116   0.02755   0.06747   0.00729   0.03824   0.12958   0.05414   0.14530   0.16222   0.01117   0.04473   0.14218   0.17526   0.07071   0.16680   0.23845   0.14695   0.16325   0.31263   8.43732   1.89055   1.10309   1.50759   0.72411  
 22  0.9981   2257.293401  x:  0.26071   0.02767   0.01895   0.02697   0.06760   0.00731   0.03887   0.12901   0.05452   0.14723   0.15835   0.01059   0.04485   0.14245   0.17294   0.06961   0.16082   0.24129   0.14815   0.15983   0.31506   8.47935   1.89550   1.11012   1.48925   0.71315  
 23  3.1431   2257.211705  x:  0.25323   0.02875   0.01695   0.02641   0.06759   0.00731   0.03942   0.12863   0.05494   0.14609   0.16349   0.00970   0.04428   0.14066   0.17582   0.06833   0.16548   0.24305   0.14354   0.16400   0.31862   8.51784   1.89475   1.11372   1.47919   0.70862  
 24 13.0381   2257.085782  x:  0.25065   0.03013   0.01420   0.02558   0.06750   0.00731   0.04005   0.12970   0.05526   0.14520   0.15974   0.00801   0.04337   0.13419   0.17341   0.06786   0.16856   0.24271   0.14824   0.15945   0.31566   8.57774   1.87739   1.10520   1.49048   0.72296  
 25  7.2661   2257.055446  x:  0.25378   0.03048   0.01338   0.02533   0.06743   0.00732   0.04025   0.12956   0.05550   0.14560   0.15814   0.00827   0.04319   0.13782   0.17329   0.06647   0.16668   0.24342   0.14399   0.16253   0.31535   8.59253   1.87253   1.10212   1.49468   0.72756  
 26 10.8898   2257.053995  x:  0.25442   0.03050   0.01332   0.02531   0.06740   0.00732   0.04027   0.12953   0.05557   0.14536   0.15935   0.00825   0.04339   0.13775   0.17445   0.06597   0.16579   0.24349   0.14389   0.16191   0.31535   8.59343   1.87229   1.10188   1.49495   0.72785  
 27  1.2166   2256.936316  x:  0.25477   0.03151   0.01685   0.02468   0.06768   0.00724   0.04074   0.13181   0.05483   0.14464   0.15840   0.00683   0.04122   0.13405   0.17418   0.06156   0.16463   0.24504   0.13921   0.16206   0.31620   8.75426   1.86287   1.09742   1.49465   0.73665  
 28  0.1855   2256.901018  x:  0.25489   0.03131   0.01611   0.02520   0.06802   0.00724   0.04036   0.13166   0.05315   0.14480   0.15903   0.00696   0.04078   0.12917   0.17112   0.06321   0.16234   0.24275   0.13657   0.16170   0.31831   8.77401   1.86931   1.09952   1.49629   0.73170  
 29  0.0134   2256.894239  x:  0.25452   0.03099   0.01610   0.02508   0.06775   0.00732   0.04036   0.13083   0.05359   0.14489   0.15905   0.00767   0.04167   0.12882   0.17051   0.06208   0.16144   0.24100   0.13557   0.16191   0.31654   8.73502   1.86749   1.09866   1.49667   0.73297  
 30  0.0284   2256.892022  x:  0.25441   0.03086   0.01617   0.02515   0.06756   0.00748   0.04054   0.13059   0.05397   0.14494   0.15922   0.00719   0.04132   0.12843   0.17032   0.06264   0.16163   0.24095   0.13537   0.16207   0.31559   8.70711   1.86673   1.09842   1.49647   0.73391  
 31  0.0108   2256.885345  x:  0.25425   0.03093   0.01607   0.02488   0.06765   0.00822   0.04079   0.13122   0.05343   0.14492   0.15911   0.00762   0.04087   0.12868   0.17053   0.06220   0.16150   0.24111   0.13584   0.16190   0.31637   8.68349   1.86879   1.09969   1.49595   0.73271  
 32  0.0045   2256.883272  x:  0.25455   0.03103   0.01589   0.02514   0.06757   0.00846   0.04070   0.13096   0.05358   0.14487   0.15905   0.00736   0.04162   0.12865   0.17059   0.06225   0.16156   0.24133   0.13551   0.16192   0.31665   8.71339   1.86809   1.09904   1.49653   0.73295  
 33  0.0225   2256.883106  x:  0.25454   0.03102   0.01587   0.02510   0.06750   0.00850   0.04066   0.13089   0.05368   0.14487   0.15909   0.00746   0.04142   0.12865   0.17055   0.06233   0.16162   0.24125   0.13554   0.16193   0.31645   8.72451   1.86792   1.09889   1.49677   0.73314  
 34  0.0104   2256.883102  x:  0.25452   0.03101   0.01587   0.02509   0.06750   0.00851   0.04067   0.13090   0.05367   0.14488   0.15910   0.00744   0.04143   0.12866   0.17055   0.06232   0.16161   0.24123   0.13557   0.16194   0.31641   8.72580   1.86803   1.09896   1.49673   0.73316  
 35  0.0013   2256.883102  x:  0.25452   0.03101   0.01587   0.02510   0.06750   0.00851   0.04068   0.13090   0.05367   0.14489   0.15910   0.00744   0.04143   0.12866   0.17055   0.06232   0.16160   0.24123   0.13556   0.16194   0.31641   8.72588   1.86803   1.09896   1.49674   0.73316  
 36  0.0001   2256.883102  x:  0.25452   0.03101   0.01587   0.02510   0.06750   0.00851   0.04068   0.13090   0.05367   0.14489   0.15910   0.00744   0.04143   0.12866   0.17055   0.06232   0.16160   0.24123   0.13556   0.16194   0.31641   8.72590   1.86803   1.09896   1.49674   0.73316  
 37  0.0000   2256.883102  x:  0.25452   0.03101   0.01587   0.02510   0.06750   0.00851   0.04068   0.13090   0.05367   0.14488   0.15910   0.00744   0.04143   0.12866   0.17055   0.06232   0.16160   0.24123   0.13556   0.16194   0.31641   8.72589   1.86803   1.09896   1.49674   0.73316  
 38  0.0000   2256.883102  x:  0.25452   0.03101   0.01587   0.02510   0.06750   0.00851   0.04068   0.13090   0.05367   0.14489   0.15910   0.00744   0.04143   0.12866   0.17055   0.06232   0.16160   0.24123   0.13556   0.16194   0.31641   8.72589   1.86803   1.09896   1.49674   0.73316  