

TREE # 1

  0  0.0000   2184.392346  x:  0.00000   0.02668   0.07741   0.02570   0.09107   0.09540   0.04618   0.06118   0.09406   0.03222   0.10625   0.02378   0.04058   0.02197   0.02688   0.08077   0.07851   0.03823   0.07507   0.05286   0.09988   0.09002   0.05830   2.00000   1.61762   1.22145   1.53833   0.40000  
  1 99.0000   2184.383469  x:  0.00000   0.02668   0.07741   0.02570   0.09107   0.09540   0.04618   0.06118   0.09406   0.03222   0.10626   0.02378   0.04059   0.02197   0.02688   0.08077   0.07851   0.03823   0.07507   0.05286   0.09988   0.09002   0.05831   2.00000   1.61762   1.22145   1.53833   0.40000  
  2 1204.1253   2169.836499  x:  0.00000   0.00488   0.06624   0.01955   0.07161   0.08884   0.03480   0.07065   0.08268   0.02505   0.12644   0.00000   0.08957   0.03008   0.02498   0.06471   0.07050   0.03983   0.08166   0.05996   0.08616   0.11812   0.09138   2.00554   1.61667   1.21688   1.54126   0.42606  
  3 722.8850   2137.952546  x:  0.00000   0.00373   0.03573   0.00721   0.01579   0.07145   0.00719   0.09064   0.05219   0.00794   0.16992   0.00000   0.06163   0.02457   0.01375   0.01985   0.04924   0.04346   0.09703   0.07766   0.04580   0.16751   0.10522   2.02208   1.61384   1.20352   1.54976   0.49822  
  4 484.4871   2131.084807  x:  0.00000   0.00268   0.02906   0.01173   0.00370   0.06714   0.01343   0.09527   0.04488   0.01367   0.18329   0.00000   0.05228   0.02433   0.01322   0.01065   0.04429   0.04429   0.10085   0.08178   0.03526   0.18212   0.11301   2.02726   1.61304   1.19930   1.55253   0.51910  
  5 1190.4180   2118.264730  x:  0.00000   0.00033   0.01746   0.01654   0.01283   0.05814   0.01669   0.10508   0.03036   0.01887   0.21497   0.00000   0.02879   0.02460   0.01379   0.00248   0.03467   0.04597   0.10899   0.09034   0.01399   0.21645   0.13432   2.03941   1.61124   1.18937   1.55908   0.56666  
  6 1210.3802   2115.846152  x:  0.00000   0.00000   0.01614   0.01701   0.01309   0.05695   0.01692   0.10640   0.02851   0.01937   0.21934   0.00000   0.02553   0.02464   0.01387   0.00345   0.03345   0.04620   0.11009   0.09149   0.01157   0.22120   0.13732   2.04107   1.61099   1.18802   1.55998   0.57314  
  7 5607.4523   2115.846152  x:  0.00000   0.00000   0.01614   0.01701   0.01309   0.05695   0.01692   0.10640   0.02851   0.01937   0.21934   0.00000   0.02553   0.02464   0.01387   0.00345   0.03345   0.04620   0.11009   0.09149   0.01157   0.22120   0.13732   2.04107   1.61099   1.18802   1.55998   0.57314  
  8 2770.6379   2087.959919  x:  0.00000   0.06008   0.03573   0.01958   0.01843   0.05975   0.02311   0.10410   0.03806   0.02405   0.23044   0.00000   0.02006   0.02912   0.02016   0.07867   0.04052   0.04559   0.10898   0.08912   0.04052   0.23288   0.16066   2.04437   1.61073   1.18534   1.56202   0.58006  
  9 1288.2238   2054.058942  x:  0.00000   0.12903   0.05673   0.02107   0.02307   0.06851   0.03105   0.09556   0.05851   0.02844   0.25519   0.00000   0.17841   0.04180   0.02645   0.11288   0.05630   0.04275   0.10430   0.07925   0.06380   0.25985   0.21441   2.05720   1.60961   1.17572   1.56952   0.60569  
 10 734.8739   2045.979644  x:  0.00000   0.18916   0.04423   0.01409   0.00989   0.07024   0.01731   0.08771   0.05087   0.01606   0.25293   0.00000   0.18387   0.02878   0.00970   0.08972   0.05215   0.04103   0.09847   0.07125   0.04649   0.25986   0.22403   2.07700   1.60684   1.16393   1.57752   0.64137  
 11 175.5846   2039.876540  x:  0.00000   0.25530   0.03246   0.02022   0.03046   0.07122   0.02132   0.08005   0.04340   0.01762   0.24692   0.00000   0.18374   0.02200   0.02407   0.05348   0.04718   0.04096   0.09330   0.06495   0.02709   0.25666   0.23148   2.10468   1.60298   1.14767   1.58842   0.68910  
 12 430.4583   2035.963963  x:  0.00000   0.29008   0.03851   0.02039   0.02542   0.07035   0.02980   0.07965   0.04585   0.03034   0.23899   0.00000   0.17979   0.03887   0.02450   0.02315   0.04787   0.04234   0.09269   0.06736   0.03627   0.25053   0.23145   2.12936   1.59955   1.13375   1.59758   0.72754  
 13 270.5908   2029.505091  x:  0.00000   0.30164   0.05063   0.02531   0.02007   0.06330   0.02446   0.09947   0.06647   0.01166   0.20168   0.00000   0.18836   0.02695   0.03829   0.02181   0.06102   0.04638   0.10607   0.09242   0.04756   0.21611   0.20442   2.22293   1.58653   1.08507   1.62891   0.85124  
 14 121.8950   2024.793400  x:  0.00000   0.29742   0.04954   0.01538   0.02321   0.06305   0.02224   0.10743   0.06545   0.03889   0.17071   0.00000   0.19926   0.02088   0.02974   0.04099   0.06035   0.04306   0.11249   0.09940   0.04092   0.18594   0.17947   2.31868   1.57327   1.03790   1.65897   0.96905  
 15 394.2965   2020.896158  x:  0.00000   0.28213   0.03941   0.02756   0.02700   0.06832   0.03230   0.10224   0.05167   0.02848   0.15948   0.00000   0.20284   0.04371   0.01656   0.05947   0.05110   0.03936   0.11020   0.08919   0.03939   0.17176   0.16863   2.40529   1.56140   0.99962   1.68322   1.06361  
 16 322.4858   2016.972356  x:  0.00000   0.25457   0.04269   0.01265   0.02035   0.07272   0.03052   0.08541   0.03970   0.02187   0.17271   0.00000   0.19573   0.04802   0.03261   0.06642   0.04383   0.04353   0.10002   0.06597   0.04777   0.17830   0.17630   2.50040   1.54866   0.96504   1.70516   1.15085  
 17 239.3265   2013.754144  x:  0.00000   0.22444   0.04962   0.02970   0.01805   0.07353   0.02319   0.07069   0.04588   0.02853   0.19765   0.00000   0.18275   0.03835   0.02880   0.06675   0.04725   0.04458   0.08877   0.04965   0.05242   0.19719   0.19350   2.59994   1.53571   0.93488   1.72454   1.23106  
 18 357.4774   2010.718109  x:  0.00000   0.19892   0.04780   0.01996   0.02951   0.07158   0.03339   0.07140   0.05264   0.02567   0.22913   0.00000   0.16853   0.03358   0.01407   0.06516   0.05275   0.04050   0.08401   0.06283   0.05142   0.22536   0.21703   2.69851   1.52351   0.91326   1.73907   1.29714  
 19 289.3923   2008.963806  x:  0.00000   0.18734   0.03807   0.02330   0.02044   0.06971   0.02879   0.08527   0.05013   0.03069   0.24962   0.00000   0.16138   0.04140   0.02095   0.06786   0.05062   0.03701   0.09225   0.07767   0.04074   0.24716   0.23264   2.76860   1.51570   0.90717   1.74438   1.33067  
 20 189.6006   2007.898893  x:  0.00000   0.18582   0.04437   0.02360   0.02620   0.06913   0.02346   0.09727   0.04348   0.03054   0.25342   0.00000   0.16029   0.04275   0.01606   0.06648   0.04608   0.04956   0.10814   0.07300   0.04009   0.25823   0.23433   2.83305   1.51041   0.91900   1.74002   1.33805  
 21 74.8918   2005.074000  x:  0.00000   0.18787   0.04300   0.02356   0.01828   0.07135   0.04397   0.10583   0.04789   0.03028   0.24835   0.00000   0.16018   0.03221   0.01588   0.06493   0.04545   0.04138   0.13328   0.05327   0.03985   0.27651   0.22545   3.03334   1.49636   0.97012   1.71802   1.33854  
 22 156.6072   1998.818622  x:  0.00000   0.19557   0.03413   0.01959   0.02946   0.07643   0.02186   0.08010   0.05277   0.02991   0.22991   0.00000   0.16358   0.04143   0.01828   0.06304   0.05556   0.02529   0.13394   0.06173   0.05175   0.29482   0.20281   3.46880   1.46988   1.08342   1.66589   1.32202  
 23 380.1670   1995.585981  x:  0.00000   0.20085   0.03437   0.02296   0.02177   0.07554   0.02960   0.06541   0.05167   0.03177   0.22050   0.00000   0.16783   0.04020   0.02043   0.06649   0.05610   0.05021   0.11066   0.07879   0.04497   0.29425   0.19431   3.73308   1.45712   1.14659   1.63476   1.30553  
 24 627.2121   1993.518318  x:  0.00000   0.20416   0.04945   0.02480   0.02140   0.06979   0.02955   0.08213   0.04687   0.03030   0.22000   0.00000   0.17002   0.03900   0.02121   0.06564   0.04677   0.04317   0.08063   0.08045   0.04052   0.27703   0.19931   3.88882   1.45547   1.17242   1.61881   1.28702  
 25 271.6425   1991.489828  x:  0.00000   0.20793   0.03317   0.02245   0.02367   0.06624   0.02699   0.09439   0.05286   0.03216   0.23087   0.00000   0.16952   0.04002   0.02101   0.06305   0.05599   0.04998   0.07588   0.07184   0.04599   0.22926   0.22239   4.04812   1.46782   1.16898   1.61018   1.24907  
 26 127.0467   1989.836921  x:  0.00000   0.21216   0.04336   0.02390   0.02228   0.07082   0.02865   0.08225   0.04934   0.03130   0.24069   0.00000   0.16954   0.03735   0.02077   0.05978   0.05299   0.04489   0.09169   0.07926   0.04070   0.18968   0.24087   4.18623   1.48566   1.14866   1.60794   1.20641  
 27 188.5027   1986.944784  x:  0.00000   0.22771   0.03618   0.02542   0.02315   0.06554   0.02803   0.07982   0.05411   0.03207   0.22418   0.00000   0.17461   0.02960   0.02084   0.05394   0.03272   0.04536   0.09179   0.08359   0.05209   0.19744   0.22834   4.42815   1.53982   1.05103   1.62497   1.10016  
 28 89.0064   1985.016414  x:  0.00000   0.23995   0.04078   0.02428   0.02279   0.06576   0.02818   0.08181   0.04829   0.03102   0.20966   0.00000   0.17654   0.03175   0.02192   0.05060   0.05156   0.04498   0.08865   0.08018   0.04503   0.20811   0.21459   4.60918   1.58086   0.97420   1.63968   1.01853  
 29 489.3767   1984.966874  x:  0.00000   0.24042   0.04160   0.02335   0.02309   0.06791   0.02759   0.08203   0.05214   0.03066   0.20998   0.00000   0.17628   0.03345   0.02202   0.05075   0.05077   0.04558   0.08837   0.07922   0.04250   0.20818   0.21343   4.61377   1.58095   0.97245   1.64115   1.01630  
 30 21.0444   1984.898773  x:  0.00000   0.24231   0.04114   0.02374   0.02306   0.07191   0.02767   0.08333   0.05129   0.03088   0.21656   0.00000   0.17698   0.03236   0.02207   0.05020   0.05092   0.04569   0.08768   0.07994   0.04386   0.20660   0.20690   4.62119   1.57176   0.97223   1.65382   1.01179  
 31  5.3519   1984.819380  x:  0.00000   0.24386   0.04146   0.02336   0.02315   0.06594   0.02763   0.08227   0.05200   0.03072   0.22054   0.00000   0.17754   0.03321   0.02204   0.05025   0.05087   0.04555   0.08822   0.07928   0.04275   0.20522   0.20286   4.62994   1.55956   0.97264   1.67025   1.00661  
 32 20.6457   1984.647261  x:  0.00000   0.24323   0.04124   0.02335   0.02306   0.06796   0.02744   0.08246   0.05168   0.03070   0.20947   0.00000   0.17649   0.03262   0.02203   0.04917   0.05073   0.04555   0.08823   0.07959   0.04280   0.20579   0.21259   4.64992   1.53223   0.97491   1.70781   0.99649  
 33 15.8228   1977.111246  x:  0.00000   0.21487   0.04104   0.01485   0.01864   0.06864   0.02362   0.08873   0.04553   0.02735   0.23450   0.00000   0.15196   0.03118   0.01878   0.03129   0.05358   0.04287   0.09740   0.07733   0.03374   0.25127   0.22268   5.73688   1.88123   1.16221   2.13347   1.40143  
 34  2.1159   1974.015603  x:  0.00000   0.21990   0.04060   0.01262   0.01817   0.06879   0.02268   0.09271   0.04603   0.02552   0.23694   0.00000   0.15228   0.02837   0.01844   0.02239   0.05238   0.04147   0.10758   0.07420   0.03524   0.25752   0.21769   6.11925   1.54441   0.93828   1.81946   1.49428  
 35  6.9391   1970.688400  x:  0.00000   0.20300   0.03863   0.02497   0.01565   0.06708   0.02259   0.08998   0.04985   0.01839   0.21445   0.00000   0.17148   0.03127   0.01952   0.03716   0.05007   0.04150   0.09850   0.07114   0.04765   0.22871   0.20249   7.10150   1.49983   0.95168   1.70543   1.61544  
 36  0.7109   1968.940057  x:  0.00000   0.21777   0.03786   0.02225   0.01797   0.06769   0.02446   0.08555   0.05166   0.02744   0.20771   0.00000   0.18433   0.02902   0.01722   0.02454   0.04932   0.04184   0.09348   0.07416   0.04453   0.21023   0.20522   8.08340   1.62733   1.03914   1.79495   1.66225  
 37  0.7063   1968.093257  x:  0.00000   0.21035   0.03882   0.01632   0.01895   0.06918   0.02662   0.08627   0.04871   0.02633   0.21364   0.00000   0.19644   0.03267   0.01889   0.02832   0.04886   0.04262   0.10029   0.07526   0.03647   0.21932   0.20609   8.82089   1.56711   0.98458   1.76281   1.68680  
 38  0.5275   1967.856860  x:  0.00000   0.20740   0.03927   0.01856   0.01919   0.06839   0.02339   0.08848   0.04904   0.02531   0.21383   0.00000   0.20332   0.03010   0.02004   0.02549   0.05015   0.04294   0.10192   0.07570   0.04192   0.22434   0.20766   9.22194   1.56391   0.98118   1.78117   1.67514  
 39  0.2926   1967.766475  x:  0.00000   0.20569   0.03799   0.01921   0.01760   0.06822   0.02524   0.08799   0.04972   0.02486   0.21431   0.00000   0.20940   0.02953   0.01919   0.02654   0.05060   0.04208   0.09882   0.07501   0.04023   0.22327   0.20931   9.43296   1.56915   0.98800   1.78403   1.63685  
 40  0.1382   1967.738742  x:  0.00000   0.20521   0.03858   0.01844   0.01876   0.06852   0.02406   0.08731   0.04975   0.02476   0.21453   0.00000   0.21128   0.03033   0.01879   0.02635   0.05043   0.04227   0.09825   0.07395   0.04023   0.22294   0.20892   9.43449   1.56670   0.98813   1.77561   1.60578  
 41  0.0248   1967.721903  x:  0.00000   0.20366   0.03859   0.01850   0.01810   0.06864   0.02447   0.08737   0.04955   0.02540   0.21508   0.00000   0.21052   0.03011   0.01896   0.02561   0.05020   0.04243   0.09962   0.07419   0.04050   0.22424   0.20832   9.31869   1.56307   0.98328   1.77179   1.57987  
 42  0.0611   1967.711297  x:  0.00000   0.20014   0.03836   0.01863   0.01837   0.06833   0.02453   0.08739   0.04931   0.02480   0.21419   0.00000   0.20988   0.03020   0.01911   0.02579   0.05010   0.04240   0.09919   0.07435   0.04024   0.22299   0.20741   9.22951   1.56823   0.98660   1.78157   1.58040  
 43  0.0362   1967.705261  x:  0.00000   0.19932   0.03818   0.01872   0.01834   0.06837   0.02434   0.08753   0.04943   0.02498   0.21380   0.00000   0.21146   0.03012   0.01903   0.02505   0.05016   0.04231   0.09899   0.07455   0.03961   0.22234   0.20644   9.23612   1.56231   0.98461   1.77316   1.58724  
 44  0.0083   1967.702217  x:  0.00000   0.19866   0.03824   0.01844   0.01831   0.06844   0.02444   0.08767   0.04956   0.02512   0.21379   0.00000   0.21345   0.03014   0.01906   0.02517   0.05023   0.04241   0.09931   0.07450   0.04003   0.22263   0.20635   9.23692   1.56688   0.98596   1.77458   1.59075  
 45  0.0034   1967.700389  x:  0.00000   0.19966   0.03834   0.01865   0.01829   0.06848   0.02441   0.08743   0.04930   0.02506   0.21373   0.00000   0.21469   0.03021   0.01897   0.02517   0.05019   0.04233   0.09926   0.07449   0.03991   0.22257   0.20689   9.19374   1.56604   0.98540   1.77540   1.59177  
 46  0.0223   1967.700231  x:  0.00000   0.19983   0.03830   0.01859   0.01831   0.06844   0.02443   0.08750   0.04947   0.02502   0.21367   0.00000   0.21481   0.03014   0.01902   0.02517   0.05020   0.04238   0.09920   0.07443   0.03996   0.22242   0.20696   9.18551   1.56500   0.98535   1.77484   1.59158  
 47  0.0084   1967.700227  x:  0.00000   0.19983   0.03830   0.01859   0.01830   0.06844   0.02441   0.08751   0.04947   0.02502   0.21369   0.00000   0.21481   0.03013   0.01903   0.02519   0.05020   0.04237   0.09918   0.07444   0.03995   0.22243   0.20696   9.18534   1.56507   0.98536   1.77487   1.59147  
 48  0.0002   1967.700227  x:  0.00000   0.19983   0.03830   0.01859   0.01830   0.06844   0.02441   0.08751   0.04947   0.02502   0.21369   0.00000   0.21481   0.03013   0.01903   0.02518   0.05020   0.04237   0.09918   0.07444   0.03995   0.22244   0.20696   9.18532   1.56509   0.98537   1.77487   1.59146  
 49  0.0000   1967.700227  x:  0.00000   0.19983   0.03830   0.01859   0.01830   0.06844   0.02441   0.08751   0.04947   0.02502   0.21369   0.00000   0.21481   0.03013   0.01903   0.02518   0.05020   0.04237   0.09918   0.07444   0.03995   0.22244   0.20696   9.18528   1.56508   0.98537   1.77486   1.59146  
 50  0.0000   1967.700227  x:  0.00000   0.19983   0.03830   0.01859   0.01830   0.06844   0.02441   0.08751   0.04947   0.02502   0.21369   0.00000   0.21481   0.03013   0.01903   0.02518   0.05020   0.04237   0.09918   0.07444   0.03995   0.22244   0.20696   9.18529   1.56508   0.98537   1.77486   1.59146  
 51  0.0000   1967.700227  x:  0.00000   0.19983   0.03830   0.01859   0.01830   0.06844   0.02441   0.08751   0.04947   0.02502   0.21369   0.00000   0.21481   0.03013   0.01903   0.02518   0.05020   0.04237   0.09918   0.07444   0.03995   0.22244   0.20696   9.18529   1.56508   0.98537   1.77486   1.59146  

TREE # 2

  0  0.0000   2010.696237  x:  0.18082   0.00000   0.21491   0.04600   0.04390   0.01844   0.08544   0.01674   0.07866   0.03450   0.05057   0.07025   0.02426   0.20636   0.03380   0.03467   0.02924   0.04347   0.04002   0.06106   0.06357   0.06094   0.04980   9.18529   1.44144   0.95503   1.61013   1.59146  
  1 99.0000   2010.695038  x:  0.18082   0.00000   0.21491   0.04601   0.04390   0.01844   0.08544   0.01674   0.07866   0.03450   0.05057   0.07025   0.02426   0.20636   0.03380   0.03467   0.02924   0.04347   0.04002   0.06106   0.06357   0.06094   0.04980   9.18529   1.44144   0.95503   1.61013   1.59146  
  2 464.1233   2003.229676  x:  0.18403   0.00000   0.21778   0.06558   0.04279   0.00418   0.08359   0.01407   0.08159   0.03215   0.05059   0.06447   0.00741   0.20918   0.04402   0.03231   0.02892   0.04449   0.03322   0.06476   0.05200   0.06232   0.04247   9.18527   1.44222   0.95421   1.61107   1.59154  
  3 595.4789   2000.562474  x:  0.18272   0.00000   0.21679   0.07231   0.04286   0.00482   0.08304   0.01225   0.08218   0.03193   0.05065   0.06251   0.00000   0.20806   0.04324   0.03192   0.02703   0.04459   0.03108   0.06497   0.04743   0.06261   0.04011   9.18526   1.44257   0.95391   1.61139   1.59161  
  4 557.6381   1996.109773  x:  0.16105   0.00000   0.19917   0.09702   0.04618   0.00428   0.08018   0.03200   0.08384   0.03424   0.05086   0.05138   0.00000   0.18821   0.05314   0.03296   0.02497   0.04413   0.02316   0.06195   0.01499   0.06345   0.02883   9.18514   1.44568   0.95153   1.61386   1.59235  
  5 257.4949   1992.177963  x:  0.12810   0.00000   0.17008   0.12576   0.05046   0.00444   0.07808   0.02392   0.08463   0.03416   0.05169   0.04117   0.00000   0.15657   0.08289   0.03363   0.03217   0.04455   0.02324   0.06193   0.00654   0.06432   0.02480   9.18493   1.45053   0.94815   1.61719   1.59348  
  6 210.4662   1990.946196  x:  0.11509   0.00000   0.15765   0.14328   0.05181   0.00434   0.07665   0.02779   0.08588   0.03391   0.05180   0.03691   0.00000   0.14332   0.09321   0.03318   0.03111   0.04488   0.02062   0.06275   0.01379   0.06501   0.02189   9.18482   1.45298   0.94645   1.61888   1.59403  
  7 382.9204   1990.587998  x:  0.11485   0.00000   0.15168   0.15136   0.05131   0.00429   0.07667   0.03017   0.08673   0.03227   0.05162   0.04296   0.00000   0.13869   0.09617   0.03123   0.02862   0.04543   0.02258   0.06550   0.01307   0.06510   0.02894   9.18472   1.45504   0.94531   1.61996   1.59442  
  8 65.9248   1990.507679  x:  0.11806   0.00000   0.14766   0.15302   0.05109   0.00431   0.07750   0.03050   0.08682   0.03175   0.05129   0.04607   0.00000   0.13688   0.09545   0.03133   0.03118   0.04534   0.02312   0.06608   0.01313   0.06481   0.02656   9.18458   1.45754   0.94416   1.62106   1.59489  
  9 21.6467   1990.442794  x:  0.12234   0.00000   0.14343   0.15186   0.05114   0.00431   0.07866   0.02999   0.08670   0.03211   0.05096   0.04485   0.00000   0.13603   0.09678   0.03182   0.02879   0.04504   0.02198   0.06548   0.01307   0.06448   0.02631   9.18426   1.46343   0.94166   1.62364   1.59603  
 10 13.5632   1990.286891  x:  0.12510   0.00000   0.14113   0.15227   0.05078   0.00439   0.07874   0.03048   0.08695   0.03236   0.05138   0.03966   0.00000   0.13767   0.09480   0.03071   0.03180   0.04589   0.02322   0.06501   0.01335   0.06489   0.02951   9.18304   1.48471   0.93314   1.63320   1.60020  
 11 18.5846   1989.602959  x:  0.12095   0.00000   0.14587   0.14779   0.04960   0.00469   0.07639   0.02921   0.08630   0.03101   0.05317   0.04500   0.00000   0.14480   0.09532   0.02949   0.02901   0.04586   0.02428   0.06637   0.01364   0.06571   0.02607   9.17722   1.58453   0.89572   1.67877   1.62014  
 12 74.2433   1989.509599  x:  0.12124   0.00000   0.14864   0.14762   0.04937   0.00474   0.07666   0.02881   0.08621   0.03115   0.05061   0.04600   0.00000   0.14285   0.09511   0.03150   0.03040   0.04480   0.02058   0.06603   0.01377   0.06434   0.02773   9.17635   1.59676   0.89420   1.68521   1.62297  
 13 40.8694   1989.376695  x:  0.12375   0.00000   0.15448   0.14797   0.04904   0.00480   0.07767   0.02882   0.08635   0.03144   0.04673   0.04503   0.00000   0.13719   0.09536   0.03155   0.02950   0.04456   0.02393   0.06528   0.01387   0.06200   0.02709   9.17490   1.61212   0.89966   1.69543   1.62744  
 14 27.9598   1988.943606  x:  0.12854   0.00000   0.16194   0.14541   0.04913   0.00507   0.07923   0.02829   0.08644   0.03052   0.05634   0.04489   0.00000   0.12845   0.09526   0.02662   0.02986   0.04686   0.02096   0.06658   0.01411   0.06430   0.02717   9.16975   1.65569   0.93478   1.73073   1.64272  
 15 39.0494   1987.479755  x:  0.13287   0.00000   0.16235   0.14548   0.04681   0.00601   0.07657   0.02752   0.08692   0.02975   0.05754   0.04611   0.00000   0.14331   0.09732   0.04265   0.02925   0.04432   0.02536   0.06960   0.01505   0.07106   0.02835   9.15049   1.80517   1.07696   1.86260   1.69900  
 16 127.8293   1986.821847  x:  0.13131   0.00000   0.15864   0.14310   0.04705   0.00643   0.07569   0.02652   0.08684   0.03043   0.04789   0.04799   0.00000   0.15346   0.09839   0.02978   0.03010   0.04475   0.02207   0.06783   0.01543   0.06540   0.02779   9.14293   1.85917   1.13101   1.91491   1.72060  
 17 185.9617   1986.670329  x:  0.13112   0.00000   0.15879   0.14298   0.04636   0.00652   0.07771   0.02658   0.08802   0.02824   0.05071   0.04780   0.00000   0.15544   0.09850   0.03114   0.02999   0.04701   0.02217   0.06794   0.01556   0.05723   0.02787   9.14091   1.85780   1.13354   1.93163   1.72433  
 18 11.8244   1985.213489  x:  0.13787   0.00000   0.16666   0.13959   0.04438   0.00753   0.08773   0.02435   0.09247   0.03947   0.05267   0.05015   0.00000   0.16243   0.10003   0.02866   0.03091   0.03954   0.02337   0.07102   0.01713   0.05981   0.02921   9.11976   1.80886   1.13277   2.11052   1.75840  
 19 42.9302   1984.555127  x:  0.14199   0.00000   0.16927   0.13548   0.04521   0.00796   0.08256   0.02362   0.08926   0.02820   0.04756   0.05011   0.00000   0.16286   0.09999   0.02922   0.03050   0.04776   0.02227   0.06965   0.01761   0.06659   0.02931   9.11068   1.78676   1.13137   2.18410   1.77223  
 20 167.5011   1984.423436  x:  0.14430   0.00000   0.16955   0.13500   0.04487   0.00811   0.07368   0.02341   0.08591   0.02710   0.04881   0.04977   0.00000   0.16229   0.10023   0.02866   0.03060   0.04412   0.02259   0.06967   0.01778   0.06454   0.02948   9.10886   1.78239   1.13050   2.19300   1.77376  
 21 23.8989   1984.305827  x:  0.14577   0.00000   0.17001   0.13511   0.04486   0.00823   0.06930   0.02302   0.08505   0.03214   0.04887   0.05056   0.00000   0.16239   0.10079   0.02943   0.03065   0.04875   0.02235   0.07045   0.01788   0.06356   0.02951   9.10712   1.77882   1.12859   2.18973   1.77273  
 22  8.2497   1973.693516  x:  0.19413   0.00000   0.21578   0.13832   0.04488   0.01671   0.07116   0.01857   0.11938   0.02417   0.05023   0.04890   0.00000   0.20414   0.13087   0.02281   0.03502   0.04921   0.02100   0.09879   0.02298   0.06593   0.03082   8.95584   1.48453   0.93898   1.61197   1.62133  
 23 23.1447   1972.827993  x:  0.19851   0.00000   0.22156   0.14566   0.03742   0.01747   0.07955   0.01900   0.09970   0.02566   0.05444   0.05215   0.00000   0.21075   0.13629   0.02198   0.03616   0.05053   0.02171   0.08282   0.02399   0.06714   0.03216   8.94388   1.46147   0.92403   1.56622   1.60840  
 24 100.0352   1972.789674  x:  0.19894   0.00000   0.22206   0.14646   0.04152   0.01741   0.08059   0.01913   0.09706   0.02582   0.05468   0.05229   0.00000   0.21140   0.13646   0.02210   0.03624   0.05044   0.02189   0.08300   0.02409   0.06683   0.03235   8.94334   1.46056   0.92338   1.56435   1.60729  
 25 17.5756   1972.779129  x:  0.19873   0.00000   0.22200   0.14629   0.04089   0.01742   0.08129   0.01925   0.09506   0.02580   0.05430   0.05175   0.00000   0.21137   0.13629   0.02206   0.03617   0.05050   0.02177   0.08536   0.02401   0.06667   0.03220   8.94327   1.46077   0.92349   1.56474   1.60535  
 26  3.6317   1972.079665  x:  0.20080   0.00000   0.22383   0.15087   0.04080   0.01763   0.08006   0.01887   0.09488   0.02504   0.05357   0.05140   0.00000   0.21352   0.13913   0.02236   0.03632   0.05033   0.02125   0.08384   0.02425   0.06687   0.03150   8.94314   1.50136   0.94492   1.64098   1.39295  
 27  3.8009   1969.061507  x:  0.21412   0.00000   0.23525   0.19035   0.03994   0.01869   0.07491   0.02021   0.09429   0.02189   0.04974   0.04475   0.00000   0.22506   0.16049   0.02563   0.03782   0.05004   0.01722   0.08448   0.02405   0.06873   0.02516   8.93797   1.62131   1.01827   1.89056   1.65607  
 28  1.0600   1968.199806  x:  0.21512   0.00000   0.23390   0.20907   0.04065   0.02199   0.07273   0.01896   0.10339   0.02891   0.04897   0.03899   0.00000   0.22451   0.18148   0.02687   0.03862   0.04842   0.01918   0.09064   0.02192   0.06852   0.02197   9.09792   1.58223   0.98447   1.78120   1.58020  
 29  0.1562   1967.827039  x:  0.21074   0.00000   0.22764   0.21750   0.04064   0.02530   0.07445   0.01842   0.09909   0.02456   0.05043   0.04243   0.00000   0.22038   0.19766   0.02335   0.03904   0.04954   0.01836   0.08627   0.01958   0.06837   0.02538   9.25151   1.54800   0.97637   1.74387   1.56858  
 30  0.1056   1967.739754  x:  0.20660   0.00000   0.22239   0.21781   0.04002   0.02686   0.07510   0.01979   0.09852   0.02482   0.05057   0.04287   0.00000   0.21485   0.20229   0.02619   0.03850   0.04953   0.01880   0.08702   0.01814   0.06856   0.02460   9.25917   1.55737   0.98307   1.76999   1.59136  
 31  0.0297   1967.722797  x:  0.20583   0.00000   0.22119   0.21606   0.04015   0.02749   0.07460   0.01902   0.09909   0.02532   0.05012   0.04250   0.00000   0.21328   0.20336   0.02479   0.03839   0.04952   0.01853   0.08771   0.01791   0.06839   0.02427   9.22994   1.56823   0.98722   1.78087   1.59732  
 32  0.0336   1967.713041  x:  0.20681   0.00000   0.22180   0.21333   0.04020   0.02846   0.07396   0.01935   0.09964   0.02498   0.05014   0.04211   0.00000   0.21283   0.20321   0.02499   0.03838   0.04937   0.01863   0.08780   0.01815   0.06846   0.02455   9.17281   1.56524   0.98402   1.77196   1.58845  
 33  0.0284   1967.708472  x:  0.20759   0.00000   0.22261   0.21261   0.03999   0.02910   0.07461   0.01900   0.09888   0.02534   0.05026   0.04251   0.00000   0.21334   0.20281   0.02511   0.03850   0.04947   0.01865   0.08729   0.01840   0.06845   0.02442   9.15896   1.56344   0.98533   1.77455   1.58976  
 34  0.0077   1967.703718  x:  0.20766   0.00000   0.22288   0.21413   0.03992   0.02982   0.07477   0.01955   0.09908   0.02516   0.05018   0.04248   0.00000   0.21381   0.20168   0.02478   0.03847   0.04961   0.01846   0.08749   0.01842   0.06841   0.02425   9.17675   1.56545   0.98666   1.77633   1.59324  
 35  0.0076   1967.700797  x:  0.20724   0.00000   0.22264   0.21497   0.03991   0.03016   0.07452   0.01899   0.09925   0.02503   0.05019   0.04232   0.00000   0.21375   0.20065   0.02510   0.03843   0.04950   0.01859   0.08768   0.01838   0.06843   0.02441   9.19349   1.56640   0.98589   1.77550   1.59393  
 36  0.0142   1967.700281  x:  0.20699   0.00000   0.22245   0.21489   0.03995   0.03016   0.07439   0.01904   0.09924   0.02524   0.05021   0.04236   0.00000   0.21365   0.19998   0.02502   0.03832   0.04945   0.01860   0.08754   0.01835   0.06843   0.02445   9.19134   1.56485   0.98520   1.77477   1.59194  
 37  0.0031   1967.700235  x:  0.20692   0.00000   0.22240   0.21482   0.03995   0.03013   0.07443   0.01903   0.09917   0.02518   0.05020   0.04237   0.00000   0.21363   0.19986   0.02502   0.03829   0.04947   0.01858   0.08751   0.01833   0.06845   0.02440   9.18770   1.56505   0.98534   1.77479   1.59142  
 38  0.0032   1967.700228  x:  0.20694   0.00000   0.22242   0.21482   0.03995   0.03013   0.07445   0.01903   0.09918   0.02518   0.05020   0.04237   0.00000   0.21367   0.19984   0.02502   0.03829   0.04947   0.01859   0.08751   0.01831   0.06845   0.02442   9.18506   1.56513   0.98541   1.77491   1.59145  
 39  0.0015   1967.700227  x:  0.20695   0.00000   0.22243   0.21483   0.03995   0.03013   0.07444   0.01903   0.09918   0.02518   0.05020   0.04237   0.00000   0.21368   0.19984   0.02502   0.03829   0.04947   0.01859   0.08751   0.01830   0.06844   0.02441   9.18477   1.56507   0.98536   1.77485   1.59144  
 40  0.0002   1967.700227  x:  0.20696   0.00000   0.22244   0.21482   0.03995   0.03013   0.07444   0.01903   0.09918   0.02518   0.05020   0.04237   0.00000   0.21369   0.19983   0.02502   0.03830   0.04947   0.01859   0.08751   0.01830   0.06844   0.02441   9.18521   1.56508   0.98537   1.77486   1.59146  
 41  0.0002   1967.700227  x:  0.20696   0.00000   0.22244   0.21481   0.03995   0.03013   0.07444   0.01903   0.09918   0.02518   0.05020   0.04237   0.00000   0.21369   0.19983   0.02502   0.03830   0.04947   0.01859   0.08751   0.01830   0.06844   0.02441   9.18528   1.56508   0.98537   1.77486   1.59146  
 42  0.0001   1967.700227  x:  0.20696   0.00000   0.22244   0.21481   0.03995   0.03013   0.07444   0.01903   0.09918   0.02518   0.05020   0.04237   0.00000   0.21369   0.19983   0.02502   0.03830   0.04947   0.01859   0.08751   0.01830   0.06844   0.02441   9.18528   1.56508   0.98537   1.77486   1.59146  
 43  0.0000   1967.700227  x:  0.20696   0.00000   0.22244   0.21481   0.03995   0.03013   0.07444   0.01903   0.09918   0.02518   0.05020   0.04237   0.00000   0.21369   0.19983   0.02502   0.03830   0.04947   0.01859   0.08751   0.01830   0.06844   0.02441   9.18529   1.56508   0.98537   1.77486   1.59146  
 44  0.0000   1967.700227  x:  0.20696   0.00000   0.22244   0.21481   0.03995   0.03013   0.07444   0.01903   0.09918   0.02518   0.05020   0.04237   0.00000   0.21369   0.19983   0.02502   0.03830   0.04947   0.01859   0.08751   0.01830   0.06844   0.02441   9.18529   1.56508   0.98537   1.77486   1.59146  