

TREE # 1

  0  0.0000   2164.448507  x:  0.01972   0.20925   0.02571   0.03211   0.02495   0.05815   0.02188   0.05666   0.08536   0.02661   0.17168   0.20925   0.02571   0.03211   0.02495   0.05815   0.02188   0.05666   0.08536   0.02661   0.17168   0.21568   8.40433   1.87132   1.27305   1.54428   1.00000  
  1 99.0000   2143.905131  x:  0.00000   0.19953   0.02914   0.00928   0.04714   0.06262   0.05033   0.09540   0.12473   0.06990   0.17598   0.20890   0.04872   0.03804   0.04767   0.08549   0.03898   0.08241   0.08927   0.10923   0.17298   0.21082   8.40396   1.87045   1.26921   1.54684   1.00062  
  2 482.9824   2141.505283  x:  0.00000   0.18700   0.01999   0.02570   0.04016   0.06297   0.04070   0.11270   0.15181   0.06806   0.18425   0.20716   0.03732   0.03290   0.04061   0.09691   0.03101   0.09428   0.09261   0.11372   0.17481   0.20397   8.40336   1.86917   1.26390   1.55025   1.00167  
  3 116.1783   2140.431663  x:  0.00000   0.17706   0.01993   0.01228   0.03637   0.06369   0.03444   0.11931   0.16615   0.06423   0.19035   0.20588   0.03054   0.03111   0.03722   0.10114   0.02859   0.09865   0.09437   0.10985   0.17617   0.19863   8.40280   1.86793   1.25902   1.55338   1.00268  
  4 103.7806   2139.968560  x:  0.00000   0.16494   0.02701   0.01271   0.04049   0.06527   0.03722   0.12098   0.17753   0.05877   0.19742   0.20449   0.03390   0.03360   0.04048   0.10159   0.03328   0.09888   0.09538   0.10121   0.17795   0.19188   8.40181   1.86577   1.25077   1.55862   1.00442  
  5 49.6002   2139.809348  x:  0.00000   0.15883   0.02207   0.01199   0.04085   0.06476   0.04014   0.11899   0.17994   0.05953   0.20083   0.20330   0.03793   0.03311   0.04122   0.09968   0.03120   0.09687   0.09471   0.09929   0.17921   0.18814   8.40084   1.86367   1.24317   1.56333   1.00607  
  6 30.9291   2139.630143  x:  0.00000   0.15239   0.02494   0.01305   0.03884   0.06346   0.03790   0.11496   0.17917   0.06597   0.20451   0.20107   0.03797   0.03152   0.03993   0.09669   0.03044   0.09376   0.09288   0.10112   0.18092   0.18360   8.39861   1.85884   1.22639   1.57361   1.00973  
  7 29.2454   2139.528863  x:  0.00452   0.15157   0.02385   0.01321   0.03935   0.06341   0.03769   0.11413   0.17755   0.06556   0.20528   0.20001   0.03579   0.03243   0.03993   0.09650   0.03216   0.09375   0.09273   0.10235   0.18139   0.18258   8.39715   1.85568   1.21594   1.57990   1.01202  
  8 40.3099   2139.292501  x:  0.00101   0.14934   0.02183   0.01353   0.04075   0.06410   0.03718   0.11258   0.17255   0.06258   0.20534   0.19694   0.03100   0.03461   0.04020   0.09654   0.03468   0.09437   0.09275   0.10619   0.18223   0.18065   8.39237   1.84533   1.18287   1.59979   1.01922  
  9 75.6084   2139.103644  x:  0.00173   0.15239   0.02454   0.01317   0.03959   0.06472   0.03824   0.11522   0.16999   0.05805   0.20302   0.19581   0.03410   0.03351   0.03992   0.09820   0.03004   0.09628   0.09389   0.10710   0.18152   0.18219   8.38806   1.83603   1.15576   1.61577   1.02518  
 10 62.8462   2139.034301  x:  0.00135   0.15562   0.02346   0.01287   0.03889   0.06357   0.03751   0.11736   0.17170   0.06040   0.20070   0.19670   0.03611   0.03144   0.03986   0.09881   0.03294   0.09633   0.09373   0.10363   0.18015   0.18445   8.38560   1.83083   1.14460   1.62195   1.02781  
 11 25.5833   2139.012660  x:  0.00133   0.15698   0.02342   0.01278   0.04015   0.06358   0.03806   0.11768   0.17344   0.06236   0.19947   0.19773   0.03490   0.03259   0.04028   0.09822   0.03171   0.09599   0.09349   0.10197   0.17922   0.18562   8.38422   1.82797   1.14125   1.62346   1.02874  
 12 13.5749   2138.998822  x:  0.00145   0.15723   0.02337   0.01281   0.03882   0.06435   0.03811   0.11640   0.17560   0.06171   0.19830   0.19975   0.03497   0.03367   0.04011   0.09725   0.03200   0.09510   0.09286   0.10282   0.17804   0.18641   8.38166   1.82284   1.13987   1.62304   1.02957  
 13  5.4017   2138.984155  x:  0.00167   0.15698   0.02338   0.01278   0.04040   0.06416   0.03743   0.11516   0.17673   0.06077   0.19738   0.20154   0.03497   0.03228   0.03973   0.09693   0.03192   0.09462   0.09249   0.10365   0.17721   0.18674   8.37781   1.81536   1.13889   1.62156   1.03053  
 14 10.2568   2138.925564  x:  0.00200   0.15487   0.02355   0.01288   0.03917   0.06216   0.03828   0.11434   0.17496   0.06131   0.19614   0.20431   0.03420   0.03153   0.04195   0.09874   0.03164   0.09649   0.09456   0.10280   0.17714   0.18573   8.35904   1.78017   1.13571   1.61250   1.03439  
 15 14.7109   2138.886354  x:  0.00208   0.15452   0.02329   0.01286   0.03987   0.06417   0.03780   0.11593   0.17341   0.06219   0.19661   0.20380   0.03539   0.03309   0.03912   0.09896   0.03187   0.09675   0.09473   0.10209   0.17809   0.18511   8.34557   1.75648   1.13304   1.60527   1.03665  
 16 36.6085   2138.863538  x:  0.00198   0.15593   0.02328   0.01284   0.03966   0.06494   0.03760   0.11769   0.17363   0.06163   0.19820   0.20088   0.03499   0.03248   0.04058   0.09765   0.03180   0.09540   0.09240   0.10226   0.17922   0.18540   8.33644   1.74338   1.13021   1.59928   1.03731  
 17 17.5782   2138.847892  x:  0.00172   0.15730   0.02357   0.01278   0.03967   0.06265   0.03822   0.11678   0.17484   0.06117   0.19961   0.19817   0.03497   0.03303   0.03959   0.09731   0.03195   0.09507   0.09285   0.10269   0.17962   0.18620   8.32862   1.73611   1.12626   1.59296   1.03682  
 18 10.4928   2138.820026  x:  0.00175   0.15831   0.02331   0.01281   0.03983   0.06446   0.03701   0.11375   0.17593   0.06166   0.20101   0.19573   0.03550   0.03278   0.04069   0.09816   0.03176   0.09591   0.09497   0.10257   0.17930   0.18742   8.31240   1.72593   1.11672   1.57841   1.03459  
 19 14.0753   2138.777683  x:  0.00178   0.15713   0.02373   0.01283   0.03934   0.06579   0.03966   0.11356   0.17538   0.06192   0.20085   0.19647   0.03423   0.03101   0.03949   0.09860   0.03210   0.09615   0.09437   0.10213   0.17848   0.18757   8.28588   1.71248   1.10058   1.55438   1.03030  
 20 27.3680   2138.722829  x:  0.00200   0.15489   0.02359   0.01284   0.03965   0.06382   0.03791   0.11569   0.17384   0.06149   0.19965   0.19932   0.03497   0.03273   0.04007   0.09826   0.03171   0.09597   0.09275   0.10203   0.17780   0.18675   8.25089   1.69603   1.07961   1.52315   1.02455  
 21 69.5250   2138.716882  x:  0.00196   0.15587   0.02359   0.01283   0.03963   0.06393   0.03791   0.11602   0.17421   0.06138   0.19884   0.20006   0.03479   0.03247   0.04016   0.09750   0.03179   0.09512   0.09421   0.10220   0.17960   0.18510   8.24496   1.69508   1.07822   1.52117   1.02403  
 22  4.1093   2138.700286  x:  0.00188   0.15764   0.02367   0.01276   0.03964   0.06387   0.03795   0.11432   0.17486   0.06138   0.19778   0.20057   0.03506   0.03283   0.03999   0.09891   0.03164   0.09665   0.09173   0.10167   0.18218   0.18272   8.22180   1.69494   1.07786   1.52058   1.02311  
 23  4.1706   2137.571280  x:  0.00270   0.15717   0.02389   0.01225   0.03882   0.06387   0.03680   0.11320   0.17035   0.05878   0.19356   0.19775   0.03510   0.03277   0.03926   0.09599   0.03117   0.09505   0.09278   0.09368   0.17676   0.18331   6.72155   1.71392   1.10192   1.53837   0.97308  
 24 23.0535   2137.560833  x:  0.00250   0.15719   0.02390   0.01225   0.03881   0.06384   0.03683   0.11310   0.17005   0.05878   0.19583   0.19977   0.03496   0.03293   0.03929   0.09750   0.03104   0.09371   0.09274   0.09365   0.17897   0.18548   6.70614   1.71447   1.10193   1.53828   0.97437  
 25 12.4824   2137.557726  x:  0.00239   0.15735   0.02391   0.01224   0.03882   0.06382   0.03685   0.11309   0.16994   0.05880   0.19681   0.20054   0.03499   0.03279   0.03926   0.09633   0.03112   0.09489   0.09275   0.09364   0.17955   0.18603   6.70165   1.71502   1.10193   1.53778   0.97674  
 26  3.5518   2137.546402  x:  0.00221   0.15805   0.02397   0.01225   0.03880   0.06379   0.03689   0.11311   0.16982   0.05874   0.19724   0.20030   0.03493   0.03283   0.03927   0.09686   0.03106   0.09432   0.09277   0.09356   0.17821   0.18469   6.68541   1.71854   1.10238   1.53388   0.99303  
 27  3.4752   2137.545231  x:  0.00234   0.15738   0.02398   0.01226   0.03879   0.06381   0.03688   0.11308   0.16996   0.05872   0.19619   0.19974   0.03495   0.03282   0.03926   0.09680   0.03107   0.09434   0.09276   0.09352   0.17892   0.18537   6.68394   1.71896   1.10253   1.53340   0.99478  
 28  1.8887   2137.505363  x:  0.00254   0.15660   0.02376   0.01333   0.03841   0.06369   0.03652   0.11158   0.16713   0.05747   0.19720   0.19950   0.03473   0.03267   0.03889   0.09521   0.03078   0.09282   0.09334   0.09011   0.17765   0.18679   6.78740   1.73491   1.11203   1.54823   0.99837  
 29  0.0730   2137.500299  x:  0.00252   0.15670   0.02400   0.01272   0.03820   0.06371   0.03619   0.11087   0.16661   0.05701   0.19701   0.19950   0.03449   0.03266   0.03869   0.09502   0.03070   0.09267   0.09319   0.08889   0.17790   0.18640   6.76509   1.73149   1.10987   1.54572   0.99721  
 30  0.0256   2137.499962  x:  0.00246   0.15699   0.02393   0.01284   0.03819   0.06369   0.03621   0.11076   0.16657   0.05698   0.19683   0.19958   0.03454   0.03267   0.03867   0.09507   0.03066   0.09272   0.09306   0.08878   0.17809   0.18626   6.76179   1.72925   1.10847   1.54342   0.99690  
 31  0.0059   2137.499954  x:  0.00246   0.15700   0.02394   0.01283   0.03819   0.06369   0.03620   0.11076   0.16658   0.05698   0.19683   0.19959   0.03453   0.03267   0.03867   0.09507   0.03066   0.09272   0.09305   0.08880   0.17811   0.18624   6.76448   1.72910   1.10831   1.54317   0.99697  
 32  0.0036   2137.499954  x:  0.00247   0.15700   0.02394   0.01283   0.03819   0.06369   0.03620   0.11077   0.16658   0.05698   0.19683   0.19959   0.03453   0.03267   0.03867   0.09507   0.03066   0.09271   0.09305   0.08880   0.17811   0.18624   6.76437   1.72910   1.10829   1.54316   0.99696  
 33  0.0001   2137.499954  x:  0.00247   0.15700   0.02394   0.01283   0.03819   0.06369   0.03620   0.11077   0.16658   0.05698   0.19683   0.19959   0.03453   0.03267   0.03867   0.09507   0.03066   0.09271   0.09305   0.08880   0.17811   0.18624   6.76437   1.72910   1.10829   1.54316   0.99696  
 34  0.0000   2137.499954  x:  0.00247   0.15700   0.02394   0.01283   0.03819   0.06369   0.03620   0.11077   0.16658   0.05698   0.19683   0.19959   0.03453   0.03267   0.03867   0.09507   0.03066   0.09271   0.09305   0.08880   0.17811   0.18624   6.76437   1.72910   1.10829   1.54316   0.99696  