

TREE # 1

  0  0.0000   2337.430727  x:  0.06459   0.00000   0.10686   0.02397   0.07624   0.04595   0.06277   0.07206   0.09892   0.08697   0.07804   0.15829   0.01177   0.06953   0.01022   0.07267   0.04193   0.06831   0.06574   0.06820   0.13509   0.07068   0.08330   0.08321   2.00000   1.80615   1.15923   1.62607   0.40000  
  1 99.0000   2337.428636  x:  0.06459   0.00000   0.10686   0.02397   0.07624   0.04595   0.06277   0.07206   0.09892   0.08697   0.07803   0.15829   0.01177   0.06953   0.01023   0.07267   0.04192   0.06831   0.06574   0.06820   0.13509   0.07068   0.08330   0.08321   2.00000   1.80615   1.15923   1.62607   0.40000  
  2 560.4728   2317.158625  x:  0.08150   0.00000   0.13009   0.04141   0.07129   0.02819   0.08189   0.06926   0.09254   0.10250   0.06623   0.17353   0.00495   0.11031   0.00000   0.07186   0.02344   0.08769   0.05818   0.07390   0.14015   0.06424   0.08867   0.10013   2.00791   1.80395   1.15918   1.62898   0.43597  
  3 821.5786   2309.073763  x:  0.08813   0.00000   0.14410   0.01388   0.06732   0.01551   0.08649   0.06516   0.08581   0.11023   0.05294   0.18641   0.01035   0.10854   0.00097   0.07178   0.00976   0.09430   0.04918   0.07949   0.14299   0.05627   0.09178   0.10679   2.01855   1.80133   1.15966   1.63241   0.47307  
  4 321.0010   2301.050204  x:  0.09129   0.00000   0.16501   0.02119   0.06400   0.01838   0.08390   0.05663   0.07253   0.12004   0.03209   0.21151   0.01135   0.07571   0.00147   0.07292   0.03244   0.09797   0.03058   0.09107   0.14718   0.03981   0.09515   0.11004   2.04807   1.79450   1.16129   1.64143   0.55807  
  5 273.4099   2295.704460  x:  0.07948   0.00000   0.16387   0.02381   0.06982   0.03859   0.07286   0.05679   0.07051   0.11477   0.05799   0.22604   0.00221   0.07108   0.00160   0.07209   0.01754   0.09090   0.03988   0.09255   0.14917   0.04889   0.09232   0.09838   2.09216   1.78506   1.16463   1.65364   0.64443  
  6 173.6797   2294.320680  x:  0.07417   0.00000   0.15952   0.02645   0.07271   0.04340   0.06951   0.05840   0.07177   0.11045   0.06705   0.22964   0.01860   0.07530   0.00124   0.07167   0.01691   0.08689   0.04492   0.09117   0.14960   0.05438   0.09068   0.09315   2.11543   1.78024   1.16661   1.65979   0.68181  
  7 401.4367   2291.693349  x:  0.06877   0.00000   0.13911   0.01852   0.07553   0.03270   0.07350   0.06507   0.08065   0.09857   0.06660   0.22261   0.01434   0.08985   0.00083   0.07167   0.03666   0.07994   0.05140   0.08172   0.14827   0.06264   0.08670   0.08791   2.16312   1.77116   1.17154   1.67119   0.72870  
  8 167.5210   2289.653055  x:  0.07031   0.00000   0.11909   0.02716   0.07513   0.01650   0.07465   0.06859   0.08835   0.09180   0.05985   0.20694   0.01331   0.08294   0.00101   0.07307   0.02845   0.07673   0.05367   0.07194   0.14588   0.06471   0.08463   0.08962   2.21351   1.76231   1.17742   1.68223   0.75439  
  9 153.6226   2287.090559  x:  0.07952   0.00000   0.10317   0.02657   0.07041   0.03737   0.07726   0.07106   0.09738   0.09420   0.04449   0.17443   0.01384   0.08397   0.00093   0.07714   0.02211   0.08249   0.05369   0.06456   0.14262   0.06234   0.08595   0.09917   2.31296   1.74612   1.18912   1.70299   0.77478  
 10 152.7767   2280.191846  x:  0.07769   0.00000   0.13195   0.02489   0.05795   0.02755   0.06288   0.06794   0.10228   0.10870   0.06101   0.11619   0.01353   0.08754   0.00078   0.08633   0.02857   0.08506   0.05320   0.08145   0.13855   0.05629   0.09109   0.09838   2.60891   1.70165   1.22322   1.76237   0.78297  
 11 206.3352   2258.924303  x:  0.05710   0.00000   0.16646   0.02810   0.06497   0.03355   0.10830   0.08550   0.09488   0.10285   0.05646   0.20596   0.01291   0.08688   0.00107   0.08502   0.01932   0.07680   0.03557   0.07861   0.14310   0.05115   0.08118   0.08196   3.76729   1.54325   1.35011   1.98641   0.71689  
 12 403.0689   2254.287573  x:  0.07861   0.00000   0.15488   0.02571   0.07252   0.02825   0.07638   0.06785   0.07986   0.10169   0.05824   0.23679   0.01178   0.08905   0.00107   0.07800   0.02764   0.09148   0.05620   0.07992   0.14866   0.05997   0.08656   0.10435   3.99935   1.52495   1.36826   2.02585   0.70212  
 13 413.8154   2253.357637  x:  0.07501   0.00000   0.14375   0.02643   0.07180   0.02788   0.06645   0.05708   0.07336   0.10816   0.05564   0.24024   0.01086   0.09674   0.00091   0.07451   0.02598   0.08551   0.04335   0.08276   0.15252   0.06103   0.09213   0.10100   4.04761   1.54222   1.36101   2.02534   0.70017  
 14 71.9214   2250.460133  x:  0.07268   0.00000   0.12267   0.02523   0.07379   0.02533   0.08757   0.05603   0.06191   0.12254   0.06934   0.24182   0.01235   0.09084   0.00096   0.06579   0.02922   0.10017   0.04250   0.10259   0.16625   0.06393   0.10270   0.09980   4.22024   1.66653   1.30190   1.99777   0.70063  
 15 81.7471   2245.732322  x:  0.07860   0.00000   0.14901   0.02658   0.08876   0.02714   0.07604   0.06223   0.08353   0.10570   0.05767   0.24793   0.01117   0.09507   0.00098   0.07011   0.02584   0.09208   0.04339   0.09553   0.17232   0.06234   0.09078   0.10771   4.50487   1.89379   1.19392   1.93968   0.70374  
 16 233.0847   2245.137652  x:  0.07569   0.00000   0.15296   0.02697   0.07468   0.02745   0.07618   0.05890   0.07269   0.10434   0.05673   0.24946   0.01120   0.09639   0.00105   0.07730   0.02613   0.09297   0.04979   0.08155   0.16252   0.06050   0.08902   0.10511   4.53810   1.92179   1.18464   1.92955   0.70462  
 17 67.2739   2244.987261  x:  0.07870   0.00000   0.15148   0.02674   0.07231   0.02734   0.07621   0.06140   0.07533   0.10755   0.06043   0.25265   0.01131   0.09667   0.00119   0.08003   0.02684   0.08963   0.04809   0.08203   0.15148   0.05946   0.09183   0.10836   4.54463   1.92828   1.19092   1.92220   0.70564  
 18 12.4326   2244.663102  x:  0.07398   0.00000   0.15044   0.02755   0.07414   0.02702   0.07383   0.06060   0.07935   0.10734   0.05652   0.25458   0.01100   0.09900   0.00153   0.07697   0.02575   0.09736   0.05012   0.08780   0.13970   0.05623   0.09145   0.10437   4.55510   1.94004   1.21737   1.90016   0.70856  
 19 15.8106   2243.693332  x:  0.07792   0.00000   0.15531   0.02843   0.07602   0.02816   0.07877   0.06003   0.07077   0.10151   0.05846   0.25038   0.01096   0.10124   0.00188   0.06816   0.02600   0.09357   0.04543   0.08658   0.14875   0.06124   0.08627   0.11080   4.58224   1.97106   1.30336   1.83259   0.71813  
 20 41.3865   2243.337827  x:  0.07568   0.00000   0.15599   0.02862   0.07733   0.02750   0.07870   0.05998   0.07671   0.10964   0.05731   0.25242   0.01083   0.10154   0.00163   0.07885   0.02648   0.09329   0.04995   0.08144   0.16100   0.06152   0.09321   0.10959   4.59018   1.97936   1.32863   1.81359   0.72115  
 21 35.5650   2242.613080  x:  0.07569   0.00000   0.14953   0.02975   0.06644   0.02739   0.07305   0.07057   0.07688   0.10435   0.06013   0.25562   0.01059   0.10777   0.00161   0.09122   0.02553   0.09724   0.04722   0.08981   0.17139   0.04774   0.08571   0.11206   4.59530   1.97895   1.33357   1.81511   0.72554  
 22  6.0237   2233.129621  x:  0.06785   0.00000   0.16454   0.04336   0.03275   0.02595   0.09780   0.04673   0.10240   0.09850   0.05424   0.25623   0.00696   0.14041   0.00561   0.08994   0.02197   0.12318   0.02804   0.10286   0.16578   0.07981   0.08804   0.13732   4.64294   1.94097   1.30538   1.91327   0.78696  
 23 14.9228   2222.168925  x:  0.05272   0.00000   0.18433   0.05975   0.07907   0.01992   0.11679   0.07353   0.06360   0.13558   0.03615   0.23797   0.00077   0.19329   0.01230   0.06973   0.01544   0.12912   0.03083   0.08996   0.14058   0.06148   0.09875   0.16468   4.70382   1.88986   1.26315   2.04218   0.86693  
 24 195.1549   2221.386472  x:  0.05322   0.00000   0.18419   0.06039   0.08157   0.02010   0.12378   0.06092   0.06787   0.13637   0.04061   0.23720   0.00084   0.19746   0.01309   0.06192   0.01554   0.12330   0.03688   0.08671   0.14076   0.04279   0.09865   0.16780   4.70806   1.88574   1.25987   2.04898   0.87206  
 25 58.0510   2221.340453  x:  0.05352   0.00000   0.18378   0.06038   0.08495   0.02016   0.12582   0.05727   0.06639   0.13463   0.04078   0.23662   0.00087   0.19791   0.01303   0.06638   0.01533   0.12265   0.03689   0.08836   0.13969   0.04218   0.09778   0.16826   4.70906   1.88417   1.25866   2.04754   0.87244  
 26 10.8252   2221.045905  x:  0.05310   0.00000   0.18462   0.06057   0.08654   0.02023   0.12642   0.05835   0.06494   0.12473   0.04284   0.23587   0.00084   0.19900   0.01309   0.06655   0.01492   0.12652   0.03340   0.08769   0.14017   0.03894   0.11178   0.16877   4.73838   1.83453   1.21882   1.98071   0.87769  
 27  4.2345   2220.218168  x:  0.05261   0.00000   0.18333   0.06163   0.08300   0.01964   0.12888   0.05852   0.06448   0.13108   0.03803   0.23639   0.00056   0.20124   0.01333   0.06455   0.01365   0.12132   0.03972   0.09727   0.14169   0.04146   0.10779   0.17080   4.81969   1.69787   1.10900   1.79608   0.89205  
 28 110.6662   2220.070964  x:  0.05264   0.00000   0.18257   0.06108   0.08518   0.01897   0.12843   0.05742   0.06608   0.13510   0.04169   0.23659   0.00086   0.20105   0.01334   0.06474   0.01448   0.12648   0.03519   0.09315   0.14173   0.04120   0.10186   0.17129   4.83470   1.67368   1.08964   1.76335   0.89475  
 29 79.1618   2212.629459  x:  0.05711   0.00000   0.19601   0.06057   0.06473   0.00671   0.11765   0.06650   0.07830   0.14571   0.03998   0.25728   0.00347   0.21549   0.01373   0.08667   0.00684   0.13523   0.04038   0.08571   0.17193   0.03583   0.09879   0.19523   5.88594   1.80738   1.27971   1.80342   1.12201  
 30  1.1910   2210.236892  x:  0.05647   0.00000   0.20109   0.05782   0.06207   0.02639   0.11673   0.06367   0.07949   0.14309   0.04019   0.26203   0.00549   0.22328   0.01535   0.08866   0.01651   0.13688   0.04017   0.08960   0.17108   0.03997   0.09801   0.20518   6.43415   1.83653   1.32106   1.84689   1.23682  
 31  0.8067   2208.176695  x:  0.04864   0.00000   0.20182   0.05401   0.06771   0.02109   0.11647   0.05023   0.06923   0.13064   0.03972   0.25038   0.00274   0.22559   0.01827   0.07570   0.01503   0.13308   0.03225   0.09612   0.14568   0.04169   0.09726   0.20586   7.02477   1.81689   1.26844   1.94738   1.34668  
 32  0.3963   2207.388662  x:  0.04090   0.00000   0.19922   0.04978   0.06034   0.01650   0.11017   0.06382   0.07029   0.13410   0.04319   0.24113   0.00400   0.21878   0.01977   0.07818   0.01194   0.12919   0.03709   0.09461   0.15018   0.03681   0.09633   0.20036   7.45682   1.77152   1.23137   1.89456   1.41948  
 33  0.2688   2207.151339  x:  0.03841   0.00000   0.19792   0.04766   0.06697   0.01530   0.11115   0.05989   0.07729   0.13394   0.04181   0.23719   0.00437   0.21267   0.02082   0.07786   0.01102   0.12999   0.03616   0.09426   0.15428   0.04021   0.09681   0.19912   7.64839   1.78659   1.25226   1.87842   1.44273  
 34  0.1592   2206.986786  x:  0.03699   0.00000   0.19635   0.04686   0.06917   0.01601   0.11477   0.05732   0.07255   0.13821   0.04169   0.23602   0.00422   0.20747   0.02303   0.07857   0.01341   0.12845   0.03717   0.09176   0.15212   0.03604   0.09701   0.20173   7.79659   1.82586   1.28040   1.91548   1.44292  
 35  0.0710   2206.816585  x:  0.03588   0.00000   0.19501   0.04777   0.06756   0.01816   0.11609   0.05962   0.07102   0.13895   0.04215   0.23697   0.00419   0.19878   0.02610   0.07745   0.01075   0.12870   0.03724   0.09350   0.14986   0.04091   0.09950   0.20592   7.90606   1.82216   1.27911   1.93226   1.42241  
 36  0.0577   2206.689628  x:  0.03352   0.00000   0.19499   0.04889   0.06560   0.01659   0.11582   0.06086   0.07482   0.13627   0.04063   0.23863   0.00318   0.19493   0.02893   0.07704   0.01243   0.12946   0.03669   0.09496   0.15186   0.03861   0.09956   0.20905   7.93074   1.78619   1.25167   1.90039   1.39096  
 37  0.0400   2206.627843  x:  0.03106   0.00000   0.19650   0.05025   0.06608   0.01668   0.11502   0.05921   0.07397   0.13604   0.04102   0.23925   0.00452   0.19614   0.03076   0.07731   0.01102   0.12984   0.03650   0.09350   0.15211   0.03667   0.09594   0.21111   7.90394   1.78838   1.24770   1.89108   1.37091  
 38  0.0236   2206.591338  x:  0.02857   0.00000   0.19812   0.05056   0.06625   0.01580   0.11358   0.05894   0.07286   0.13460   0.04242   0.23937   0.00442   0.19937   0.03216   0.07764   0.01182   0.12951   0.03733   0.09318   0.15134   0.03880   0.09682   0.21290   7.88859   1.79844   1.25586   1.89602   1.36499  
 39  0.0160   2206.561917  x:  0.02552   0.00000   0.19843   0.05018   0.06578   0.01651   0.11247   0.05911   0.07352   0.13444   0.04137   0.23841   0.00358   0.20349   0.03372   0.07799   0.01092   0.12825   0.03687   0.09311   0.15085   0.03765   0.09776   0.21471   7.89134   1.80279   1.26254   1.90291   1.36715  
 40  0.0092   2206.545051  x:  0.02345   0.00000   0.19694   0.04873   0.06579   0.01655   0.11240   0.05962   0.07443   0.13627   0.04155   0.23749   0.00408   0.20488   0.03505   0.07782   0.01136   0.12783   0.03721   0.09433   0.15079   0.03742   0.09725   0.21612   7.88267   1.79444   1.25745   1.90033   1.37155  
 41  0.0073   2206.534795  x:  0.02343   0.00000   0.19605   0.04743   0.06615   0.01671   0.11315   0.05929   0.07360   0.13578   0.04190   0.23769   0.00395   0.20456   0.03561   0.07776   0.01115   0.12900   0.03716   0.09319   0.15085   0.03757   0.09766   0.21724   7.82333   1.79510   1.25290   1.89256   1.37035  
 42  0.0249   2206.530491  x:  0.02392   0.00000   0.19642   0.04715   0.06596   0.01637   0.11358   0.05925   0.07373   0.13527   0.04162   0.23846   0.00398   0.20385   0.03559   0.07746   0.01106   0.12878   0.03720   0.09390   0.15088   0.03755   0.09738   0.21753   7.77193   1.79806   1.25782   1.89907   1.37225  
 43  0.0224   2206.527753  x:  0.02299   0.00000   0.19732   0.04747   0.06594   0.01637   0.11325   0.05963   0.07376   0.13553   0.04167   0.23872   0.00403   0.20285   0.03592   0.07782   0.01111   0.12846   0.03715   0.09345   0.15080   0.03741   0.09741   0.21747   7.75586   1.79626   1.25757   1.89623   1.37842  
 44  0.0052   2206.527167  x:  0.02278   0.00000   0.19721   0.04773   0.06606   0.01652   0.11333   0.05929   0.07371   0.13555   0.04168   0.23882   0.00400   0.20275   0.03609   0.07760   0.01109   0.12848   0.03719   0.09370   0.15081   0.03753   0.09744   0.21778   7.74922   1.79674   1.25642   1.89623   1.37946  
 45  0.0044   2206.527064  x:  0.02278   0.00000   0.19690   0.04782   0.06600   0.01647   0.11325   0.05933   0.07369   0.13554   0.04164   0.23871   0.00399   0.20278   0.03610   0.07758   0.01112   0.12860   0.03714   0.09367   0.15089   0.03750   0.09742   0.21786   7.74911   1.79694   1.25670   1.89643   1.38032  
 46  0.0005   2206.527056  x:  0.02279   0.00000   0.19685   0.04784   0.06599   0.01648   0.11326   0.05934   0.07371   0.13552   0.04165   0.23869   0.00401   0.20278   0.03610   0.07761   0.01111   0.12858   0.03717   0.09367   0.15085   0.03751   0.09744   0.21787   7.74883   1.79696   1.25680   1.89639   1.38035  
 47  0.0003   2206.527056  x:  0.02279   0.00000   0.19685   0.04784   0.06599   0.01648   0.11326   0.05934   0.07371   0.13552   0.04165   0.23867   0.00401   0.20277   0.03611   0.07761   0.01111   0.12857   0.03717   0.09366   0.15084   0.03751   0.09743   0.21788   7.74861   1.79698   1.25679   1.89641   1.38032  
 48  0.0002   2206.527056  x:  0.02279   0.00000   0.19685   0.04784   0.06599   0.01648   0.11326   0.05934   0.07371   0.13552   0.04165   0.23867   0.00401   0.20277   0.03610   0.07761   0.01111   0.12857   0.03717   0.09366   0.15085   0.03751   0.09743   0.21787   7.74857   1.79697   1.25678   1.89640   1.38031  
 49  0.0000   2206.527056  x:  0.02279   0.00000   0.19685   0.04784   0.06599   0.01648   0.11326   0.05934   0.07371   0.13552   0.04165   0.23867   0.00401   0.20277   0.03610   0.07761   0.01111   0.12857   0.03717   0.09366   0.15085   0.03751   0.09743   0.21788   7.74856   1.79697   1.25678   1.89641   1.38031  
 50  0.0000   2206.527056  x:  0.02278   0.00000   0.19685   0.04784   0.06599   0.01648   0.11326   0.05934   0.07371   0.13552   0.04165   0.23867   0.00401   0.20277   0.03610   0.07761   0.01111   0.12857   0.03717   0.09366   0.15085   0.03751   0.09743   0.21788   7.74856   1.79697   1.25678   1.89641   1.38031  
 51  0.0000   2206.527056  x:  0.02278   0.00000   0.19685   0.04784   0.06599   0.01648   0.11326   0.05934   0.07371   0.13552   0.04165   0.23867   0.00401   0.20277   0.03610   0.07761   0.01111   0.12857   0.03717   0.09366   0.15085   0.03751   0.09743   0.21788   7.74856   1.79697   1.25678   1.89641   1.38031  
 52  0.0000   2206.527056  x:  0.02278   0.00000   0.19685   0.04784   0.06599   0.01648   0.11326   0.05934   0.07371   0.13552   0.04165   0.23867   0.00401   0.20277   0.03610   0.07761   0.01111   0.12857   0.03717   0.09366   0.15085   0.03751   0.09743   0.21788   7.74856   1.79697   1.25678   1.89641   1.38031  