

TREE # 1

  0  0.0000   2134.705619  x:  0.20925   0.02571   0.03211   0.02495   0.05815   0.02188   0.05666   0.08536   0.02661   0.17168   0.20925   0.02571   0.03211   0.02495   0.05815   0.02188   0.05666   0.08536   0.02661   0.17168   0.21568   8.40433   1.37149   1.02767   1.43228   1.00000  
  1 99.0000   2113.573925  x:  0.20101   0.01185   0.04176   0.05933   0.06507   0.01997   0.09067   0.13066   0.01997   0.17470   0.20819   0.02607   0.04523   0.11481   0.08876   0.05104   0.06198   0.10987   0.04999   0.16567   0.21903   8.40432   1.37344   1.02229   1.43583   0.99957  
  2 503.7400   2109.574365  x:  0.18432   0.02863   0.03696   0.04650   0.07144   0.01755   0.11200   0.17449   0.02614   0.18031   0.20497   0.01904   0.03952   0.10676   0.10648   0.03359   0.06489   0.13739   0.04704   0.15399   0.22557   8.40433   1.37795   1.01085   1.44315   0.99869  
  3 128.5798   2108.150102  x:  0.17390   0.01304   0.03495   0.04284   0.07211   0.02092   0.11722   0.19181   0.02122   0.18334   0.20291   0.02614   0.03953   0.09609   0.11127   0.03134   0.06413   0.14743   0.04675   0.14764   0.22942   8.40434   1.38130   1.00244   1.44865   0.99800  
  4 116.2453   2107.721534  x:  0.16544   0.01181   0.03849   0.04681   0.06975   0.01682   0.11555   0.19860   0.02276   0.18537   0.20092   0.02350   0.04205   0.08820   0.11020   0.04021   0.06185   0.14926   0.04768   0.14374   0.23251   8.40437   1.38526   0.99267   1.45521   0.99712  
  5 51.4645   2107.528972  x:  0.15999   0.01482   0.03889   0.04947   0.06849   0.02188   0.11317   0.20096   0.02150   0.18653   0.19950   0.02403   0.04273   0.08688   0.10804   0.04216   0.06133   0.14840   0.04901   0.14191   0.23459   8.40439   1.38895   0.98370   1.46136   0.99627  
  6 50.1977   2107.035212  x:  0.14740   0.01374   0.03562   0.05125   0.06661   0.01924   0.10552   0.20280   0.02308   0.18904   0.19544   0.02287   0.04003   0.09254   0.10057   0.03585   0.06320   0.14234   0.05101   0.13946   0.24003   8.40449   1.40222   0.95190   1.48356   0.99307  
  7 55.7346   2106.692824  x:  0.14848   0.01486   0.03865   0.04310   0.07043   0.01829   0.10715   0.19953   0.02137   0.18896   0.19370   0.02521   0.04002   0.09528   0.10217   0.03965   0.06345   0.13960   0.04687   0.14171   0.24158   8.40460   1.41507   0.92286   1.50534   0.98964  
  8 45.1780   2106.539644  x:  0.15304   0.01292   0.03855   0.04454   0.07092   0.02090   0.11024   0.19690   0.02403   0.18799   0.19384   0.02211   0.04013   0.09404   0.10466   0.03933   0.06312   0.14010   0.04643   0.14344   0.24079   8.40467   1.42201   0.90871   1.51715   0.98759  
  9 52.3694   2106.440314  x:  0.15756   0.01398   0.03740   0.04803   0.06951   0.01912   0.11275   0.19493   0.02218   0.18673   0.19466   0.02353   0.04062   0.09192   0.10656   0.03782   0.06265   0.14175   0.04843   0.14436   0.23913   8.40474   1.42719   0.89969   1.52607   0.98588  
 10 46.3102   2106.410286  x:  0.15941   0.01388   0.03736   0.04637   0.06729   0.01935   0.11105   0.19527   0.02188   0.18505   0.19639   0.02289   0.04009   0.09253   0.10528   0.03838   0.06242   0.14458   0.04970   0.14249   0.23566   8.40484   1.43049   0.90003   1.53210   0.98418  
 11  7.9477   2106.390811  x:  0.15983   0.01398   0.03800   0.04720   0.06834   0.01934   0.11000   0.19568   0.02307   0.18399   0.19746   0.02418   0.04000   0.09267   0.10440   0.03826   0.06277   0.14572   0.04866   0.14129   0.23305   8.40495   1.43368   0.90227   1.53787   0.98241  
 12 11.2747   2106.368133  x:  0.15952   0.01388   0.03789   0.04810   0.07003   0.01919   0.10955   0.19600   0.02154   0.18322   0.19825   0.02305   0.04000   0.09258   0.10399   0.03812   0.06311   0.14576   0.04732   0.14062   0.23066   8.40511   1.43805   0.90630   1.54564   0.98000  
 13 19.6458   2106.289864  x:  0.15693   0.01402   0.03524   0.04694   0.07089   0.01916   0.11151   0.19628   0.02252   0.18291   0.19888   0.02321   0.04107   0.09182   0.10558   0.03896   0.06274   0.14187   0.04966   0.14164   0.22672   8.40577   1.45574   0.92481   1.57599   0.97060  
 14 23.2515   2106.240397  x:  0.15629   0.01381   0.03874   0.04692   0.06835   0.01933   0.11271   0.19616   0.02228   0.18367   0.19816   0.02326   0.03998   0.09185   0.10648   0.03748   0.06226   0.14060   0.04952   0.14290   0.22726   8.40623   1.46794   0.93755   1.59583   0.96470  
 15 42.9482   2106.204865  x:  0.15807   0.01397   0.03712   0.04727   0.06695   0.01931   0.11188   0.19539   0.02236   0.18508   0.19628   0.02351   0.04010   0.09243   0.10603   0.03814   0.06244   0.14305   0.04740   0.14353   0.23197   8.40660   1.47802   0.94726   1.60992   0.96115  
 16 21.3814   2106.193273  x:  0.15914   0.01392   0.03767   0.04709   0.06861   0.01928   0.11118   0.19487   0.02228   0.18537   0.19563   0.02329   0.04016   0.09227   0.10546   0.03797   0.06258   0.14426   0.04900   0.14326   0.23440   8.40676   1.48217   0.95059   1.61431   0.96056  
 17 12.9316   2106.188128  x:  0.15925   0.01394   0.03748   0.04722   0.06875   0.01926   0.11158   0.19459   0.02228   0.18423   0.19600   0.02338   0.03900   0.09229   0.10570   0.03826   0.06217   0.14380   0.04900   0.14197   0.23531   8.40694   1.48684   0.95212   1.61502   0.96263  
 18  2.5815   2106.181084  x:  0.15923   0.01394   0.03766   0.04703   0.06838   0.01927   0.11196   0.19443   0.02229   0.18296   0.19654   0.02329   0.04033   0.09229   0.10578   0.03789   0.06273   0.14333   0.04876   0.14097   0.23594   8.40726   1.49431   0.95424   1.61562   0.96640  
 19  8.7388   2106.172558  x:  0.15905   0.01393   0.03762   0.04708   0.06853   0.01927   0.11127   0.19504   0.02228   0.18391   0.19669   0.02332   0.04010   0.09226   0.10563   0.03794   0.06221   0.14385   0.04879   0.14321   0.23472   8.40776   1.50435   0.95673   1.61601   0.97226  
 20  6.0997   2106.171791  x:  0.15913   0.01393   0.03763   0.04710   0.06848   0.01927   0.11142   0.19488   0.02227   0.18451   0.19629   0.02333   0.03987   0.09220   0.10560   0.03808   0.06279   0.14386   0.04886   0.14296   0.23433   8.40787   1.50511   0.95697   1.61618   0.97306  
 21  1.6706   2106.171428  x:  0.15918   0.01394   0.03763   0.04708   0.06850   0.01927   0.11155   0.19472   0.02228   0.18488   0.19592   0.02333   0.03999   0.09225   0.10553   0.03799   0.06246   0.14387   0.04883   0.14263   0.23409   8.40799   1.50527   0.95709   1.61643   0.97369  
 22  1.0010   2106.170221  x:  0.15908   0.01394   0.03763   0.04708   0.06849   0.01926   0.11109   0.19462   0.02229   0.18446   0.19546   0.02332   0.03999   0.09220   0.10611   0.03793   0.06249   0.14396   0.04885   0.14267   0.23405   8.40898   1.50425   0.95754   1.61854   0.97739  
 23  0.5581   2106.169464  x:  0.15912   0.01393   0.03762   0.04706   0.06850   0.01927   0.11154   0.19475   0.02229   0.18441   0.19580   0.02333   0.03994   0.09214   0.10547   0.03799   0.06253   0.14393   0.04884   0.14286   0.23423   8.40971   1.50356   0.95779   1.61987   0.97963  
 24  1.9241   2106.169096  x:  0.15925   0.01394   0.03761   0.04705   0.06850   0.01926   0.11137   0.19481   0.02229   0.18492   0.19649   0.02332   0.03998   0.09213   0.10565   0.03795   0.06251   0.14376   0.04880   0.14268   0.23439   8.41029   1.50343   0.95782   1.62022   0.98011  
 25  0.4117   2106.139497  x:  0.15515   0.01403   0.03741   0.04604   0.06873   0.01909   0.11174   0.19060   0.02260   0.18531   0.19795   0.02312   0.03952   0.08973   0.10556   0.03716   0.06261   0.14637   0.04826   0.14261   0.23444   8.46971   1.50805   0.95616   1.62600   0.97878  
 26  0.3431   2106.101869  x:  0.15752   0.01409   0.03697   0.04483   0.06882   0.01886   0.10992   0.19370   0.02274   0.18475   0.19567   0.02304   0.03910   0.08611   0.10406   0.03632   0.06275   0.14324   0.04750   0.14227   0.23438   8.54526   1.51406   0.95394   1.63318   0.97672  
 27 29.0916   2106.094266  x:  0.15839   0.01408   0.03712   0.04512   0.06846   0.01930   0.10914   0.19140   0.02247   0.18459   0.19589   0.02340   0.03929   0.08493   0.10355   0.03671   0.06254   0.14243   0.04754   0.14250   0.23419   8.53335   1.51108   0.95539   1.62825   0.97707  
 28  0.0101   2106.093985  x:  0.15846   0.01416   0.03715   0.04509   0.06846   0.01918   0.10908   0.19114   0.02254   0.18457   0.19591   0.02327   0.03927   0.08503   0.10347   0.03666   0.06256   0.14230   0.04751   0.14259   0.23416   8.51982   1.51058   0.95539   1.62764   0.97691  
 29  0.0144   2106.093952  x:  0.15841   0.01411   0.03714   0.04507   0.06847   0.01918   0.10907   0.19116   0.02253   0.18457   0.19589   0.02330   0.03927   0.08500   0.10347   0.03664   0.06256   0.14229   0.04750   0.14258   0.23417   8.51245   1.51058   0.95530   1.62770   0.97679  
 30  0.0066   2106.093952  x:  0.15841   0.01412   0.03714   0.04508   0.06847   0.01918   0.10907   0.19117   0.02253   0.18457   0.19589   0.02329   0.03927   0.08499   0.10347   0.03665   0.06256   0.14230   0.04750   0.14258   0.23417   8.51176   1.51062   0.95531   1.62775   0.97678  
 31  0.0007   2106.093951  x:  0.15841   0.01412   0.03714   0.04508   0.06847   0.01918   0.10907   0.19117   0.02253   0.18457   0.19589   0.02329   0.03927   0.08499   0.10347   0.03665   0.06256   0.14230   0.04750   0.14258   0.23417   8.51173   1.51062   0.95531   1.62775   0.97677  