

TREE # 1

  0  0.0000   2139.914379  x:  0.00000   0.05000   0.05924   0.03643   0.07953   0.10172   0.04913   0.06402   0.09149   0.05119   0.12578   0.02660   0.05804   0.01754   0.03864   0.06183   0.08268   0.03702   0.06972   0.05465   0.09784   0.09068   0.08248   2.00000   1.82592   1.14864   1.54787   0.40000  
  1 99.0000   2130.988499  x:  0.08601   0.06005   0.05722   0.03908   0.07551   0.10260   0.04824   0.06649   0.09059   0.05439   0.12996   0.02499   0.06602   0.01873   0.04161   0.05699   0.08390   0.03423   0.06871   0.05649   0.09609   0.09379   0.09074   2.00140   1.82568   1.14817   1.54833   0.40311  
  2 2519.5332   2088.593220  x:  0.07904   0.13559   0.03810   0.06217   0.03065   0.11206   0.03897   0.09106   0.08160   0.07974   0.16886   0.00000   0.13585   0.03929   0.06952   0.00274   0.09705   0.00407   0.05744   0.07500   0.07445   0.12551   0.16273   2.01734   1.82290   1.14313   1.55355   0.43750  
  3 460.0519   2088.593220  x:  0.07904   0.13559   0.03810   0.06217   0.03065   0.11206   0.03897   0.09106   0.08160   0.07974   0.16886   0.00000   0.13585   0.03929   0.06952   0.00274   0.09705   0.00407   0.05744   0.07500   0.07445   0.12551   0.16273   2.01734   1.82290   1.14313   1.55355   0.43750  
  4 495.8239   2086.311595  x:  0.07378   0.13596   0.03702   0.06168   0.02732   0.11262   0.03928   0.09121   0.08096   0.07966   0.17095   0.00042   0.13673   0.03667   0.06909   0.00977   0.09789   0.02237   0.05665   0.07491   0.07273   0.12666   0.16507   2.01948   1.82247   1.14265   1.55416   0.44092  
  5 410.3523   2080.859953  x:  0.04531   0.13793   0.03175   0.05930   0.01144   0.11547   0.04079   0.09201   0.07772   0.07930   0.18195   0.00151   0.14135   0.02370   0.06551   0.00083   0.10147   0.02559   0.05332   0.07446   0.06408   0.13256   0.17728   2.03123   1.82013   1.14002   1.55744   0.45930  
  6 199.2760   2078.654934  x:  0.02716   0.13917   0.02877   0.05799   0.00409   0.11724   0.04172   0.09254   0.07578   0.07915   0.18884   0.00191   0.14426   0.01645   0.06342   0.00502   0.10364   0.02291   0.05158   0.07422   0.05898   0.13621   0.18489   2.03890   1.81861   1.13831   1.55957   0.47107  
  7 1127.9313   2076.277523  x:  0.00706   0.14061   0.02623   0.05713   0.01013   0.11923   0.04293   0.09334   0.07380   0.07911   0.19653   0.00204   0.14752   0.01142   0.06138   0.00595   0.10591   0.02217   0.04991   0.07405   0.05426   0.14020   0.19335   2.04809   1.81681   1.13626   1.56210   0.48465  
  8 633.6708   2074.672001  x:  0.00158   0.14337   0.02724   0.05710   0.00948   0.12136   0.04306   0.09408   0.07203   0.07994   0.20771   0.00230   0.15227   0.02517   0.06031   0.00613   0.10826   0.02194   0.04950   0.07432   0.05425   0.14548   0.20517   2.06451   1.81367   1.13272   1.56652   0.50622  
  9 159.0910   2070.676430  x:  0.01546   0.15377   0.02702   0.05656   0.01413   0.12930   0.04442   0.09686   0.06523   0.08235   0.24895   0.00301   0.16905   0.03707   0.05542   0.00799   0.11698   0.02020   0.04706   0.07466   0.04869   0.16450   0.24822   2.12506   1.80201   1.11994   1.58268   0.58538  
 10 544.1744   2069.988632  x:  0.01542   0.15389   0.02880   0.05725   0.01407   0.12888   0.04353   0.09656   0.06654   0.08245   0.25042   0.00000   0.16911   0.03625   0.05693   0.00792   0.11632   0.02026   0.04846   0.07479   0.05132   0.16426   0.24955   2.13275   1.80055   1.11866   1.58447   0.59237  
 11 146.8722   2067.064186  x:  0.01736   0.14752   0.01057   0.05819   0.01419   0.11970   0.04281   0.09202   0.07207   0.07911   0.24346   0.00000   0.16598   0.03885   0.05959   0.00780   0.10419   0.02051   0.04503   0.07464   0.05462   0.15729   0.24126   2.21629   1.78501   1.10691   1.60192   0.64389  
 12 159.1655   2062.124273  x:  0.02107   0.13369   0.02260   0.05433   0.01383   0.10297   0.04983   0.08530   0.07208   0.07452   0.21944   0.00000   0.15981   0.04363   0.05068   0.00762   0.08375   0.02119   0.02851   0.07307   0.03522   0.14499   0.21541   2.39572   1.75211   1.08294   1.63795   0.73936  
 13 532.0762   2059.486620  x:  0.02290   0.12908   0.02332   0.04759   0.01339   0.10491   0.05498   0.08916   0.05910   0.07490   0.20015   0.00000   0.15908   0.04584   0.04089   0.00703   0.09203   0.02197   0.05156   0.07251   0.02682   0.14376   0.19624   2.51422   1.73142   1.06878   1.65956   0.78406  
 14 334.1774   2056.776422  x:  0.02371   0.13122   0.02381   0.04416   0.01267   0.11974   0.05967   0.09945   0.04338   0.07863   0.18095   0.00000   0.16379   0.04432   0.03938   0.00688   0.11527   0.02203   0.04134   0.07276   0.04240   0.15215   0.17913   2.64434   1.71038   1.05571   1.67998   0.80985  
 15 280.1763   2053.813373  x:  0.02514   0.14002   0.02286   0.05535   0.01169   0.13993   0.05692   0.10974   0.06118   0.08403   0.16814   0.00000   0.17186   0.04609   0.05631   0.00648   0.14182   0.02196   0.03621   0.07403   0.03085   0.16738   0.16999   2.80512   1.68677   1.04283   1.70082   0.81600  
 16 282.8148   2046.820448  x:  0.02612   0.15900   0.02333   0.05557   0.01151   0.14775   0.03694   0.09740   0.08046   0.07780   0.19120   0.00000   0.18529   0.04547   0.02615   0.00637   0.13858   0.02291   0.03766   0.07274   0.03808   0.19018   0.19690   3.17438   1.64055   1.02546   1.73343   0.76253  
 17 212.6781   2039.089365  x:  0.02739   0.17672   0.02499   0.03884   0.01126   0.14370   0.04098   0.07820   0.05908   0.06831   0.23436   0.00000   0.19959   0.04550   0.05692   0.00573   0.11660   0.02340   0.04391   0.07192   0.03686   0.21215   0.24308   3.67072   1.58265   1.00604   1.77103   0.67722  
 18 886.0594   2037.073702  x:  0.02685   0.17079   0.02389   0.06446   0.00961   0.13368   0.06068   0.09505   0.05161   0.07987   0.25026   0.00000   0.19553   0.04461   0.05549   0.00563   0.11163   0.02355   0.04633   0.07416   0.03882   0.20411   0.25813   3.80454   1.57440   1.00554   1.77212   0.64965  
 19 232.4969   2035.224377  x:  0.02610   0.14886   0.02278   0.04829   0.01020   0.12450   0.05516   0.11904   0.05763   0.09646   0.26405   0.00000   0.18010   0.04464   0.05647   0.00589   0.12423   0.02304   0.04276   0.07570   0.03762   0.17645   0.26935   3.91113   1.58417   1.01496   1.75306   0.62300  
 20 97.4819   2033.227749  x:  0.02315   0.13328   0.02344   0.06206   0.01107   0.13343   0.04500   0.10411   0.05080   0.07743   0.26408   0.00000   0.16437   0.04321   0.05794   0.00642   0.13879   0.02198   0.04095   0.07057   0.03588   0.14888   0.26739   4.01917   1.61997   1.03809   1.70314   0.59207  
 21 67.3454   2031.225403  x:  0.01840   0.13849   0.02324   0.05471   0.01180   0.13835   0.06753   0.08783   0.06549   0.07988   0.25094   0.00000   0.16118   0.03890   0.05588   0.00711   0.13180   0.02087   0.04474   0.07669   0.04338   0.14617   0.25287   4.13135   1.67164   1.06742   1.63503   0.55816  
 22 108.9710   2029.833915  x:  0.01445   0.15209   0.02267   0.05742   0.01258   0.13016   0.05079   0.09868   0.05997   0.08826   0.23650   0.00000   0.16592   0.03506   0.05800   0.00750   0.11109   0.02025   0.04699   0.07600   0.04374   0.15862   0.23728   4.20453   1.71122   1.08685   1.58534   0.53694  
 23 108.6207   2029.756991  x:  0.01448   0.15022   0.02307   0.05715   0.01261   0.12312   0.05172   0.10076   0.06137   0.08337   0.23622   0.00000   0.16900   0.03491   0.05831   0.00749   0.11399   0.02021   0.04729   0.07371   0.04460   0.16243   0.23647   4.21011   1.71702   1.08544   1.58160   0.53703  
 24 11.3290   2029.622116  x:  0.01497   0.14548   0.02316   0.05842   0.01257   0.12005   0.04981   0.09719   0.06009   0.08587   0.23793   0.00000   0.17251   0.03486   0.05840   0.00739   0.11655   0.02031   0.04716   0.08149   0.04426   0.16549   0.23649   4.22503   1.73726   1.07532   1.57356   0.54227  
 25  7.6688   2029.327820  x:  0.01616   0.14306   0.02311   0.05800   0.01222   0.12644   0.05103   0.09735   0.06007   0.08932   0.24198   0.00000   0.17384   0.03557   0.05847   0.00718   0.11417   0.02060   0.04734   0.07225   0.04417   0.16617   0.23841   4.25805   1.78195   1.05308   1.55741   0.55553  
 26 30.3378   2029.208219  x:  0.01653   0.15024   0.02319   0.05669   0.01204   0.12820   0.05226   0.10257   0.06036   0.08308   0.24226   0.00000   0.16968   0.03598   0.05820   0.00712   0.11331   0.02069   0.04710   0.07658   0.04379   0.16342   0.24050   4.27103   1.79695   1.04812   1.55377   0.56108  
 27 17.8835   2028.962207  x:  0.01660   0.16387   0.02257   0.05724   0.01216   0.11931   0.05197   0.09760   0.05910   0.08813   0.23801   0.00000   0.16299   0.03613   0.05828   0.00705   0.12024   0.02066   0.04632   0.07352   0.04312   0.15946   0.24537   4.29352   1.81147   1.05681   1.55910   0.56996  
 28  7.8091   2025.239005  x:  0.01933   0.14543   0.02537   0.05842   0.01222   0.12595   0.04754   0.10401   0.06397   0.08557   0.19587   0.00000   0.17654   0.03256   0.06151   0.00648   0.10811   0.02025   0.05155   0.07594   0.04964   0.15672   0.27892   4.62278   1.96459   1.26511   1.70396   0.68234  
 29 23.0514   2022.948218  x:  0.01825   0.14944   0.02605   0.05952   0.01245   0.12502   0.04480   0.10416   0.06656   0.08526   0.24791   0.00000   0.16387   0.02981   0.06296   0.00622   0.10761   0.01975   0.05289   0.07562   0.05210   0.16025   0.21698   4.80415   2.04345   1.35397   1.80317   0.73356  
 30 75.3884   2020.044941  x:  0.01123   0.14816   0.02701   0.06167   0.01405   0.11372   0.03644   0.10159   0.07312   0.08328   0.21917   0.00000   0.16057   0.01843   0.06533   0.00677   0.09592   0.01748   0.05767   0.07444   0.06067   0.13293   0.20123   4.97389   2.10182   1.25414   1.97392   0.72039  
 31 18.0577   2019.891856  x:  0.01106   0.14372   0.02709   0.06194   0.01418   0.11372   0.03607   0.10111   0.07343   0.08312   0.21655   0.00000   0.14670   0.01806   0.06549   0.00682   0.09500   0.01734   0.05798   0.07441   0.06137   0.14220   0.20285   4.98369   2.09848   1.24698   1.97586   0.72067  
 32 14.9265   2016.913704  x:  0.01026   0.13957   0.02837   0.06517   0.01515   0.11102   0.03243   0.09858   0.07742   0.08335   0.21173   0.00000   0.14265   0.01417   0.06763   0.00682   0.09443   0.01625   0.06053   0.07541   0.06634   0.13049   0.19328   5.21390   1.70417   1.06066   1.62318   0.77919  
 33  8.1536   2016.896667  x:  0.01025   0.13955   0.02837   0.06519   0.01515   0.11101   0.03241   0.09857   0.07744   0.08335   0.21170   0.00158   0.14263   0.01415   0.06765   0.00682   0.09443   0.01625   0.06054   0.07541   0.06637   0.13042   0.19322   5.21533   1.70183   1.05956   1.62109   0.77954  
 34 57.0026   2012.274423  x:  0.01540   0.14343   0.02988   0.06360   0.01541   0.11657   0.04483   0.09154   0.08042   0.08133   0.21427   0.00000   0.15071   0.01962   0.06862   0.00623   0.10348   0.01495   0.05852   0.07571   0.06825   0.13753   0.21623   5.93590   1.67900   1.01074   1.65221   0.81539  
 35  0.9617   2007.883563  x:  0.01759   0.15559   0.03276   0.05828   0.01683   0.12912   0.03712   0.09133   0.07742   0.08040   0.23269   0.00000   0.17164   0.01758   0.07164   0.00431   0.11536   0.01074   0.04907   0.07447   0.06755   0.16167   0.23084   8.05302   1.83511   1.10130   1.79411   0.90213  
 36  1.3713   2006.316812  x:  0.01615   0.14728   0.03174   0.05601   0.01753   0.12001   0.04701   0.09573   0.07517   0.08177   0.22151   0.00000   0.15632   0.02424   0.06854   0.00419   0.10245   0.01220   0.05024   0.07538   0.06616   0.14537   0.21851   8.95402   1.69610   1.00240   1.68972   0.90640  
 37  0.6480   2005.632951  x:  0.01104   0.14702   0.03076   0.06174   0.01760   0.12056   0.04158   0.09313   0.07290   0.08212   0.21405   0.00000   0.15612   0.02146   0.06534   0.00416   0.10944   0.01423   0.05209   0.07568   0.06123   0.14261   0.21928   9.81672   1.75634   1.05276   1.72744   0.87404  
 38  0.4253   2005.525812  x:  0.01154   0.14798   0.03053   0.06119   0.01750   0.12115   0.03969   0.09540   0.07389   0.08242   0.21987   0.00000   0.16057   0.02209   0.06453   0.00447   0.10596   0.01428   0.05276   0.07500   0.06072   0.14835   0.21879  10.12367   1.73290   1.03295   1.71882   0.86145  
 39  0.2293   2005.499984  x:  0.01174   0.14835   0.03039   0.05989   0.01721   0.12135   0.04237   0.09523   0.07489   0.08230   0.22197   0.00000   0.15919   0.02145   0.06422   0.00472   0.10594   0.01392   0.05275   0.07526   0.06119   0.14756   0.21863  10.26029   1.73740   1.03764   1.72207   0.85648  
 40  0.1130   2005.490904  x:  0.01247   0.14848   0.03035   0.05992   0.01691   0.12126   0.04143   0.09457   0.07532   0.08209   0.22075   0.00000   0.15825   0.02175   0.06447   0.00487   0.10691   0.01380   0.05273   0.07537   0.06175   0.14640   0.21964  10.31740   1.73707   1.03676   1.72032   0.85358  
 41  0.0440   2005.488688  x:  0.01261   0.14826   0.03036   0.06017   0.01666   0.12117   0.04144   0.09441   0.07515   0.08207   0.21978   0.00000   0.15903   0.02124   0.06469   0.00489   0.10656   0.01380   0.05264   0.07529   0.06209   0.14688   0.21882  10.31859   1.73767   1.03695   1.72067   0.85306  
 42  0.0017   2005.488426  x:  0.01271   0.14819   0.03035   0.06019   0.01657   0.12118   0.04144   0.09475   0.07500   0.08217   0.22001   0.00000   0.15881   0.02125   0.06475   0.00489   0.10650   0.01384   0.05260   0.07528   0.06208   0.14673   0.21871  10.31223   1.73753   1.03734   1.72065   0.85318  
 43  0.0056   2005.488394  x:  0.01270   0.14824   0.03035   0.06021   0.01654   0.12120   0.04146   0.09471   0.07494   0.08216   0.22000   0.00000   0.15875   0.02124   0.06475   0.00490   0.10656   0.01384   0.05259   0.07530   0.06204   0.14671   0.21868  10.31055   1.73724   1.03688   1.72062   0.85303  
 44  0.0013   2005.488385  x:  0.01270   0.14822   0.03035   0.06020   0.01652   0.12119   0.04146   0.09470   0.07493   0.08216   0.22000   0.00000   0.15878   0.02126   0.06475   0.00491   0.10655   0.01385   0.05260   0.07529   0.06200   0.14674   0.21871  10.30950   1.73731   1.03706   1.72060   0.85302  
 45  0.0006   2005.488383  x:  0.01269   0.14822   0.03035   0.06020   0.01651   0.12119   0.04146   0.09471   0.07495   0.08216   0.22000   0.00000   0.15879   0.02125   0.06475   0.00491   0.10654   0.01384   0.05261   0.07529   0.06200   0.14673   0.21872  10.30960   1.73735   1.03704   1.72067   0.85309  
 46  0.0001   2005.488382  x:  0.01269   0.14823   0.03035   0.06020   0.01651   0.12119   0.04146   0.09471   0.07496   0.08216   0.22000   0.00000   0.15878   0.02126   0.06475   0.00491   0.10654   0.01384   0.05260   0.07529   0.06200   0.14673   0.21871  10.30983   1.73732   1.03704   1.72063   0.85314  
 47  0.0002   2005.488382  x:  0.01269   0.14822   0.03035   0.06020   0.01651   0.12119   0.04146   0.09471   0.07496   0.08216   0.22000   0.00000   0.15878   0.02126   0.06475   0.00491   0.10654   0.01385   0.05260   0.07529   0.06200   0.14673   0.21872  10.31002   1.73734   1.03704   1.72064   0.85314  
 48  0.0001   2005.488382  x:  0.01269   0.14822   0.03035   0.06020   0.01651   0.12119   0.04146   0.09471   0.07495   0.08216   0.22000   0.00000   0.15878   0.02126   0.06475   0.00491   0.10654   0.01384   0.05260   0.07529   0.06200   0.14673   0.21871  10.31003   1.73734   1.03704   1.72064   0.85314  
 49  0.0000   2005.488382  x:  0.01269   0.14822   0.03035   0.06020   0.01651   0.12119   0.04146   0.09471   0.07495   0.08216   0.22000   0.00000   0.15878   0.02126   0.06475   0.00491   0.10654   0.01384   0.05260   0.07529   0.06200   0.14673   0.21871  10.31003   1.73734   1.03704   1.72064   0.85314  
 50  0.0000   2005.488382  x:  0.01269   0.14822   0.03035   0.06020   0.01651   0.12119   0.04146   0.09471   0.07495   0.08216   0.22000   0.00000   0.15878   0.02126   0.06475   0.00491   0.10654   0.01384   0.05260   0.07529   0.06200   0.14673   0.21871  10.31003   1.73734   1.03704   1.72064   0.85314  
 51  0.0001   2005.488382  x:  0.01269   0.14822   0.03035   0.06020   0.01651   0.12119   0.04146   0.09471   0.07495   0.08216   0.22000   0.00000   0.15878   0.02126   0.06475   0.00491   0.10654   0.01384   0.05260   0.07529   0.06200   0.14673   0.21871  10.31003   1.73734   1.03704   1.72064   0.85314  
 52  0.0022   2005.488382  x:  0.01269   0.14822   0.03035   0.06020   0.01651   0.12119   0.04146   0.09471   0.07495   0.08216   0.22000   0.00000   0.15878   0.02126   0.06475   0.00491   0.10654   0.01384   0.05260   0.07529   0.06200   0.14673   0.21871  10.31003   1.73734   1.03704   1.72064   0.85314  
 53  0.0029   2005.488382  x:  0.01269   0.14822   0.03035   0.06020   0.01651   0.12119   0.04146   0.09471   0.07495   0.08216   0.22000   0.00000   0.15878   0.02126   0.06475   0.00491   0.10654   0.01384   0.05260   0.07529   0.06200   0.14673   0.21871  10.31003   1.73734   1.03704   1.72064   0.85314  
 54  0.0011   2005.488382  x:  0.01269   0.14822   0.03035   0.06020   0.01651   0.12119   0.04146   0.09471   0.07495   0.08216   0.22000   0.00000   0.15878   0.02126   0.06475   0.00491   0.10654   0.01384   0.05260   0.07529   0.06200   0.14673   0.21871  10.31003   1.73734   1.03704   1.72064   0.85314  
check convergence!


TREE # 2

  0  0.0000   2024.967159  x:  0.20617   0.01121   0.17063   0.09659   0.06964   0.00685   0.07290   0.05472   0.06436   0.00406   0.07709   0.04687   0.00000   0.22637   0.09940   0.08933   0.00107   0.06459   0.05888   0.07227   0.04055   0.09719   0.05350  10.31003   1.59606   1.00413   1.55634   0.85314  
  1 99.0000   2015.321240  x:  0.20653   0.00988   0.17017   0.09894   0.06948   0.01291   0.07309   0.05536   0.06385   0.00436   0.07863   0.04407   0.02477   0.22652   0.10203   0.08990   0.03436   0.06552   0.05952   0.07369   0.03823   0.09818   0.05259  10.31003   1.59619   1.00400   1.55649   0.85311  
  2 1449.3786   2010.051141  x:  0.20783   0.00000   0.16705   0.11193   0.06757   0.02701   0.07396   0.05862   0.06090   0.00490   0.08702   0.02818   0.01942   0.22630   0.11093   0.08876   0.03658   0.06856   0.06014   0.08088   0.02527   0.10403   0.04703  10.31001   1.59691   1.00308   1.55736   0.85328  
  3 210.2433   2007.981198  x:  0.20975   0.00413   0.16346   0.12472   0.06428   0.01536   0.07442   0.06131   0.05716   0.00307   0.09414   0.01258   0.01908   0.22598   0.12024   0.08721   0.03763   0.07094   0.06070   0.08627   0.01631   0.10971   0.04328  10.31000   1.59784   1.00189   1.55870   0.85340  
  4 179.3174   2007.771216  x:  0.21044   0.00421   0.16212   0.12815   0.06366   0.01334   0.07458   0.06225   0.05604   0.00710   0.09597   0.01282   0.01904   0.22581   0.12298   0.08664   0.03775   0.07147   0.06088   0.08744   0.01660   0.11129   0.04289  10.30999   1.59822   1.00142   1.55926   0.85344  
  5 104.1378   2007.385151  x:  0.21259   0.00376   0.15794   0.13716   0.06264   0.01137   0.07502   0.06443   0.05270   0.00508   0.10034   0.01835   0.01912   0.22519   0.13057   0.08489   0.03765   0.07264   0.06129   0.08988   0.02099   0.11546   0.04297  10.30997   1.59949   0.99987   1.56116   0.85356  
  6 88.9042   2007.304619  x:  0.21417   0.00643   0.15525   0.13953   0.06342   0.01326   0.07510   0.06401   0.05300   0.00532   0.09988   0.01728   0.02028   0.22455   0.13344   0.08386   0.03645   0.07225   0.06083   0.08851   0.02310   0.11623   0.04480  10.30996   1.60063   0.99854   1.56296   0.85364  
  7 27.6104   2007.228260  x:  0.21692   0.00412   0.15000   0.14074   0.06470   0.01231   0.07500   0.06247   0.05469   0.00522   0.09750   0.01718   0.02079   0.22303   0.13707   0.08244   0.03615   0.07141   0.05956   0.08517   0.02224   0.11614   0.04664  10.30992   1.60327   0.99562   1.56717   0.85386  
  8 21.4571   2007.184616  x:  0.21934   0.00590   0.14669   0.14002   0.06440   0.01282   0.07485   0.06247   0.05435   0.00526   0.09600   0.01846   0.01948   0.22139   0.13813   0.08224   0.03709   0.07174   0.05938   0.08466   0.02068   0.11509   0.04452  10.30987   1.60686   0.99194   1.57294   0.85410  
  9 14.2910   2007.130577  x:  0.22195   0.00511   0.14392   0.13794   0.06347   0.01261   0.07473   0.06299   0.05362   0.00526   0.09555   0.01684   0.01879   0.21920   0.13790   0.08260   0.03766   0.07245   0.06007   0.08600   0.02319   0.11381   0.04300  10.30978   1.61312   0.98601   1.58291   0.85449  
 10 22.6990   2007.044600  x:  0.22421   0.00475   0.14396   0.13617   0.06301   0.01279   0.07483   0.06387   0.05319   0.00522   0.09823   0.01742   0.02149   0.21667   0.13591   0.08334   0.03556   0.07260   0.06065   0.08864   0.02126   0.11363   0.04565  10.30961   1.62551   0.97564   1.60248   0.85518  
 11 27.7139   2006.962430  x:  0.22227   0.00498   0.14903   0.13863   0.06450   0.01244   0.07486   0.06238   0.05473   0.00520   0.09959   0.01740   0.01899   0.21689   0.13418   0.08299   0.03765   0.07126   0.05895   0.08691   0.02186   0.11567   0.04581  10.30942   1.63932   0.96743   1.62387   0.85567  
 12 24.9828   2006.922632  x:  0.21909   0.00420   0.15131   0.14033   0.06419   0.01257   0.07461   0.06261   0.05332   0.00522   0.09708   0.01732   0.02077   0.21877   0.13463   0.08226   0.03625   0.07166   0.05946   0.08522   0.02190   0.11570   0.04357  10.30931   1.64708   0.96647   1.63534   0.85565  
 13 18.5242   2006.879540  x:  0.21440   0.00447   0.15066   0.14054   0.06270   0.01267   0.07456   0.06352   0.05352   0.00520   0.09496   0.01735   0.01949   0.22197   0.13654   0.08216   0.03712   0.07288   0.06095   0.08623   0.02154   0.11424   0.04611  10.30918   1.65707   0.97155   1.64902   0.85508  
 14 13.4925   2006.797562  x:  0.20879   0.00483   0.14669   0.13869   0.06413   0.01281   0.07490   0.06209   0.05503   0.00519   0.09784   0.01747   0.02021   0.22611   0.13861   0.08263   0.03649   0.07155   0.05831   0.08862   0.02179   0.11283   0.04429  10.30892   1.67762   0.98847   1.67562   0.85343  
 15 23.2177   2006.671702  x:  0.21119   0.00439   0.14489   0.13764   0.06414   0.01308   0.07436   0.06296   0.05029   0.00528   0.10054   0.01682   0.01928   0.22503   0.13588   0.08207   0.03724   0.07176   0.05882   0.08433   0.02135   0.11614   0.04535  10.30849   1.71075   1.02128   1.71587   0.85060  
 16 30.9208   2006.588290  x:  0.21628   0.00399   0.14701   0.14004   0.06284   0.01314   0.07448   0.06370   0.05491   0.00513   0.09883   0.01718   0.01985   0.22165   0.13458   0.08195   0.03676   0.07271   0.06046   0.08547   0.02140   0.11760   0.04422  10.30820   1.73380   1.04460   1.74239   0.84884  
 17 50.2722   2006.567485  x:  0.21808   0.00372   0.14900   0.14114   0.06359   0.01307   0.07478   0.06242   0.05349   0.00520   0.09722   0.01717   0.01971   0.21993   0.13543   0.08246   0.03684   0.07197   0.05936   0.08743   0.02133   0.11593   0.04477  10.30812   1.73995   1.05022   1.74806   0.84867  
 18 16.0111   2006.560641  x:  0.21827   0.00364   0.15016   0.14101   0.06362   0.01307   0.07453   0.06330   0.05366   0.00517   0.09817   0.01711   0.01966   0.21900   0.13678   0.08244   0.03683   0.07223   0.05906   0.08660   0.02138   0.11408   0.04475  10.30808   1.74288   1.05129   1.74818   0.84919  
 19  3.0465   2006.534137  x:  0.21698   0.00366   0.15089   0.13962   0.06286   0.01331   0.07494   0.06083   0.05362   0.00521   0.09892   0.01720   0.01961   0.21702   0.13870   0.08126   0.03678   0.07310   0.06043   0.08662   0.02120   0.11517   0.04447  10.30790   1.75678   1.05243   1.74289   0.85300  
 20  3.0876   2006.495147  x:  0.21558   0.00348   0.14997   0.13978   0.06362   0.01343   0.07481   0.06372   0.05364   0.00513   0.09760   0.01703   0.01944   0.21621   0.13827   0.08174   0.03692   0.07198   0.05894   0.08754   0.02103   0.11727   0.04445  10.30762   1.77693   1.05348   1.73440   0.85877  
 21 16.9833   2006.474048  x:  0.21663   0.00321   0.14852   0.14267   0.06362   0.01349   0.07430   0.06277   0.05365   0.00514   0.09828   0.01706   0.01944   0.21871   0.13574   0.08315   0.03691   0.07267   0.05941   0.08719   0.02100   0.11527   0.04447  10.30747   1.78559   1.05365   1.73041   0.86144  
 22  8.2056   2006.454186  x:  0.21951   0.00287   0.14913   0.14238   0.06285   0.01362   0.07613   0.06316   0.05355   0.00512   0.09868   0.01696   0.01923   0.22276   0.13593   0.08073   0.03707   0.07135   0.05954   0.08752   0.02087   0.11474   0.04436  10.30734   1.78741   1.05331   1.72908   0.86236  
 23  2.1928   2006.395395  x:  0.22439   0.00210   0.15113   0.14053   0.06477   0.01389   0.07294   0.06318   0.05358   0.00510   0.09878   0.01683   0.01881   0.22906   0.13942   0.08203   0.03707   0.07407   0.05906   0.08848   0.02052   0.11720   0.04414  10.30695   1.78602   1.05203   1.72780   0.86325  
 24  3.6232   2006.150189  x:  0.22423   0.00000   0.15101   0.14309   0.06134   0.01520   0.07558   0.06305   0.05348   0.00508   0.10011   0.01649   0.01816   0.22821   0.14244   0.08689   0.03708   0.07298   0.05867   0.08818   0.01975   0.11904   0.04353  10.30589   1.77497   1.04882   1.72684   0.86333  
 25  4.4731   2005.737438  x:  0.21837   0.00000   0.14755   0.15481   0.06778   0.01805   0.07416   0.06519   0.05282   0.00496   0.10482   0.01527   0.01542   0.21891   0.14385   0.07892   0.03837   0.07368   0.06379   0.09400   0.01675   0.11878   0.04142  10.30259   1.73838   1.03900   1.72421   0.86235  
 26 29.2473   2005.712511  x:  0.21789   0.00000   0.14730   0.15562   0.06534   0.01846   0.07263   0.06482   0.05278   0.00496   0.10501   0.01521   0.01548   0.21818   0.14317   0.07674   0.03837   0.07532   0.06062   0.09458   0.01672   0.11877   0.04171  10.30240   1.73623   1.03837   1.72394   0.86169  
 27  9.7916   2005.711273  x:  0.21787   0.00000   0.14729   0.15564   0.06561   0.01844   0.07335   0.06488   0.05277   0.00496   0.10498   0.01520   0.01549   0.21816   0.14309   0.07671   0.03836   0.07607   0.06030   0.09456   0.01672   0.11879   0.04174  10.30240   1.73635   1.03823   1.72376   0.86061  
 28  1.4431   2005.703280  x:  0.21795   0.00000   0.14734   0.15589   0.06540   0.01853   0.07306   0.06486   0.05276   0.00496   0.10510   0.01515   0.01543   0.21825   0.14334   0.07692   0.03833   0.07565   0.06051   0.09463   0.01663   0.11887   0.04168  10.30248   1.73832   1.03659   1.72163   0.84780  
 29  1.9025   2005.585953  x:  0.21919   0.00000   0.14758   0.16037   0.06136   0.02064   0.07518   0.06486   0.05242   0.00493   0.10699   0.01303   0.01545   0.21974   0.14836   0.08239   0.03638   0.07511   0.05967   0.09511   0.01642   0.12159   0.04131  10.30491   1.73341   1.03577   1.72009   0.85405  
 30  0.0160   2005.544637  x:  0.21821   0.00000   0.14532   0.15954   0.06119   0.02264   0.07606   0.06461   0.05285   0.00489   0.10702   0.01478   0.01398   0.22001   0.14960   0.08274   0.03487   0.07472   0.06024   0.09490   0.01634   0.12186   0.04135  10.30748   1.73701   1.03718   1.71776   0.85520  
 31  0.0036   2005.509899  x:  0.21813   0.00000   0.14557   0.15793   0.06214   0.02342   0.07555   0.06488   0.05249   0.00497   0.10666   0.01352   0.01377   0.21994   0.14865   0.08138   0.03170   0.07490   0.06056   0.09460   0.01688   0.12118   0.04153  10.30991   1.73961   1.03869   1.72068   0.85353  
 32  0.0034   2005.493593  x:  0.21918   0.00000   0.14769   0.15817   0.06184   0.02228   0.07496   0.06470   0.05252   0.00486   0.10618   0.01373   0.01269   0.22022   0.14756   0.08212   0.03078   0.07508   0.05990   0.09443   0.01609   0.12091   0.04148  10.31058   1.73732   1.03738   1.72219   0.85314  
 33  0.0028   2005.488669  x:  0.21880   0.00000   0.14697   0.15871   0.06193   0.02129   0.07517   0.06469   0.05267   0.00485   0.10637   0.01388   0.01277   0.21998   0.14788   0.08230   0.03036   0.07496   0.06013   0.09465   0.01662   0.12111   0.04142  10.31015   1.73676   1.03653   1.72057   0.85316  
 34  0.0020   2005.488389  x:  0.21872   0.00000   0.14671   0.15877   0.06202   0.02124   0.07529   0.06474   0.05262   0.00491   0.10651   0.01384   0.01267   0.22000   0.14818   0.08218   0.03037   0.07494   0.06022   0.09470   0.01651   0.12118   0.04147  10.31003   1.73739   1.03694   1.72055   0.85318  
 35  0.0010   2005.488383  x:  0.21871   0.00000   0.14673   0.15878   0.06200   0.02126   0.07529   0.06475   0.05260   0.00491   0.10654   0.01385   0.01269   0.22000   0.14822   0.08216   0.03035   0.07495   0.06020   0.09471   0.01651   0.12119   0.04146  10.31002   1.73735   1.03702   1.72063   0.85315  
 36  0.0002   2005.488382  x:  0.21871   0.00000   0.14673   0.15878   0.06200   0.02126   0.07529   0.06475   0.05260   0.00491   0.10654   0.01385   0.01269   0.22000   0.14822   0.08216   0.03035   0.07495   0.06020   0.09471   0.01651   0.12119   0.04146  10.31002   1.73734   1.03704   1.72064   0.85314  
 37  0.0000   2005.488382  x:  0.21871   0.00000   0.14673   0.15878   0.06200   0.02126   0.07529   0.06475   0.05260   0.00491   0.10654   0.01384   0.01269   0.22000   0.14822   0.08216   0.03035   0.07495   0.06020   0.09471   0.01651   0.12119   0.04146  10.31001   1.73734   1.03704   1.72064   0.85314  
 38  0.0000   2005.488382  x:  0.21871   0.00000   0.14673   0.15878   0.06200   0.02126   0.07529   0.06475   0.05260   0.00491   0.10654   0.01384   0.01269   0.22000   0.14822   0.08216   0.03035   0.07495   0.06020   0.09471   0.01651   0.12119   0.04146  10.31001   1.73734   1.03704   1.72064   0.85314  
 39  0.0000   2005.488382  x:  0.21871   0.00000   0.14673   0.15878   0.06200   0.02126   0.07529   0.06475   0.05260   0.00491   0.10654   0.01384   0.01269   0.22000   0.14822   0.08216   0.03035   0.07495   0.06020   0.09471   0.01651   0.12119   0.04146  10.31001   1.73734   1.03704   1.72064   0.85314  