

TREE # 1

  0  0.0000   2010.884968  x:  0.07816   0.00000   0.13430   0.01591   0.06556   0.04614   0.05938   0.04357   0.07260   0.06413   0.04207   0.15450   0.00258   0.09764   0.02341   0.05557   0.04762   0.07587   0.05154   0.05166   0.08095   0.04001   0.11768   0.09678   2.00000   1.59054   0.96991   1.55927   0.40000  
  1 99.0000   1999.009192  x:  0.07924   0.05522   0.15540   0.01052   0.05383   0.02916   0.06044   0.03985   0.06505   0.07668   0.02957   0.15622   0.07035   0.12953   0.01803   0.04742   0.03684   0.07941   0.05097   0.05070   0.07432   0.03607   0.11692   0.09786   2.00465   1.58959   0.96974   1.56037   0.41426  
  2 695.2600   1986.971356  x:  0.07839   0.04723   0.18236   0.01360   0.03626   0.00384   0.06172   0.03610   0.05431   0.09066   0.01378   0.15489   0.06360   0.16564   0.01570   0.03694   0.02253   0.08406   0.05039   0.04978   0.06443   0.03201   0.11295   0.09701   2.01300   1.58794   0.96966   1.56210   0.43808  
  3 301.4328   1981.432775  x:  0.07751   0.04014   0.21129   0.01299   0.02049   0.02085   0.06308   0.03388   0.04447   0.10398   0.00815   0.15316   0.05818   0.20314   0.01543   0.02853   0.01293   0.08863   0.05003   0.04909   0.05463   0.02928   0.10800   0.09613   2.02314   1.58599   0.96951   1.56419   0.46545  
  4 530.9896   1976.479911  x:  0.07646   0.03251   0.25073   0.01058   0.01883   0.02405   0.06422   0.03376   0.03697   0.11853   0.03758   0.15008   0.05314   0.25244   0.01798   0.02759   0.02628   0.09382   0.05039   0.04888   0.04516   0.02959   0.09987   0.09508   2.03992   1.58289   0.96926   1.56756   0.50688  
  5 456.9674   1972.840932  x:  0.07618   0.02786   0.28123   0.00945   0.04997   0.02772   0.06365   0.03851   0.04932   0.12153   0.03089   0.14596   0.04969   0.28776   0.01781   0.04312   0.02998   0.09432   0.05078   0.04987   0.05178   0.03465   0.09117   0.09480   2.06084   1.57916   0.96934   1.57131   0.54929  
  6 242.8244   1970.057451  x:  0.07847   0.03109   0.29148   0.01540   0.03425   0.02764   0.05973   0.04005   0.06438   0.09280   0.02763   0.13859   0.04816   0.29013   0.01481   0.04353   0.04037   0.08283   0.05137   0.05170   0.07491   0.03494   0.08299   0.09709   2.10443   1.57187   0.97123   1.57734   0.60810  
  7 90.8610   1969.055806  x:  0.07893   0.03190   0.29117   0.00634   0.03354   0.02660   0.05990   0.03937   0.06381   0.08555   0.02759   0.13654   0.04756   0.28576   0.01830   0.04246   0.03860   0.08091   0.05116   0.05140   0.07561   0.03509   0.08231   0.09755   2.12362   1.56887   0.97212   1.57977   0.62940  
  8 153.8464   1965.841238  x:  0.07997   0.03721   0.28265   0.01352   0.04306   0.02545   0.06354   0.03552   0.05062   0.06739   0.03314   0.12985   0.04874   0.25813   0.02893   0.03722   0.02287   0.07875   0.04986   0.04871   0.06351   0.03475   0.08429   0.09859   2.21306   1.55537   0.97614   1.59072   0.72005  
  9 291.1914   1962.128516  x:  0.07941   0.03972   0.26608   0.01114   0.04440   0.02515   0.06525   0.03847   0.04358   0.08142   0.02880   0.12810   0.04974   0.22285   0.01030   0.03889   0.02900   0.08371   0.05067   0.04925   0.04998   0.03135   0.08997   0.09803   2.31728   1.54085   0.98023   1.60296   0.81192  
 10 301.0171   1960.451717  x:  0.07801   0.04019   0.25314   0.01321   0.03899   0.02451   0.06446   0.04053   0.04803   0.10240   0.02400   0.13203   0.05218   0.20383   0.02411   0.04187   0.03482   0.08957   0.05155   0.05084   0.04906   0.03374   0.09490   0.09663   2.38675   1.53240   0.98234   1.61063   0.86239  
 11 325.4709   1959.311045  x:  0.07608   0.03673   0.24162   0.01206   0.03841   0.02411   0.06269   0.03584   0.05514   0.11386   0.03235   0.14280   0.05457   0.20249   0.02119   0.03952   0.02234   0.09291   0.05047   0.05023   0.06131   0.03526   0.09904   0.09470   2.44166   1.52836   0.98296   1.61545   0.88011  
 12 112.9029   1956.142336  x:  0.07336   0.02242   0.20555   0.01259   0.04538   0.02536   0.06284   0.03689   0.04461   0.10569   0.02610   0.18392   0.06338   0.23185   0.02223   0.02812   0.03447   0.09104   0.05017   0.04636   0.06762   0.03193   0.10811   0.09198   2.64875   1.52108   0.98277   1.62960   0.88332  
 13 104.8775   1953.203369  x:  0.07599   0.01887   0.18866   0.01293   0.03376   0.02466   0.06434   0.04090   0.04765   0.09376   0.02820   0.20676   0.06441   0.25386   0.02043   0.05793   0.02857   0.08735   0.05115   0.05242   0.05148   0.03652   0.10952   0.09461   2.87506   1.51604   0.98201   1.64340   0.86852  
 14 299.4422   1943.136892  x:  0.09122   0.05308   0.23891   0.01258   0.03991   0.02535   0.06255   0.03166   0.08043   0.09414   0.02965   0.18788   0.03099   0.25932   0.02104   0.03601   0.03020   0.08539   0.05394   0.05463   0.03193   0.02399   0.08593   0.10984   3.64202   1.50962   0.97843   1.68320   0.76698  
 15 301.9355   1937.556997  x:  0.09037   0.06281   0.27950   0.01226   0.03899   0.02506   0.06689   0.04639   0.05107   0.09876   0.02899   0.15304   0.02174   0.25532   0.01936   0.03960   0.02922   0.08901   0.05122   0.04962   0.05848   0.04690   0.08135   0.10899   4.09664   1.50941   0.97633   1.70406   0.70265  
 16 827.4404   1935.836475  x:  0.07964   0.04504   0.29467   0.01235   0.03875   0.02546   0.06216   0.03569   0.04686   0.09768   0.02811   0.12987   0.03691   0.25194   0.02114   0.04757   0.03097   0.08785   0.05002   0.05021   0.06390   0.03317   0.09045   0.09826   4.22329   1.51440   0.97581   1.70589   0.68443  
 17 221.7379   1935.545235  x:  0.07618   0.03677   0.29826   0.01228   0.03830   0.02514   0.06255   0.04182   0.05177   0.09627   0.02877   0.12543   0.04421   0.25036   0.02042   0.04331   0.02980   0.08700   0.05072   0.05013   0.06045   0.03711   0.09198   0.09479   4.24608   1.51926   0.97566   1.70320   0.68179  
 18 61.8883   1935.378005  x:  0.07864   0.03052   0.30311   0.01233   0.03814   0.02513   0.06504   0.03743   0.05140   0.09615   0.02801   0.12981   0.04948   0.24597   0.01984   0.04301   0.03077   0.08688   0.05108   0.05051   0.05997   0.04114   0.08700   0.09726   4.25991   1.53407   0.97544   1.69259   0.68258  
 19 18.2041   1935.184698  x:  0.08108   0.02744   0.30815   0.01226   0.03809   0.02491   0.06408   0.04253   0.04994   0.09626   0.02863   0.13570   0.05199   0.24177   0.02058   0.04405   0.02940   0.08704   0.05047   0.05007   0.06129   0.03589   0.08442   0.09970   4.27652   1.55743   0.97538   1.67552   0.68491  
 20 39.5717   1934.862409  x:  0.07790   0.03310   0.30996   0.01228   0.03806   0.02498   0.05963   0.04081   0.05027   0.09490   0.02813   0.13796   0.04691   0.24180   0.02004   0.04409   0.03023   0.08737   0.05087   0.04981   0.06039   0.03873   0.09451   0.09652   4.30523   1.60463   0.97630   1.64056   0.69112  
 21 39.7067   1934.758505  x:  0.07648   0.03516   0.30507   0.01229   0.03804   0.02497   0.06636   0.04066   0.05103   0.09590   0.02829   0.13321   0.04526   0.24456   0.02020   0.04397   0.03020   0.08701   0.05074   0.05080   0.06112   0.03731   0.09278   0.09510   4.31480   1.62062   0.97759   1.62890   0.69349  
 22 28.8003   1934.705773  x:  0.07733   0.03528   0.30002   0.01229   0.03820   0.02497   0.06319   0.04043   0.05069   0.09704   0.02839   0.12817   0.04526   0.24704   0.02023   0.04377   0.02993   0.08711   0.05081   0.04979   0.06083   0.03772   0.08852   0.09595   4.31966   1.62816   0.97922   1.62381   0.69479  
 23 16.1632   1934.675359  x:  0.07956   0.03458   0.29928   0.01226   0.03846   0.02497   0.06287   0.04062   0.05058   0.09691   0.02842   0.12675   0.04561   0.24778   0.02021   0.04307   0.02987   0.08857   0.05061   0.05312   0.06119   0.03779   0.09009   0.09818   4.32283   1.63020   0.98268   1.62462   0.69563  
 24  2.6655   1934.460430  x:  0.08519   0.03230   0.29896   0.01224   0.03774   0.02483   0.06547   0.04044   0.05258   0.09692   0.02821   0.12465   0.04621   0.24915   0.02003   0.04364   0.03022   0.09144   0.05130   0.04597   0.06152   0.03742   0.09607   0.10381   4.34468   1.64089   1.00858   1.63517   0.70126  
 25 11.1224   1933.121563  x:  0.07674   0.02917   0.30302   0.01200   0.03750   0.02345   0.06298   0.04005   0.05093   0.10210   0.02696   0.13327   0.04339   0.24761   0.01942   0.04266   0.02917   0.08140   0.05096   0.05195   0.06159   0.03707   0.09260   0.09536   4.48973   1.70887   1.17251   1.71212   0.73828  
 26 59.6986   1932.777453  x:  0.07179   0.02901   0.30283   0.01193   0.03640   0.02298   0.06239   0.03971   0.05205   0.09744   0.02605   0.13513   0.04253   0.24671   0.01897   0.04286   0.02959   0.09867   0.05107   0.05204   0.06176   0.03622   0.08808   0.09041   4.52677   1.72892   1.18790   1.73794   0.74876  
 27 32.8074   1928.335011  x:  0.07086   0.01440   0.28990   0.01050   0.03223   0.01710   0.06058   0.03676   0.05136   0.11043   0.02050   0.13056   0.03515   0.24363   0.01617   0.03792   0.02545   0.08541   0.05153   0.05085   0.06190   0.03250   0.09648   0.08947   5.01736   2.01187   1.18714   2.11978   0.89782  
 28 53.6519   1928.268582  x:  0.07090   0.01413   0.28988   0.01051   0.03206   0.01703   0.06057   0.03667   0.05183   0.11053   0.02030   0.13062   0.03507   0.24365   0.01609   0.03787   0.02581   0.08543   0.04543   0.05049   0.06151   0.03279   0.09658   0.08951   5.02462   2.00823   1.18492   2.11630   0.89965  
 29  7.8849   1923.925038  x:  0.07221   0.00000   0.29196   0.00962   0.02922   0.01319   0.06010   0.03569   0.05277   0.11556   0.01662   0.13593   0.03113   0.24546   0.01440   0.03570   0.02394   0.08910   0.04893   0.05050   0.06293   0.03058   0.10008   0.09082   5.41100   1.71466   1.03827   1.81505   0.99196  
 30 29.8137   1922.366682  x:  0.07366   0.01334   0.28766   0.00986   0.02885   0.01134   0.06113   0.03624   0.05120   0.11532   0.01560   0.14086   0.01408   0.24884   0.01434   0.03515   0.02273   0.09024   0.04993   0.05011   0.06269   0.03120   0.10124   0.09228   5.67448   1.60447   0.98471   1.70006   1.02952  
 31  1.1350   1920.615864  x:  0.08060   0.00227   0.28677   0.01294   0.03413   0.00987   0.06558   0.03922   0.04473   0.10300   0.01851   0.15429   0.00998   0.26832   0.01748   0.03647   0.01953   0.09106   0.05152   0.04944   0.05576   0.03635   0.09723   0.09921   6.38425   1.61846   1.01741   1.68840   1.04133  
 32  0.5652   1919.811505  x:  0.08213   0.00000   0.28627   0.01478   0.03238   0.01158   0.06445   0.03864   0.05362   0.09377   0.01795   0.16104   0.01884   0.26159   0.01796   0.03662   0.02755   0.08750   0.05246   0.05031   0.05737   0.03369   0.09399   0.10074   6.90702   1.62303   1.00974   1.69247   1.02148  
 33  0.4511   1919.201902  x:  0.07631   0.00314   0.28820   0.01343   0.03222   0.01127   0.06252   0.03716   0.05215   0.09875   0.01946   0.15683   0.01369   0.25179   0.01656   0.03784   0.02518   0.08676   0.05097   0.05033   0.05734   0.03131   0.09803   0.09491   7.56339   1.67777   1.01737   1.77820   1.02258  
 34  0.4138   1919.040934  x:  0.07695   0.00384   0.28507   0.01251   0.03334   0.01156   0.06335   0.03810   0.04924   0.10158   0.01948   0.15407   0.01542   0.25066   0.01652   0.03768   0.02369   0.08895   0.05088   0.05030   0.05653   0.03401   0.09875   0.09555   7.84438   1.63027   1.00339   1.72633   1.01973  
 35  0.2745   1919.005853  x:  0.07832   0.00383   0.28274   0.01236   0.03265   0.01156   0.06332   0.03807   0.05074   0.10195   0.01849   0.15409   0.01450   0.25510   0.01672   0.03733   0.02434   0.08917   0.05121   0.05045   0.05712   0.03354   0.09804   0.09692   7.99030   1.63580   1.01098   1.72548   1.01791  
 36  0.1582   1919.000794  x:  0.07834   0.00376   0.28334   0.01235   0.03245   0.01159   0.06345   0.03810   0.05059   0.10168   0.01857   0.15443   0.01511   0.25604   0.01685   0.03732   0.02394   0.08883   0.05126   0.05028   0.05714   0.03331   0.09798   0.09694   8.04340   1.64154   1.01022   1.73110   1.01591  
 37  0.0476   1919.000087  x:  0.07812   0.00388   0.28426   0.01239   0.03238   0.01162   0.06341   0.03797   0.05049   0.10170   0.01845   0.15444   0.01503   0.25640   0.01680   0.03722   0.02400   0.08880   0.05123   0.05027   0.05714   0.03332   0.09808   0.09672   8.05710   1.63968   1.00928   1.72979   1.01692  
 38  0.0105   1918.999925  x:  0.07818   0.00386   0.28442   0.01242   0.03235   0.01163   0.06339   0.03798   0.05052   0.10175   0.01849   0.15442   0.01508   0.25669   0.01676   0.03718   0.02393   0.08888   0.05122   0.05030   0.05710   0.03331   0.09800   0.09679   8.05466   1.63983   1.00991   1.72999   1.01828  
 39  0.0018   1918.999900  x:  0.07820   0.00387   0.28438   0.01242   0.03237   0.01163   0.06341   0.03799   0.05048   0.10174   0.01846   0.15437   0.01508   0.25672   0.01677   0.03721   0.02396   0.08886   0.05123   0.05029   0.05708   0.03331   0.09798   0.09680   8.05455   1.64016   1.00988   1.73026   1.01883  
 40  0.0006   1918.999895  x:  0.07819   0.00388   0.28436   0.01241   0.03237   0.01163   0.06341   0.03799   0.05051   0.10173   0.01848   0.15435   0.01508   0.25670   0.01677   0.03721   0.02396   0.08885   0.05123   0.05029   0.05708   0.03330   0.09798   0.09679   8.05538   1.64008   1.00979   1.73011   1.01901  
 41  0.0008   1918.999895  x:  0.07819   0.00388   0.28437   0.01241   0.03237   0.01163   0.06341   0.03799   0.05051   0.10173   0.01848   0.15435   0.01508   0.25670   0.01678   0.03721   0.02396   0.08885   0.05123   0.05029   0.05708   0.03331   0.09799   0.09679   8.05576   1.64012   1.00985   1.73016   1.01903  
 42  0.0004   1918.999895  x:  0.07819   0.00388   0.28437   0.01241   0.03237   0.01163   0.06341   0.03799   0.05051   0.10173   0.01848   0.15436   0.01508   0.25670   0.01678   0.03721   0.02396   0.08885   0.05123   0.05029   0.05708   0.03331   0.09799   0.09679   8.05582   1.64011   1.00984   1.73016   1.01904  
 43  0.0001   1918.999895  x:  0.07819   0.00388   0.28437   0.01241   0.03237   0.01163   0.06341   0.03799   0.05051   0.10173   0.01848   0.15436   0.01508   0.25670   0.01678   0.03721   0.02396   0.08885   0.05123   0.05029   0.05709   0.03331   0.09799   0.09679   8.05582   1.64011   1.00984   1.73016   1.01904  
 44  0.0000   1918.999895  x:  0.07819   0.00388   0.28437   0.01241   0.03237   0.01163   0.06341   0.03799   0.05051   0.10173   0.01848   0.15436   0.01508   0.25670   0.01678   0.03721   0.02396   0.08885   0.05123   0.05029   0.05709   0.03331   0.09799   0.09679   8.05582   1.64011   1.00984   1.73016   1.01904  
 45  0.0000   1918.999895  x:  0.07819   0.00388   0.28437   0.01241   0.03237   0.01163   0.06341   0.03799   0.05051   0.10173   0.01848   0.15436   0.01508   0.25670   0.01678   0.03721   0.02396   0.08885   0.05123   0.05029   0.05709   0.03331   0.09799   0.09679   8.05582   1.64011   1.00984   1.73016   1.01904  