

TREE # 1

  0  0.0000   2217.880068  x:  0.07646   0.00143   0.09379   0.01343   0.07523   0.07752   0.07412   0.03526   0.07205   0.05780   0.07113   0.13423   0.00000   0.04576   0.02602   0.07850   0.07115   0.05374   0.04978   0.05020   0.12950   0.05192   0.11637   0.09508   2.00000   1.90603   1.36935   1.84051   0.40000  
  1 99.0000   2217.877243  x:  0.07646   0.00143   0.09379   0.01343   0.07523   0.07752   0.07412   0.03526   0.07205   0.05780   0.07113   0.13423   0.00000   0.04576   0.02602   0.07850   0.07115   0.05374   0.04978   0.05020   0.12950   0.05192   0.11637   0.09508   2.00000   1.90603   1.36935   1.84051   0.40000  
  2 688.2790   2215.915560  x:  0.07692   0.00000   0.09516   0.01350   0.07419   0.07692   0.07464   0.03431   0.07144   0.05936   0.07099   0.13438   0.00000   0.04830   0.02686   0.07830   0.07084   0.05434   0.04890   0.05044   0.13008   0.05169   0.11663   0.09554   2.00032   1.90593   1.36931   1.84058   0.40124  
  3 836.3512   2209.998588  x:  0.08018   0.00443   0.10564   0.00281   0.06559   0.07221   0.07832   0.02690   0.06671   0.06746   0.06948   0.13572   0.00000   0.05496   0.02965   0.07637   0.06875   0.05835   0.04174   0.05170   0.13478   0.04864   0.11824   0.09880   2.00310   1.90510   1.36908   1.84117   0.41138  
  4 726.2809   2197.052848  x:  0.08878   0.00385   0.13772   0.00547   0.03535   0.05659   0.08880   0.00357   0.05151   0.08412   0.06479   0.13772   0.00000   0.03929   0.02699   0.06870   0.06167   0.06889   0.01770   0.05541   0.14982   0.03730   0.12118   0.10741   2.01308   1.90190   1.36830   1.84321   0.44571  
  5 681.3674   2193.558529  x:  0.09257   0.00359   0.15283   0.00642   0.01701   0.04895   0.09355   0.01754   0.04433   0.08794   0.06161   0.13865   0.00000   0.03501   0.02478   0.06445   0.05843   0.07291   0.00734   0.05658   0.15790   0.03242   0.12251   0.11120   2.01982   1.89972   1.36786   1.84457   0.46644  
  6 517.2133   2191.440057  x:  0.09365   0.00331   0.16037   0.00691   0.00397   0.04487   0.09466   0.01900   0.04211   0.08202   0.05835   0.13896   0.00000   0.03601   0.02220   0.06142   0.05780   0.07316   0.01838   0.05595   0.16362   0.03158   0.12285   0.11228   2.02720   1.89729   1.36752   1.84598   0.48520  
  7 247.6598   2187.452567  x:  0.09379   0.00132   0.17763   0.00758   0.01862   0.03876   0.09398   0.01998   0.04317   0.05652   0.04823   0.13929   0.00000   0.03987   0.02294   0.05363   0.05787   0.06774   0.02167   0.05156   0.18115   0.03337   0.12246   0.11243   2.05682   1.88756   1.36641   1.85146   0.55192  
  8 201.1074   2182.975074  x:  0.08313   0.00129   0.16675   0.00709   0.01542   0.06157   0.07979   0.02003   0.06275   0.06921   0.05537   0.13742   0.00000   0.03645   0.02911   0.05908   0.06778   0.05078   0.02070   0.04404   0.19288   0.03975   0.11635   0.10181   2.11594   1.86856   1.36533   1.86144   0.65086  
  9 171.8291   2181.547131  x:  0.08070   0.00162   0.15455   0.00687   0.01531   0.06368   0.07764   0.01879   0.06347   0.06994   0.05855   0.13618   0.00000   0.04048   0.01703   0.06218   0.06915   0.05566   0.01750   0.04660   0.19006   0.03807   0.11451   0.09938   2.13996   1.86110   1.36533   1.86499   0.67796  
 10 183.8589   2179.361130  x:  0.07936   0.00214   0.12403   0.00687   0.01442   0.05902   0.07909   0.01794   0.05618   0.06679   0.06308   0.13303   0.00000   0.03947   0.02570   0.06905   0.06893   0.07307   0.01609   0.05435   0.17672   0.03199   0.11203   0.09807   2.19353   1.84485   1.36582   1.87228   0.72219  
 11 231.6914   2177.536073  x:  0.08703   0.00276   0.11007   0.00675   0.02052   0.04963   0.08733   0.01942   0.04483   0.07892   0.05895   0.13213   0.00000   0.03642   0.02362   0.06700   0.06325   0.06569   0.02182   0.04991   0.15330   0.04036   0.11715   0.10577   2.26152   1.82531   1.36728   1.88024   0.74514  
 12 112.9106   2175.129780  x:  0.09201   0.00268   0.11028   0.00693   0.01109   0.05044   0.08844   0.01604   0.04914   0.06810   0.05736   0.13440   0.00000   0.03999   0.02534   0.06631   0.05858   0.05316   0.01217   0.04828   0.12418   0.04201   0.12526   0.11080   2.36754   1.79602   1.37000   1.89142   0.75316  
 13 156.4968   2169.781335  x:  0.09493   0.00173   0.14230   0.00742   0.01855   0.06242   0.08317   0.02011   0.06487   0.07312   0.05864   0.14432   0.00000   0.03667   0.02520   0.06895   0.05798   0.06881   0.02213   0.05893   0.09199   0.03060   0.13954   0.11386   2.65597   1.71839   1.37698   1.92057   0.75253  
 14 324.4362   2153.726075  x:  0.08006   0.00188   0.16027   0.00837   0.01049   0.05570   0.07613   0.01917   0.05192   0.07134   0.05934   0.16276   0.00000   0.03876   0.02624   0.07431   0.06405   0.08526   0.01583   0.05872   0.16748   0.07472   0.14436   0.09949   3.65750   1.45752   1.39971   2.01546   0.69441  
 15 556.6462   2149.155297  x:  0.08299   0.00088   0.15478   0.00849   0.01344   0.05206   0.08573   0.01948   0.05169   0.07570   0.05665   0.15120   0.00000   0.04405   0.02572   0.06752   0.06676   0.06479   0.01919   0.04738   0.19126   0.02790   0.12214   0.10254   3.87687   1.41618   1.39939   2.02933   0.67924  
 16 330.7402   2148.050873  x:  0.08992   0.00181   0.15539   0.00829   0.01211   0.05541   0.08214   0.01934   0.05679   0.07671   0.05285   0.12921   0.00000   0.04510   0.02645   0.05073   0.07097   0.06912   0.01805   0.05109   0.19243   0.03202   0.10613   0.10951   3.94484   1.43710   1.38884   2.01998   0.67672  
 17 61.3559   2145.695255  x:  0.08632   0.00271   0.16915   0.00774   0.01305   0.05061   0.08213   0.01984   0.04977   0.07503   0.06648   0.09545   0.00000   0.04667   0.02607   0.06960   0.06765   0.06696   0.01915   0.04740   0.19305   0.03618   0.10003   0.10605   4.10438   1.53053   1.35046   1.97955   0.67626  
 18 94.5337   2141.072328  x:  0.07517   0.00144   0.16378   0.00863   0.01246   0.05263   0.09048   0.01974   0.04990   0.07788   0.05538   0.13495   0.00000   0.04689   0.02651   0.06038   0.06277   0.06289   0.01958   0.05679   0.20307   0.03298   0.10555   0.09521   4.44146   1.75718   1.26094   1.88054   0.67750  
 19 207.1260   2140.653443  x:  0.08410   0.00060   0.16066   0.00873   0.01230   0.05271   0.08565   0.01980   0.05277   0.07683   0.05833   0.14072   0.00000   0.04633   0.02611   0.06238   0.06605   0.06696   0.01937   0.04757   0.20710   0.03171   0.11116   0.10417   4.47012   1.77720   1.25496   1.87146   0.67774  
 20 75.5928   2140.592938  x:  0.08616   0.00057   0.15991   0.00876   0.01249   0.05282   0.08430   0.01986   0.05210   0.07686   0.05795   0.14008   0.00000   0.04619   0.02604   0.06348   0.06871   0.06495   0.01953   0.05162   0.20860   0.03106   0.11446   0.10624   4.47321   1.77961   1.25769   1.86979   0.67806  
 21 10.4865   2140.056218  x:  0.08313   0.00058   0.15769   0.00906   0.01181   0.05713   0.08972   0.01962   0.05312   0.07800   0.05203   0.13220   0.00000   0.04698   0.02639   0.05899   0.07150   0.06818   0.01883   0.04724   0.21123   0.02836   0.13029   0.10344   4.49115   1.79606   1.31083   1.85314   0.68284  
 22  9.0728   2138.602164  x:  0.08622   0.00039   0.16161   0.00898   0.01276   0.04902   0.08856   0.02028   0.05674   0.08019   0.06681   0.14150   0.00000   0.04911   0.02751   0.05694   0.06454   0.06621   0.01994   0.05161   0.21184   0.03063   0.11918   0.10720   4.53725   1.83909   1.45789   1.81204   0.69768  
 23 70.0330   2138.227100  x:  0.08797   0.00028   0.16401   0.00935   0.01212   0.05370   0.08578   0.02008   0.05084   0.08040   0.05698   0.14511   0.00000   0.04995   0.02755   0.06516   0.06698   0.06720   0.01918   0.04981   0.20983   0.03139   0.11033   0.10912   4.54715   1.84866   1.48606   1.80815   0.70086  
 24 48.3702   2134.161809  x:  0.08243   0.00027   0.17477   0.01054   0.00922   0.02588   0.09763   0.01983   0.05763   0.08976   0.05434   0.15172   0.00000   0.05722   0.02992   0.06748   0.11118   0.07049   0.01488   0.04351   0.20010   0.03462   0.10516   0.10564   4.61320   1.92151   1.54074   1.95324   0.72521  
 25  9.9048   2124.843777  x:  0.09259   0.00118   0.19235   0.01304   0.00826   0.05767   0.12654   0.01920   0.02387   0.09752   0.08012   0.16101   0.00000   0.07514   0.03626   0.05419   0.11199   0.07502   0.01388   0.04513   0.20165   0.03710   0.10999   0.12074   4.76890   2.09190   1.65561   2.31003   0.78458  
 26 303.7790   2117.109486  x:  0.10490   0.00428   0.19278   0.01573   0.00547   0.05307   0.12622   0.01945   0.04972   0.11598   0.05533   0.15440   0.00000   0.08745   0.04096   0.07124   0.04967   0.08070   0.01382   0.05815   0.21705   0.03802   0.12191   0.13703   4.89366   2.22613   1.74278   2.59617   0.83103  
 27 453.3976   2116.028408  x:  0.10044   0.00467   0.19348   0.01596   0.00533   0.04639   0.09987   0.01934   0.04148   0.12081   0.05168   0.15269   0.00000   0.09022   0.04272   0.06394   0.03930   0.07991   0.01335   0.05560   0.21558   0.03254   0.12744   0.13310   4.91028   2.24186   1.75221   2.63083   0.83689  
 28 95.9562   2107.557083  x:  0.10019   0.00796   0.21232   0.01900   0.00335   0.04370   0.10604   0.01956   0.03923   0.13824   0.05645   0.13755   0.00000   0.10956   0.05010   0.05946   0.04657   0.08741   0.01132   0.05854   0.20465   0.03970   0.13744   0.13728   5.00126   1.70459   1.24794   1.83854   0.90538  
 29  7.2399   2101.802038  x:  0.09368   0.00688   0.22901   0.02471   0.00262   0.04033   0.08273   0.01725   0.04630   0.15899   0.05608   0.14070   0.00000   0.13693   0.05675   0.04733   0.07974   0.08642   0.01173   0.05136   0.20376   0.01652   0.12690   0.13677   5.61886   1.85250   1.43205   2.06737   1.01244  
 30  0.6979   2097.885593  x:  0.09732   0.00687   0.24610   0.03222   0.00382   0.04253   0.11386   0.01332   0.05277   0.17602   0.05506   0.14389   0.00000   0.16746   0.06173   0.06472   0.06908   0.08675   0.01491   0.05390   0.19902   0.03634   0.11844   0.14740   6.36889   1.82094   1.46177   2.01580   1.13725  
 31  0.7125   2096.513961  x:  0.09316   0.00505   0.24307   0.03769   0.00000   0.03958   0.10616   0.00910   0.04837   0.17626   0.05384   0.14039   0.00000   0.18543   0.06231   0.05839   0.05974   0.08246   0.01284   0.05398   0.19724   0.02793   0.11655   0.14595   6.87618   1.75876   1.36092   1.94726   1.18146  
 32  0.3149   2095.856074  x:  0.08897   0.00192   0.23406   0.04139   0.00478   0.04017   0.09465   0.01103   0.04555   0.16914   0.05519   0.14175   0.00000   0.19377   0.05932   0.05586   0.05843   0.07976   0.01607   0.05298   0.19547   0.02650   0.12315   0.14227   7.17922   1.80307   1.38620   2.01571   1.18136  
 33  0.2263   2095.514698  x:  0.08914   0.00000   0.23028   0.04334   0.00309   0.04189   0.09685   0.01136   0.04587   0.16265   0.05253   0.14317   0.00000   0.19616   0.05707   0.05738   0.05986   0.08026   0.01500   0.05302   0.19496   0.02618   0.12362   0.14229   7.29767   1.81877   1.41516   2.03887   1.17351  
 34  0.1760   2095.308175  x:  0.09110   0.00000   0.22875   0.04613   0.00246   0.04318   0.10326   0.01207   0.04728   0.15166   0.05234   0.14452   0.00000   0.19961   0.05324   0.05878   0.06218   0.08259   0.01359   0.05374   0.19391   0.02675   0.12213   0.14399   7.42645   1.78878   1.41089   1.99904   1.15180  
 35  0.1235   2095.265159  x:  0.09144   0.00000   0.23203   0.04682   0.00282   0.04154   0.10139   0.01176   0.04695   0.14991   0.05190   0.14263   0.00000   0.20038   0.05229   0.05918   0.06283   0.08353   0.01335   0.05384   0.19294   0.02932   0.12231   0.14440   7.41000   1.78892   1.40109   2.01003   1.13798  
 36  0.0155   2095.245083  x:  0.09197   0.00000   0.23538   0.04735   0.00316   0.04137   0.10230   0.01155   0.04726   0.15000   0.05270   0.14125   0.00000   0.20136   0.05201   0.05893   0.06158   0.08336   0.01393   0.05372   0.19386   0.02794   0.12058   0.14515   7.38156   1.78475   1.39293   2.00367   1.13004  
 37  0.0215   2095.227576  x:  0.09164   0.00000   0.23801   0.04833   0.00233   0.04160   0.10081   0.01133   0.04724   0.15091   0.05205   0.14184   0.00000   0.20250   0.05192   0.05842   0.06205   0.08307   0.01400   0.05314   0.19406   0.02763   0.12118   0.14517   7.32909   1.78804   1.39846   1.99939   1.12198  
 38  0.0263   2095.212483  x:  0.09119   0.00000   0.23704   0.04955   0.00291   0.04211   0.10173   0.01140   0.04733   0.15212   0.05154   0.14304   0.00000   0.20355   0.05173   0.05895   0.06218   0.08298   0.01385   0.05367   0.19426   0.02780   0.12205   0.14515   7.25120   1.79473   1.40713   2.00689   1.11682  
 39  0.0306   2095.203655  x:  0.09069   0.00000   0.23465   0.05049   0.00243   0.04188   0.10201   0.01154   0.04716   0.15258   0.05216   0.14270   0.00000   0.20436   0.05182   0.05873   0.06186   0.08296   0.01366   0.05389   0.19400   0.02796   0.12170   0.14494   7.20796   1.78853   1.39865   2.00274   1.11757  
 40  0.0232   2095.201504  x:  0.09078   0.00000   0.23387   0.05086   0.00257   0.04162   0.10165   0.01153   0.04700   0.15231   0.05184   0.14229   0.00000   0.20447   0.05184   0.05891   0.06220   0.08299   0.01383   0.05338   0.19416   0.02779   0.12122   0.14510   7.20425   1.78831   1.39872   1.99919   1.12010  
 41  0.0031   2095.200029  x:  0.09103   0.00000   0.23402   0.05114   0.00251   0.04173   0.10179   0.01144   0.04714   0.15172   0.05208   0.14208   0.00000   0.20406   0.05193   0.05873   0.06220   0.08310   0.01381   0.05323   0.19455   0.02786   0.12114   0.14535   7.19726   1.79335   1.40250   2.00509   1.12262  
 42  0.0049   2095.198785  x:  0.09095   0.00000   0.23467   0.05139   0.00256   0.04186   0.10167   0.01149   0.04712   0.15127   0.05182   0.14210   0.00000   0.20338   0.05208   0.05881   0.06214   0.08308   0.01381   0.05358   0.19460   0.02790   0.12153   0.14524   7.18830   1.78955   1.40007   2.00126   1.12492  
 43  0.0044   2095.198315  x:  0.09075   0.00000   0.23481   0.05157   0.00257   0.04172   0.10168   0.01150   0.04703   0.15119   0.05184   0.14259   0.00000   0.20307   0.05208   0.05877   0.06204   0.08292   0.01377   0.05350   0.19437   0.02777   0.12143   0.14503   7.19561   1.79047   1.40022   2.00263   1.12535  
 44  0.0028   2095.197730  x:  0.09074   0.00000   0.23487   0.05182   0.00253   0.04168   0.10180   0.01153   0.04719   0.15167   0.05183   0.14250   0.00000   0.20241   0.05210   0.05870   0.06212   0.08297   0.01381   0.05342   0.19418   0.02798   0.12143   0.14499   7.20063   1.79016   1.40028   2.00174   1.12417  
 45  0.0013   2095.197522  x:  0.09085   0.00000   0.23466   0.05193   0.00251   0.04172   0.10176   0.01150   0.04714   0.15176   0.05176   0.14235   0.00000   0.20222   0.05206   0.05882   0.06207   0.08301   0.01378   0.05351   0.19430   0.02786   0.12152   0.14509   7.20843   1.79043   1.40031   2.00259   1.12381  
 46  0.0052   2095.197510  x:  0.09086   0.00000   0.23463   0.05193   0.00252   0.04176   0.10171   0.01149   0.04711   0.15177   0.05182   0.14237   0.00000   0.20221   0.05207   0.05878   0.06208   0.08302   0.01379   0.05352   0.19431   0.02786   0.12151   0.14510   7.20889   1.79025   1.40026   2.00236   1.12382  
 47  0.0005   2095.197509  x:  0.09086   0.00000   0.23463   0.05193   0.00251   0.04176   0.10171   0.01149   0.04710   0.15177   0.05181   0.14239   0.00000   0.20220   0.05207   0.05879   0.06208   0.08303   0.01379   0.05352   0.19432   0.02787   0.12150   0.14511   7.20875   1.79024   1.40024   2.00238   1.12378  
 48  0.0001   2095.197509  x:  0.09086   0.00000   0.23463   0.05193   0.00251   0.04176   0.10172   0.01149   0.04710   0.15177   0.05182   0.14239   0.00000   0.20220   0.05208   0.05879   0.06208   0.08303   0.01379   0.05352   0.19432   0.02787   0.12150   0.14511   7.20879   1.79022   1.40023   2.00237   1.12377  
 49  0.0000   2095.197509  x:  0.09086   0.00000   0.23463   0.05193   0.00251   0.04176   0.10171   0.01149   0.04710   0.15177   0.05181   0.14239   0.00000   0.20221   0.05208   0.05879   0.06208   0.08303   0.01379   0.05352   0.19432   0.02787   0.12150   0.14510   7.20880   1.79023   1.40024   2.00238   1.12376  
 50  0.0000   2095.197509  x:  0.09086   0.00000   0.23463   0.05193   0.00251   0.04176   0.10171   0.01149   0.04710   0.15176   0.05181   0.14239   0.00000   0.20221   0.05208   0.05879   0.06208   0.08303   0.01379   0.05352   0.19432   0.02787   0.12150   0.14511   7.20880   1.79023   1.40024   2.00237   1.12376  
 51  0.0000   2095.197509  x:  0.09086   0.00000   0.23463   0.05193   0.00251   0.04176   0.10171   0.01149   0.04710   0.15176   0.05181   0.14239   0.00000   0.20221   0.05208   0.05879   0.06208   0.08303   0.01379   0.05352   0.19432   0.02787   0.12150   0.14511   7.20880   1.79023   1.40024   2.00237   1.12376  
 52  0.0000   2095.197509  x:  0.09086   0.00000   0.23463   0.05193   0.00251   0.04176   0.10171   0.01149   0.04710   0.15176   0.05181   0.14239   0.00000   0.20221   0.05208   0.05879   0.06208   0.08303   0.01379   0.05352   0.19432   0.02787   0.12150   0.14511   7.20880   1.79023   1.40024   2.00238   1.12376  