

TREE # 1

  0  0.0000   2252.072769  x:  0.06513   0.00882   0.10295   0.00000   0.08471   0.05163   0.06637   0.05985   0.10454   0.04705   0.07192   0.10710   0.01256   0.05248   0.01866   0.05369   0.07775   0.05620   0.06345   0.07131   0.11818   0.07266   0.10648   0.08375   2.00000   1.53074   1.11541   1.40479   0.40000  
  1 99.0000   2241.214363  x:  0.07404   0.00000   0.10950   0.10406   0.07800   0.04429   0.07120   0.06031   0.10329   0.06380   0.07219   0.11271   0.02451   0.07281   0.03767   0.04925   0.07268   0.06988   0.05439   0.08204   0.12085   0.06911   0.11573   0.09266   2.00303   1.53064   1.11573   1.40546   0.40879  
  2 1235.8345   2213.474597  x:  0.10925   0.00000   0.13679   0.08524   0.03984   0.01118   0.09181   0.06014   0.09700   0.10820   0.06169   0.13617   0.03060   0.13509   0.06409   0.02622   0.04777   0.11650   0.00949   0.12220   0.13227   0.04934   0.15295   0.12787   2.01874   1.52989   1.11845   1.40816   0.45076  
  3 349.9353   2208.890891  x:  0.11947   0.00000   0.15028   0.08131   0.01677   0.04101   0.09657   0.06089   0.09507   0.12251   0.05169   0.14439   0.02647   0.15260   0.06822   0.02616   0.04174   0.12897   0.02270   0.13309   0.13747   0.04166   0.16644   0.13809   2.02977   1.52921   1.12081   1.40972   0.47476  
  4 281.2877   2206.483475  x:  0.11882   0.00000   0.16356   0.08315   0.00540   0.03435   0.09069   0.06303   0.09611   0.12702   0.03556   0.14690   0.01638   0.15238   0.06025   0.03645   0.04712   0.12453   0.02525   0.13169   0.14101   0.04422   0.17241   0.13744   2.04866   1.52791   1.12542   1.41184   0.50598  
  5 108.2977   2204.867058  x:  0.11870   0.00000   0.17773   0.08372   0.01664   0.03317   0.08506   0.06595   0.09717   0.13285   0.02354   0.14983   0.01318   0.15314   0.05308   0.04136   0.04977   0.12087   0.02716   0.13069   0.14459   0.04558   0.17928   0.13732   2.07078   1.52647   1.13066   1.41440   0.54090  
  6 287.2737   2201.738509  x:  0.11323   0.00000   0.20418   0.08338   0.01596   0.03342   0.07235   0.07112   0.09697   0.13860   0.04034   0.15216   0.03153   0.14621   0.03963   0.03920   0.05166   0.10701   0.02536   0.12233   0.14945   0.04980   0.18886   0.13185   2.12961   1.52280   1.14442   1.42107   0.62159  
  7 214.1104   2199.036152  x:  0.10531   0.00000   0.20717   0.08387   0.01604   0.03647   0.07913   0.06841   0.09534   0.13082   0.04509   0.14640   0.01943   0.13136   0.06140   0.02204   0.04477   0.10088   0.01893   0.11385   0.14699   0.04788   0.18275   0.12393   2.19751   1.51953   1.15904   1.42866   0.68808  
  8 141.2562   2196.823951  x:  0.10378   0.00000   0.18833   0.08187   0.01815   0.02887   0.09450   0.06121   0.09356   0.11801   0.04658   0.13886   0.03016   0.12499   0.07698   0.03693   0.04203   0.11092   0.02942   0.11638   0.13966   0.03979   0.16828   0.12240   2.28166   1.51708   1.17484   1.43849   0.74300  
  9 147.8989   2194.060046  x:  0.10982   0.00000   0.14627   0.08418   0.01765   0.03624   0.09916   0.05834   0.09553   0.10629   0.04467   0.13327   0.03023   0.13041   0.05903   0.03266   0.05068   0.12503   0.01889   0.12785   0.12950   0.05104   0.14783   0.12845   2.40485   1.51618   1.19446   1.45335   0.78753  
 10 146.2294   2192.232828  x:  0.11349   0.00000   0.12753   0.08570   0.01897   0.02814   0.09179   0.06240   0.09891   0.11116   0.05458   0.13661   0.01728   0.13669   0.04936   0.02663   0.04318   0.12362   0.03224   0.12878   0.13082   0.04299   0.14619   0.13211   2.51074   1.51863   1.20723   1.46671   0.79197  
 11 120.5431   2184.971631  x:  0.11622   0.00000   0.10723   0.08167   0.01644   0.03725   0.06444   0.06874   0.11050   0.12796   0.04537   0.15543   0.02395   0.14906   0.07093   0.04277   0.03322   0.09108   0.01824   0.11724   0.14855   0.03864   0.16576   0.13484   2.99243   1.53727   1.25606   1.52855   0.74871  
 12 231.6060   2176.077171  x:  0.11447   0.00000   0.15630   0.07859   0.01641   0.02992   0.08873   0.06684   0.10736   0.13534   0.04166   0.16605   0.02821   0.15128   0.07729   0.02382   0.07517   0.09607   0.03651   0.11238   0.15823   0.05697   0.18893   0.13309   3.67558   1.56925   1.31842   1.61601   0.66605  
 13 624.5296   2172.480119  x:  0.10951   0.00000   0.19344   0.08264   0.01713   0.03656   0.09428   0.06225   0.09491   0.12830   0.04432   0.15561   0.01912   0.13962   0.05539   0.03531   0.05525   0.11349   0.02034   0.11966   0.15140   0.04151   0.18927   0.12813   3.91318   1.58639   1.33333   1.64422   0.63395  
 14 350.7723   2172.006609  x:  0.10970   0.00000   0.19973   0.08268   0.01547   0.03483   0.08934   0.06315   0.09325   0.12620   0.03756   0.15000   0.02395   0.13812   0.05369   0.03080   0.04369   0.11584   0.02383   0.12179   0.14704   0.04649   0.18612   0.12832   3.94562   1.59275   1.33059   1.64658   0.63002  
 15 85.9585   2171.713112  x:  0.11283   0.00000   0.20599   0.08175   0.01569   0.03493   0.08016   0.06761   0.09381   0.12770   0.03955   0.14160   0.02253   0.14009   0.05899   0.03210   0.04631   0.11599   0.02454   0.12668   0.14001   0.04702   0.17850   0.13145   3.96779   1.60668   1.31691   1.64462   0.62993  
 16 30.7649   2171.363435  x:  0.11337   0.00000   0.20788   0.08174   0.01468   0.03503   0.08414   0.06600   0.09672   0.13113   0.03627   0.13903   0.02535   0.14320   0.05641   0.02898   0.04802   0.10923   0.02394   0.12465   0.13797   0.03984   0.17038   0.13199   3.99584   1.63534   1.28548   1.63728   0.63283  
 17 31.2432   2171.035747  x:  0.11252   0.00000   0.20737   0.08163   0.01551   0.03509   0.08939   0.06362   0.09637   0.13296   0.03958   0.14182   0.02266   0.14550   0.05590   0.03250   0.04455   0.10824   0.02396   0.12221   0.14116   0.04701   0.16809   0.13114   4.02373   1.66646   1.25041   1.62819   0.63694  
 18 71.0921   2170.846122  x:  0.11018   0.00000   0.20357   0.08179   0.01538   0.03477   0.08510   0.06500   0.09294   0.12783   0.03890   0.14596   0.02321   0.14150   0.05665   0.03088   0.04693   0.11492   0.02410   0.12205   0.14490   0.04527   0.17486   0.12881   4.04026   1.68532   1.22854   1.62085   0.63980  
 19 37.2477   2170.819077  x:  0.11136   0.00000   0.20266   0.08196   0.01539   0.03470   0.08636   0.06529   0.09555   0.12659   0.03922   0.14475   0.02301   0.13907   0.05640   0.03095   0.04673   0.11386   0.02416   0.12392   0.14300   0.04550   0.17964   0.12998   4.04321   1.68687   1.22610   1.61741   0.64025  
 20  6.4063   2170.774193  x:  0.11178   0.00000   0.20170   0.08184   0.01560   0.03459   0.08581   0.06172   0.09171   0.12794   0.03925   0.14314   0.02274   0.13961   0.05628   0.03090   0.04732   0.11265   0.02443   0.12330   0.14006   0.04570   0.18255   0.13040   4.04981   1.68465   1.22536   1.60494   0.64087  
 21  3.5262   2170.592387  x:  0.11037   0.00000   0.20123   0.08117   0.01539   0.03469   0.08883   0.06969   0.08913   0.13016   0.03863   0.14175   0.02307   0.14221   0.05617   0.03160   0.04709   0.11362   0.02387   0.12040   0.13766   0.04591   0.18320   0.12899   4.07841   1.67134   1.22349   1.55050   0.64312  
 22 19.8330   2170.396896  x:  0.11039   0.00000   0.20404   0.08061   0.01539   0.03454   0.08629   0.06482   0.09659   0.12921   0.03912   0.14408   0.02313   0.14250   0.05680   0.03108   0.04708   0.11642   0.02397   0.12252   0.14234   0.04573   0.17893   0.12901   4.10881   1.65486   1.21995   1.49590   0.64563  
 23 51.3753   2170.297566  x:  0.11450   0.00000   0.20515   0.08067   0.01554   0.03411   0.08714   0.06583   0.09183   0.12599   0.03905   0.14688   0.02321   0.13981   0.05687   0.03072   0.04692   0.11204   0.02424   0.12724   0.14671   0.04552   0.17584   0.13312   4.12415   1.64097   1.21146   1.48117   0.64763  
 24 12.1546   2169.189268  x:  0.11590   0.00000   0.20455   0.07698   0.01473   0.03308   0.08724   0.06589   0.09314   0.13384   0.03820   0.14582   0.02345   0.13746   0.05716   0.03057   0.04649   0.11816   0.02298   0.12330   0.14051   0.04552   0.17364   0.13452   4.28582   1.46480   1.08276   1.40580   0.67369  
 25 20.0244   2169.076296  x:  0.11165   0.00000   0.20504   0.07663   0.01493   0.03280   0.08754   0.06565   0.09316   0.12744   0.03865   0.14245   0.02276   0.14643   0.05723   0.03031   0.04636   0.11509   0.02339   0.12758   0.14180   0.04516   0.17586   0.13027   4.30225   1.45230   1.07391   1.40168   0.67687  
 26 18.6902   2167.447114  x:  0.12855   0.00000   0.20477   0.07172   0.01499   0.03046   0.08843   0.06413   0.09566   0.10685   0.04037   0.12906   0.02032   0.15949   0.05676   0.03075   0.04540   0.12336   0.02113   0.10293   0.14996   0.04363   0.17904   0.14717   4.50673   1.49227   1.11848   1.45320   0.72610  
 27  5.1657   2161.395699  x:  0.11547   0.00000   0.18275   0.04696   0.01215   0.02033   0.09870   0.06166   0.09247   0.13243   0.04050   0.13781   0.01900   0.15114   0.06085   0.02695   0.04426   0.13653   0.01784   0.14614   0.14243   0.04530   0.17059   0.13408   5.33521   1.67218   1.31281   1.67018   0.92417  
 28 207.8727   2161.334704  x:  0.11570   0.00000   0.18396   0.04685   0.01221   0.02018   0.09828   0.06163   0.09306   0.12913   0.04073   0.14509   0.01863   0.15278   0.06115   0.02715   0.04386   0.13595   0.01787   0.14548   0.13592   0.04515   0.16986   0.13431   5.34318   1.67385   1.31460   1.67214   0.92602  
 29 14.3372   2157.232289  x:  0.12633   0.00000   0.17463   0.01160   0.01348   0.02429   0.08670   0.06797   0.09911   0.13498   0.04077   0.15508   0.01553   0.16744   0.06113   0.03066   0.04812   0.12210   0.01885   0.12977   0.14907   0.04415   0.19043   0.14494   6.25255   1.65908   1.25582   1.63705   0.93176  
 30  0.4761   2156.298540  x:  0.11684   0.00000   0.18246   0.01086   0.01549   0.02559   0.08113   0.06716   0.09802   0.12440   0.04263   0.14964   0.01392   0.14946   0.05110   0.03037   0.04328   0.11166   0.02158   0.12607   0.14658   0.04377   0.18243   0.13544   6.38273   1.63748   1.23578   1.61877   0.85994  
 31  0.1060   2156.158267  x:  0.11538   0.00000   0.17805   0.00948   0.01555   0.02617   0.08553   0.06599   0.09767   0.12323   0.04233   0.14815   0.01754   0.14480   0.05304   0.03021   0.04554   0.11431   0.02109   0.12701   0.14398   0.04510   0.17776   0.13399   6.38421   1.64289   1.25087   1.63222   0.83909  
 32  0.0292   2156.145326  x:  0.11570   0.00000   0.17733   0.01073   0.01547   0.02595   0.08613   0.06578   0.09753   0.12308   0.04270   0.14806   0.01738   0.14451   0.05314   0.03025   0.04556   0.11521   0.02083   0.12729   0.14362   0.04509   0.17714   0.13430   6.35053   1.64683   1.25440   1.63629   0.83392  
 33  0.0654   2156.136968  x:  0.11656   0.00000   0.17636   0.01022   0.01531   0.02536   0.08610   0.06571   0.09746   0.12331   0.04329   0.14830   0.01664   0.14552   0.05340   0.03027   0.04509   0.11600   0.02059   0.12755   0.14354   0.04479   0.17710   0.13517   6.34809   1.65214   1.25765   1.64151   0.83040  
 34  0.0111   2156.136292  x:  0.11649   0.00000   0.17623   0.01022   0.01518   0.02531   0.08578   0.06580   0.09758   0.12331   0.04308   0.14843   0.01673   0.14583   0.05332   0.03012   0.04510   0.11556   0.02052   0.12760   0.14359   0.04481   0.17733   0.13509   6.34187   1.65193   1.25711   1.64105   0.82870  
 35  0.0057   2156.136136  x:  0.11636   0.00000   0.17615   0.01020   0.01517   0.02531   0.08578   0.06583   0.09761   0.12346   0.04312   0.14846   0.01669   0.14578   0.05340   0.03013   0.04508   0.11551   0.02057   0.12772   0.14360   0.04479   0.17732   0.13497   6.33196   1.65107   1.25684   1.64040   0.82880  
 36  0.0038   2156.136051  x:  0.11643   0.00000   0.17622   0.01018   0.01518   0.02535   0.08580   0.06581   0.09759   0.12336   0.04312   0.14844   0.01670   0.14573   0.05330   0.03015   0.04509   0.11557   0.02051   0.12768   0.14357   0.04480   0.17725   0.13503   6.32487   1.65124   1.25676   1.64035   0.82874  
 37  0.0041   2156.136041  x:  0.11644   0.00000   0.17623   0.01018   0.01518   0.02533   0.08580   0.06581   0.09758   0.12332   0.04311   0.14843   0.01671   0.14572   0.05330   0.03014   0.04510   0.11557   0.02054   0.12764   0.14358   0.04481   0.17727   0.13504   6.32385   1.65141   1.25682   1.64046   0.82871  
 38  0.0012   2156.136041  x:  0.11643   0.00000   0.17625   0.01017   0.01518   0.02533   0.08580   0.06581   0.09758   0.12333   0.04311   0.14842   0.01670   0.14573   0.05331   0.03014   0.04510   0.11556   0.02054   0.12763   0.14358   0.04481   0.17729   0.13503   6.32376   1.65148   1.25689   1.64056   0.82872  
 39  0.0001   2156.136040  x:  0.11643   0.00000   0.17625   0.01017   0.01519   0.02533   0.08580   0.06581   0.09758   0.12333   0.04311   0.14842   0.01670   0.14573   0.05331   0.03014   0.04510   0.11556   0.02054   0.12763   0.14358   0.04481   0.17729   0.13503   6.32375   1.65148   1.25690   1.64057   0.82872  
 40  0.0000   2156.136040  x:  0.11643   0.00000   0.17625   0.01017   0.01519   0.02533   0.08580   0.06581   0.09758   0.12333   0.04311   0.14842   0.01670   0.14573   0.05331   0.03014   0.04510   0.11556   0.02054   0.12763   0.14358   0.04481   0.17729   0.13503   6.32375   1.65148   1.25690   1.64057   0.82872  
 41  0.0000   2156.136040  x:  0.11643   0.00000   0.17625   0.01017   0.01519   0.02533   0.08580   0.06581   0.09758   0.12333   0.04311   0.14842   0.01670   0.14573   0.05331   0.03014   0.04510   0.11556   0.02054   0.12763   0.14358   0.04481   0.17729   0.13503   6.32375   1.65148   1.25690   1.64057   0.82872  