

TREE # 1

  0  0.0000   2005.949284  x:  0.01972   0.20925   0.02571   0.03211   0.02495   0.05815   0.02188   0.05666   0.08536   0.02661   0.17168   0.01972   0.20925   0.02571   0.03211   0.02495   0.05815   0.02188   0.05666   0.08536   0.02661   0.17168   0.21568   8.40433   1.60459   0.99524   1.32449   1.00000  
  1 99.0000   1994.066558  x:  0.00186   0.20807   0.03582   0.04246   0.04054   0.05892   0.00925   0.04753   0.08860   0.02842   0.17233   0.00000   0.20918   0.03651   0.03463   0.03551   0.07534   0.02757   0.05476   0.08681   0.03729   0.17231   0.22005   8.40441   1.60329   0.99213   1.32752   0.99950  
  2 339.8015   1993.713358  x:  0.00000   0.20796   0.03575   0.04256   0.04026   0.05902   0.00907   0.04682   0.08880   0.02832   0.17239   0.00000   0.20914   0.03640   0.03460   0.03534   0.07594   0.02737   0.05463   0.08691   0.03720   0.17238   0.22046   8.40442   1.60316   0.99182   1.32782   0.99944  
  3 216.1841   1993.006296  x:  0.00000   0.20446   0.03592   0.04299   0.04079   0.06058   0.02318   0.03510   0.09242   0.02937   0.17477   0.00000   0.20719   0.03665   0.03520   0.03626   0.08186   0.02875   0.05303   0.08884   0.03747   0.17517   0.23351   8.40472   1.59847   0.98047   1.33887   0.99758  
  4 96.0396   1990.923082  x:  0.00000   0.18740   0.03370   0.03844   0.04486   0.05398   0.01471   0.03675   0.09804   0.03228   0.18587   0.00000   0.19606   0.03635   0.03505   0.03766   0.06818   0.02993   0.05392   0.09174   0.03669   0.18857   0.29081   8.40646   1.57188   0.91821   1.39934   0.98690  
  5 66.8495   1990.363326  x:  0.00000   0.18390   0.03782   0.04332   0.03999   0.06018   0.01669   0.04759   0.09257   0.02884   0.18752   0.00000   0.19234   0.03710   0.03395   0.03536   0.07415   0.02888   0.05456   0.08836   0.03874   0.19059   0.29672   8.40731   1.56032   0.89482   1.42239   0.98197  
  6 67.6611   1989.753486  x:  0.00000   0.18452   0.03237   0.03747   0.04331   0.06149   0.01580   0.04516   0.08198   0.02936   0.18588   0.00000   0.18875   0.03569   0.03532   0.03881   0.07868   0.02906   0.05386   0.08324   0.03637   0.18862   0.28075   8.40892   1.54074   0.86290   1.45514   0.97320  
  7 48.5574   1989.285045  x:  0.00000   0.18679   0.03706   0.04202   0.04208   0.05776   0.01590   0.03920   0.08390   0.03178   0.18354   0.00000   0.18775   0.03672   0.03490   0.03534   0.07328   0.02814   0.05323   0.08392   0.03734   0.18577   0.26148   8.41055   1.52221   0.83665   1.48315   0.96466  
  8 82.1845   1989.178372  x:  0.00000   0.18795   0.03506   0.04159   0.04151   0.05783   0.01609   0.04036   0.08987   0.02846   0.18269   0.00000   0.18941   0.03687   0.03434   0.03681   0.07344   0.02965   0.05355   0.08700   0.03822   0.18472   0.25657   8.41121   1.51611   0.83144   1.49003   0.96160  
  9 33.2553   1989.146005  x:  0.00000   0.18896   0.03560   0.04028   0.04229   0.05873   0.01617   0.04175   0.09211   0.03063   0.18215   0.00000   0.19164   0.03628   0.03438   0.03662   0.07454   0.02852   0.05374   0.08845   0.03751   0.18409   0.25587   8.41174   1.51221   0.83127   1.49230   0.95944  
 10 13.8586   1989.051015  x:  0.00000   0.19392   0.03497   0.04037   0.04189   0.05905   0.01602   0.04153   0.09050   0.03063   0.17921   0.00000   0.20353   0.03776   0.03575   0.03502   0.07416   0.03034   0.05341   0.08798   0.03753   0.18081   0.25885   8.41493   1.49135   0.83818   1.49892   0.94741  
 11 11.3453   1989.020072  x:  0.00000   0.19543   0.03560   0.04119   0.04207   0.05853   0.01627   0.04129   0.08995   0.02972   0.17806   0.00000   0.20584   0.03650   0.03457   0.03705   0.07374   0.02883   0.05359   0.08745   0.03734   0.17960   0.25996   8.41621   1.48390   0.84091   1.50071   0.94296  
 12 27.4433   1988.982081  x:  0.00000   0.19623   0.03567   0.04053   0.04232   0.05755   0.01630   0.04146   0.09060   0.02988   0.17623   0.00000   0.19987   0.03578   0.03381   0.03602   0.07456   0.02945   0.05464   0.08701   0.03855   0.17798   0.26100   8.41887   1.47265   0.84535   1.50083   0.93538  
 13  8.9024   1988.964785  x:  0.00000   0.19598   0.03535   0.04105   0.04188   0.05850   0.01619   0.04150   0.09086   0.03011   0.17617   0.00000   0.19678   0.03699   0.03501   0.03674   0.07416   0.02899   0.05407   0.08752   0.03752   0.17801   0.26110   8.42040   1.46739   0.84712   1.50019   0.93151  
 14 15.3660   1988.945533  x:  0.00000   0.19386   0.03585   0.04094   0.04252   0.05977   0.01590   0.04128   0.09044   0.02978   0.17892   0.00000   0.19535   0.03640   0.03404   0.03636   0.07377   0.02974   0.05241   0.08857   0.03720   0.18072   0.26012   8.42295   1.46187   0.84759   1.49748   0.92645  
 15  6.9128   1988.916782  x:  0.00000   0.19010   0.03540   0.04074   0.04195   0.05891   0.01596   0.04119   0.09014   0.03014   0.18370   0.00000   0.19454   0.03650   0.03474   0.03655   0.07429   0.02876   0.05344   0.08899   0.03877   0.18545   0.25842   8.42729   1.45405   0.84704   1.49224   0.91864  
 16 17.3148   1988.904080  x:  0.00000   0.18886   0.03555   0.04125   0.04193   0.05811   0.01593   0.04128   0.09071   0.03026   0.18486   0.00000   0.19455   0.03658   0.03464   0.03661   0.07492   0.02953   0.05449   0.08796   0.03714   0.18664   0.25805   8.42955   1.45117   0.84571   1.48918   0.91535  
 17 10.9414   1988.863796  x:  0.00000   0.18760   0.03566   0.04041   0.04289   0.05908   0.01581   0.04086   0.09270   0.02942   0.18417   0.00000   0.19533   0.03783   0.03436   0.03591   0.07467   0.02829   0.05383   0.08422   0.03725   0.18620   0.25875   8.43795   1.44398   0.83768   1.47694   0.90588  
 18  9.6366   1988.789649  x:  0.00000   0.18745   0.03561   0.04108   0.04126   0.05980   0.01506   0.04054   0.09283   0.03102   0.18149   0.00000   0.19657   0.03556   0.03555   0.03738   0.07478   0.02987   0.05253   0.08407   0.03855   0.18385   0.26088   8.45399   1.43147   0.82158   1.45380   0.88952  
 19 37.9288   1988.735214  x:  0.00000   0.18894   0.03541   0.04159   0.04244   0.05861   0.01518   0.04053   0.09063   0.02990   0.17976   0.00000   0.19717   0.03659   0.03500   0.03639   0.07559   0.02895   0.05339   0.08824   0.03773   0.18208   0.26274   8.46619   1.42231   0.80967   1.43701   0.87883  
 20 44.7899   1988.717238  x:  0.00000   0.19193   0.03648   0.04033   0.04135   0.05902   0.01482   0.03999   0.09045   0.02984   0.18095   0.00000   0.19688   0.03756   0.03421   0.03704   0.07565   0.02927   0.05409   0.08839   0.03770   0.18266   0.26328   8.47087   1.41897   0.80698   1.43317   0.87923  
 21  6.5088   1988.667711  x:  0.00000   0.19981   0.03521   0.04202   0.04246   0.05969   0.01447   0.03976   0.09118   0.02978   0.18465   0.00000   0.19597   0.03647   0.03496   0.03642   0.07596   0.02896   0.05417   0.08735   0.03793   0.18470   0.26449   8.48452   1.40936   0.80099   1.42428   0.88408  
 22 17.7396   1988.568644  x:  0.00000   0.19979   0.03629   0.04124   0.04182   0.05551   0.01441   0.04073   0.09174   0.02918   0.18489   0.00000   0.19619   0.03693   0.03615   0.03660   0.07844   0.02849   0.04926   0.08706   0.03751   0.18522   0.26544   8.51249   1.39045   0.79335   1.41114   0.90022  
 23 15.5161   1988.316974  x:  0.00000   0.19119   0.03543   0.04270   0.04219   0.05943   0.01223   0.03786   0.09191   0.03003   0.18159   0.00000   0.19804   0.03740   0.03448   0.03674   0.07944   0.02853   0.05287   0.08834   0.03811   0.18422   0.26711   8.58526   1.34302   0.77587   1.37986   0.94351  
 24 71.8066   1988.300859  x:  0.00000   0.19090   0.03679   0.04211   0.04259   0.05981   0.01202   0.03748   0.09195   0.02883   0.18174   0.00000   0.19807   0.03646   0.03627   0.03652   0.07939   0.02855   0.05355   0.08851   0.03791   0.18385   0.26718   8.59035   1.34261   0.77581   1.37973   0.94441  
 25  7.4143   1987.482729  x:  0.00000   0.18826   0.03673   0.04468   0.04264   0.06034   0.00587   0.03186   0.09429   0.02884   0.19574   0.00000   0.19930   0.03779   0.03507   0.03678   0.08714   0.02725   0.05141   0.08975   0.03885   0.16516   0.27040   8.83546   1.38891   0.79857   1.41948   0.93900  
 26 12.9739   1987.247112  x:  0.00000   0.19050   0.03701   0.04537   0.04273   0.06064   0.00393   0.02997   0.09500   0.02848   0.18430   0.00000   0.19975   0.03796   0.03514   0.03679   0.08956   0.02683   0.05095   0.09014   0.03909   0.17762   0.27100   8.90965   1.40421   0.80584   1.43235   0.93637  
 27 60.9362   1986.846858  x:  0.00000   0.19259   0.03788   0.04783   0.04303   0.06092   0.00760   0.02635   0.09697   0.02771   0.17488   0.00000   0.20157   0.03882   0.03487   0.03699   0.09762   0.02572   0.04994   0.09119   0.04012   0.18485   0.27158   9.14717   1.43970   0.82608   1.46135   0.93348  
 28  0.6894   1986.712729  x:  0.00000   0.19236   0.03880   0.04921   0.04337   0.06133   0.00749   0.03177   0.09804   0.02753   0.17796   0.00000   0.20199   0.03939   0.03479   0.03716   0.10361   0.02586   0.05016   0.09154   0.04093   0.18168   0.27199   9.37327   1.44779   0.83169   1.46996   0.93393  
 29  0.2930   1986.691130  x:  0.00000   0.19246   0.03900   0.04963   0.04358   0.06128   0.00724   0.03017   0.09782   0.02781   0.17997   0.00000   0.20194   0.03950   0.03489   0.03724   0.10593   0.02621   0.05045   0.09131   0.04106   0.17884   0.27038   9.49067   1.44235   0.82849   1.46547   0.93562  
 30  0.1257   1986.689450  x:  0.00000   0.19258   0.03892   0.04949   0.04358   0.06123   0.00715   0.03014   0.09756   0.02782   0.17873   0.00000   0.20190   0.03942   0.03492   0.03723   0.10622   0.02613   0.05049   0.09121   0.04095   0.17966   0.27049   9.52297   1.43975   0.82674   1.46330   0.93650  
 31  0.0276   1986.689340  x:  0.00000   0.19252   0.03889   0.04941   0.04355   0.06126   0.00710   0.03016   0.09755   0.02781   0.17902   0.00000   0.20191   0.03941   0.03491   0.03722   0.10616   0.02612   0.05046   0.09123   0.04093   0.17981   0.27067   9.53326   1.44021   0.82705   1.46369   0.93647  
 32  0.0073   1986.689332  x:  0.00000   0.19254   0.03889   0.04940   0.04355   0.06126   0.00710   0.03017   0.09757   0.02782   0.17897   0.00000   0.20191   0.03941   0.03491   0.03722   0.10611   0.02613   0.05047   0.09123   0.04093   0.17975   0.27061   9.53536   1.44035   0.82709   1.46383   0.93649  
 33  0.0016   1986.689331  x:  0.00000   0.19254   0.03889   0.04940   0.04355   0.06125   0.00710   0.03016   0.09757   0.02781   0.17897   0.00000   0.20191   0.03941   0.03491   0.03722   0.10610   0.02613   0.05047   0.09123   0.04093   0.17975   0.27062   9.53591   1.44032   0.82707   1.46379   0.93650  
 34  0.0004   1986.689331  x:  0.00000   0.19254   0.03889   0.04940   0.04355   0.06125   0.00710   0.03016   0.09757   0.02781   0.17897   0.00000   0.20191   0.03941   0.03491   0.03722   0.10609   0.02613   0.05047   0.09123   0.04093   0.17976   0.27062   9.53603   1.44031   0.82707   1.46379   0.93650  
 35  0.0001   1986.689331  x:  0.00000   0.19254   0.03889   0.04940   0.04355   0.06125   0.00710   0.03016   0.09757   0.02781   0.17897   0.00000   0.20191   0.03941   0.03491   0.03722   0.10610   0.02613   0.05047   0.09123   0.04093   0.17976   0.27062   9.53606   1.44032   0.82707   1.46379   0.93650  
 36  0.0000   1986.689331  x:  0.00000   0.19254   0.03889   0.04940   0.04355   0.06125   0.00710   0.03016   0.09757   0.02781   0.17897   0.00000   0.20191   0.03941   0.03491   0.03722   0.10610   0.02613   0.05047   0.09123   0.04093   0.17976   0.27062   9.53607   1.44032   0.82707   1.46379   0.93650  
 37  0.0000   1986.689331  x:  0.00000   0.19254   0.03889   0.04940   0.04355   0.06125   0.00710   0.03016   0.09757   0.02781   0.17897   0.00000   0.20191   0.03941   0.03491   0.03722   0.10610   0.02613   0.05047   0.09123   0.04093   0.17976   0.27062   9.53607   1.44032   0.82707   1.46379   0.93650  

TREE # 2

  0  0.0000   2298.473814  x:  0.00000   0.19254   0.03889   0.04940   0.04355   0.06125   0.00710   0.03016   0.09757   0.02781   0.17897   0.00000   0.20191   0.03941   0.03491   0.03722   0.10610   0.02613   0.05047   0.09123   0.04093   0.17976   0.27062   9.53607   1.41620   0.76197   1.35011   0.93650  
  1 99.0000   2202.860462  x:  0.12976   0.19346   0.05106   0.06035   0.04389   0.06081   0.04223   0.03206   0.09603   0.03150   0.17804   0.32255   0.20301   0.05242   0.04806   0.03761   0.10419   0.03426   0.05111   0.08887   0.04033   0.17745   0.26733   9.53607   1.41614   0.76219   1.35024   0.93658  
  2 14917.0569   2090.089122  x:  0.20314   0.12255   0.25643   0.25442   0.04795   0.03628   0.14293   0.03593   0.05672   0.02158   0.14509   0.27568   0.13793   0.25844   0.26486   0.03633   0.05747   0.17111   0.05912   0.03308   0.02700   0.12275   0.18867   9.53621   1.40930   0.77185   1.35331   0.93643  
  3 863.4292   2040.683588  x:  0.27774   0.00000   0.25945   0.26544   0.03249   0.03581   0.12504   0.03045   0.03708   0.05484   0.10793   0.25081   0.02231   0.26210   0.27000   0.00449   0.00965   0.14347   0.04063   0.00572   0.06855   0.05048   0.05966   9.53651   1.39557   0.78803   1.35829   0.93654  
  4 314.5990   2033.269825  x:  0.29155   0.00000   0.26012   0.26756   0.03035   0.03588   0.12189   0.02989   0.03438   0.05978   0.10120   0.24617   0.00000   0.26288   0.27111   0.00930   0.00783   0.13851   0.03871   0.00828   0.07490   0.03804   0.03512   9.53657   1.39306   0.79098   1.35923   0.93656  
  5 1802.8912   2030.275476  x:  0.30512   0.00000   0.26092   0.26973   0.02945   0.03615   0.11903   0.03003   0.03338   0.06323   0.09500   0.24152   0.00000   0.26376   0.27237   0.00658   0.01599   0.13394   0.03845   0.00980   0.07945   0.02947   0.01090   9.53663   1.39062   0.79382   1.36020   0.93657  
  6 1097.9604   2029.532361  x:  0.31115   0.00000   0.26098   0.27041   0.03058   0.03655   0.11787   0.03087   0.03513   0.06308   0.09303   0.23937   0.00000   0.26383   0.27268   0.00720   0.01533   0.13184   0.03946   0.00892   0.07936   0.03377   0.00441   9.53665   1.38956   0.79501   1.36069   0.93655  
  7 190.4915   2028.648284  x:  0.32813   0.00000   0.26146   0.27263   0.03208   0.03718   0.11472   0.03215   0.03746   0.06361   0.08740   0.23313   0.00000   0.26436   0.27384   0.00480   0.01394   0.12623   0.04051   0.01419   0.08030   0.03815   0.00372   9.53673   1.38654   0.79844   1.36210   0.93651  
  8 169.1698   2025.658327  x:  0.39546   0.00000   0.26223   0.28044   0.03621   0.03914   0.10183   0.03586   0.04415   0.06663   0.06615   0.20838   0.00000   0.26528   0.27733   0.00727   0.01826   0.10356   0.04237   0.01162   0.08472   0.04885   0.01017   9.53703   1.37441   0.81209   1.36774   0.93635  
  9 633.4578   2022.327547  x:  0.48963   0.00000   0.25455   0.28390   0.03216   0.03286   0.09700   0.02785   0.03772   0.04623   0.09743   0.17278   0.00000   0.25723   0.27542   0.00708   0.01745   0.09034   0.04908   0.01059   0.05633   0.04750   0.01076   9.53760   1.35638   0.83037   1.37781   0.93561  
 10 121.7322   2021.519208  x:  0.51683   0.00000   0.24865   0.28220   0.03658   0.03949   0.10300   0.03713   0.04300   0.04223   0.10527   0.16166   0.00000   0.25091   0.27272   0.00718   0.01720   0.10093   0.04130   0.01047   0.05122   0.04446   0.01092   9.53786   1.35110   0.83444   1.38193   0.93517  
 11 93.3772   2020.931239  x:  0.53888   0.00000   0.24022   0.27870   0.03302   0.03778   0.11416   0.03267   0.04009   0.04527   0.10646   0.15198   0.00000   0.24168   0.26950   0.00758   0.01859   0.12091   0.04036   0.01120   0.05600   0.05020   0.01117   9.53823   1.34691   0.83566   1.38709   0.93441  
 12 60.2941   2020.820250  x:  0.54227   0.00000   0.23743   0.27795   0.03571   0.03658   0.11680   0.03187   0.04152   0.04479   0.10434   0.15037   0.00000   0.23845   0.26970   0.00754   0.01788   0.12478   0.04615   0.01074   0.05546   0.04811   0.01146   9.53842   1.34643   0.83419   1.38927   0.93400  
 13 26.7446   2020.609973  x:  0.54382   0.00000   0.22997   0.27980   0.03482   0.03333   0.11998   0.03175   0.03984   0.04018   0.09694   0.14909   0.00000   0.22908   0.27795   0.00739   0.01767   0.12531   0.04350   0.01076   0.04881   0.04757   0.01109   9.53939   1.34714   0.82337   1.39892   0.93199  
 14 11.6177   2019.703351  x:  0.54718   0.00000   0.19674   0.29980   0.03415   0.04555   0.12599   0.02862   0.03841   0.04472   0.10147   0.14443   0.00000   0.18780   0.32734   0.00767   0.01852   0.11819   0.04587   0.01147   0.04551   0.04958   0.01117   9.54464   1.35112   0.76943   1.44826   0.92159  
 15 41.2614   2019.163210  x:  0.54731   0.00000   0.17566   0.31559   0.03311   0.03540   0.12449   0.03395   0.04450   0.04289   0.10897   0.14285   0.00000   0.16498   0.35468   0.00798   0.01920   0.11588   0.04570   0.01196   0.05295   0.05037   0.01137   9.54786   1.35248   0.74423   1.47494   0.91609  
 16 102.3614   2018.566185  x:  0.54159   0.00000   0.14345   0.34515   0.04649   0.03211   0.11136   0.03261   0.03755   0.03699   0.11293   0.14428   0.00000   0.14004   0.38104   0.00826   0.02018   0.12114   0.04277   0.01272   0.05802   0.05270   0.01123   9.55207   1.35118   0.73642   1.49839   0.91177  
 17 50.3618   2015.185607  x:  0.51365   0.00000   0.02359   0.46257   0.04051   0.03354   0.07198   0.03106   0.04601   0.03343   0.11707   0.15139   0.00000   0.05143   0.46931   0.00894   0.02184   0.14211   0.04544   0.01449   0.04954   0.05592   0.01138   9.56728   1.34458   0.73974   1.56716   0.90025  
 18 144.3552   2014.910899  x:  0.51046   0.00000   0.01287   0.47520   0.04052   0.03333   0.07080   0.03180   0.04578   0.03325   0.11765   0.15199   0.00000   0.03982   0.47837   0.00901   0.02206   0.14257   0.04585   0.01469   0.04908   0.05643   0.01139   9.56886   1.34407   0.74156   1.57322   0.89927  
 19 392.7725   2014.710576  x:  0.50748   0.00000   0.01330   0.48297   0.04025   0.03363   0.06639   0.03013   0.04770   0.03246   0.11787   0.15288   0.00000   0.02798   0.48207   0.00908   0.02220   0.14496   0.04547   0.01487   0.04835   0.05654   0.01138   9.57029   1.34329   0.74355   1.57888   0.89835  
 20 41.1776   2012.924462  x:  0.46952   0.00000   0.01825   0.50504   0.03837   0.03234   0.07955   0.04392   0.03950   0.03539   0.11935   0.15830   0.00000   0.02023   0.44939   0.01001   0.02414   0.13609   0.05260   0.01683   0.03993   0.06187   0.01141   9.58652   1.33615   0.77889   1.63454   0.88941  
 21 11.4335   2012.082805  x:  0.45256   0.00000   0.01760   0.51285   0.04098   0.03444   0.09421   0.03303   0.04881   0.02731   0.12003   0.15996   0.00000   0.02001   0.43725   0.01043   0.02507   0.12729   0.04865   0.01782   0.04196   0.06238   0.01115   9.59410   1.33757   0.79729   1.65370   0.88647  
 22 83.0426   2011.720721  x:  0.44862   0.00000   0.01728   0.50674   0.04636   0.02964   0.09607   0.02945   0.05237   0.03509   0.12189   0.15949   0.00000   0.01990   0.43983   0.01070   0.02571   0.12575   0.04526   0.01853   0.03632   0.06297   0.01103   9.59770   1.35078   0.80548   1.64784   0.88799  
 23 20.9679   2008.843326  x:  0.42716   0.00000   0.01708   0.43499   0.04582   0.03169   0.09441   0.03472   0.05116   0.02428   0.12742   0.15417   0.00000   0.01542   0.47714   0.01210   0.02837   0.12397   0.05097   0.02136   0.03264   0.06865   0.01115   9.62627   1.48419   0.86680   1.56681   0.90737  
 24 64.7137   2008.339413  x:  0.43380   0.00000   0.01708   0.46385   0.04522   0.03206   0.09537   0.03495   0.05124   0.02328   0.12799   0.14893   0.00000   0.01480   0.44343   0.01236   0.02886   0.12400   0.05149   0.02174   0.03010   0.06938   0.01115   9.63266   1.51668   0.83741   1.52708   0.92833  
 25 10.4560   2006.616752  x:  0.43527   0.00000   0.01785   0.43145   0.04668   0.03283   0.09745   0.03534   0.05250   0.02368   0.12870   0.13737   0.00000   0.01605   0.44514   0.01321   0.03075   0.11993   0.05296   0.02335   0.02843   0.07176   0.01089   9.66908   1.34525   0.76304   1.39110   1.07123  
 26  3.9006   2001.619078  x:  0.48194   0.00000   0.01882   0.39269   0.04674   0.03567   0.09563   0.03663   0.05486   0.02625   0.12757   0.08958   0.00000   0.02120   0.39523   0.01545   0.03522   0.11186   0.05521   0.02700   0.02776   0.07503   0.00930   9.78720   1.21847   0.71563   1.23837   0.81785  
 27  4.2637   1995.972119  x:  0.54383   0.00000   0.02071   0.35007   0.04777   0.03792   0.09258   0.03688   0.05678   0.02920   0.12754   0.03262   0.00000   0.02686   0.33784   0.01785   0.03977   0.10193   0.05627   0.03072   0.03190   0.07735   0.00698   9.91405   1.34585   0.79348   1.40507   0.91279  
 28  8.2552   1994.000458  x:  0.50357   0.00000   0.01772   0.36854   0.04422   0.04079   0.09502   0.03643   0.05384   0.04059   0.11216   0.03741   0.00000   0.01398   0.34183   0.01832   0.04029   0.08765   0.05409   0.03074   0.04892   0.07257   0.00568   9.90780   1.38135   0.81123   1.42570   0.93570  
 29  0.1091   1992.922296  x:  0.47265   0.00000   0.01935   0.36485   0.03484   0.04279   0.09338   0.03696   0.05114   0.04042   0.09675   0.03435   0.00000   0.02375   0.35660   0.01929   0.04049   0.08706   0.05175   0.03114   0.04640   0.06553   0.00604   9.84257   1.44070   0.86425   1.53806   0.94860  
 30  0.1287   1992.451406  x:  0.46314   0.00000   0.01802   0.36906   0.03487   0.04133   0.09186   0.03637   0.05107   0.03884   0.09730   0.02424   0.00000   0.01713   0.36124   0.02027   0.04101   0.09346   0.05070   0.03170   0.04437   0.06257   0.00686   9.81798   1.43506   0.86134   1.55464   0.94310  
 31  0.0528   1992.041458  x:  0.43145   0.00000   0.01946   0.38664   0.03854   0.03860   0.09167   0.03589   0.05015   0.03623   0.10517   0.02900   0.00000   0.01813   0.36696   0.02123   0.04084   0.09809   0.04979   0.03166   0.04299   0.06000   0.00802   9.78320   1.43922   0.85503   1.54334   0.95141  
 32  0.0680   1991.957586  x:  0.42491   0.00000   0.02021   0.38659   0.03960   0.03877   0.09147   0.03601   0.04990   0.03672   0.10720   0.02560   0.00000   0.02108   0.36612   0.02192   0.04111   0.09539   0.05000   0.03186   0.04378   0.06027   0.00768   9.78612   1.43411   0.84469   1.51713   0.94940  
 33  0.0427   1991.928142  x:  0.42226   0.00000   0.02070   0.38382   0.03874   0.03982   0.09050   0.03597   0.05031   0.03738   0.10649   0.02610   0.00000   0.02090   0.37076   0.02243   0.04070   0.09704   0.05054   0.03151   0.04358   0.06077   0.00705   9.79815   1.41952   0.83451   1.50471   0.94207  
 34  0.0227   1991.911580  x:  0.42385   0.00000   0.02079   0.38910   0.03839   0.03974   0.08972   0.03618   0.05086   0.03734   0.10605   0.02600   0.00000   0.02117   0.36786   0.02334   0.03989   0.09648   0.05083   0.03079   0.04331   0.06182   0.00675   9.81834   1.41821   0.83450   1.51052   0.94096  
 35  0.0087   1991.894639  x:  0.42303   0.00000   0.02056   0.38588   0.03901   0.03932   0.08993   0.03603   0.05108   0.03719   0.10608   0.02602   0.00000   0.02103   0.37051   0.02466   0.03879   0.09664   0.05089   0.02987   0.04380   0.06247   0.00702   9.83448   1.42747   0.83978   1.51473   0.94611  
 36  0.0104   1991.888858  x:  0.42261   0.00000   0.02050   0.38550   0.03888   0.03972   0.09072   0.03607   0.05049   0.03718   0.10602   0.02600   0.00000   0.02077   0.36857   0.02529   0.03835   0.09651   0.05052   0.02962   0.04362   0.06165   0.00712   9.82198   1.42246   0.83725   1.51026   0.94315  
 37  0.0070   1991.887230  x:  0.42480   0.00000   0.02060   0.38504   0.03875   0.03959   0.09044   0.03606   0.05043   0.03724   0.10650   0.02611   0.00000   0.02094   0.36871   0.02550   0.03832   0.09664   0.05047   0.02972   0.04358   0.06127   0.00710   9.81197   1.42284   0.83748   1.51013   0.94378  
 38  0.0056   1991.886004  x:  0.42389   0.00000   0.02055   0.38550   0.03872   0.03947   0.09040   0.03599   0.05048   0.03728   0.10636   0.02614   0.00000   0.02084   0.36914   0.02585   0.03855   0.09626   0.05053   0.03005   0.04352   0.06107   0.00707   9.80605   1.42377   0.83821   1.51149   0.94399  
 39  0.0024   1991.885577  x:  0.42428   0.00000   0.02050   0.38554   0.03878   0.03956   0.09047   0.03600   0.05051   0.03729   0.10622   0.02615   0.00000   0.02084   0.36879   0.02599   0.03864   0.09662   0.05062   0.03018   0.04362   0.06128   0.00710   9.81007   1.42321   0.83767   1.51055   0.94379  
 40  0.0031   1991.885536  x:  0.42441   0.00000   0.02050   0.38543   0.03880   0.03958   0.09046   0.03603   0.05051   0.03724   0.10625   0.02615   0.00000   0.02082   0.36892   0.02601   0.03866   0.09653   0.05057   0.03019   0.04360   0.06133   0.00710   9.81225   1.42287   0.83755   1.51061   0.94363  
 41  0.0024   1991.885532  x:  0.42438   0.00000   0.02051   0.38544   0.03878   0.03958   0.09046   0.03604   0.05051   0.03723   0.10623   0.02615   0.00000   0.02083   0.36890   0.02601   0.03867   0.09655   0.05053   0.03020   0.04360   0.06133   0.00710   9.81341   1.42299   0.83760   1.51064   0.94370  
 42  0.0009   1991.885531  x:  0.42438   0.00000   0.02051   0.38544   0.03879   0.03958   0.09046   0.03604   0.05051   0.03724   0.10623   0.02615   0.00000   0.02084   0.36890   0.02601   0.03868   0.09655   0.05053   0.03019   0.04360   0.06133   0.00710   9.81429   1.42297   0.83759   1.51063   0.94370  
 43  0.0004   1991.885531  x:  0.42438   0.00000   0.02051   0.38544   0.03879   0.03958   0.09046   0.03604   0.05051   0.03724   0.10623   0.02615   0.00000   0.02083   0.36890   0.02601   0.03868   0.09655   0.05053   0.03019   0.04360   0.06133   0.00710   9.81457   1.42298   0.83759   1.51064   0.94370  
 44  0.0001   1991.885531  x:  0.42438   0.00000   0.02051   0.38544   0.03879   0.03958   0.09046   0.03604   0.05051   0.03723   0.10623   0.02615   0.00000   0.02083   0.36890   0.02601   0.03868   0.09655   0.05053   0.03019   0.04360   0.06133   0.00710   9.81433   1.42297   0.83759   1.51063   0.94371  
 45  0.0001   1991.885531  x:  0.42438   0.00000   0.02051   0.38544   0.03879   0.03958   0.09046   0.03604   0.05051   0.03724   0.10623   0.02615   0.00000   0.02083   0.36890   0.02601   0.03868   0.09655   0.05053   0.03019   0.04360   0.06133   0.00710   9.81426   1.42297   0.83759   1.51063   0.94370  
 46  0.0001   1991.885531  x:  0.42438   0.00000   0.02051   0.38544   0.03879   0.03958   0.09046   0.03604   0.05051   0.03724   0.10623   0.02615   0.00000   0.02083   0.36890   0.02601   0.03868   0.09655   0.05053   0.03019   0.04360   0.06133   0.00710   9.81426   1.42297   0.83759   1.51063   0.94370  
 47  0.0000   1991.885531  x:  0.42438   0.00000   0.02051   0.38544   0.03879   0.03958   0.09046   0.03604   0.05051   0.03724   0.10623   0.02615   0.00000   0.02083   0.36890   0.02601   0.03868   0.09655   0.05053   0.03019   0.04360   0.06133   0.00710   9.81425   1.42297   0.83759   1.51063   0.94370  
 48  0.0000   1991.885531  x:  0.42438   0.00000   0.02051   0.38544   0.03879   0.03958   0.09046   0.03604   0.05051   0.03724   0.10623   0.02615   0.00000   0.02083   0.36890   0.02601   0.03868   0.09655   0.05053   0.03019   0.04360   0.06133   0.00710   9.81425   1.42297   0.83759   1.51063   0.94370  
 49  0.0000   1991.885531  x:  0.42438   0.00000   0.02051   0.38544   0.03879   0.03958   0.09046   0.03604   0.05051   0.03724   0.10623   0.02615   0.00000   0.02083   0.36890   0.02601   0.03868   0.09655   0.05053   0.03019   0.04360   0.06133   0.00710   9.81425   1.42297   0.83759   1.51063   0.94370  