

TREE # 1

  0  0.0000   2113.456673  x:  0.06807   0.00000   0.09659   0.01185   0.06492   0.05491   0.05794   0.06183   0.08521   0.06226   0.05714   0.13510   0.00021   0.07367   0.00857   0.05072   0.05265   0.06332   0.06122   0.06748   0.11498   0.06377   0.13987   0.08669   2.00000   1.73102   1.38359   1.85515   0.40000  
  1 99.0000   2112.982642  x:  0.06816   0.00070   0.09679   0.01187   0.06484   0.05480   0.05811   0.06173   0.08514   0.06234   0.05705   0.13516   0.00000   0.07403   0.00863   0.05064   0.05248   0.06343   0.06117   0.06760   0.11495   0.06375   0.13998   0.08678   2.00006   1.73101   1.38359   1.85516   0.40021  
  2 545.8631   2103.638353  x:  0.07255   0.00000   0.10622   0.01270   0.06107   0.04922   0.06646   0.05688   0.08204   0.06613   0.05209   0.13786   0.00000   0.09151   0.01199   0.04677   0.04441   0.06869   0.05892   0.07362   0.11328   0.06283   0.14533   0.09117   2.00300   1.73038   1.38359   1.85539   0.41042  
  3 600.1658   2103.638353  x:  0.07255   0.00000   0.10622   0.01270   0.06107   0.04922   0.06646   0.05688   0.08204   0.06613   0.05209   0.13786   0.00000   0.09151   0.01199   0.04677   0.04441   0.06869   0.05892   0.07362   0.11328   0.06283   0.14533   0.09117   2.00300   1.73038   1.38359   1.85539   0.41042  
  4 275.3149   2095.496300  x:  0.08250   0.08654   0.13062   0.01316   0.05145   0.03543   0.08396   0.04374   0.07422   0.07466   0.03909   0.14587   0.00000   0.12615   0.00935   0.03740   0.02339   0.08000   0.05345   0.08695   0.10882   0.06045   0.15854   0.10112   2.01150   1.72861   1.38362   1.85605   0.43816  
  5 443.7207   2087.063546  x:  0.08916   0.07034   0.15595   0.01308   0.04051   0.02392   0.10048   0.02690   0.06544   0.08347   0.02309   0.15298   0.00000   0.15923   0.03201   0.03188   0.00288   0.09061   0.04791   0.10097   0.10401   0.05418   0.17425   0.10778   2.02637   1.72538   1.38459   1.85668   0.47945  
  6 230.6642   2082.632757  x:  0.09518   0.05678   0.18119   0.01429   0.03333   0.02112   0.11557   0.01755   0.05910   0.09143   0.01490   0.15972   0.00000   0.19167   0.03118   0.03222   0.02585   0.10000   0.04573   0.11506   0.10093   0.04510   0.18933   0.11381   2.04400   1.72169   1.38585   1.85729   0.52405  
  7 395.1760   2077.322092  x:  0.10010   0.04007   0.20923   0.01535   0.03703   0.03181   0.12916   0.03407   0.05866   0.09795   0.03177   0.16610   0.00000   0.22575   0.00886   0.03309   0.02129   0.10629   0.04585   0.12590   0.09767   0.04098   0.20504   0.11872   2.07057   1.71630   1.38794   1.85791   0.58314  
  8 308.9923   2074.402222  x:  0.09662   0.03883   0.21704   0.00518   0.05172   0.03259   0.12083   0.03224   0.07175   0.09032   0.02697   0.16442   0.00000   0.23571   0.00737   0.04359   0.02214   0.09714   0.05335   0.11912   0.10278   0.06218   0.20730   0.11524   2.10712   1.70979   1.39144   1.85767   0.63837  
  9 118.0561   2072.965058  x:  0.09343   0.03890   0.21998   0.01915   0.05921   0.03146   0.11260   0.03054   0.07938   0.08436   0.02436   0.16218   0.00000   0.23938   0.00736   0.04764   0.02269   0.08964   0.05706   0.11213   0.10636   0.07387   0.20712   0.11205   2.13652   1.70474   1.39423   1.85736   0.67883  
 10 411.5313   2069.168478  x:  0.08572   0.04139   0.21012   0.01629   0.04552   0.02267   0.08988   0.03050   0.07583   0.07367   0.02539   0.15280   0.00000   0.22617   0.00215   0.02982   0.02416   0.07682   0.04976   0.09050   0.10905   0.06604   0.19680   0.10434   2.21608   1.69239   1.40138   1.85579   0.76426  
 11 166.1843   2067.885462  x:  0.08319   0.04593   0.20406   0.01479   0.04026   0.02603   0.08206   0.03585   0.07336   0.07135   0.03054   0.14874   0.00000   0.21796   0.01260   0.02554   0.02758   0.07370   0.04709   0.08289   0.10951   0.06104   0.19138   0.10181   2.25590   1.68647   1.40473   1.85504   0.80361  
 12 550.2469   2064.505349  x:  0.08261   0.05275   0.17558   0.01481   0.03552   0.03833   0.08281   0.03231   0.06287   0.08091   0.02345   0.14124   0.00000   0.17952   0.01196   0.04630   0.02235   0.08443   0.04768   0.08455   0.10569   0.04449   0.17321   0.10123   2.36313   1.67206   1.41259   1.85306   0.88429  
 13 216.3129   2062.494466  x:  0.08671   0.05429   0.15611   0.01454   0.04569   0.02534   0.09685   0.02969   0.06269   0.08749   0.03250   0.14287   0.00000   0.15274   0.01361   0.03791   0.02487   0.09297   0.04944   0.09709   0.10186   0.04891   0.16518   0.10533   2.44105   1.66321   1.41700   1.85166   0.92119  
 14 176.3676   2061.301994  x:  0.09063   0.05379   0.14897   0.01527   0.04245   0.03493   0.10442   0.03361   0.06705   0.08631   0.02287   0.15041   0.00000   0.14384   0.01227   0.02553   0.02560   0.09264   0.04836   0.10313   0.10082   0.05709   0.16729   0.10925   2.50402   1.65792   1.41903   1.85054   0.92727  
 15 106.6159   2057.054101  x:  0.10050   0.05228   0.14450   0.01542   0.01947   0.03161   0.11068   0.03196   0.07432   0.07444   0.03204   0.18121   0.00000   0.14061   0.01121   0.03898   0.02470   0.08034   0.04313   0.10700   0.10345   0.06558   0.18695   0.11912   2.75953   1.64004   1.42423   1.84609   0.91062  
 16 170.4470   2048.643953  x:  0.11091   0.04976   0.14992   0.01372   0.05718   0.03173   0.10041   0.02731   0.06595   0.06696   0.02743   0.23458   0.00000   0.15719   0.01269   0.04185   0.02180   0.06641   0.03717   0.09444   0.10788   0.03614   0.22804   0.12953   3.38373   1.59881   1.43464   1.83531   0.85185  
 17 692.1713   2042.414755  x:  0.09591   0.04551   0.17043   0.01384   0.05161   0.02481   0.08109   0.03643   0.05002   0.09158   0.02494   0.23036   0.00000   0.18468   0.01086   0.03582   0.02190   0.10108   0.07144   0.08411   0.10830   0.05179   0.23280   0.11453   3.84735   1.57166   1.43829   1.82789   0.79868  
 18 559.4442   2037.744295  x:  0.07549   0.04331   0.19774   0.01339   0.04954   0.03362   0.08974   0.02271   0.07519   0.10139   0.03210   0.17761   0.00000   0.21218   0.00950   0.03196   0.02104   0.10953   0.05169   0.09770   0.10413   0.05380   0.20785   0.09411   4.16423   1.55859   1.43446   1.82398   0.75778  
 19 343.0700   2036.414735  x:  0.07693   0.04192   0.20750   0.01362   0.04983   0.02514   0.09803   0.03700   0.07497   0.09757   0.02386   0.15167   0.00000   0.22139   0.00987   0.03633   0.02161   0.10438   0.04621   0.10328   0.10396   0.05401   0.19497   0.09555   4.25935   1.55730   1.43032   1.82345   0.74535  
 20 265.7491   2035.878418  x:  0.08538   0.04092   0.21282   0.01358   0.04981   0.02881   0.10140   0.03259   0.06774   0.09170   0.02623   0.13685   0.00000   0.22539   0.00952   0.03456   0.02101   0.09755   0.05378   0.10495   0.10498   0.05514   0.18619   0.10400   4.29732   1.56043   1.42444   1.82431   0.74077  
 21 87.4089   2035.619971  x:  0.08894   0.03988   0.21660   0.01368   0.05086   0.02939   0.09809   0.03208   0.06525   0.09226   0.02657   0.14236   0.00000   0.22618   0.00903   0.03516   0.02139   0.10042   0.04750   0.10303   0.10508   0.05916   0.17447   0.10756   4.31775   1.58357   1.39656   1.83082   0.74244  
 22 13.8579   2035.324960  x:  0.08718   0.03975   0.21807   0.01350   0.04967   0.02798   0.09980   0.03297   0.07137   0.09119   0.02553   0.14606   0.00000   0.22562   0.00952   0.03435   0.02085   0.09894   0.05464   0.10313   0.10454   0.05367   0.16990   0.10580   4.34222   1.61618   1.35791   1.84022   0.74571  
 23 47.1587   2035.135135  x:  0.08358   0.03996   0.21482   0.01350   0.05019   0.02870   0.10118   0.03242   0.06636   0.09207   0.02596   0.14062   0.00000   0.22373   0.00922   0.03457   0.02096   0.09637   0.05312   0.10406   0.10452   0.05606   0.18070   0.10220   4.35827   1.63933   1.33176   1.84751   0.74831  
 24 33.8067   2035.108362  x:  0.08563   0.03982   0.21347   0.01351   0.05009   0.02842   0.09956   0.03251   0.06860   0.09219   0.02593   0.13814   0.00000   0.22369   0.00918   0.03457   0.02099   0.09864   0.05259   0.10314   0.10425   0.05576   0.18365   0.10425   4.36073   1.64272   1.32949   1.84919   0.74879  
 25  8.3455   2034.532076  x:  0.08416   0.03623   0.18794   0.01363   0.05048   0.02900   0.10368   0.03202   0.06665   0.08192   0.02688   0.13962   0.00000   0.24336   0.00884   0.03496   0.02043   0.10411   0.05257   0.10275   0.09811   0.05634   0.18023   0.10278   4.42282   1.70904   1.38542   1.92017   0.76369  
 26  2.3073   2033.443892  x:  0.08849   0.02988   0.17677   0.01303   0.04814   0.02753   0.10084   0.03266   0.06976   0.10576   0.02646   0.14102   0.00000   0.24906   0.00844   0.03373   0.01878   0.08974   0.05271   0.10794   0.11153   0.05560   0.17947   0.10711   4.54664   1.83765   1.49881   2.06119   0.79322  
 27 91.0456   2031.638640  x:  0.08785   0.02151   0.21675   0.01267   0.04904   0.02670   0.10208   0.03206   0.06780   0.09317   0.02436   0.14248   0.00000   0.21078   0.00874   0.03389   0.01692   0.09758   0.05262   0.11010   0.10578   0.05431   0.19140   0.10647   4.74977   2.04058   1.68201   2.28917   0.84123  
 28 144.5667   2031.553206  x:  0.08852   0.02092   0.21763   0.01266   0.04891   0.02661   0.10642   0.03160   0.06840   0.09658   0.02424   0.14252   0.00000   0.20989   0.00868   0.03432   0.01731   0.09553   0.05256   0.10301   0.09958   0.05532   0.19160   0.10714   4.75890   2.04004   1.68265   2.29420   0.84329  
 29  7.6589   2027.832165  x:  0.09299   0.00000   0.20768   0.01171   0.04859   0.02560   0.11302   0.03056   0.06686   0.09331   0.02330   0.15181   0.00000   0.20643   0.00864   0.03400   0.01352   0.09744   0.05096   0.10529   0.10697   0.05422   0.19257   0.11161   5.10895   1.79676   1.52400   2.35941   0.92706  
 30  9.8365   2027.651996  x:  0.09380   0.00000   0.20697   0.01161   0.04863   0.02518   0.10582   0.03102   0.06668   0.09451   0.02296   0.15283   0.00000   0.20650   0.00872   0.03427   0.01336   0.09354   0.05170   0.11270   0.09621   0.05461   0.19270   0.11241   5.13496   1.78443   1.51471   2.35184   0.93354  
 31 27.8970   2024.168022  x:  0.10184   0.00000   0.19512   0.01093   0.04891   0.02538   0.11742   0.02852   0.06454   0.09289   0.02266   0.16682   0.00000   0.20352   0.00809   0.03553   0.00790   0.09593   0.05055   0.11596   0.10182   0.05498   0.19899   0.12046   5.64670   1.68552   1.39432   1.90825   1.06812  
 32 22.4068   2021.920654  x:  0.08743   0.00000   0.20246   0.01062   0.04543   0.03011   0.10038   0.03335   0.07227   0.08602   0.02758   0.15752   0.00000   0.18239   0.01054   0.03823   0.01913   0.08954   0.04969   0.10303   0.10314   0.05639   0.19100   0.10603   6.58747   1.66683   1.39607   1.92441   1.10962  
 33  0.4532   2021.076750  x:  0.09554   0.00000   0.19148   0.01110   0.04314   0.02788   0.10169   0.03073   0.06723   0.08561   0.02475   0.16973   0.00000   0.19761   0.00972   0.03470   0.01611   0.08764   0.05047   0.10144   0.10504   0.05650   0.19974   0.11414   7.37164   1.71125   1.42658   1.99948   1.08182  
 34  0.3857   2020.844054  x:  0.09293   0.00000   0.19580   0.01172   0.04320   0.02787   0.10282   0.03031   0.06842   0.08853   0.02473   0.16285   0.00000   0.19316   0.00987   0.03598   0.01422   0.09056   0.04912   0.10530   0.10394   0.05446   0.19574   0.11152   7.71902   1.68357   1.40685   1.93459   1.05390  
 35  0.2255   2020.816876  x:  0.09295   0.00000   0.19614   0.01177   0.04413   0.02825   0.10369   0.03094   0.06861   0.08749   0.02523   0.16382   0.00000   0.19024   0.00991   0.03673   0.01413   0.09040   0.05003   0.10537   0.10394   0.05555   0.19623   0.11154   7.78990   1.68510   1.40874   1.95591   1.04033  
 36  0.0704   2020.814407  x:  0.09314   0.00000   0.19477   0.01151   0.04436   0.02826   0.10373   0.03120   0.06844   0.08762   0.02544   0.16387   0.00000   0.19072   0.00993   0.03636   0.01431   0.09031   0.05004   0.10522   0.10390   0.05545   0.19579   0.11173   7.79234   1.68407   1.40730   1.95284   1.03597  
 37  0.0052   2020.814223  x:  0.09320   0.00000   0.19468   0.01144   0.04442   0.02827   0.10364   0.03116   0.06847   0.08760   0.02535   0.16383   0.00000   0.19031   0.00991   0.03635   0.01428   0.09027   0.05001   0.10520   0.10394   0.05547   0.19565   0.11179   7.78502   1.68475   1.40793   1.95331   1.03582  
 38  0.0062   2020.814213  x:  0.09319   0.00000   0.19465   0.01144   0.04443   0.02827   0.10365   0.03115   0.06849   0.08760   0.02537   0.16385   0.00000   0.19031   0.00991   0.03636   0.01427   0.09028   0.05001   0.10520   0.10394   0.05549   0.19563   0.11179   7.78248   1.68428   1.40760   1.95294   1.03581  
 39  0.0024   2020.814212  x:  0.09319   0.00000   0.19465   0.01144   0.04442   0.02827   0.10365   0.03115   0.06849   0.08760   0.02538   0.16385   0.00000   0.19031   0.00990   0.03636   0.01426   0.09028   0.05001   0.10520   0.10394   0.05548   0.19563   0.11178   7.78175   1.68440   1.40769   1.95303   1.03572  
 40  0.0006   2020.814212  x:  0.09319   0.00000   0.19465   0.01144   0.04442   0.02827   0.10365   0.03115   0.06848   0.08760   0.02538   0.16385   0.00000   0.19031   0.00990   0.03636   0.01426   0.09028   0.05001   0.10520   0.10394   0.05548   0.19564   0.11178   7.78171   1.68437   1.40767   1.95300   1.03570  
 41  0.0001   2020.814212  x:  0.09319   0.00000   0.19465   0.01144   0.04442   0.02827   0.10365   0.03115   0.06848   0.08760   0.02538   0.16385   0.00000   0.19031   0.00990   0.03636   0.01426   0.09028   0.05001   0.10520   0.10394   0.05548   0.19564   0.11178   7.78171   1.68437   1.40767   1.95300   1.03570  
 42  0.0000   2020.814212  x:  0.09319   0.00000   0.19465   0.01144   0.04442   0.02827   0.10365   0.03115   0.06849   0.08760   0.02538   0.16385   0.00000   0.19031   0.00990   0.03636   0.01426   0.09028   0.05001   0.10520   0.10394   0.05548   0.19564   0.11178   7.78171   1.68437   1.40767   1.95300   1.03570  
 43  0.0000   2020.814212  x:  0.09319   0.00000   0.19465   0.01144   0.04442   0.02827   0.10365   0.03115   0.06849   0.08760   0.02538   0.16385   0.00000   0.19031   0.00990   0.03636   0.01426   0.09028   0.05001   0.10520   0.10394   0.05548   0.19564   0.11178   7.78171   1.68437   1.40767   1.95300   1.03570  