

TREE # 1

  0  0.0000   2261.985260  x:  0.00000   0.04927   0.06465   0.03019   0.08133   0.09858   0.05234   0.05943   0.11056   0.04429   0.11671   0.02526   0.05959   0.02284   0.02329   0.06992   0.08260   0.03885   0.07624   0.06495   0.09389   0.11497   0.08163   2.00000   1.44283   1.10400   1.30539   0.40000  
  1 99.0000   2217.550800  x:  0.09420   0.17140   0.04459   0.04838   0.05258   0.11083   0.03992   0.05712   0.12520   0.08736   0.15545   0.01100   0.15764   0.04921   0.03520   0.04495   0.09892   0.01342   0.07484   0.09017   0.06391   0.17439   0.17636   2.01520   1.44256   1.09778   1.31069   0.45602  
  2 616.4221   2203.137066  x:  0.03433   0.18834   0.02241   0.04056   0.02590   0.12043   0.03948   0.05952   0.13520   0.08234   0.17807   0.00191   0.18190   0.02604   0.02827   0.02741   0.11022   0.05282   0.07188   0.09464   0.02803   0.21127   0.21196   2.04160   1.44208   1.09001   1.31716   0.52738  
  3 230.1776   2196.355715  x:  0.00000   0.19579   0.02649   0.03946   0.02771   0.12408   0.04004   0.06072   0.13960   0.08018   0.18841   0.01881   0.19332   0.02717   0.02893   0.03000   0.11367   0.04967   0.07176   0.09592   0.02714   0.22839   0.22841   2.05778   1.44176   1.08557   1.32101   0.56551  
  4 379.2612   2189.123027  x:  0.00000   0.20534   0.04293   0.03827   0.04022   0.13033   0.04168   0.06265   0.14812   0.07002   0.21061   0.00000   0.21200   0.03437   0.03176   0.04022   0.11824   0.02654   0.07220   0.09584   0.04264   0.26488   0.26116   2.10434   1.44081   1.07390   1.33135   0.66373  
  5 404.0490   2187.389619  x:  0.00000   0.20190   0.03464   0.04150   0.03571   0.12667   0.03887   0.05971   0.14528   0.06918   0.20971   0.00025   0.20913   0.03289   0.03165   0.03473   0.11355   0.01151   0.07207   0.09335   0.04243   0.26540   0.26033   2.12536   1.44041   1.07050   1.33472   0.68965  
  6 120.1104   2182.357250  x:  0.00000   0.18591   0.01908   0.05813   0.03446   0.10514   0.03152   0.04814   0.12659   0.07469   0.19425   0.00196   0.18861   0.04424   0.04041   0.02928   0.08879   0.02304   0.07201   0.08241   0.05556   0.24961   0.24216   2.22181   1.43878   1.05701   1.34871   0.78360  
  7 189.2260   2177.321707  x:  0.00000   0.16732   0.04380   0.06181   0.02731   0.08953   0.04291   0.05148   0.10878   0.08316   0.17240   0.00099   0.16178   0.03345   0.03344   0.02851   0.07578   0.02452   0.07275   0.07730   0.03978   0.22175   0.21309   2.33808   1.43719   1.04287   1.36393   0.87573  
  8 329.0610   2173.676762  x:  0.00000   0.15147   0.03072   0.04773   0.04293   0.09912   0.04450   0.06083   0.10882   0.08000   0.15949   0.00060   0.14343   0.02504   0.02539   0.03984   0.09339   0.02382   0.07358   0.08409   0.03271   0.19684   0.18689   2.43367   1.43638   1.03382   1.37470   0.92880  
  9 240.9884   2171.656949  x:  0.00000   0.14062   0.03342   0.03441   0.02964   0.11186   0.04250   0.06305   0.11904   0.07127   0.15814   0.00223   0.13599   0.02994   0.02935   0.03202   0.10665   0.02498   0.07238   0.09029   0.04220   0.18396   0.17163   2.49949   1.43628   1.02990   1.38049   0.94817  
 10 183.4128   2168.909287  x:  0.00000   0.12571   0.04016   0.05606   0.03461   0.12556   0.03543   0.05000   0.14827   0.05931   0.17381   0.00211   0.13939   0.02547   0.03377   0.02821   0.10617   0.02625   0.06952   0.08906   0.03394   0.17972   0.16183   2.64469   1.43767   1.02826   1.38798   0.94280  
 11 101.6581   2162.409031  x:  0.00000   0.11351   0.02771   0.05455   0.01996   0.12582   0.06026   0.05543   0.17847   0.06836   0.20431   0.00186   0.15030   0.03572   0.01862   0.05064   0.08552   0.02534   0.06929   0.07675   0.03496   0.19088   0.16480   3.02730   1.44232   1.02806   1.40451   0.90839  
 12 278.9042   2153.848911  x:  0.00000   0.12056   0.02519   0.02561   0.04044   0.10968   0.06877   0.06897   0.18535   0.08825   0.22656   0.00271   0.15796   0.02161   0.04227   0.03059   0.07122   0.02398   0.07363   0.07386   0.03893   0.21195   0.18209   3.54863   1.44915   1.02963   1.42573   0.85869  
 13 797.6790   2143.923144  x:  0.00000   0.15215   0.03637   0.03312   0.04172   0.08771   0.03226   0.07045   0.14646   0.09750   0.21883   0.00283   0.15591   0.04145   0.02736   0.02527   0.11421   0.02393   0.07719   0.09313   0.03233   0.23782   0.21322   4.16376   1.45829   1.03401   1.44844   0.80605  
 14 728.5232   2141.197125  x:  0.00000   0.17127   0.03609   0.04311   0.03269   0.10114   0.03708   0.06010   0.12262   0.08818   0.20207   0.00393   0.15966   0.02577   0.03794   0.03820   0.12251   0.02354   0.07555   0.09845   0.04157   0.24228   0.22541   4.33290   1.46186   1.03749   1.45216   0.79149  
 15 379.1995   2140.367701  x:  0.00000   0.18081   0.03583   0.04286   0.03730   0.11406   0.04470   0.05658   0.11450   0.07669   0.18776   0.00422   0.16547   0.03193   0.03367   0.03179   0.11688   0.02378   0.07106   0.09658   0.03926   0.24088   0.23014   4.38553   1.46418   1.04077   1.45066   0.78866  
 16 126.5927   2140.098882  x:  0.00000   0.18629   0.03694   0.04011   0.03663   0.11745   0.03726   0.06011   0.11696   0.07201   0.17826   0.00418   0.17074   0.03152   0.03250   0.03431   0.11011   0.02386   0.07132   0.09364   0.03838   0.23780   0.23173   4.40268   1.46625   1.04415   1.44727   0.78923  
 17 46.5988   2139.984218  x:  0.00000   0.19070   0.03622   0.04280   0.03668   0.11528   0.03957   0.06219   0.12340   0.07350   0.17171   0.00425   0.17499   0.03145   0.03283   0.03333   0.11149   0.02388   0.07371   0.09430   0.03952   0.23295   0.23141   4.41149   1.46953   1.04947   1.44079   0.79274  
 18 18.1453   2139.916624  x:  0.00000   0.19309   0.03640   0.04048   0.03674   0.11405   0.03979   0.05781   0.12485   0.07548   0.17175   0.00406   0.17749   0.03235   0.03391   0.03473   0.11211   0.02352   0.07242   0.09461   0.03813   0.22897   0.23018   4.41709   1.47345   1.05567   1.43286   0.79581  
 19 15.4458   2139.834870  x:  0.00000   0.19508   0.03671   0.04090   0.03726   0.11452   0.03900   0.05841   0.12279   0.07635   0.17628   0.00437   0.17926   0.03064   0.03138   0.03377   0.11204   0.02381   0.07041   0.09430   0.04048   0.22522   0.22841   4.42393   1.48018   1.06596   1.41933   0.79918  
 20 19.0932   2139.769372  x:  0.00000   0.19520   0.03642   0.04210   0.03695   0.11545   0.03915   0.06162   0.12038   0.07512   0.17965   0.00430   0.17861   0.03226   0.03392   0.03424   0.11182   0.02358   0.07158   0.09443   0.03877   0.22423   0.22733   4.42959   1.48639   1.07490   1.40719   0.80171  
 21 29.1391   2139.707816  x:  0.00000   0.19296   0.03658   0.04120   0.03711   0.11504   0.03936   0.05968   0.12110   0.07328   0.17811   0.00446   0.17448   0.03185   0.03274   0.03404   0.11163   0.02380   0.07576   0.09449   0.03918   0.22942   0.22869   4.43474   1.49322   1.08306   1.39494   0.80253  
 22 12.5170   2139.673653  x:  0.00000   0.19035   0.03659   0.04151   0.03707   0.11517   0.03929   0.06034   0.12227   0.07436   0.17541   0.00442   0.17229   0.03185   0.03332   0.03423   0.11212   0.02370   0.07175   0.09446   0.03922   0.23314   0.22996   4.43787   1.49694   1.08597   1.38938   0.80299  
 23 10.2188   2139.527077  x:  0.00000   0.17837   0.03710   0.04157   0.03721   0.11770   0.03827   0.06008   0.11827   0.07904   0.17188   0.00410   0.18181   0.03203   0.03355   0.03365   0.11359   0.02362   0.07431   0.09478   0.03952   0.23367   0.23211   4.45568   1.50990   1.07797   1.38436   0.80627  
 24  2.6640   2138.971106  x:  0.00000   0.17453   0.03667   0.04031   0.03789   0.10504   0.04055   0.06073   0.11792   0.06552   0.17311   0.00496   0.18661   0.03107   0.03367   0.03551   0.11545   0.02341   0.06982   0.09621   0.04012   0.22952   0.23489   4.52269   1.54995   1.04524   1.37684   0.81817  
 25 18.4998   2137.945601  x:  0.00000   0.18726   0.03716   0.04190   0.03942   0.11720   0.03879   0.05981   0.12456   0.07505   0.17822   0.00632   0.16798   0.03313   0.03252   0.03642   0.11166   0.02291   0.07267   0.09287   0.04026   0.22589   0.23221   4.65283   1.61282   0.99159   1.37103   0.84818  
 26 70.4380   2134.067128  x:  0.00000   0.18553   0.03862   0.04287   0.04559   0.11654   0.03890   0.06049   0.12534   0.07519   0.17615   0.00988   0.18320   0.03578   0.03069   0.04333   0.10609   0.02142   0.07176   0.10696   0.04220   0.26605   0.16735   5.13729   1.61129   1.03828   1.44870   0.96685  
 27 26.3077   2129.824094  x:  0.00000   0.15591   0.04123   0.04256   0.05127   0.11863   0.04000   0.06010   0.13113   0.07409   0.18137   0.01489   0.16755   0.03887   0.03283   0.04816   0.12234   0.02006   0.07365   0.06950   0.04349   0.23968   0.20349   5.66556   1.58389   1.11241   1.53889   1.09309  
 28 203.4798   2129.077382  x:  0.00000   0.14619   0.04133   0.04310   0.05244   0.12058   0.03959   0.06013   0.13375   0.07490   0.18353   0.01581   0.16048   0.03947   0.03076   0.05014   0.11252   0.01986   0.07309   0.09094   0.04422   0.22825   0.22002   5.76629   1.57601   1.12649   1.55486   1.11791  
 29 148.7273   2128.549995  x:  0.00000   0.14623   0.04160   0.04273   0.05254   0.12059   0.03951   0.06025   0.13390   0.07359   0.18416   0.01592   0.16304   0.03957   0.03114   0.05007   0.11313   0.01964   0.07318   0.09075   0.04471   0.22878   0.21925   5.86800   1.43538   1.04695   1.43437   1.13258  
 30  3.7175   2125.012341  x:  0.00000   0.17761   0.04074   0.03382   0.03757   0.12798   0.04062   0.05931   0.14342   0.06189   0.19430   0.00845   0.17256   0.03135   0.03886   0.03516   0.11062   0.01769   0.07061   0.09410   0.04904   0.23343   0.22155   7.10605   1.53164   1.05662   1.44797   1.26153  
 31  1.1099   2123.822524  x:  0.00000   0.15938   0.03822   0.04377   0.03940   0.12057   0.04172   0.06005   0.14178   0.07954   0.19454   0.01075   0.17613   0.03269   0.03315   0.03854   0.10722   0.02022   0.07250   0.09115   0.04135   0.23997   0.22366   7.94167   1.53997   1.06593   1.45784   1.32210  
 32  0.5108   2123.471403  x:  0.00000   0.16343   0.03559   0.04038   0.03830   0.11812   0.04055   0.05937   0.13933   0.07133   0.19404   0.00727   0.17120   0.03515   0.03259   0.03792   0.10580   0.02179   0.07278   0.08956   0.04305   0.23988   0.22338   8.50256   1.52559   1.06376   1.46143   1.32076  
 33  0.2765   2123.291826  x:  0.00000   0.16202   0.03735   0.03874   0.03961   0.12045   0.04210   0.06023   0.13932   0.07242   0.19256   0.00845   0.17408   0.03282   0.03359   0.03914   0.10840   0.02102   0.07139   0.09028   0.03919   0.23574   0.22135   8.79741   1.52890   1.06345   1.46107   1.26428  
 34  0.1156   2123.251767  x:  0.00000   0.16157   0.03788   0.04008   0.04007   0.12078   0.04132   0.06000   0.14041   0.07281   0.19323   0.00814   0.17243   0.03332   0.03361   0.03902   0.10777   0.02077   0.07217   0.09088   0.04230   0.23627   0.22089   8.84621   1.53018   1.06247   1.46147   1.23796  
 35  0.0458   2123.249216  x:  0.00000   0.16164   0.03774   0.04021   0.03959   0.12037   0.04124   0.05992   0.14046   0.07277   0.19308   0.00847   0.17155   0.03344   0.03330   0.03858   0.10730   0.02066   0.07233   0.09079   0.04214   0.23638   0.22112   8.83629   1.52806   1.06242   1.46217   1.23574  
 36  0.0077   2123.248995  x:  0.00000   0.16141   0.03767   0.04012   0.03944   0.12036   0.04128   0.05991   0.14052   0.07273   0.19323   0.00849   0.17192   0.03352   0.03336   0.03852   0.10740   0.02068   0.07225   0.09074   0.04217   0.23645   0.22110   8.83460   1.52819   1.06226   1.46197   1.23505  
 37  0.0017   2123.248978  x:  0.00000   0.16152   0.03764   0.04013   0.03943   0.12038   0.04129   0.05990   0.14051   0.07273   0.19323   0.00851   0.17193   0.03353   0.03337   0.03855   0.10739   0.02069   0.07224   0.09073   0.04219   0.23638   0.22110   8.83453   1.52830   1.06235   1.46195   1.23497  
 38  0.0002   2123.248978  x:  0.00000   0.16151   0.03763   0.04013   0.03943   0.12039   0.04129   0.05990   0.14051   0.07273   0.19323   0.00852   0.17192   0.03353   0.03337   0.03855   0.10739   0.02070   0.07225   0.09073   0.04219   0.23641   0.22110   8.83499   1.52832   1.06233   1.46195   1.23501  
 39  0.0004   2123.248978  x:  0.00000   0.16151   0.03763   0.04013   0.03943   0.12039   0.04129   0.05990   0.14051   0.07273   0.19323   0.00852   0.17192   0.03353   0.03337   0.03855   0.10739   0.02070   0.07224   0.09073   0.04219   0.23641   0.22110   8.83520   1.52832   1.06233   1.46196   1.23502  
 40  0.0001   2123.248978  x:  0.00000   0.16151   0.03763   0.04013   0.03943   0.12039   0.04129   0.05990   0.14051   0.07273   0.19323   0.00852   0.17192   0.03353   0.03337   0.03855   0.10739   0.02070   0.07224   0.09073   0.04219   0.23641   0.22110   8.83521   1.52832   1.06233   1.46196   1.23502  
 41  0.0000   2123.248978  x:  0.00000   0.16151   0.03763   0.04013   0.03943   0.12039   0.04129   0.05990   0.14051   0.07273   0.19323   0.00852   0.17192   0.03353   0.03337   0.03855   0.10739   0.02070   0.07224   0.09073   0.04219   0.23641   0.22110   8.83521   1.52832   1.06233   1.46196   1.23502  

TREE # 2

  0  0.0000   2136.710312  x:  0.20419   0.00742   0.23885   0.10104   0.05848   0.02164   0.10177   0.01182   0.08259   0.02650   0.07684   0.05201   0.00000   0.20133   0.09751   0.07015   0.01600   0.11787   0.04150   0.05946   0.04544   0.08838   0.06249   8.83521   1.41329   1.03125   1.33260   1.23502  
  1 99.0000   2136.709123  x:  0.20419   0.00742   0.23885   0.10104   0.05848   0.02164   0.10177   0.01182   0.08259   0.02650   0.07684   0.05201   0.00000   0.20133   0.09751   0.07015   0.01601   0.11787   0.04150   0.05946   0.04544   0.08838   0.06249   8.83521   1.41329   1.03125   1.33260   1.23502  
  2 334.5418   2133.437196  x:  0.20701   0.00829   0.23926   0.11565   0.05264   0.02787   0.09943   0.00397   0.08039   0.03263   0.08587   0.03762   0.00000   0.20128   0.11087   0.07191   0.02079   0.12268   0.04166   0.05931   0.04228   0.09694   0.05438   8.83517   1.41406   1.03035   1.33399   1.23526  
  3 246.5096   2130.698494  x:  0.21039   0.00580   0.23969   0.13186   0.04600   0.02924   0.09676   0.00751   0.07795   0.03598   0.09543   0.02115   0.00000   0.20111   0.12572   0.07313   0.01069   0.12808   0.04112   0.05913   0.03913   0.10645   0.04509   8.83512   1.41506   1.02926   1.33579   1.23567  
  4 464.5996   2130.036198  x:  0.21260   0.00565   0.23982   0.13911   0.04426   0.01994   0.09524   0.00811   0.07648   0.02980   0.09822   0.02131   0.00000   0.20061   0.13297   0.07317   0.01299   0.13103   0.04092   0.05952   0.03943   0.11023   0.04227   8.83506   1.41601   1.02839   1.33740   1.23619  
  5 96.6985   2129.850740  x:  0.21449   0.00718   0.23980   0.14362   0.04533   0.02166   0.09417   0.00831   0.07536   0.02710   0.09874   0.02652   0.00000   0.19988   0.13760   0.07257   0.01184   0.13303   0.04061   0.06002   0.04068   0.11201   0.04254   8.83499   1.41712   1.02745   1.33921   1.23680  
  6 50.3024   2129.806624  x:  0.21527   0.00525   0.23972   0.14476   0.04611   0.02191   0.09383   0.00831   0.07515   0.02729   0.09828   0.02756   0.00000   0.19944   0.13895   0.07222   0.01199   0.13366   0.04052   0.06021   0.04121   0.11221   0.04324   8.83495   1.41774   1.02697   1.34021   1.23716  
  7 36.2954   2129.744897  x:  0.21751   0.00588   0.23942   0.14652   0.04833   0.02063   0.09321   0.00830   0.07518   0.02951   0.09575   0.02728   0.00000   0.19796   0.14140   0.07108   0.01178   0.13497   0.04033   0.06057   0.04232   0.11161   0.04577   8.83482   1.41993   1.02539   1.34366   1.23845  
  8 25.3419   2129.688500  x:  0.22022   0.00593   0.23889   0.14702   0.04908   0.02169   0.09310   0.00829   0.07558   0.02728   0.09260   0.02521   0.00000   0.19586   0.14274   0.07026   0.01205   0.13591   0.04037   0.06049   0.04204   0.10994   0.04663   8.83459   1.42361   1.02296   1.34940   1.24065  
  9 21.2296   2129.564414  x:  0.22606   0.00586   0.23741   0.14633   0.04578   0.02155   0.09360   0.00825   0.07649   0.02881   0.08991   0.02705   0.00000   0.19097   0.14341   0.07050   0.01198   0.13684   0.04084   0.05951   0.03938   0.10667   0.04319   8.83387   1.43510   1.01606   1.36701   1.24752  
 10 27.0365   2129.361547  x:  0.23074   0.00599   0.23551   0.14349   0.04598   0.02178   0.09445   0.00837   0.07584   0.02857   0.09743   0.02618   0.00000   0.18695   0.14016   0.07331   0.01220   0.13521   0.04046   0.06005   0.04404   0.10817   0.04446   8.83237   1.45831   1.00474   1.40170   1.26145  
 11 35.8374   2129.242233  x:  0.22679   0.00600   0.23593   0.14399   0.04919   0.02155   0.09348   0.00847   0.07431   0.02850   0.09800   0.02636   0.00000   0.19079   0.13843   0.07197   0.01243   0.13374   0.04007   0.05983   0.03838   0.11191   0.04540   8.83133   1.47353   1.00189   1.42288   1.27062  
 12 29.8336   2129.117901  x:  0.21796   0.00599   0.23770   0.14604   0.04633   0.02193   0.09254   0.00852   0.07434   0.02888   0.09368   0.02632   0.00000   0.19819   0.13849   0.07017   0.01265   0.13317   0.04131   0.05986   0.04191   0.11326   0.04424   8.83004   1.49105   1.00436   1.44535   1.28116  
 13 32.5292   2129.012467  x:  0.21194   0.00602   0.23960   0.14691   0.04721   0.02200   0.09416   0.00858   0.07690   0.02888   0.09542   0.02646   0.00000   0.20046   0.14232   0.07410   0.01270   0.13513   0.03824   0.05994   0.04130   0.10712   0.04487   8.82869   1.50717   1.01769   1.46233   1.29077  
 14 17.6780   2128.836465  x:  0.21000   0.00616   0.24104   0.14573   0.04791   0.02219   0.09470   0.00881   0.07454   0.02912   0.09806   0.02639   0.00000   0.19702   0.14447   0.07355   0.01271   0.13790   0.04654   0.05933   0.04034   0.10519   0.04599   8.82606   1.53614   1.05208   1.48892   1.30769  
 15 29.3628   2128.575010  x:  0.21345   0.00635   0.24102   0.14459   0.04626   0.02292   0.09341   0.00909   0.07220   0.02984   0.09700   0.02623   0.00000   0.19061   0.14285   0.06969   0.01383   0.13755   0.03958   0.05934   0.04117   0.11089   0.04498   8.82217   1.57769   1.10499   1.52497   1.33137  
 16 70.4671   2128.522256  x:  0.21718   0.00632   0.23939   0.14709   0.04727   0.02298   0.09312   0.00909   0.07603   0.02986   0.09557   0.02642   0.00000   0.19229   0.14103   0.07292   0.01383   0.13513   0.04069   0.06047   0.04114   0.11294   0.04445   8.82129   1.58605   1.11521   1.53106   1.33522  
 17 20.1108   2128.496073  x:  0.22061   0.00628   0.23731   0.14878   0.04598   0.02302   0.09358   0.00916   0.07478   0.02987   0.09621   0.02645   0.00000   0.19615   0.14034   0.07266   0.01394   0.13358   0.04061   0.05913   0.04087   0.11126   0.04602   8.82074   1.58980   1.11830   1.53214   1.33538  
 18  6.2576   2128.469912  x:  0.22274   0.00632   0.23561   0.14818   0.04785   0.02307   0.09369   0.00919   0.07368   0.03008   0.09677   0.02623   0.00000   0.19922   0.14049   0.07150   0.01410   0.13396   0.04048   0.06012   0.04155   0.10987   0.04359   8.82007   1.59299   1.11919   1.53150   1.33388  
 19  5.2085   2128.326245  x:  0.22570   0.00656   0.23153   0.14134   0.04520   0.02377   0.09287   0.00935   0.07651   0.03034   0.09759   0.02629   0.00000   0.20499   0.14462   0.07093   0.01446   0.14039   0.04045   0.06353   0.04028   0.11298   0.04558   8.81605   1.60823   1.11712   1.52326   1.32051  
 20  6.5472   2127.967117  x:  0.22393   0.00695   0.23050   0.14105   0.04803   0.02464   0.09309   0.00980   0.07565   0.03128   0.09615   0.02604   0.00000   0.20318   0.14685   0.07554   0.01554   0.14318   0.04029   0.05200   0.04190   0.11673   0.04383   8.80613   1.64059   1.10906   1.50253   1.28600  
 21 23.4988   2127.428155  x:  0.21771   0.00727   0.23464   0.15300   0.04619   0.02603   0.09467   0.01060   0.07119   0.03263   0.09689   0.02566   0.00000   0.19265   0.14414   0.07555   0.01741   0.13702   0.04059   0.06140   0.04032   0.11360   0.04440   8.79049   1.68484   1.09586   1.47249   1.23197  
 22 62.0888   2127.291593  x:  0.21772   0.00731   0.23778   0.15499   0.04642   0.02651   0.09261   0.01076   0.07831   0.03273   0.10091   0.02583   0.00000   0.19147   0.14485   0.06828   0.01815   0.13399   0.04111   0.05951   0.04039   0.11205   0.04408   8.78650   1.68479   1.09373   1.47071   1.22037  
 23 14.1063   2126.134352  x:  0.22841   0.00830   0.26316   0.15013   0.04501   0.03050   0.08419   0.01266   0.07270   0.03615   0.10146   0.02508   0.00000   0.19798   0.15900   0.07481   0.02241   0.12405   0.04162   0.06055   0.03962   0.11424   0.04328   8.75159   1.60145   1.08507   1.49705   1.13806  
 24 14.2323   2125.543098  x:  0.22710   0.00875   0.25723   0.15904   0.04512   0.03224   0.10133   0.01340   0.07429   0.03801   0.10233   0.02506   0.00000   0.19815   0.15296   0.07236   0.02476   0.13813   0.04113   0.06011   0.03932   0.11862   0.04329   8.73328   1.55200   1.08025   1.51106   1.10157  
 25 50.2057   2125.277374  x:  0.22034   0.00915   0.23918   0.16375   0.04449   0.03315   0.08996   0.01391   0.07408   0.03859   0.10386   0.02479   0.00000   0.19442   0.14944   0.07384   0.02576   0.14351   0.04077   0.05980   0.03907   0.11618   0.04345   8.72540   1.52891   1.07703   1.51357   1.09480  
 26 23.8755   2125.142370  x:  0.21584   0.00945   0.22724   0.16233   0.04465   0.03357   0.09400   0.01413   0.07413   0.03899   0.10352   0.02485   0.00000   0.19154   0.15754   0.07290   0.02625   0.13518   0.04137   0.06012   0.03900   0.11771   0.04314   8.72120   1.51660   1.07256   1.50774   1.10575  
 27 11.0478   2124.458831  x:  0.22020   0.01003   0.23755   0.16780   0.04391   0.03654   0.09273   0.01570   0.07404   0.04144   0.10599   0.02441   0.00000   0.19312   0.15764   0.07380   0.02964   0.14090   0.04135   0.06026   0.03857   0.11852   0.04273   8.69821   1.45422   1.03175   1.43491   1.24357  
 28 12.2911   2123.723625  x:  0.22117   0.00953   0.23370   0.17710   0.04156   0.03614   0.09082   0.02147   0.07253   0.04009   0.10823   0.01922   0.00000   0.19194   0.16517   0.07285   0.03561   0.14146   0.03955   0.06011   0.03972   0.12226   0.03972   8.79763   1.57578   1.07535   1.47322   1.25253  
 29  0.1016   2123.371845  x:  0.22195   0.00848   0.23820   0.17333   0.04276   0.03417   0.09095   0.02751   0.07201   0.03799   0.10740   0.02306   0.00000   0.19394   0.16386   0.07187   0.04132   0.13948   0.04011   0.05971   0.03973   0.12091   0.04239   8.89097   1.52497   1.06575   1.46682   1.22521  
 30  0.0522   2123.309889  x:  0.22084   0.00837   0.23623   0.17156   0.04225   0.03346   0.09082   0.02990   0.07257   0.03788   0.10710   0.01998   0.00000   0.19324   0.16114   0.07272   0.04213   0.14090   0.04003   0.05985   0.03939   0.12016   0.04097   8.86281   1.52417   1.05918   1.45957   1.23250  
 31  0.0200   2123.275562  x:  0.22094   0.00833   0.23566   0.17082   0.04207   0.03273   0.09106   0.03215   0.07251   0.03864   0.10732   0.02153   0.00000   0.19290   0.16030   0.07303   0.04064   0.14078   0.03978   0.05987   0.03945   0.12029   0.04119   8.80341   1.53976   1.06589   1.46525   1.24270  
 32  0.0210   2123.251923  x:  0.22138   0.00853   0.23687   0.17127   0.04243   0.03298   0.09080   0.03338   0.07197   0.03910   0.10743   0.02050   0.00000   0.19341   0.16170   0.07262   0.03817   0.14011   0.04016   0.05982   0.03953   0.12045   0.04159   8.79716   1.52789   1.06358   1.46361   1.23538  
 33  0.0079   2123.249273  x:  0.22103   0.00856   0.23634   0.17198   0.04213   0.03334   0.09070   0.03332   0.07225   0.03880   0.10742   0.02073   0.00000   0.19323   0.16160   0.07270   0.03761   0.14055   0.04015   0.05989   0.03939   0.12041   0.04116   8.82587   1.52754   1.06169   1.46128   1.23393  
 34  0.0217   2123.248997  x:  0.22109   0.00852   0.23638   0.17201   0.04220   0.03348   0.09075   0.03333   0.07225   0.03858   0.10738   0.02069   0.00000   0.19320   0.16148   0.07274   0.03762   0.14054   0.04012   0.05991   0.03943   0.12038   0.04132   8.83715   1.52851   1.06241   1.46203   1.23496  
 35  0.0084   2123.248979  x:  0.22111   0.00852   0.23642   0.17192   0.04219   0.03351   0.09073   0.03337   0.07224   0.03855   0.10739   0.02070   0.00000   0.19323   0.16151   0.07273   0.03763   0.14050   0.04013   0.05990   0.03943   0.12039   0.04128   8.83641   1.52829   1.06234   1.46196   1.23509  
 36  0.0006   2123.248978  x:  0.22110   0.00852   0.23640   0.17192   0.04219   0.03352   0.09073   0.03337   0.07225   0.03855   0.10739   0.02070   0.00000   0.19323   0.16151   0.07273   0.03763   0.14051   0.04013   0.05990   0.03943   0.12039   0.04129   8.83535   1.52831   1.06232   1.46194   1.23504  
 37  0.0008   2123.248978  x:  0.22110   0.00852   0.23641   0.17192   0.04219   0.03353   0.09073   0.03337   0.07224   0.03855   0.10739   0.02070   0.00000   0.19323   0.16151   0.07273   0.03763   0.14051   0.04013   0.05990   0.03943   0.12039   0.04129   8.83522   1.52832   1.06233   1.46196   1.23502  
 38  0.0001   2123.248978  x:  0.22110   0.00852   0.23641   0.17192   0.04219   0.03353   0.09073   0.03337   0.07224   0.03855   0.10739   0.02070   0.00000   0.19323   0.16151   0.07273   0.03763   0.14051   0.04013   0.05990   0.03943   0.12039   0.04129   8.83521   1.52832   1.06233   1.46196   1.23502  
 39  0.0000   2123.248978  x:  0.22110   0.00852   0.23641   0.17192   0.04219   0.03353   0.09073   0.03337   0.07224   0.03855   0.10739   0.02070   0.00000   0.19323   0.16151   0.07273   0.03763   0.14051   0.04013   0.05990   0.03943   0.12039   0.04129   8.83521   1.52832   1.06233   1.46196   1.23502  