

TREE # 1

  0  0.0000   2419.489219  x:  0.00000   0.04186   0.07731   0.01714   0.08304   0.09072   0.04700   0.08384   0.10740   0.05298   0.13342   0.01957   0.05810   0.00336   0.04831   0.06234   0.08895   0.04006   0.07277   0.10137   0.10447   0.12564   0.11415   2.00000   1.66629   1.25425   1.29320   0.40000  
  1 99.0000   2392.756533  x:  0.11577   0.09645   0.07389   0.01268   0.08839   0.09182   0.03853   0.08116   0.10742   0.06337   0.14115   0.02573   0.08108   0.10890   0.06720   0.05201   0.08318   0.06101   0.07290   0.12021   0.09708   0.13693   0.13160   2.00392   1.66584   1.25103   1.29646   0.42070  
  2 1466.7209   2355.786063  x:  0.08481   0.16855   0.05717   0.00649   0.10780   0.09589   0.00812   0.07046   0.10769   0.09094   0.16319   0.02199   0.14519   0.09244   0.10429   0.00614   0.05607   0.10454   0.07119   0.17351   0.05635   0.17043   0.18716   2.02221   1.66362   1.23800   1.31023   0.50550  
  3 363.6864   2344.865950  x:  0.06582   0.21110   0.04876   0.01991   0.11916   0.09898   0.04296   0.06514   0.10826   0.10257   0.17600   0.01842   0.18126   0.08620   0.12429   0.03651   0.04184   0.12511   0.07074   0.20366   0.02327   0.19100   0.22085   2.03801   1.66159   1.22785   1.32129   0.56675  
  4 625.3779   2340.997533  x:  0.05943   0.21644   0.05559   0.00447   0.11518   0.09735   0.04123   0.06886   0.10850   0.09102   0.17535   0.01608   0.18247   0.09230   0.12023   0.04292   0.05613   0.11256   0.06647   0.20258   0.00916   0.19389   0.22616   2.05563   1.65893   1.21985   1.33145   0.60501  
  5 136.6803   2335.788990  x:  0.04522   0.22548   0.07124   0.02326   0.10540   0.09335   0.02892   0.07760   0.10976   0.06325   0.17255   0.01344   0.18333   0.10879   0.10944   0.04667   0.08074   0.08123   0.05794   0.19635   0.00772   0.19873   0.23582   2.10041   1.65213   1.20030   1.35668   0.69556  
  6 396.8637   2332.697734  x:  0.03331   0.22661   0.07492   0.01197   0.09997   0.09223   0.03418   0.07780   0.10963   0.05554   0.16978   0.01752   0.18043   0.12240   0.10139   0.04752   0.07921   0.06714   0.06120   0.18715   0.04227   0.19969   0.23915   2.14504   1.64537   1.18260   1.38013   0.77076  
  7 265.1612   2326.021040  x:  0.02350   0.19665   0.07027   0.01390   0.09520   0.09322   0.03962   0.07052   0.10839   0.08041   0.15951   0.01727   0.13705   0.14897   0.07563   0.03476   0.04870   0.08075   0.07846   0.15471   0.03356   0.18557   0.21877   2.25104   1.63028   1.14708   1.42858   0.89809  
  8 184.6182   2323.727587  x:  0.02830   0.17024   0.05398   0.01482   0.10596   0.09562   0.03709   0.06964   0.10697   0.07704   0.16052   0.03705   0.12542   0.14921   0.09972   0.03593   0.05424   0.09315   0.07010   0.15628   0.03253   0.17698   0.20013   2.31945   1.62206   1.13142   1.45146   0.93622  
  9 108.8242   2321.775294  x:  0.03942   0.15335   0.05545   0.01396   0.11107   0.09622   0.03577   0.07094   0.10629   0.07750   0.16372   0.01402   0.13164   0.14200   0.11402   0.03737   0.05198   0.09396   0.06384   0.16479   0.03551   0.17164   0.18471   2.39438   1.61438   1.12011   1.46978   0.94840  
 10 101.2591   2317.511864  x:  0.07456   0.13703   0.08400   0.01375   0.10582   0.09357   0.03738   0.07141   0.10792   0.08452   0.17201   0.03068   0.16653   0.10581   0.10889   0.03608   0.03845   0.07847   0.07083   0.18155   0.02907   0.16903   0.16492   2.64370   1.59155   1.09263   1.51909   0.94527  
 11 152.7402   2311.587171  x:  0.10711   0.15877   0.06332   0.01656   0.09391   0.09357   0.04318   0.06693   0.10740   0.08870   0.17108   0.02552   0.18102   0.06167   0.07995   0.03308   0.07526   0.09411   0.08183   0.17815   0.03425   0.16976   0.17482   3.01361   1.56098   1.06144   1.58102   0.91831  
 12 290.8237   2305.612458  x:  0.10097   0.19417   0.04024   0.01342   0.09798   0.09381   0.03021   0.07462   0.10630   0.06771   0.15773   0.02140   0.15974   0.05956   0.08610   0.04490   0.04472   0.07949   0.06809   0.16309   0.02944   0.17704   0.21083   3.37295   1.53783   1.04580   1.62369   0.87256  
 13 286.7458   2301.721773  x:  0.06662   0.21747   0.07415   0.01332   0.10919   0.09541   0.03795   0.07075   0.10706   0.07448   0.14805   0.02082   0.13499   0.08815   0.11085   0.03878   0.05181   0.08493   0.05829   0.15649   0.03079   0.18470   0.23937   3.65420   1.52644   1.04451   1.64322   0.83234  
 14 323.9616   2299.209428  x:  0.02112   0.21174   0.06445   0.01426   0.10292   0.09297   0.03565   0.06981   0.10960   0.06761   0.16331   0.01952   0.14773   0.13947   0.11105   0.03956   0.05726   0.08544   0.08509   0.17159   0.02680   0.18961   0.23661   3.83341   1.53313   1.06370   1.62827   0.81029  
 15 125.1680   2298.292582  x:  0.00879   0.20850   0.05853   0.01420   0.10246   0.09463   0.03937   0.07077   0.10893   0.07242   0.17113   0.02149   0.15681   0.15457   0.09885   0.03663   0.05731   0.08604   0.06506   0.17322   0.02668   0.19251   0.23187   3.89750   1.54348   1.07985   1.60790   0.80940  
 16 82.2303   2296.522315  x:  0.01637   0.20703   0.06655   0.01319   0.11265   0.09742   0.02760   0.06731   0.10623   0.06934   0.17846   0.02142   0.15200   0.14596   0.09328   0.04833   0.05632   0.09597   0.06654   0.16574   0.03090   0.20161   0.22984   4.04109   1.59569   1.14536   1.50953   0.83813  
 17 51.5275   2295.770253  x:  0.02246   0.20760   0.06258   0.01379   0.10956   0.09634   0.03934   0.07182   0.10865   0.06858   0.17513   0.02064   0.14714   0.13974   0.09989   0.03635   0.05674   0.08792   0.07024   0.16589   0.02889   0.20092   0.23020   4.10376   1.62121   1.17393   1.46275   0.85222  
 18 123.2263   2295.659200  x:  0.02251   0.20832   0.06117   0.01389   0.10426   0.09492   0.03709   0.07074   0.11033   0.07413   0.16929   0.02112   0.14765   0.13924   0.10243   0.03885   0.05760   0.08567   0.06954   0.16799   0.02924   0.19594   0.23092   4.11309   1.62661   1.17590   1.45499   0.85440  
 19 22.9905   2295.613620  x:  0.02202   0.20892   0.06212   0.01378   0.10391   0.09537   0.03751   0.07085   0.10999   0.07138   0.16424   0.02133   0.14947   0.13951   0.10143   0.03856   0.05672   0.08828   0.06915   0.16980   0.02915   0.19036   0.23120   4.11705   1.63100   1.17290   1.45123   0.85494  
 20  9.1343   2295.548225  x:  0.02143   0.20996   0.06142   0.01383   0.10979   0.09619   0.03717   0.07149   0.10845   0.07325   0.16462   0.02141   0.15003   0.13993   0.10020   0.03865   0.05765   0.08554   0.07035   0.17010   0.02911   0.18646   0.23166   4.12307   1.64149   1.16011   1.44528   0.85480  
 21  6.2663   2295.414174  x:  0.02090   0.21007   0.06205   0.01373   0.10506   0.09446   0.03725   0.06948   0.10995   0.07168   0.17023   0.02108   0.14824   0.13986   0.10163   0.03846   0.05674   0.08721   0.06905   0.16901   0.02921   0.18944   0.23144   4.13537   1.66269   1.13170   1.43373   0.85426  
 22 15.7535   2295.365156  x:  0.02071   0.20866   0.06201   0.01366   0.10430   0.09660   0.03677   0.07426   0.10937   0.07283   0.16682   0.02114   0.14876   0.14004   0.10170   0.03888   0.05691   0.08840   0.06954   0.16939   0.02947   0.19481   0.23092   4.13999   1.66541   1.12599   1.43127   0.85475  
 23  6.0349   2295.227487  x:  0.02085   0.20550   0.06051   0.01388   0.10665   0.09662   0.03716   0.06748   0.10735   0.07238   0.15828   0.02059   0.15040   0.14033   0.10114   0.03797   0.05719   0.08676   0.06965   0.17105   0.02878   0.20431   0.23001   4.15263   1.66400   1.11949   1.42744   0.85725  
 24  7.3882   2292.799160  x:  0.01896   0.19740   0.06018   0.01292   0.12159   0.06280   0.03608   0.07466   0.12179   0.07568   0.15675   0.01841   0.15591   0.13208   0.10155   0.03598   0.05467   0.09581   0.06798   0.17961   0.02732   0.20981   0.23717   4.36182   1.58429   1.07383   1.38496   0.91006  
 25 14.0489   2285.955823  x:  0.01212   0.18696   0.06198   0.01172   0.12721   0.10400   0.03030   0.06591   0.14201   0.08222   0.18040   0.01101   0.16835   0.10355   0.11823   0.02823   0.04590   0.10464   0.06633   0.20099   0.01819   0.20185   0.25437   5.02284   1.33022   0.93731   1.25519   1.07751  
 26 385.6873   2284.752829  x:  0.00784   0.19930   0.06302   0.01228   0.11932   0.09770   0.03024   0.06767   0.10401   0.08451   0.18493   0.01087   0.17204   0.09804   0.12815   0.02688   0.04395   0.10650   0.06667   0.19768   0.01592   0.19919   0.24093   5.12675   1.29999   0.92252   1.24390   1.10351  
 27 99.1938   2284.136501  x:  0.00279   0.22108   0.06279   0.01199   0.12316   0.09889   0.02958   0.06699   0.11501   0.08423   0.18112   0.01078   0.17680   0.09387   0.13446   0.02669   0.04289   0.10703   0.06745   0.18928   0.01428   0.20068   0.21301   5.18291   1.32204   0.93571   1.27188   1.11633  
 28 19.3969   2280.688520  x:  0.00581   0.21106   0.06242   0.01141   0.12218   0.10223   0.02824   0.06624   0.10618   0.08911   0.18732   0.00690   0.17411   0.07225   0.13950   0.02182   0.03779   0.11129   0.06408   0.21714   0.01048   0.19996   0.23422   5.52106   1.57372   1.08116   1.54287   1.19117  
 29 38.1095   2280.646648  x:  0.00587   0.20825   0.06208   0.01154   0.12208   0.10220   0.02846   0.06602   0.10633   0.08933   0.18682   0.00658   0.18009   0.07259   0.14233   0.02146   0.03800   0.11169   0.06458   0.20899   0.00958   0.19917   0.23725   5.52516   1.57659   1.08278   1.54567   1.19189  
 30  7.0666   2278.154462  x:  0.00000   0.20857   0.06229   0.00899   0.11875   0.10195   0.02101   0.06858   0.10691   0.08777   0.18612   0.01532   0.18269   0.05829   0.13900   0.02562   0.05079   0.10884   0.06478   0.20629   0.01607   0.20175   0.23927   5.82013   1.61243   1.10878   1.56043   1.24320  
 31  0.4933   2277.048193  x:  0.00000   0.20702   0.06201   0.00848   0.11525   0.09964   0.02272   0.07073   0.11120   0.08340   0.18165   0.01593   0.18237   0.03439   0.12786   0.02121   0.05278   0.10133   0.06233   0.20214   0.01639   0.20245   0.23380   5.98789   1.59918   1.10095   1.53276   1.26293  
 32  0.2969   2276.528108  x:  0.00000   0.18885   0.06110   0.00830   0.10998   0.09701   0.02108   0.07163   0.11231   0.07695   0.17984   0.01603   0.17453   0.04106   0.11221   0.02245   0.05396   0.09299   0.06512   0.19439   0.01833   0.20304   0.23899   6.08112   1.60692   1.10521   1.51929   1.25562  
 33  0.1322   2276.382997  x:  0.00000   0.18493   0.06192   0.00897   0.11163   0.09578   0.02282   0.06959   0.10894   0.07737   0.18140   0.01521   0.17150   0.03672   0.11073   0.02516   0.05220   0.09396   0.06535   0.18940   0.02100   0.20087   0.23559   6.13547   1.60886   1.10111   1.53302   1.22939  
 34  0.0396   2276.323450  x:  0.00000   0.18376   0.06203   0.00981   0.11219   0.09632   0.02450   0.06980   0.10938   0.07786   0.18254   0.01678   0.16764   0.03900   0.11160   0.02422   0.05190   0.09411   0.06542   0.19310   0.02038   0.20078   0.23301   6.20230   1.60940   1.10125   1.54029   1.20935  
 35  0.0576   2276.293997  x:  0.00000   0.18422   0.06195   0.00964   0.11172   0.09705   0.02282   0.07039   0.11079   0.07821   0.18206   0.01638   0.16813   0.03832   0.11389   0.02524   0.05123   0.09398   0.06525   0.19385   0.01970   0.20083   0.23312   6.29616   1.60929   1.10179   1.54057   1.19862  
 36  0.0759   2276.283863  x:  0.00000   0.18429   0.06164   0.00918   0.11149   0.09711   0.02324   0.07044   0.11053   0.07813   0.18154   0.01593   0.16976   0.03845   0.11409   0.02432   0.05184   0.09412   0.06514   0.19253   0.02006   0.20087   0.23368   6.34647   1.60960   1.10153   1.53833   1.19497  
 37  0.0507   2276.282531  x:  0.00000   0.18473   0.06177   0.00923   0.11164   0.09693   0.02305   0.07021   0.11013   0.07804   0.18155   0.01602   0.16999   0.03841   0.11324   0.02424   0.05199   0.09417   0.06523   0.19291   0.01987   0.20084   0.23367   6.36065   1.60794   1.10020   1.53728   1.19516  
 38  0.0139   2276.282419  x:  0.00000   0.18488   0.06178   0.00925   0.11172   0.09691   0.02305   0.07019   0.11020   0.07811   0.18160   0.01599   0.17013   0.03855   0.11323   0.02427   0.05191   0.09431   0.06524   0.19279   0.01989   0.20084   0.23379   6.36267   1.60747   1.10008   1.53740   1.19542  
 39  0.0018   2276.282391  x:  0.00000   0.18490   0.06175   0.00927   0.11167   0.09690   0.02309   0.07022   0.11022   0.07811   0.18161   0.01598   0.17010   0.03852   0.11321   0.02428   0.05189   0.09428   0.06525   0.19281   0.01990   0.20086   0.23378   6.36582   1.60741   1.10009   1.53737   1.19606  
 40  0.0017   2276.282388  x:  0.00000   0.18489   0.06175   0.00927   0.11168   0.09690   0.02309   0.07021   0.11020   0.07810   0.18159   0.01598   0.17011   0.03853   0.11323   0.02429   0.05189   0.09427   0.06524   0.19281   0.01989   0.20086   0.23376   6.36631   1.60745   1.10005   1.53734   1.19619  
 41  0.0004   2276.282388  x:  0.00000   0.18488   0.06176   0.00926   0.11168   0.09690   0.02309   0.07021   0.11021   0.07810   0.18159   0.01598   0.17011   0.03853   0.11324   0.02429   0.05189   0.09427   0.06524   0.19281   0.01989   0.20085   0.23377   6.36636   1.60744   1.10006   1.53734   1.19620  
 42  0.0001   2276.282388  x:  0.00000   0.18488   0.06176   0.00926   0.11168   0.09690   0.02309   0.07021   0.11021   0.07810   0.18159   0.01598   0.17011   0.03853   0.11324   0.02429   0.05189   0.09427   0.06524   0.19281   0.01989   0.20085   0.23376   6.36636   1.60744   1.10006   1.53733   1.19620  
 43  0.0000   2276.282388  x:  0.00000   0.18488   0.06176   0.00926   0.11168   0.09690   0.02309   0.07021   0.11021   0.07810   0.18159   0.01598   0.17011   0.03853   0.11324   0.02429   0.05189   0.09427   0.06524   0.19281   0.01989   0.20085   0.23376   6.36636   1.60744   1.10006   1.53733   1.19620  

TREE # 2

  0  0.0000   2335.816726  x:  0.15631   0.02432   0.17216   0.05392   0.06163   0.00000   0.13421   0.04579   0.06878   0.03125   0.07109   0.07028   0.04454   0.16449   0.03951   0.05148   0.05049   0.07071   0.03408   0.08037   0.07508   0.06470   0.05602   6.36636   1.48221   1.06669   1.39661   1.19620  
  1 99.0000   2319.346718  x:  0.15782   0.02435   0.17286   0.05927   0.06154   0.08913   0.13662   0.05086   0.06898   0.03069   0.07054   0.07108   0.04246   0.16504   0.04935   0.05371   0.05130   0.07237   0.03225   0.08003   0.07653   0.06634   0.05415   6.36635   1.48238   1.06647   1.39676   1.19621  
  2 4002.5449   2283.250718  x:  0.18464   0.02473   0.18372   0.13413   0.04877   0.08315   0.16494   0.09997   0.07040   0.01683   0.05752   0.08791   0.00442   0.17298   0.18563   0.08874   0.06410   0.10041   0.00000   0.07396   0.10094   0.09350   0.02149   6.36622   1.48483   1.06316   1.39929   1.19619  
  3 479.0858   2281.487447  x:  0.18767   0.02400   0.18486   0.13950   0.04571   0.08279   0.16756   0.10325   0.07030   0.01795   0.05628   0.08930   0.00000   0.17369   0.19352   0.09020   0.06501   0.10293   0.01170   0.07373   0.10321   0.09533   0.02014   6.36621   1.48517   1.06277   1.39965   1.19621  
  4 416.1538   2279.678141  x:  0.20280   0.01700   0.19016   0.14909   0.02126   0.08267   0.17706   0.10671   0.06818   0.03417   0.05207   0.09291   0.00000   0.17684   0.19231   0.08317   0.06109   0.10749   0.01083   0.07155   0.10871   0.09713   0.02953   6.36615   1.48709   1.06068   1.40205   1.19637  
  5 103.3062   2279.061449  x:  0.21356   0.01719   0.19402   0.15568   0.01118   0.08276   0.18253   0.10790   0.06594   0.02713   0.05104   0.09420   0.00000   0.17901   0.18573   0.07740   0.05942   0.10916   0.01075   0.07054   0.11074   0.09656   0.02483   6.36611   1.48875   1.05899   1.40446   1.19652  
  6 73.4629   2278.638308  x:  0.22922   0.01535   0.19952   0.16680   0.01779   0.08267   0.18967   0.11062   0.06438   0.02503   0.05050   0.09574   0.00000   0.18202   0.17679   0.07162   0.05867   0.11129   0.01055   0.06945   0.11355   0.09627   0.02515   6.36605   1.49152   1.05623   1.40870   1.19679  
  7 61.6594   2278.553897  x:  0.23430   0.01608   0.20140   0.16902   0.01744   0.08268   0.19067   0.11030   0.06663   0.02630   0.05290   0.09462   0.00000   0.18288   0.17368   0.07632   0.06251   0.11047   0.01032   0.07025   0.11264   0.09608   0.02397   6.36602   1.49386   1.05430   1.41236   1.19698  
  8 19.1736   2278.529166  x:  0.23590   0.01494   0.20194   0.16912   0.01718   0.08269   0.19028   0.10988   0.06694   0.02476   0.05224   0.09387   0.00000   0.18294   0.17375   0.07810   0.06255   0.10971   0.01042   0.07073   0.11168   0.09632   0.02577   6.36599   1.49605   1.05277   1.41577   1.19715  
  9 11.4835   2278.465626  x:  0.23917   0.01564   0.20307   0.16821   0.01757   0.08270   0.18781   0.10858   0.06634   0.02586   0.04971   0.09242   0.00000   0.18256   0.17557   0.07893   0.05948   0.10767   0.01060   0.07128   0.10873   0.09667   0.02431   6.36590   1.50511   1.04699   1.42984   1.19781  
 10 15.4248   2278.385641  x:  0.23996   0.01645   0.20304   0.16656   0.01742   0.08266   0.18537   0.10869   0.06546   0.02549   0.05413   0.09367   0.00000   0.18149   0.17835   0.07630   0.06006   0.10777   0.01068   0.07014   0.10884   0.09646   0.02541   6.36577   1.51935   1.03959   1.45153   1.19874  
 11 24.8829   2278.340873  x:  0.23803   0.01407   0.20188   0.16586   0.01749   0.08264   0.18549   0.10951   0.06630   0.02558   0.05257   0.09458   0.00000   0.18091   0.17806   0.07559   0.06230   0.10918   0.01045   0.06990   0.11079   0.09588   0.02406   6.36569   1.52821   1.03698   1.46454   1.19920  
 12 25.8318   2278.315166  x:  0.23594   0.01614   0.20100   0.16642   0.01736   0.08261   0.18664   0.11027   0.06672   0.02544   0.05074   0.09471   0.00000   0.18092   0.17731   0.07593   0.06301   0.11028   0.01035   0.07010   0.11228   0.09581   0.02488   6.36566   1.53399   1.03696   1.47261   1.19938  
 13 23.9550   2278.277952  x:  0.23175   0.01569   0.19938   0.16902   0.01717   0.08254   0.19020   0.11126   0.06572   0.02559   0.05215   0.09372   0.00000   0.18155   0.17598   0.07804   0.06010   0.11076   0.01037   0.07088   0.11277   0.09651   0.02459   6.36562   1.54350   1.04162   1.48462   1.19941  
 14 14.4426   2278.219827  x:  0.22911   0.01535   0.19939   0.17273   0.01687   0.08246   0.19320   0.10958   0.06634   0.02575   0.05170   0.09395   0.00000   0.18215   0.17741   0.07624   0.06198   0.10757   0.01051   0.06840   0.10894   0.09666   0.02481   6.36561   1.56063   1.05919   1.50322   1.19889  
 15 12.1615   2278.132160  x:  0.23214   0.01529   0.20158   0.17176   0.01692   0.08240   0.19105   0.10874   0.06606   0.02570   0.05191   0.09507   0.00000   0.18158   0.18039   0.07581   0.06225   0.10940   0.01024   0.07357   0.11060   0.09534   0.02473   6.36563   1.58867   1.09243   1.53085   1.19771  
 16 23.1775   2278.102133  x:  0.23423   0.01539   0.20181   0.17002   0.01700   0.08238   0.18920   0.11026   0.06610   0.02553   0.05183   0.09435   0.00000   0.18120   0.18063   0.07734   0.06133   0.11060   0.01026   0.06991   0.11233   0.09615   0.02453   6.36565   1.59854   1.10395   1.53954   1.19731  
 17 23.2796   2278.099270  x:  0.23471   0.01544   0.20068   0.16988   0.01693   0.08234   0.18887   0.11161   0.06625   0.02553   0.05183   0.09405   0.00000   0.18130   0.18057   0.07697   0.06154   0.11016   0.01025   0.07029   0.11204   0.09699   0.02451   6.36566   1.60025   1.10462   1.53938   1.19734  
 18  2.0764   2278.094724  x:  0.23532   0.01550   0.19873   0.17047   0.01690   0.08232   0.18858   0.11162   0.06567   0.02556   0.05173   0.09472   0.00000   0.18152   0.18097   0.07743   0.06155   0.11014   0.01024   0.07014   0.11182   0.09593   0.02454   6.36569   1.60436   1.10456   1.53710   1.19754  
 19  1.6651   2278.088692  x:  0.23525   0.01548   0.19877   0.17101   0.01696   0.08229   0.18882   0.11057   0.06697   0.02540   0.05191   0.09424   0.00000   0.18138   0.18179   0.07716   0.06116   0.11065   0.01020   0.07013   0.11224   0.09648   0.02445   6.36573   1.61005   1.10389   1.53335   1.19791  
 20  3.5304   2278.084553  x:  0.23475   0.01543   0.20025   0.17092   0.01702   0.08226   0.18924   0.11071   0.06582   0.02543   0.05179   0.09393   0.00000   0.18115   0.18223   0.07730   0.06173   0.11058   0.01015   0.07017   0.11236   0.09706   0.02436   6.36576   1.61344   1.10329   1.53083   1.19821  
 21  4.1726   2278.082301  x:  0.23439   0.01543   0.20139   0.17076   0.01701   0.08221   0.18949   0.11175   0.06624   0.02536   0.05178   0.09456   0.00000   0.18115   0.18248   0.07748   0.06143   0.11027   0.01017   0.07018   0.11207   0.09653   0.02436   6.36579   1.61429   1.10296   1.52986   1.19843  
 22  1.7556   2278.056486  x:  0.23413   0.01514   0.20187   0.17449   0.01659   0.08185   0.18797   0.11349   0.06623   0.02509   0.05177   0.09288   0.00000   0.18346   0.18719   0.07752   0.06192   0.11233   0.00999   0.07006   0.11152   0.09588   0.02415   6.36611   1.60420   1.09982   1.52740   1.20158  
 23  0.5745   2278.042225  x:  0.23476   0.01522   0.20124   0.17572   0.01657   0.08168   0.18854   0.11309   0.06621   0.02482   0.05164   0.09517   0.00000   0.18274   0.18961   0.07843   0.06176   0.11114   0.00990   0.07014   0.11279   0.09785   0.02380   6.36631   1.59818   1.09812   1.52626   1.20318  
 24  6.5623   2278.039620  x:  0.23533   0.01531   0.20078   0.17533   0.01664   0.08164   0.18991   0.11321   0.06624   0.02477   0.05169   0.09455   0.00000   0.18125   0.19043   0.07840   0.06180   0.11090   0.00989   0.07015   0.11296   0.09734   0.02377   6.36636   1.59705   1.09783   1.52610   1.20322  
 25  2.2024   2278.039276  x:  0.23543   0.01534   0.20071   0.17511   0.01668   0.08163   0.19020   0.11318   0.06622   0.02475   0.05168   0.09472   0.00000   0.18117   0.19046   0.07845   0.06181   0.11134   0.00988   0.07014   0.11254   0.09750   0.02376   6.36640   1.59696   1.09779   1.52611   1.20292  
 26  0.5215   2278.034463  x:  0.23569   0.01540   0.20050   0.17381   0.01689   0.08153   0.19130   0.11292   0.06623   0.02454   0.05172   0.09456   0.00000   0.18327   0.19108   0.07840   0.06188   0.11096   0.00989   0.07013   0.11287   0.09741   0.02361   6.36727   1.59684   1.09717   1.52644   1.19452  
 27  0.3834   2278.024674  x:  0.23517   0.01537   0.20075   0.17550   0.01669   0.08132   0.18981   0.11326   0.06622   0.02431   0.05172   0.09459   0.00000   0.18122   0.19071   0.07848   0.06181   0.11102   0.00986   0.07013   0.11260   0.09741   0.02348   6.36905   1.59675   1.09612   1.52708   1.17836  
 28  3.9115   2277.853139  x:  0.23275   0.01702   0.20015   0.17417   0.01716   0.07765   0.18741   0.11216   0.06601   0.01912   0.05236   0.09353   0.00000   0.18070   0.18774   0.07852   0.06191   0.10927   0.00941   0.07037   0.11043   0.09659   0.02036   6.39440   1.60788   1.10105   1.53963   1.19704  
 29  0.1166   2276.647217  x:  0.22811   0.01927   0.19878   0.16867   0.02117   0.04578   0.18615   0.10993   0.06506   0.02477   0.05295   0.09181   0.00000   0.18024   0.18563   0.07956   0.06172   0.10556   0.00484   0.07045   0.10551   0.09573   0.02233   6.39079   1.63972   1.10994   1.57825   1.21323  
 30  0.0126   2276.329154  x:  0.23377   0.01602   0.20072   0.16887   0.02047   0.03677   0.19279   0.11272   0.06542   0.02405   0.05193   0.09435   0.00000   0.18203   0.18501   0.07780   0.06176   0.11058   0.00681   0.07012   0.11233   0.09673   0.02423   6.34559   1.60809   1.09978   1.53938   1.19407  
 31  0.0513   2276.293521  x:  0.23434   0.01560   0.20105   0.16997   0.01979   0.04006   0.19329   0.11338   0.06534   0.02426   0.05181   0.09454   0.00000   0.18189   0.18465   0.07776   0.06178   0.11076   0.00828   0.07020   0.11247   0.09694   0.02349   6.36875   1.60311   1.09858   1.53230   1.19432  
 32  0.0295   2276.283030  x:  0.23376   0.01595   0.20089   0.17024   0.01979   0.03844   0.19281   0.11332   0.06518   0.02441   0.05191   0.09425   0.00000   0.18153   0.18466   0.07808   0.06178   0.11011   0.00906   0.07025   0.11154   0.09691   0.02284   6.37121   1.60647   1.09995   1.53593   1.19669  
 33  0.0056   2276.282407  x:  0.23373   0.01600   0.20084   0.17009   0.01986   0.03852   0.19279   0.11322   0.06524   0.02427   0.05190   0.09425   0.00000   0.18158   0.18489   0.07812   0.06176   0.11018   0.00924   0.07021   0.11164   0.09690   0.02311   6.36366   1.60749   1.10014   1.53736   1.19622  
 34  0.0072   2276.282389  x:  0.23376   0.01599   0.20085   0.17010   0.01988   0.03853   0.19281   0.11323   0.06524   0.02429   0.05189   0.09427   0.00000   0.18159   0.18490   0.07810   0.06176   0.11021   0.00926   0.07020   0.11168   0.09690   0.02310   6.36707   1.60746   1.10007   1.53737   1.19622  
 35  0.0036   2276.282388  x:  0.23376   0.01598   0.20085   0.17011   0.01989   0.03853   0.19281   0.11323   0.06524   0.02429   0.05189   0.09427   0.00000   0.18159   0.18489   0.07810   0.06176   0.11021   0.00926   0.07021   0.11169   0.09690   0.02309   6.36633   1.60744   1.10006   1.53734   1.19620  
 36  0.0008   2276.282388  x:  0.23376   0.01598   0.20085   0.17011   0.01989   0.03853   0.19281   0.11324   0.06524   0.02429   0.05189   0.09427   0.00000   0.18159   0.18488   0.07810   0.06176   0.11021   0.00926   0.07021   0.11168   0.09690   0.02309   6.36636   1.60744   1.10006   1.53733   1.19620  
 37  0.0000   2276.282388  x:  0.23376   0.01598   0.20085   0.17011   0.01989   0.03853   0.19281   0.11324   0.06524   0.02429   0.05189   0.09427   0.00000   0.18159   0.18488   0.07810   0.06176   0.11021   0.00926   0.07021   0.11168   0.09690   0.02309   6.36636   1.60744   1.10006   1.53733   1.19620  
 38  0.0000   2276.282388  x:  0.23376   0.01598   0.20085   0.17011   0.01989   0.03853   0.19281   0.11324   0.06524   0.02429   0.05189   0.09427   0.00000   0.18159   0.18488   0.07810   0.06176   0.11021   0.00926   0.07021   0.11168   0.09690   0.02309   6.36636   1.60744   1.10006   1.53733   1.19620  