

TREE # 1

  0  0.0000   1971.519469  x:  0.20925   0.02571   0.03211   0.02495   0.05815   0.02188   0.05666   0.08536   0.02661   0.17168   0.20925   0.02571   0.03211   0.02495   0.05815   0.02188   0.05666   0.08536   0.02661   0.17168   0.21568   8.40433   1.63200   1.42747   1.44842   1.00000  
  1 99.0000   1963.161599  x:  0.20973   0.01620   0.05092   0.02609   0.05253   0.07007   0.06026   0.08638   0.01351   0.17846   0.20291   0.04756   0.03909   0.02385   0.06819   0.04713   0.06853   0.09351   0.02636   0.16350   0.22398   8.40464   1.63218   1.42454   1.45067   0.99893  
  2 327.5435   1960.881595  x:  0.21197   0.02187   0.06207   0.02123   0.03622   0.06598   0.06253   0.08703   0.01642   0.19564   0.18555   0.05164   0.04195   0.01836   0.07986   0.03860   0.08306   0.10646   0.01894   0.14126   0.24461   8.40558   1.63295   1.41604   1.45690   0.99571  
  3 90.2233   1959.989383  x:  0.21367   0.01532   0.06206   0.02603   0.03832   0.06138   0.06212   0.08703   0.01098   0.20640   0.17360   0.05105   0.04050   0.02232   0.08235   0.03711   0.08697   0.11110   0.02493   0.12673   0.25795   8.40640   1.63367   1.40872   1.46215   0.99293  
  4 100.0365   1959.603048  x:  0.21494   0.01630   0.05978   0.02671   0.04438   0.06210   0.06115   0.08689   0.01715   0.21289   0.16554   0.05003   0.03851   0.02287   0.08104   0.04102   0.08588   0.11177   0.02618   0.11858   0.26676   8.40718   1.63433   1.40205   1.46684   0.99036  
  5 81.5010   1959.357180  x:  0.21589   0.01847   0.05635   0.02372   0.04682   0.06324   0.06026   0.08688   0.01332   0.21687   0.16004   0.04860   0.03759   0.02045   0.07779   0.04294   0.08198   0.11011   0.02305   0.11540   0.27317   8.40808   1.63507   1.39468   1.47196   0.98746  
  6 55.9188   1959.107896  x:  0.21710   0.01556   0.05428   0.02403   0.04184   0.06560   0.06071   0.08643   0.01501   0.22008   0.15545   0.04946   0.04068   0.02174   0.07301   0.04092   0.07544   0.10524   0.02211   0.11812   0.28076   8.41009   1.63657   1.37897   1.48270   0.98118  
  7 35.4984   1958.929863  x:  0.21762   0.02043   0.05575   0.02617   0.04077   0.06593   0.06145   0.08638   0.01403   0.22095   0.15452   0.05043   0.04067   0.02251   0.07262   0.04026   0.07419   0.10217   0.02550   0.12241   0.28532   8.41234   1.63804   1.36228   1.49403   0.97436  
  8 49.2934   1958.494624  x:  0.21751   0.01683   0.06007   0.02401   0.04477   0.06310   0.06181   0.08605   0.01433   0.21938   0.15704   0.04992   0.03640   0.01996   0.07719   0.04125   0.07869   0.09908   0.02444   0.13271   0.29185   8.41876   1.64181   1.31688   1.52465   0.95535  
  9 75.6349   1958.295916  x:  0.21598   0.01793   0.05693   0.02470   0.04523   0.06316   0.05952   0.08617   0.01399   0.21568   0.16023   0.04873   0.04033   0.02385   0.07753   0.04219   0.08131   0.10336   0.02146   0.13065   0.28900   8.42273   1.64336   1.29313   1.54039   0.94453  
 10 50.4150   1958.150939  x:  0.21436   0.01753   0.05442   0.02466   0.04365   0.06418   0.05859   0.08619   0.01440   0.21212   0.16262   0.04878   0.04096   0.01993   0.07620   0.04155   0.08105   0.10718   0.02431   0.12538   0.28358   8.42617   1.64417   1.27557   1.55189   0.93583  
 11 60.9349   1958.089835  x:  0.21362   0.01759   0.05620   0.02471   0.04277   0.06459   0.06033   0.08611   0.01436   0.21075   0.16248   0.04936   0.03761   0.02130   0.07522   0.04080   0.07930   0.10709   0.02339   0.12117   0.27864   8.42836   1.64403   1.26814   1.55667   0.93120  
 12 26.5080   1958.068725  x:  0.21383   0.01752   0.05771   0.02448   0.04361   0.06379   0.06068   0.08599   0.01425   0.21138   0.16070   0.04976   0.03952   0.02097   0.07597   0.04094   0.07875   0.10511   0.02329   0.11970   0.27484   8.43021   1.64324   1.26579   1.55811   0.92832  
 13 10.0109   1958.056554  x:  0.21453   0.01755   0.05679   0.02484   0.04277   0.06392   0.05956   0.08598   0.01429   0.21299   0.15883   0.04970   0.03886   0.02091   0.07652   0.04131   0.07978   0.10407   0.02322   0.12012   0.27189   8.43261   1.64188   1.26489   1.55849   0.92528  
 14  6.8594   1958.048666  x:  0.21512   0.01759   0.05650   0.02408   0.04332   0.06442   0.06009   0.08605   0.01432   0.21443   0.15816   0.04977   0.03884   0.02125   0.07607   0.04045   0.08015   0.10497   0.02355   0.12099   0.27061   8.43557   1.64014   1.26474   1.55828   0.92204  
 15  5.9084   1958.040071  x:  0.21560   0.01756   0.05668   0.02511   0.04361   0.06432   0.06078   0.08609   0.01428   0.21566   0.15809   0.04960   0.03891   0.02073   0.07557   0.04050   0.07987   0.10618   0.02302   0.12175   0.26999   8.43970   1.63773   1.26483   1.55771   0.91780  
 16 11.4695   1958.022786  x:  0.21600   0.01749   0.05725   0.02442   0.04278   0.06327   0.06067   0.08605   0.01423   0.21679   0.15916   0.04938   0.03895   0.02108   0.07550   0.04226   0.07871   0.10722   0.02350   0.12210   0.27027   8.44942   1.63220   1.26534   1.55603   0.90848  
 17 15.3439   1957.991793  x:  0.21569   0.01756   0.05722   0.02467   0.04338   0.06407   0.05896   0.08593   0.01425   0.21611   0.16137   0.04985   0.03880   0.02106   0.07657   0.04071   0.07825   0.10569   0.02321   0.12099   0.27253   8.46842   1.62188   1.26637   1.55236   0.89175  
 18 22.8782   1957.980585  x:  0.21515   0.01757   0.05648   0.02465   0.04312   0.06406   0.06070   0.08605   0.01426   0.21441   0.16092   0.04943   0.03902   0.02097   0.07590   0.04106   0.07985   0.10452   0.02331   0.12062   0.27353   8.47657   1.61819   1.26634   1.55060   0.88649  
 19 13.2255   1957.968367  x:  0.21419   0.01755   0.05699   0.02465   0.04326   0.06360   0.05989   0.08623   0.01424   0.21125   0.15777   0.05018   0.03887   0.02096   0.07548   0.04109   0.07976   0.10565   0.02334   0.12156   0.27410   8.48874   1.61487   1.26475   1.54766   0.88418  
 20  5.9370   1957.946906  x:  0.21357   0.01755   0.05707   0.02464   0.04300   0.06467   0.06039   0.08586   0.01427   0.21008   0.15622   0.04736   0.03889   0.02109   0.07758   0.04080   0.07854   0.10634   0.02371   0.12210   0.27429   8.51354   1.61000   1.26011   1.54174   0.88418  
 21 10.4754   1957.702422  x:  0.21141   0.01775   0.05266   0.02470   0.04344   0.06269   0.06346   0.08408   0.01415   0.21360   0.15763   0.05255   0.03850   0.02115   0.08119   0.04109   0.07670   0.10597   0.02289   0.12269   0.27495   8.80625   1.55693   1.20282   1.47319   0.89493  
 22 46.0819   1957.580424  x:  0.21223   0.01755   0.05665   0.02464   0.04339   0.06298   0.06026   0.08565   0.01409   0.21574   0.15936   0.04951   0.03894   0.02104   0.07583   0.04071   0.07925   0.10465   0.02308   0.12218   0.27519   8.95259   1.53091   1.17511   1.44040   0.90088  
 23 214.6443   1957.535663  x:  0.22259   0.01747   0.05633   0.02464   0.04334   0.06281   0.06059   0.08811   0.01408   0.21257   0.15970   0.04979   0.03889   0.02106   0.07655   0.04063   0.07888   0.10481   0.02297   0.12119   0.27543   9.01297   1.52393   1.17350   1.44094   0.90503  
 24 13.3534   1957.463190  x:  0.22598   0.01764   0.05680   0.02461   0.04331   0.06269   0.06021   0.08034   0.01390   0.21126   0.15983   0.04959   0.03889   0.02102   0.07552   0.04056   0.07961   0.10507   0.02295   0.12080   0.27535   9.10990   1.51635   1.17684   1.44931   0.91185  
 25 32.2799   1957.094248  x:  0.21385   0.01731   0.05613   0.02456   0.04318   0.06175   0.06018   0.08681   0.01408   0.21393   0.16023   0.04898   0.03871   0.02108   0.07554   0.04013   0.07896   0.10487   0.02305   0.12143   0.27395   9.62577   1.48578   1.20216   1.50171   0.94625  
 26 109.3157   1956.091750  x:  0.21569   0.01703   0.05622   0.02467   0.04313   0.05903   0.05957   0.08740   0.01406   0.21342   0.16237   0.04782   0.03860   0.02086   0.07490   0.03896   0.07970   0.10497   0.02314   0.12054   0.27177  11.14249   1.65461   1.28433   1.56388   0.94329  
 27 37.7416   1956.003715  x:  0.21643   0.01757   0.05505   0.02477   0.04341   0.05846   0.06035   0.08560   0.01434   0.21387   0.16063   0.04810   0.03854   0.02113   0.07614   0.03899   0.07846   0.10521   0.02327   0.12137   0.27385  11.64942   1.61167   1.25137   1.54218   0.93617  
 28  0.3374   1955.999630  x:  0.21618   0.01740   0.05544   0.02470   0.04333   0.05885   0.05999   0.08624   0.01428   0.21370   0.16115   0.04788   0.03856   0.02100   0.07542   0.03901   0.07888   0.10504   0.02318   0.12100   0.27332  11.75481   1.61146   1.25418   1.54171   0.93925  
 29  0.0841   1955.999394  x:  0.21621   0.01739   0.05552   0.02473   0.04332   0.05895   0.06007   0.08623   0.01426   0.21380   0.16113   0.04806   0.03859   0.02102   0.07564   0.03909   0.07891   0.10510   0.02320   0.12106   0.27343  11.77514   1.61263   1.25460   1.54260   0.93943  
 30  0.0151   1955.999381  x:  0.21622   0.01739   0.05551   0.02472   0.04332   0.05904   0.06006   0.08621   0.01426   0.21379   0.16111   0.04806   0.03859   0.02102   0.07562   0.03911   0.07891   0.10511   0.02320   0.12105   0.27344  11.77348   1.61255   1.25448   1.54252   0.93929  
 31  0.0014   1955.999381  x:  0.21621   0.01739   0.05552   0.02472   0.04332   0.05904   0.06006   0.08621   0.01426   0.21379   0.16111   0.04806   0.03859   0.02102   0.07562   0.03911   0.07891   0.10511   0.02320   0.12104   0.27344  11.77250   1.61250   1.25448   1.54248   0.93930  
 32  0.0009   1955.999381  x:  0.21622   0.01739   0.05552   0.02472   0.04332   0.05904   0.06006   0.08621   0.01426   0.21379   0.16111   0.04806   0.03859   0.02102   0.07562   0.03911   0.07891   0.10511   0.02320   0.12105   0.27344  11.77247   1.61250   1.25447   1.54248   0.93930  
 33  0.0000   1955.999381  x:  0.21622   0.01739   0.05552   0.02472   0.04332   0.05904   0.06006   0.08621   0.01426   0.21379   0.16111   0.04806   0.03859   0.02102   0.07562   0.03911   0.07891   0.10511   0.02320   0.12105   0.27344  11.77247   1.61250   1.25447   1.54248   0.93930  
 34  0.0000   1955.999381  x:  0.21622   0.01739   0.05552   0.02472   0.04332   0.05904   0.06006   0.08621   0.01426   0.21379   0.16111   0.04806   0.03859   0.02102   0.07562   0.03911   0.07891   0.10511   0.02320   0.12105   0.27344  11.77247   1.61250   1.25447   1.54248   0.93930  