

TREE # 1

  0  0.0000   2264.428220  x:  0.20925   0.02571   0.03211   0.02495   0.05815   0.02188   0.05666   0.08536   0.02661   0.17168   0.20925   0.02571   0.03211   0.02495   0.05815   0.02188   0.05666   0.08536   0.02661   0.17168   0.21568   8.40433   1.73882   1.28083   1.51850   1.00000  
  1 99.0000   2222.469501  x:  0.20587   0.07581   0.01261   0.09747   0.17332   0.04538   0.13859   0.15529   0.08340   0.18318   0.21897   0.08768   0.03694   0.03817   0.06079   0.00647   0.05578   0.07707   0.00000   0.17732   0.21492   8.40394   1.73935   1.27954   1.52074   0.99927  
  2 642.6427   2220.917787  x:  0.20432   0.07311   0.00772   0.09507   0.18130   0.04367   0.14608   0.16527   0.08112   0.18686   0.22274   0.08740   0.03476   0.03625   0.06180   0.02379   0.05606   0.07509   0.00621   0.17918   0.21465   8.40379   1.73971   1.27945   1.52125   0.99902  
  3 197.2247   2218.448413  x:  0.20104   0.06298   0.00087   0.08379   0.19065   0.03879   0.15676   0.18283   0.07079   0.19464   0.23036   0.08013   0.03227   0.03094   0.06217   0.02375   0.05565   0.07154   0.00000   0.18313   0.21404   8.40343   1.74056   1.27939   1.52231   0.99842  
  4 154.4041   2216.976974  x:  0.19740   0.05285   0.00443   0.07180   0.20109   0.03616   0.16876   0.20314   0.05881   0.20375   0.23987   0.07333   0.03157   0.02817   0.06222   0.01587   0.05523   0.06836   0.01015   0.18776   0.21327   8.40294   1.74166   1.27948   1.52368   0.99767  
  5 280.5578   2216.718352  x:  0.19638   0.05261   0.01049   0.06910   0.20230   0.03794   0.16969   0.20842   0.05626   0.20677   0.24326   0.07057   0.03333   0.03325   0.06242   0.01750   0.05588   0.06914   0.00768   0.18925   0.21292   8.40264   1.74228   1.27965   1.52447   0.99721  
  6 59.9687   2216.610590  x:  0.19510   0.05629   0.00773   0.06752   0.20123   0.03818   0.16543   0.21286   0.05754   0.21085   0.24862   0.06900   0.03524   0.03592   0.06226   0.01687   0.05662   0.07213   0.00857   0.19110   0.21224   8.40192   1.74374   1.28018   1.52630   0.99609  
  7 21.2477   2216.562327  x:  0.19435   0.05836   0.00907   0.06809   0.20008   0.03893   0.16219   0.21543   0.05826   0.21362   0.25266   0.06939   0.03364   0.03324   0.06217   0.01703   0.05640   0.07270   0.00810   0.19222   0.21167   8.40114   1.74533   1.28086   1.52820   0.99492  
  8 19.1957   2216.531691  x:  0.19394   0.05629   0.00918   0.07058   0.19899   0.03765   0.15940   0.21635   0.05773   0.21554   0.25666   0.07227   0.03361   0.03424   0.06239   0.01698   0.05586   0.07046   0.00782   0.19262   0.21101   8.39960   1.74844   1.28232   1.53177   0.99270  
  9  9.5152   2216.507555  x:  0.19432   0.05321   0.00916   0.07301   0.19957   0.03863   0.15815   0.21649   0.05816   0.21538   0.25884   0.07155   0.03526   0.03329   0.06221   0.01712   0.05687   0.07161   0.00778   0.19197   0.21062   8.39692   1.75363   1.28512   1.53767   0.98909  
 10  7.8871   2216.468179  x:  0.19521   0.05146   0.00914   0.07472   0.20089   0.03818   0.15701   0.21681   0.05895   0.21379   0.26032   0.06933   0.03236   0.03461   0.06191   0.01687   0.05643   0.07295   0.00800   0.19067   0.21038   8.39150   1.76390   1.29102   1.54927   0.98211  
 11 18.0109   2216.352563  x:  0.19735   0.05482   0.01040   0.07272   0.20341   0.03458   0.15529   0.21822   0.05799   0.20853   0.26002   0.06815   0.03478   0.03347   0.06296   0.01713   0.05455   0.07136   0.00784   0.18802   0.21058   8.37339   1.79751   1.31109   1.58684   0.96006  
 12 34.4914   2216.287161  x:  0.19746   0.05585   0.00918   0.06938   0.20311   0.03851   0.15570   0.21801   0.05639   0.20794   0.25809   0.07099   0.03379   0.03383   0.06202   0.01694   0.05669   0.07034   0.00783   0.18837   0.21084   8.36217   1.81769   1.32352   1.60891   0.94812  
 13 48.3374   2216.235322  x:  0.19519   0.05562   0.00945   0.06872   0.19928   0.03764   0.16097   0.21589   0.05838   0.21302   0.25491   0.07217   0.03382   0.03378   0.06203   0.01696   0.05639   0.07242   0.00771   0.19193   0.21099   8.35178   1.83484   1.33492   1.62629   0.94160  
 14 21.2654   2216.221047  x:  0.19411   0.05653   0.00883   0.07006   0.19859   0.03875   0.16209   0.21482   0.05778   0.21474   0.25426   0.07026   0.03403   0.03384   0.06238   0.01690   0.05578   0.07080   0.00795   0.19269   0.21099   8.34799   1.84011   1.33889   1.63068   0.94204  
 15 10.9995   2216.182888  x:  0.19193   0.05764   0.00927   0.07002   0.20049   0.03699   0.16189   0.21280   0.05689   0.21627   0.25478   0.06985   0.03371   0.03372   0.06102   0.01688   0.05887   0.07050   0.00784   0.19122   0.21076   8.33291   1.85705   1.35345   1.64044   0.95455  
 16  6.9617   2216.134234  x:  0.19092   0.05685   0.00912   0.06801   0.20238   0.03828   0.16097   0.21166   0.05723   0.21672   0.25569   0.07095   0.03395   0.03369   0.06252   0.01694   0.05579   0.07164   0.00761   0.18979   0.21057   8.31274   1.87885   1.37213   1.65241   0.97202  
 17 39.6996   2216.112188  x:  0.19454   0.05637   0.00889   0.06847   0.19958   0.03854   0.16158   0.21476   0.05853   0.21425   0.25575   0.07067   0.03406   0.03376   0.06195   0.01690   0.05620   0.07061   0.00761   0.19203   0.21102   8.30181   1.88872   1.37978   1.65741   0.98050  
 18 11.8247   2216.108687  x:  0.19501   0.05662   0.00871   0.06924   0.19903   0.03845   0.16172   0.21541   0.05732   0.21379   0.25553   0.07095   0.03396   0.03376   0.06236   0.01687   0.05623   0.07143   0.00760   0.19239   0.21116   8.29934   1.89011   1.38047   1.65801   0.98160  
 19  5.0969   2216.081060  x:  0.19212   0.05559   0.00873   0.07040   0.19798   0.03837   0.15969   0.21941   0.05723   0.21431   0.25098   0.07094   0.03426   0.03372   0.06023   0.01692   0.05523   0.07154   0.00758   0.19028   0.21179   8.26248   1.89628   1.37402   1.65807   0.98323  
 20  2.1917   2216.049721  x:  0.19081   0.05481   0.00892   0.07025   0.19784   0.03815   0.15839   0.22105   0.05824   0.21486   0.24854   0.07053   0.03374   0.03370   0.06398   0.01656   0.05705   0.07085   0.00756   0.18968   0.21199   8.21870   1.90236   1.36659   1.65783   0.98440  
 21 34.3420   2215.901923  x:  0.19508   0.05623   0.00894   0.06691   0.20164   0.03765   0.16021   0.21403   0.05648   0.21581   0.25290   0.06964   0.03377   0.03324   0.06204   0.01634   0.05603   0.07080   0.00685   0.19567   0.21049   8.01126   1.92453   1.33577   1.65538   0.98665  
 22 45.0271   2215.785878  x:  0.19186   0.05827   0.00776   0.06505   0.19410   0.03897   0.16905   0.21374   0.05660   0.21252   0.26215   0.06978   0.03362   0.03313   0.06223   0.01588   0.05616   0.07062   0.00620   0.18639   0.20989   7.84424   1.92653   1.33069   1.65123   0.98281  
 23 33.6011   2215.216569  x:  0.18999   0.05241   0.00717   0.06489   0.19620   0.03708   0.16206   0.22062   0.05409   0.21466   0.25944   0.06739   0.03313   0.03203   0.06236   0.01443   0.05614   0.07015   0.00374   0.19402   0.21067   7.04632   1.89135   1.36280   1.62797   0.95058  
 24 58.0438   2215.208457  x:  0.19313   0.05252   0.00709   0.06482   0.19613   0.03703   0.16205   0.22085   0.05382   0.21730   0.25865   0.06736   0.03312   0.03201   0.06236   0.01440   0.05614   0.07012   0.00373   0.19180   0.21010   7.03458   1.88939   1.36268   1.62967   0.95098  
 25  6.8023   2215.198306  x:  0.19214   0.05245   0.00711   0.06471   0.19604   0.03698   0.16204   0.22080   0.05381   0.21659   0.25843   0.06731   0.03310   0.03197   0.06230   0.01437   0.05608   0.07005   0.00368   0.19218   0.20921   7.02083   1.88075   1.35952   1.64100   0.95554  
 26  2.0408   2215.198024  x:  0.19216   0.05244   0.00712   0.06472   0.19606   0.03698   0.16201   0.22075   0.05382   0.21666   0.25852   0.06731   0.03310   0.03197   0.06230   0.01437   0.05608   0.07005   0.00367   0.19215   0.21011   7.02068   1.88050   1.35943   1.64128   0.95565  
 27  0.5024   2215.163941  x:  0.19306   0.05304   0.00644   0.06642   0.19481   0.03701   0.15949   0.21770   0.05516   0.21564   0.25633   0.06791   0.03311   0.03218   0.06210   0.01415   0.05604   0.07059   0.00332   0.19242   0.21017   7.09951   1.86022   1.36172   1.63427   0.95031  
 28  0.1007   2215.161729  x:  0.19309   0.05311   0.00646   0.06605   0.19404   0.03699   0.15924   0.21650   0.05503   0.21520   0.25604   0.06786   0.03311   0.03209   0.06211   0.01387   0.05602   0.07056   0.00308   0.19218   0.21019   7.09057   1.86340   1.36121   1.63476   0.95156  
 29  0.0075   2215.161288  x:  0.19307   0.05300   0.00644   0.06592   0.19362   0.03697   0.15897   0.21633   0.05491   0.21522   0.25601   0.06770   0.03312   0.03209   0.06211   0.01383   0.05602   0.07055   0.00324   0.19213   0.21019   7.09719   1.86362   1.36110   1.63521   0.95181  
 30  0.0051   2215.161166  x:  0.19305   0.05294   0.00653   0.06589   0.19341   0.03695   0.15882   0.21629   0.05489   0.21526   0.25605   0.06765   0.03312   0.03209   0.06210   0.01393   0.05602   0.07056   0.00322   0.19214   0.21018   7.09639   1.86328   1.36108   1.63519   0.95159  
 31  0.0010   2215.161162  x:  0.19306   0.05295   0.00651   0.06588   0.19338   0.03696   0.15882   0.21627   0.05489   0.21525   0.25606   0.06765   0.03312   0.03209   0.06211   0.01393   0.05602   0.07057   0.00322   0.19216   0.21018   7.09443   1.86322   1.36111   1.63512   0.95151  
 32  0.0024   2215.161162  x:  0.19306   0.05295   0.00652   0.06588   0.19339   0.03696   0.15882   0.21627   0.05489   0.21525   0.25606   0.06765   0.03312   0.03209   0.06211   0.01393   0.05602   0.07057   0.00322   0.19216   0.21018   7.09443   1.86321   1.36111   1.63512   0.95151  
 33  0.0000   2215.161162  x:  0.19306   0.05295   0.00651   0.06588   0.19339   0.03696   0.15882   0.21627   0.05489   0.21525   0.25606   0.06765   0.03312   0.03209   0.06211   0.01393   0.05602   0.07057   0.00322   0.19216   0.21018   7.09444   1.86321   1.36111   1.63512   0.95151  
 34  0.0000   2215.161162  x:  0.19306   0.05295   0.00651   0.06588   0.19339   0.03696   0.15882   0.21627   0.05489   0.21525   0.25606   0.06765   0.03312   0.03209   0.06211   0.01393   0.05602   0.07057   0.00322   0.19216   0.21018   7.09444   1.86321   1.36111   1.63512   0.95151  