

TREE # 1

  0  0.0000   2149.563433  x:  0.20925   0.02571   0.03211   0.02495   0.05815   0.02188   0.05666   0.08536   0.02661   0.17168   0.20925   0.02571   0.03211   0.02495   0.05815   0.02188   0.05666   0.08536   0.02661   0.17168   0.21568   8.40433   1.51064   1.05839   1.32722   1.00000  
  1 99.0000   2126.851637  x:  0.20877   0.00337   0.02164   0.04805   0.06697   0.01039   0.05598   0.11335   0.01702   0.18017   0.20545   0.07734   0.06293   0.09249   0.06557   0.01392   0.06775   0.09380   0.06227   0.16785   0.21899   8.40400   1.51009   1.05513   1.33154   1.00229  
  2 558.4105   2125.553028  x:  0.20829   0.01394   0.01842   0.04637   0.07153   0.01795   0.05613   0.13038   0.02168   0.18825   0.20125   0.07918   0.06550   0.09374   0.07077   0.01023   0.07044   0.09896   0.06102   0.16404   0.22228   8.40361   1.50929   1.05185   1.33649   1.00486  
  3 125.3974   2123.084936  x:  0.20679   0.00318   0.01665   0.03981   0.07993   0.01560   0.05623   0.16661   0.02124   0.20845   0.19014   0.07578   0.06663   0.08674   0.08151   0.01183   0.07440   0.11010   0.05255   0.15429   0.23077   8.40252   1.50703   1.04296   1.35021   1.01208  
  4 164.9608   2122.772013  x:  0.20632   0.00582   0.02027   0.04103   0.07972   0.01089   0.05628   0.17121   0.01925   0.21262   0.18753   0.07536   0.06631   0.08566   0.08143   0.01207   0.07429   0.11119   0.05249   0.15227   0.23274   8.40217   1.50629   1.04027   1.35453   1.01438  
  5 91.0383   2122.329770  x:  0.20478   0.00472   0.02449   0.04732   0.07515   0.01475   0.05639   0.17438   0.01569   0.22140   0.18129   0.07435   0.06404   0.08337   0.07616   0.01022   0.07206   0.11061   0.05568   0.14816   0.23739   8.40102   1.50398   1.03222   1.36782   1.02157  
  6 65.4424   2121.855138  x:  0.20265   0.00455   0.02081   0.05097   0.06938   0.01322   0.05622   0.17422   0.02156   0.23126   0.17387   0.07378   0.06180   0.08234   0.06957   0.01382   0.06939   0.10865   0.06002   0.14385   0.24302   8.39927   1.50057   1.02059   1.38734   1.03225  
  7 104.5034   2121.464826  x:  0.20085   0.00534   0.01578   0.04613   0.06882   0.01135   0.05601   0.16926   0.01889   0.23677   0.16953   0.07374   0.06149   0.08323   0.06809   0.00959   0.06943   0.10652   0.06081   0.14230   0.24677   8.39734   1.49702   1.00891   1.40761   1.04362  
  8 75.1970   2120.946338  x:  0.19835   0.00622   0.01837   0.03794   0.07153   0.01392   0.05593   0.16013   0.01700   0.24232   0.16527   0.07517   0.06318   0.08713   0.07058   0.01350   0.07099   0.10401   0.06034   0.14177   0.25112   8.39408   1.49135   0.99045   1.44032   1.06224  
  9 149.6765   2120.627682  x:  0.19724   0.00464   0.02187   0.03964   0.07490   0.01340   0.05598   0.15493   0.02171   0.24251   0.16565   0.07555   0.06423   0.08801   0.07445   0.00965   0.07251   0.10388   0.05722   0.14324   0.25200   8.39162   1.48752   0.97849   1.46291   1.07553  
 10 106.0896   2120.325160  x:  0.19698   0.00554   0.01845   0.04721   0.07758   0.01335   0.05599   0.15292   0.01956   0.23861   0.16972   0.07558   0.06488   0.08690   0.07887   0.01168   0.07328   0.10572   0.05283   0.14634   0.25025   8.38868   1.48360   0.96702   1.48701   1.09036  
 11 88.1154   2119.977440  x:  0.19891   0.00516   0.01938   0.04403   0.07282   0.01312   0.05602   0.16156   0.01950   0.22480   0.18101   0.07774   0.06444   0.08404   0.07548   0.01142   0.07086   0.11007   0.05572   0.15129   0.24151   8.38372   1.47908   0.95669   1.51850   1.11196  
 12 43.6777   2119.908181  x:  0.20063   0.00512   0.01949   0.04432   0.07468   0.01312   0.05564   0.16424   0.01948   0.22030   0.17951   0.07492   0.06317   0.08682   0.07299   0.01158   0.07254   0.10604   0.05452   0.14797   0.23722   8.38083   1.47938   0.96109   1.52596   1.12027  
 13 12.6681   2119.828251  x:  0.20265   0.00513   0.01934   0.04450   0.07317   0.01307   0.05676   0.16389   0.01947   0.21741   0.17503   0.07600   0.06494   0.08455   0.07733   0.01134   0.07115   0.10466   0.05627   0.14401   0.23313   8.37456   1.48253   0.97517   1.53561   1.13524  
 14 13.3100   2119.699843  x:  0.20326   0.00526   0.01945   0.04430   0.07430   0.01322   0.05364   0.16182   0.01950   0.21919   0.17279   0.07879   0.06423   0.08451   0.07417   0.01146   0.07120   0.11087   0.05373   0.14656   0.23290   8.36122   1.49219   1.00469   1.55169   1.16375  
 15 21.9720   2119.638140  x:  0.20195   0.00525   0.01936   0.04430   0.07439   0.01313   0.05819   0.16215   0.01948   0.22162   0.17563   0.07701   0.06302   0.08562   0.07443   0.01150   0.07226   0.11025   0.05482   0.14986   0.23530   8.35347   1.49944   1.01918   1.55947   1.17813  
 16 28.3084   2119.608354  x:  0.20056   0.00525   0.01940   0.04436   0.07383   0.01311   0.05544   0.16295   0.01946   0.22279   0.17872   0.07574   0.06374   0.08577   0.07572   0.01143   0.07196   0.10742   0.05562   0.15075   0.23750   8.34863   1.50539   1.02520   1.56302   1.18491  
 17 16.7340   2119.582236  x:  0.19937   0.00527   0.01942   0.04425   0.07408   0.01314   0.05638   0.16317   0.01946   0.22223   0.18111   0.07773   0.06536   0.08504   0.07453   0.01144   0.07076   0.10578   0.05348   0.14815   0.23944   8.34153   1.51650   1.02780   1.56582   1.19031  
 18  8.0592   2119.532129  x:  0.19916   0.00528   0.01935   0.04427   0.07442   0.01311   0.05585   0.16243   0.01945   0.21998   0.18139   0.07787   0.06237   0.08476   0.07534   0.01148   0.07316   0.10787   0.05537   0.14493   0.24027   8.32434   1.54368   1.02975   1.57126   1.19941  
 19 13.9747   2119.500790  x:  0.20044   0.00527   0.01936   0.04425   0.07372   0.01311   0.05601   0.16266   0.01942   0.21949   0.17876   0.07527   0.06454   0.08610   0.07525   0.01134   0.07155   0.10885   0.05506   0.14724   0.23868   8.31185   1.56147   1.03046   1.57510   1.20394  
 20 18.4771   2119.490797  x:  0.20112   0.00525   0.01936   0.04427   0.07442   0.01308   0.05596   0.16318   0.01941   0.22038   0.17769   0.07681   0.06374   0.08528   0.07516   0.01139   0.07143   0.10713   0.05497   0.14942   0.23696   8.30607   1.56652   1.03100   1.57707   1.20393  
 21  6.9225   2119.477799  x:  0.20086   0.00525   0.01939   0.04423   0.07254   0.01310   0.05595   0.16300   0.01941   0.22213   0.17829   0.07724   0.06424   0.08525   0.07518   0.01140   0.07347   0.10682   0.05391   0.14938   0.23448   8.29400   1.57049   1.03313   1.58162   1.20020  
 22  4.4767   2119.425339  x:  0.19907   0.00521   0.01931   0.04417   0.07483   0.01305   0.05593   0.16193   0.01943   0.22621   0.18126   0.07624   0.06439   0.08548   0.07498   0.01137   0.07129   0.10801   0.05513   0.14701   0.22858   8.24100   1.58377   1.04298   1.60162   1.18215  
 23 20.1434   2119.317090  x:  0.19906   0.00510   0.01938   0.04398   0.07313   0.01302   0.05586   0.16329   0.01941   0.22055   0.17835   0.07714   0.06224   0.08685   0.07634   0.01123   0.07011   0.10771   0.05332   0.14814   0.23491   8.12678   1.60734   1.06365   1.64250   1.14386  
 24 34.4340   2119.299621  x:  0.19958   0.00505   0.01935   0.04417   0.07427   0.01296   0.05588   0.16334   0.01939   0.21944   0.17776   0.07682   0.06430   0.08515   0.07521   0.01136   0.07195   0.10757   0.05457   0.14860   0.23634   8.10727   1.61056   1.06655   1.64831   1.13840  
 25 32.8636   2119.148988  x:  0.21852   0.00490   0.01932   0.04391   0.07417   0.01291   0.05582   0.16214   0.01938   0.22402   0.18254   0.07654   0.06409   0.08562   0.07545   0.01133   0.07152   0.10734   0.05447   0.14589   0.24003   7.88961   1.60713   1.06440   1.64746   1.13792  
 26  6.3093   2118.099322  x:  0.20426   0.00438   0.01933   0.04341   0.07429   0.01221   0.05576   0.16404   0.01877   0.22522   0.17578   0.07615   0.06392   0.08478   0.07539   0.01146   0.07165   0.10743   0.05425   0.14557   0.23897   6.54141   1.57701   1.04469   1.62435   1.14916  
 27 123.5229   2118.066426  x:  0.19909   0.00505   0.01913   0.04350   0.07418   0.01283   0.05581   0.16386   0.01910   0.22356   0.17498   0.07620   0.06387   0.08475   0.07518   0.01137   0.07167   0.10733   0.05453   0.14662   0.23771   6.58707   1.55807   1.03321   1.60142   1.15305  
 28  0.0644   2118.065417  x:  0.19884   0.00486   0.01922   0.04351   0.07419   0.01267   0.05581   0.16398   0.01905   0.22343   0.17489   0.07608   0.06382   0.08457   0.07519   0.01144   0.07167   0.10738   0.05445   0.14670   0.23769   6.58438   1.55546   1.03165   1.59760   1.15250  
 29  0.0068   2118.065327  x:  0.19906   0.00487   0.01922   0.04350   0.07418   0.01269   0.05582   0.16390   0.01906   0.22330   0.17498   0.07600   0.06380   0.08449   0.07518   0.01144   0.07167   0.10736   0.05444   0.14674   0.23770   6.57851   1.55552   1.03178   1.59704   1.15172  
 30  0.0052   2118.065310  x:  0.19905   0.00487   0.01922   0.04349   0.07418   0.01269   0.05582   0.16385   0.01906   0.22331   0.17498   0.07596   0.06378   0.08442   0.07517   0.01144   0.07166   0.10735   0.05441   0.14673   0.23771   6.58181   1.55576   1.03194   1.59723   1.15172  
 31  0.0024   2118.065307  x:  0.19902   0.00487   0.01922   0.04348   0.07417   0.01269   0.05582   0.16384   0.01906   0.22332   0.17497   0.07594   0.06378   0.08440   0.07517   0.01144   0.07166   0.10735   0.05441   0.14673   0.23770   6.58075   1.55573   1.03190   1.59729   1.15182  
 32  0.0010   2118.065307  x:  0.19903   0.00487   0.01922   0.04348   0.07417   0.01269   0.05582   0.16385   0.01906   0.22332   0.17497   0.07594   0.06377   0.08440   0.07517   0.01144   0.07166   0.10735   0.05441   0.14673   0.23770   6.58083   1.55571   1.03188   1.59729   1.15183  
 33  0.0001   2118.065307  x:  0.19903   0.00487   0.01922   0.04348   0.07417   0.01269   0.05582   0.16385   0.01906   0.22332   0.17497   0.07594   0.06377   0.08440   0.07517   0.01144   0.07166   0.10735   0.05441   0.14673   0.23770   6.58083   1.55571   1.03188   1.59729   1.15183  
 34  0.0000   2118.065307  x:  0.19903   0.00487   0.01922   0.04348   0.07417   0.01269   0.05582   0.16385   0.01906   0.22332   0.17497   0.07594   0.06377   0.08440   0.07517   0.01144   0.07166   0.10735   0.05441   0.14673   0.23770   6.58083   1.55571   1.03188   1.59729   1.15183  
 35  0.0000   2118.065307  x:  0.19903   0.00487   0.01922   0.04348   0.07417   0.01269   0.05582   0.16385   0.01906   0.22332   0.17497   0.07594   0.06377   0.08440   0.07517   0.01144   0.07166   0.10735   0.05441   0.14673   0.23770   6.58083   1.55571   1.03188   1.59729   1.15183  
check convergence!
