

TREE # 1

  0  0.0000   2214.169258  x:  0.00000   0.04970   0.06486   0.01973   0.08729   0.09183   0.04198   0.07274   0.11015   0.04589   0.11806   0.02727   0.04949   0.01339   0.03044   0.08546   0.06843   0.03389   0.06793   0.06396   0.09883   0.09889   0.06603   2.00000   1.22978   0.93813   1.13271   0.40000  
  1 99.0000   2197.119730  x:  0.19517   0.08716   0.05587   0.01905   0.08837   0.08678   0.03916   0.07226   0.10935   0.04963   0.12872   0.02258   0.07014   0.01919   0.02947   0.08281   0.06023   0.02878   0.06732   0.07606   0.09674   0.11197   0.08835   2.00328   1.23002   0.93797   1.13415   0.40978  
  2 2775.2213   2155.958525  x:  0.18295   0.14575   0.02434   0.01736   0.09185   0.06976   0.03105   0.07068   0.10665   0.05720   0.15735   0.00000   0.11804   0.02231   0.02750   0.07402   0.03202   0.01415   0.06560   0.10668   0.08964   0.14604   0.13505   2.01531   1.23088   0.93805   1.13875   0.44224  
  3 480.6415   2151.070263  x:  0.18226   0.15148   0.00452   0.02234   0.09324   0.06038   0.03634   0.07043   0.10499   0.05498   0.16467   0.00000   0.11337   0.01151   0.03079   0.06960   0.01982   0.04542   0.06635   0.10684   0.08546   0.15533   0.14116   2.02898   1.23205   0.93850   1.14336   0.46938  
  4 215.5868   2146.948491  x:  0.18137   0.15633   0.03618   0.02003   0.09553   0.04278   0.04132   0.06993   0.10138   0.05752   0.18061   0.00000   0.09591   0.01366   0.03413   0.06005   0.01604   0.06492   0.06898   0.10305   0.07963   0.17472   0.14702   2.07124   1.23624   0.93965   1.15713   0.54377  
  5 171.4865   2140.667219  x:  0.18228   0.14460   0.01733   0.01301   0.09628   0.05381   0.03519   0.07015   0.09848   0.05131   0.19449   0.00000   0.07564   0.03161   0.02824   0.05884   0.05454   0.05500   0.07077   0.09401   0.07532   0.19033   0.14368   2.16325   1.24533   0.94416   1.18531   0.67584  
  6 216.6873   2135.261632  x:  0.18511   0.12343   0.01103   0.03861   0.09481   0.06376   0.03364   0.07138   0.09980   0.05254   0.19282   0.00000   0.08122   0.01022   0.02850   0.06719   0.05069   0.02652   0.06789   0.08897   0.07979   0.18587   0.13158   2.25149   1.25473   0.94988   1.21026   0.77624  
  7 289.5849   2131.619750  x:  0.18686   0.10807   0.00461   0.02386   0.09199   0.06722   0.03740   0.07112   0.10295   0.05737   0.17983   0.00000   0.09347   0.01871   0.03300   0.07366   0.02585   0.01714   0.06514   0.09079   0.08873   0.16682   0.11825   2.32485   1.26359   0.95596   1.22856   0.83334  
  8 236.8484   2129.735412  x:  0.18660   0.11233   0.00882   0.01236   0.09039   0.07501   0.03249   0.07102   0.10548   0.05650   0.16833   0.00000   0.10424   0.01056   0.02809   0.07801   0.02559   0.02302   0.06308   0.09550   0.09286   0.15039   0.11643   2.37578   1.27042   0.96109   1.23962   0.85528  
  9 195.8185   2127.704880  x:  0.18510   0.12648   0.01305   0.02414   0.08971   0.07944   0.03052   0.07134   0.10838   0.05477   0.14988   0.00000   0.11108   0.02159   0.02620   0.07932   0.02772   0.03213   0.06292   0.10141   0.09703   0.12658   0.11764   2.45572   1.28208   0.96999   1.25505   0.87131  
 10 231.5785   2123.017570  x:  0.18344   0.15340   0.00817   0.01930   0.09227   0.06736   0.04596   0.07081   0.10888   0.05048   0.12033   0.00000   0.09319   0.01271   0.04029   0.06958   0.03198   0.01815   0.06832   0.09886   0.09230   0.10684   0.12764   2.65386   1.31280   0.99455   1.28840   0.86919  
 11 208.5669   2104.364724  x:  0.18365   0.14916   0.00441   0.01990   0.09560   0.04817   0.02188   0.07135   0.10411   0.06394   0.10295   0.00000   0.08937   0.01622   0.01038   0.05694   0.02150   0.02019   0.07217   0.07599   0.06873   0.16216   0.12456   3.47486   1.44263   1.09884   1.41854   0.78685  
 12 392.5860   2092.120605  x:  0.18371   0.13235   0.01153   0.02023   0.09604   0.06064   0.01942   0.07184   0.09968   0.06664   0.13504   0.00000   0.10798   0.01920   0.06927   0.06389   0.03573   0.03717   0.07016   0.08283   0.06135   0.21738   0.12251   4.31990   1.57617   1.20476   1.55100   0.69535  
 13 2029.4818   2087.947580  x:  0.18373   0.12542   0.01455   0.02068   0.09453   0.06858   0.05864   0.07113   0.09967   0.05474   0.17416   0.00000   0.10584   0.01992   0.05149   0.06930   0.03723   0.03851   0.06641   0.09774   0.07546   0.22020   0.12711   4.57723   1.61665   1.23441   1.58862   0.66524  
 14 626.5320   2085.770317  x:  0.18419   0.12262   0.01203   0.02041   0.09236   0.06294   0.04035   0.07007   0.10087   0.04901   0.21482   0.00000   0.08520   0.01828   0.04763   0.07010   0.02882   0.03459   0.06614   0.10611   0.08949   0.19738   0.13412   4.68191   1.63257   1.24194   1.59845   0.65198  
 15 167.0328   2085.463829  x:  0.18423   0.12125   0.01068   0.02023   0.09366   0.05891   0.04106   0.07048   0.10049   0.05860   0.22524   0.00000   0.08831   0.01755   0.04683   0.06744   0.03217   0.03502   0.06734   0.10062   0.08680   0.18775   0.13524   4.69846   1.63444   1.23927   1.59569   0.65036  
 16 43.4818   2085.320524  x:  0.18424   0.12135   0.01114   0.01998   0.09503   0.05844   0.04100   0.07078   0.09981   0.05290   0.22983   0.00000   0.09199   0.01812   0.04688   0.06555   0.03129   0.03453   0.06803   0.09564   0.08041   0.18356   0.13421   4.70742   1.63446   1.23266   1.58834   0.65026  
 17 20.8899   2084.768599  x:  0.18392   0.12492   0.01100   0.02011   0.09561   0.06582   0.04163   0.07010   0.09903   0.05739   0.23246   0.00000   0.08743   0.01812   0.04618   0.06898   0.02768   0.03375   0.06719   0.10189   0.06715   0.18237   0.12961   4.74881   1.62897   1.18338   1.53317   0.65256  
 18 21.2023   2083.372671  x:  0.18338   0.12406   0.00953   0.02012   0.09444   0.05947   0.04085   0.07026   0.09954   0.05557   0.22942   0.00000   0.09176   0.01674   0.04670   0.06731   0.03159   0.03396   0.06857   0.10292   0.08116   0.18759   0.13025   4.85432   1.60927   1.05575   1.38819   0.65921  
 19 136.6071   2083.161193  x:  0.18310   0.12281   0.01029   0.02001   0.09393   0.06543   0.04120   0.07073   0.10100   0.05660   0.22857   0.00000   0.09029   0.01769   0.04729   0.06886   0.02892   0.03430   0.06361   0.09627   0.08224   0.18792   0.14052   4.87169   1.59006   1.04480   1.36764   0.66029  
 20 23.6231   2081.635059  x:  0.18239   0.11751   0.01080   0.02011   0.09365   0.05568   0.04117   0.06955   0.10305   0.05450   0.22863   0.00000   0.09299   0.01829   0.04610   0.07983   0.03157   0.03407   0.06842   0.10483   0.07443   0.18688   0.14834   4.99271   1.39655   1.00576   1.24035   0.66767  
 21 41.4681   2081.084200  x:  0.18164   0.12624   0.01047   0.02013   0.09537   0.06271   0.04101   0.07135   0.10083   0.05638   0.23221   0.00000   0.09305   0.01747   0.04655   0.06859   0.02931   0.03346   0.06761   0.10286   0.08023   0.18864   0.13774   5.03701   1.32387   0.99054   1.19758   0.66995  
 22 126.1588   2080.722076  x:  0.18107   0.12909   0.00985   0.02024   0.09121   0.05861   0.04090   0.06497   0.10215   0.05594   0.23313   0.00000   0.09374   0.01746   0.04677   0.06954   0.03053   0.03300   0.05719   0.10221   0.07913   0.18888   0.13552   5.05690   1.29632   0.95995   1.21560   0.66856  
 23  7.3651   2080.184244  x:  0.18020   0.13026   0.00982   0.01986   0.09191   0.06110   0.04055   0.07072   0.10205   0.05624   0.23375   0.00000   0.09435   0.01728   0.04638   0.07160   0.02845   0.03273   0.06798   0.10186   0.07922   0.18948   0.13923   5.08610   1.25910   0.91390   1.24648   0.66677  
 24 63.3914   2079.906120  x:  0.18019   0.12432   0.00993   0.02001   0.10194   0.06198   0.03958   0.07166   0.09805   0.05582   0.23184   0.00000   0.09530   0.01688   0.04598   0.06314   0.02869   0.03253   0.06468   0.10905   0.07788   0.18810   0.14395   5.09790   1.25549   0.90840   1.25318   0.66875  
 25 10.8665   2070.171836  x:  0.16477   0.15857   0.00538   0.01923   0.13649   0.06772   0.03295   0.03161   0.07952   0.05850   0.23928   0.00000   0.11770   0.01328   0.04136   0.08513   0.01905   0.02313   0.07550   0.11364   0.09200   0.18935   0.15968   5.43794   1.33778   0.98419   1.33018   0.77276  
 26 14.5278   2060.511718  x:  0.15055   0.18998   0.00000   0.01723   0.14153   0.06041   0.02750   0.06619   0.08409   0.05903   0.24700   0.00000   0.13761   0.01004   0.03765   0.09884   0.01482   0.01355   0.05871   0.12618   0.09583   0.19064   0.16970   5.75454   1.41668   1.05756   1.40037   0.87014  
 27 797.5540   2060.511718  x:  0.15055   0.18998   0.00000   0.01723   0.14153   0.06041   0.02750   0.06619   0.08409   0.05903   0.24700   0.00000   0.13761   0.01004   0.03765   0.09884   0.01482   0.01355   0.05871   0.12618   0.09583   0.19064   0.16970   5.75454   1.41668   1.05756   1.40037   0.87014  
 28 185.9863   2058.343154  x:  0.13510   0.19287   0.02765   0.01823   0.13572   0.05725   0.02961   0.06740   0.08819   0.06207   0.24519   0.00000   0.13987   0.01463   0.03391   0.09190   0.01992   0.02128   0.06061   0.12699   0.09307   0.19281   0.17248   5.75527   1.41719   1.05775   1.40017   0.87170  
 29 285.8066   2044.266756  x:  0.02029   0.21098   0.01962   0.01387   0.09481   0.03803   0.03807   0.07398   0.11238   0.06506   0.23070   0.00000   0.15475   0.02884   0.01327   0.04454   0.02333   0.02596   0.07216   0.13267   0.07212   0.20674   0.19297   5.76068   1.42072   1.06004   1.39854   0.88287  
 30 216.7550   2043.023562  x:  0.00554   0.21336   0.01991   0.01569   0.09114   0.03900   0.03750   0.07421   0.11394   0.06516   0.22877   0.00000   0.15602   0.02753   0.02000   0.04289   0.02268   0.02525   0.07305   0.13362   0.07051   0.20835   0.19531   5.76153   1.42126   1.06037   1.39834   0.88459  
 31 298.8290   2042.675331  x:  0.00404   0.21976   0.02118   0.01650   0.08578   0.04370   0.03477   0.07374   0.11538   0.06500   0.22494   0.00000   0.15833   0.02083   0.01701   0.04550   0.02104   0.02298   0.07408   0.13544   0.06785   0.21195   0.20042   5.76386   1.42271   1.06116   1.39795   0.88931  
 32 45.8835   2042.437100  x:  0.00727   0.22761   0.02109   0.01551   0.08017   0.04395   0.03389   0.07348   0.11748   0.06495   0.22032   0.00000   0.16122   0.01895   0.02013   0.04449   0.02153   0.02306   0.07550   0.13759   0.06582   0.21635   0.20661   5.76701   1.42469   1.06222   1.39742   0.89564  
 33 66.3115   2042.180627  x:  0.00703   0.23943   0.01995   0.01857   0.08416   0.04266   0.03475   0.07208   0.11615   0.06428   0.21294   0.00000   0.16438   0.02297   0.01963   0.04920   0.02226   0.02452   0.07554   0.14006   0.06868   0.22214   0.21465   5.77418   1.42902   1.06456   1.39637   0.90940  
 34 37.7559   2042.062296  x:  0.00626   0.24399   0.02049   0.01439   0.08783   0.04262   0.03504   0.07167   0.11433   0.06415   0.21005   0.00000   0.16485   0.02264   0.01976   0.04887   0.02157   0.02385   0.07444   0.14025   0.07038   0.22383   0.21713   5.77893   1.43177   1.06613   1.39570   0.91800  
 35 46.4594   2041.917710  x:  0.00659   0.24782   0.02093   0.01655   0.09170   0.04243   0.03513   0.07256   0.11162   0.06428   0.20783   0.00000   0.16394   0.02007   0.01967   0.04340   0.02117   0.02250   0.07229   0.13888   0.07115   0.22415   0.21806   5.78776   1.43665   1.06906   1.39455   0.93307  
 36 42.1358   2041.427178  x:  0.00575   0.25049   0.01872   0.01567   0.08973   0.04430   0.03297   0.07670   0.10597   0.06557   0.20792   0.00000   0.15715   0.01943   0.01969   0.04474   0.02618   0.02876   0.07135   0.13172   0.06569   0.21821   0.21192   5.82906   1.45842   1.08236   1.38994   0.99943  
 37 47.6969   2041.004426  x:  0.00627   0.24912   0.02042   0.01603   0.08496   0.04248   0.03503   0.07689   0.10657   0.06626   0.21032   0.00000   0.15377   0.02353   0.02000   0.04719   0.01948   0.02358   0.07332   0.12887   0.06485   0.21340   0.20626   5.86529   1.47675   1.09349   1.38669   1.05473  
 38 147.5217   2040.771820  x:  0.00610   0.24353   0.02059   0.01603   0.08426   0.04213   0.03581   0.07239   0.11255   0.06445   0.21393   0.00000   0.15598   0.02162   0.01983   0.04754   0.02410   0.02032   0.07491   0.13271   0.07007   0.21204   0.20391   5.88955   1.48745   1.09992   1.38616   1.08644  
 39 74.4760   2040.641862  x:  0.00623   0.23851   0.02013   0.01617   0.08525   0.04285   0.03510   0.07006   0.11671   0.06361   0.21657   0.00000   0.15886   0.01994   0.01983   0.04667   0.02135   0.02448   0.07517   0.13666   0.07251   0.21249   0.20359   5.90500   1.49329   1.10340   1.38680   1.10340  
 40 77.6403   2040.534961  x:  0.00661   0.23139   0.02017   0.01602   0.08826   0.04406   0.03308   0.07322   0.11765   0.06560   0.21916   0.00000   0.16334   0.02152   0.02011   0.04667   0.02152   0.02313   0.07359   0.14122   0.06865   0.21611   0.20609   5.92288   1.49739   1.10573   1.39015   1.11421  
 41 26.5239   2040.458957  x:  0.00658   0.22658   0.02024   0.01608   0.08826   0.04212   0.03694   0.07417   0.11471   0.06541   0.22018   0.00000   0.16507   0.01915   0.02026   0.04790   0.02156   0.02342   0.07387   0.14167   0.06713   0.21936   0.20861   5.94048   1.49959   1.10701   1.39500   1.11871  
 42 24.4375   2040.231325  x:  0.00665   0.21690   0.02054   0.01616   0.08434   0.04393   0.03477   0.07158   0.10503   0.06284   0.22115   0.00000   0.16560   0.02106   0.01999   0.04621   0.02160   0.02332   0.07683   0.13765   0.07078   0.22727   0.21473   6.00087   1.50491   1.11021   1.41319   1.12603  
 43 44.1952   2039.392114  x:  0.00639   0.21227   0.02023   0.01633   0.08661   0.03591   0.02757   0.06742   0.11459   0.06812   0.21906   0.00000   0.15280   0.01793   0.02047   0.04987   0.02099   0.02285   0.07221   0.12583   0.07151   0.23462   0.21948   6.23985   1.52221   1.12162   1.48446   1.13660  
 44 68.9057   2038.556627  x:  0.00705   0.21261   0.01898   0.01624   0.08869   0.04696   0.03658   0.06756   0.12507   0.07018   0.21707   0.00000   0.14142   0.02025   0.02118   0.04965   0.02136   0.02311   0.06798   0.11957   0.07213   0.23743   0.22042   6.50037   1.54126   1.13449   1.55996   1.14559  
 45 540.5104   2037.123931  x:  0.00683   0.22830   0.02007   0.01578   0.08885   0.04499   0.03374   0.08146   0.11726   0.05396   0.21741   0.00000   0.14401   0.01891   0.02128   0.04976   0.02051   0.02249   0.07301   0.14012   0.07346   0.21995   0.20414   6.93176   1.57546   1.15963   1.67093   1.15142  
 46 268.0721   2036.477913  x:  0.00679   0.23634   0.01871   0.01631   0.08815   0.04540   0.03443   0.07029   0.10667   0.06773   0.21765   0.00000   0.15648   0.01843   0.02149   0.04870   0.02078   0.02250   0.07392   0.14752   0.07037   0.20685   0.19532   7.13160   1.59426   1.17486   1.70998   1.14924  
 47 229.9080   2035.691047  x:  0.00755   0.23774   0.01977   0.01654   0.09190   0.04653   0.03402   0.06479   0.10849   0.05605   0.21572   0.00000   0.17929   0.01949   0.02297   0.05057   0.02043   0.02163   0.06770   0.13016   0.06354   0.19631   0.19550   7.37857   1.62947   1.20568   1.71101   1.13074  
 48 81.3180   2034.615659  x:  0.00832   0.23596   0.01840   0.01651   0.09317   0.04822   0.03320   0.08143   0.11086   0.06631   0.21252   0.00000   0.18813   0.01561   0.02357   0.05366   0.02017   0.02214   0.07510   0.11978   0.07824   0.19281   0.19933   7.73930   1.68511   1.25324   1.69071   1.09743  
 49 218.8905   2032.740382  x:  0.00882   0.23215   0.01826   0.01717   0.09308   0.04842   0.03297   0.07234   0.10384   0.06452   0.21189   0.00000   0.15493   0.01644   0.02332   0.05462   0.02038   0.02186   0.06786   0.14130   0.07513   0.20785   0.20258   8.34712   1.77910   1.32944   1.63618   1.03782  
 50 299.2180   2032.613706  x:  0.00882   0.23528   0.01817   0.01720   0.09764   0.04902   0.03269   0.07047   0.10436   0.06406   0.21798   0.00000   0.15360   0.01584   0.02364   0.05382   0.02037   0.02162   0.07658   0.13983   0.07169   0.21245   0.20094   8.39143   1.77990   1.32493   1.62821   1.03595  
 51 34.6877   2032.178483  x:  0.00795   0.24706   0.01724   0.01721   0.09484   0.04873   0.03272   0.07223   0.10265   0.06526   0.24214   0.00000   0.15702   0.01523   0.02389   0.05522   0.02037   0.02186   0.06820   0.13554   0.07638   0.22688   0.19410   8.54818   1.76406   1.28095   1.58914   1.03693  
 52 41.1222   2030.595827  x:  0.00893   0.23686   0.01640   0.01747   0.09733   0.04980   0.03189   0.07120   0.10124   0.06521   0.22941   0.00000   0.15422   0.01397   0.02477   0.05688   0.01995   0.02128   0.06966   0.13632   0.07663   0.20942   0.20591   9.09219   1.66921   1.09765   1.43687   1.05366  
 53 79.6017   2030.191820  x:  0.00961   0.23232   0.01614   0.01760   0.09757   0.05027   0.03173   0.07150   0.10191   0.06526   0.21290   0.00000   0.15872   0.01343   0.02504   0.05747   0.01984   0.02116   0.07008   0.13521   0.07687   0.22323   0.18611   9.24076   1.60575   1.07887   1.39290   1.06337  
 54 38.5858   2029.565268  x:  0.00962   0.23430   0.01589   0.01774   0.09878   0.05062   0.03155   0.07151   0.10100   0.06524   0.22450   0.00000   0.15551   0.01337   0.02540   0.05853   0.01966   0.02093   0.06946   0.13551   0.07809   0.21729   0.19833   9.47258   1.47795   1.07656   1.32405   1.08249  
 55 57.5557   2027.571066  x:  0.00699   0.23223   0.00289   0.01790   0.09520   0.04919   0.03203   0.07036   0.10436   0.06590   0.21709   0.00000   0.15692   0.01776   0.02965   0.05578   0.01984   0.02083   0.07104   0.13980   0.07368   0.21626   0.20515  10.81342   1.51706   1.11747   1.45759   1.14310  
 56  1.1226   2027.238146  x:  0.00846   0.22995   0.00293   0.01792   0.09864   0.05078   0.03073   0.06921   0.09970   0.06510   0.22039   0.00000   0.15236   0.01234   0.03071   0.05925   0.01767   0.01767   0.06855   0.13767   0.07684   0.21449   0.20164  11.35623   1.54122   1.12644   1.47143   1.14548  
 57  0.6272   2027.099433  x:  0.00836   0.23210   0.00227   0.01752   0.09810   0.05032   0.03109   0.07066   0.10217   0.06498   0.22250   0.00000   0.15408   0.01378   0.03096   0.05880   0.01840   0.01834   0.06893   0.13461   0.07682   0.21727   0.20143  11.97998   1.54621   1.11868   1.43781   1.13551  
 58  0.5114   2027.064896  x:  0.00838   0.23214   0.00398   0.01749   0.09800   0.05025   0.03111   0.07066   0.10191   0.06499   0.22156   0.00000   0.15459   0.01371   0.03079   0.05868   0.01842   0.01855   0.06916   0.13480   0.07669   0.21672   0.20150  12.20603   1.53741   1.11621   1.43930   1.13584  
 59  0.2566   2027.053763  x:  0.00842   0.23155   0.00343   0.01763   0.09797   0.05026   0.03114   0.07036   0.10146   0.06533   0.22117   0.00000   0.15436   0.01338   0.03058   0.05865   0.01862   0.01902   0.06922   0.13563   0.07671   0.21626   0.20158  12.36760   1.53654   1.11834   1.44845   1.13994  
 60  0.1895   2027.052611  x:  0.00838   0.23151   0.00339   0.01768   0.09793   0.05026   0.03115   0.07032   0.10167   0.06536   0.22126   0.00000   0.15431   0.01365   0.03041   0.05855   0.01847   0.01877   0.06922   0.13583   0.07664   0.21640   0.20179  12.39898   1.53957   1.12014   1.45035   1.14112  
 61  0.0383   2027.052475  x:  0.00835   0.23156   0.00338   0.01769   0.09794   0.05027   0.03114   0.07035   0.10171   0.06531   0.22137   0.00000   0.15428   0.01360   0.03026   0.05853   0.01854   0.01880   0.06921   0.13578   0.07664   0.21647   0.20180  12.40402   1.54051   1.12026   1.45010   1.14110  
 62  0.0044   2027.052454  x:  0.00835   0.23155   0.00338   0.01769   0.09796   0.05028   0.03114   0.07035   0.10167   0.06531   0.22135   0.00000   0.15429   0.01362   0.03020   0.05854   0.01851   0.01880   0.06921   0.13575   0.07665   0.21644   0.20177  12.40248   1.54005   1.11997   1.44990   1.14105  
 63  0.0014   2027.052453  x:  0.00835   0.23154   0.00338   0.01769   0.09796   0.05028   0.03114   0.07035   0.10168   0.06531   0.22134   0.00000   0.15429   0.01361   0.03019   0.05855   0.01852   0.01880   0.06921   0.13576   0.07665   0.21644   0.20177  12.40157   1.54002   1.12002   1.44993   1.14105  
 64  0.0010   2027.052453  x:  0.00835   0.23154   0.00338   0.01769   0.09796   0.05028   0.03114   0.07035   0.10168   0.06531   0.22134   0.00000   0.15429   0.01361   0.03019   0.05855   0.01852   0.01880   0.06921   0.13576   0.07665   0.21644   0.20177  12.40141   1.54003   1.12003   1.44995   1.14104  
 65  0.0002   2027.052453  x:  0.00834   0.23154   0.00338   0.01769   0.09796   0.05028   0.03114   0.07035   0.10168   0.06531   0.22134   0.00000   0.15429   0.01361   0.03019   0.05855   0.01852   0.01880   0.06921   0.13576   0.07665   0.21644   0.20177  12.40141   1.54003   1.12003   1.44995   1.14104  
 66  0.0000   2027.052453  x:  0.00835   0.23154   0.00338   0.01769   0.09796   0.05028   0.03114   0.07035   0.10168   0.06531   0.22134   0.00000   0.15429   0.01361   0.03019   0.05855   0.01852   0.01880   0.06921   0.13576   0.07665   0.21644   0.20177  12.40141   1.54003   1.12003   1.44995   1.14104  
 67  0.0000   2027.052453  x:  0.00835   0.23154   0.00338   0.01769   0.09796   0.05028   0.03114   0.07035   0.10168   0.06531   0.22134   0.00000   0.15429   0.01361   0.03019   0.05855   0.01852   0.01880   0.06921   0.13576   0.07665   0.21644   0.20177  12.40141   1.54003   1.12003   1.44995   1.14104  

TREE # 2

  0  0.0000   2061.460533  x:  0.15127   0.02130   0.18961   0.06193   0.05365   0.00000   0.10384   0.02777   0.05901   0.05844   0.03361   0.05464   0.02733   0.19520   0.08288   0.06390   0.01375   0.09247   0.02527   0.08577   0.06560   0.06063   0.04111  12.40141   1.42291   1.08691   1.32033   1.14104  
  1 99.0000   2055.963809  x:  0.15147   0.02094   0.18973   0.06268   0.05401   0.02177   0.10406   0.02793   0.05911   0.05845   0.03334   0.05425   0.02709   0.19532   0.08371   0.06391   0.01345   0.09254   0.02512   0.08567   0.06587   0.06053   0.04097  12.40141   1.42292   1.08688   1.32036   1.14104  
  2 5670.0648   2035.746867  x:  0.16374   0.00026   0.19655   0.10353   0.06931   0.02143   0.11444   0.02939   0.06382   0.06001   0.01718   0.03081   0.01212   0.20221   0.13289   0.06336   0.00000   0.09620   0.01671   0.07949   0.08186   0.05471   0.03292  12.40140   1.42354   1.08582   1.32229   1.14110  
  3 359.3944   2035.555455  x:  0.16385   0.00000   0.19661   0.10381   0.06942   0.02143   0.11453   0.02939   0.06385   0.06002   0.01713   0.03061   0.01204   0.20227   0.13328   0.06338   0.00036   0.09623   0.01671   0.07944   0.08198   0.05466   0.03287  12.40140   1.42354   1.08581   1.32232   1.14110  
  4 631.8432   2034.684928  x:  0.16806   0.00000   0.19884   0.10425   0.06887   0.02143   0.11707   0.02901   0.06398   0.06019   0.02578   0.02523   0.01528   0.20382   0.13906   0.06409   0.00000   0.09711   0.02199   0.07774   0.08324   0.05401   0.03415  12.40139   1.42416   1.08495   1.32346   1.14115  
  5 108.5876   2034.684928  x:  0.16806   0.00000   0.19884   0.10425   0.06887   0.02143   0.11707   0.02901   0.06398   0.06019   0.02578   0.02523   0.01528   0.20382   0.13906   0.06409   0.00000   0.09711   0.02199   0.07774   0.08324   0.05401   0.03415  12.40139   1.42416   1.08495   1.32346   1.14115  
  6 38.2882   2033.289863  x:  0.17070   0.00000   0.20036   0.10952   0.07080   0.01781   0.11901   0.02916   0.06463   0.06035   0.02199   0.02179   0.01240   0.20516   0.14683   0.06497   0.01759   0.09793   0.02060   0.07651   0.08547   0.05314   0.03308  12.40139   1.42446   1.08452   1.32409   1.14119  
  7 253.7836   2030.441870  x:  0.18094   0.00000   0.20564   0.12830   0.07635   0.01083   0.12621   0.02986   0.06713   0.06068   0.01198   0.01295   0.00533   0.20979   0.17378   0.06387   0.01271   0.10038   0.01391   0.07216   0.09319   0.05030   0.02998  12.40138   1.42554   1.08306   1.32654   1.14126  
  8 160.0319   2028.203360  x:  0.19531   0.00000   0.21332   0.15339   0.08326   0.01102   0.13612   0.03068   0.07038   0.06057   0.02078   0.01968   0.01394   0.21683   0.21164   0.06332   0.01067   0.10362   0.01478   0.06723   0.10311   0.04750   0.02815  12.40135   1.42737   1.08065   1.33051   1.14140  
  9 236.1817   2027.924544  x:  0.19767   0.00000   0.21465   0.15619   0.08250   0.01588   0.13723   0.03023   0.07026   0.05990   0.02064   0.02059   0.01003   0.21809   0.21784   0.06387   0.01047   0.10363   0.01973   0.06820   0.10310   0.04890   0.03085  12.40135   1.42816   1.07990   1.33183   1.14143  
 10 70.5517   2027.807128  x:  0.19965   0.00000   0.21575   0.15532   0.07761   0.01381   0.13679   0.02897   0.06883   0.05866   0.02126   0.02126   0.00951   0.21944   0.22307   0.06503   0.01026   0.10255   0.01924   0.07125   0.09947   0.05198   0.03355  12.40134   1.42999   1.07852   1.33456   1.14142  
 11 25.3143   2027.762154  x:  0.20062   0.00000   0.21633   0.15382   0.07516   0.01555   0.13621   0.02987   0.06849   0.05819   0.02060   0.02033   0.01069   0.22029   0.22584   0.06547   0.01035   0.10183   0.01853   0.07236   0.09702   0.05209   0.03212  12.40134   1.43171   1.07733   1.33704   1.14142  
 12 22.5813   2027.735994  x:  0.20114   0.00000   0.21661   0.15194   0.07436   0.01503   0.13547   0.03061   0.06880   0.05835   0.02116   0.02098   0.00950   0.22085   0.22746   0.06520   0.01028   0.10143   0.01904   0.07210   0.09567   0.05077   0.03052  12.40133   1.43390   1.07596   1.34016   1.14140  
 13 15.5593   2027.692723  x:  0.20170   0.00000   0.21692   0.14801   0.07530   0.01461   0.13394   0.03007   0.06977   0.05902   0.02047   0.02059   0.01028   0.22182   0.22961   0.06429   0.01020   0.10117   0.01985   0.07026   0.09497   0.04892   0.03233  12.40131   1.43995   1.07246   1.34866   1.14134  
 14 16.6669   2027.652891  x:  0.20177   0.00000   0.21698   0.14574   0.07698   0.01560   0.13319   0.02941   0.06969   0.05921   0.02131   0.02075   0.00936   0.22239   0.23032   0.06421   0.01028   0.10135   0.01794   0.06946   0.09579   0.05012   0.03253  12.40129   1.44665   1.06905   1.35794   1.14125  
 15 25.7192   2027.599223  x:  0.20137   0.00000   0.21683   0.14486   0.07862   0.01471   0.13313   0.02949   0.06832   0.05908   0.02060   0.02063   0.00995   0.22272   0.22978   0.06486   0.01002   0.10189   0.01941   0.07037   0.09790   0.05277   0.03075  12.40126   1.45743   1.06438   1.37265   1.14106  
 16 36.3581   2027.538904  x:  0.20022   0.00000   0.21634   0.14874   0.07708   0.01471   0.13472   0.03115   0.06708   0.05884   0.02082   0.02064   0.00979   0.22209   0.22674   0.06576   0.01002   0.10210   0.01879   0.07252   0.09875   0.04995   0.03204  12.40122   1.47125   1.06073   1.39081   1.14071  
 17 25.9822   2027.513909  x:  0.19972   0.00000   0.21601   0.15153   0.07556   0.01493   0.13524   0.02902   0.06838   0.05870   0.02068   0.02067   0.00989   0.22136   0.22519   0.06502   0.01011   0.10172   0.01891   0.07153   0.09752   0.04988   0.03131  12.40120   1.47762   1.06108   1.39857   1.14047  
 18 19.3798   2027.499583  x:  0.19958   0.00000   0.21570   0.15294   0.07526   0.01474   0.13528   0.03050   0.06961   0.05844   0.02083   0.02051   0.00990   0.22062   0.22459   0.06431   0.01016   0.10133   0.01904   0.07020   0.09625   0.05116   0.03165  12.40119   1.48196   1.06339   1.40325   1.14022  
 19 13.1598   2027.449915  x:  0.20024   0.00000   0.21442   0.15350   0.07712   0.01484   0.13380   0.03049   0.06864   0.05692   0.01935   0.02236   0.01002   0.21762   0.22552   0.06511   0.01011   0.10082   0.01863   0.07023   0.09482   0.05077   0.03167  12.40113   1.49991   1.08277   1.41951   1.13881  
 20  9.9975   2027.401619  x:  0.20083   0.00000   0.21338   0.15342   0.07801   0.01474   0.13274   0.02992   0.06782   0.05689   0.02115   0.02011   0.00994   0.21524   0.22655   0.06562   0.00999   0.10069   0.01919   0.07081   0.09456   0.05029   0.03155  12.40107   1.51782   1.10268   1.43546   1.13741  
 21 88.1122   2027.367931  x:  0.20081   0.00000   0.21353   0.15221   0.07583   0.01498   0.13360   0.03014   0.06862   0.06005   0.02074   0.02058   0.00995   0.21571   0.22702   0.06467   0.01009   0.10147   0.01894   0.07140   0.09687   0.05074   0.03158  12.40102   1.53058   1.11727   1.44638   1.13648  
 22 32.9638   2027.356671  x:  0.20034   0.00000   0.21468   0.15134   0.07502   0.01492   0.13508   0.03016   0.06891   0.05805   0.02077   0.02051   0.00988   0.21850   0.22650   0.06435   0.01010   0.10186   0.01895   0.07082   0.09784   0.05062   0.03158  12.40100   1.53508   1.12233   1.44968   1.13631  
 23  9.2046   2027.353098  x:  0.20011   0.00000   0.21560   0.15147   0.07581   0.01485   0.13559   0.03008   0.06907   0.05859   0.02076   0.02051   0.00985   0.22054   0.22598   0.06492   0.01004   0.10159   0.01897   0.07105   0.09703   0.05064   0.03157  12.40099   1.53674   1.12387   1.45045   1.13642  
 24  3.7615   2027.352201  x:  0.20017   0.00000   0.21594   0.15177   0.07583   0.01487   0.13501   0.03011   0.06856   0.05872   0.02076   0.02051   0.00984   0.22107   0.22582   0.06443   0.01006   0.10155   0.01897   0.07099   0.09700   0.05064   0.03157  12.40099   1.53742   1.12404   1.45025   1.13669  
 25  1.0212   2027.350230  x:  0.20046   0.00000   0.21631   0.15211   0.07560   0.01485   0.13380   0.03018   0.06901   0.05862   0.02075   0.02050   0.00983   0.22142   0.22565   0.06502   0.00999   0.10168   0.01896   0.07095   0.09741   0.05064   0.03157  12.40097   1.53932   1.12397   1.44918   1.13771  
 26  1.0924   2027.339146  x:  0.20119   0.00000   0.21630   0.15181   0.07600   0.01478   0.13519   0.03011   0.06926   0.05847   0.02068   0.02044   0.00979   0.22044   0.22603   0.06446   0.00979   0.10180   0.01890   0.07143   0.09715   0.05063   0.03155  12.40085   1.54995   1.12270   1.44245   1.14426  
 27  2.3736   2027.336816  x:  0.20072   0.00000   0.21599   0.15183   0.07571   0.01478   0.13548   0.03012   0.06857   0.05875   0.02065   0.02043   0.00977   0.22042   0.22633   0.06509   0.00969   0.10158   0.01894   0.07053   0.09718   0.05065   0.03155  12.40082   1.55117   1.12259   1.44171   1.14550  
 28  2.2946   2027.322542  x:  0.19620   0.00000   0.21351   0.15256   0.07592   0.01469   0.13472   0.03015   0.06910   0.05853   0.02056   0.02035   0.00965   0.22155   0.22871   0.06476   0.00930   0.10087   0.01886   0.07116   0.09745   0.05063   0.03153  12.40069   1.55185   1.12292   1.44193   1.15207  
 29  1.3858   2027.250539  x:  0.19817   0.00000   0.21358   0.15356   0.07623   0.01430   0.13491   0.03019   0.06879   0.05868   0.01992   0.01982   0.00914   0.22215   0.23029   0.06512   0.00750   0.10730   0.01856   0.07051   0.09584   0.05052   0.03139  12.40004   1.54629   1.12559   1.44956   1.18177  
 30  3.7206   2027.196506  x:  0.20202   0.00000   0.21569   0.15386   0.07649   0.01402   0.13568   0.03020   0.06916   0.05848   0.01945   0.01942   0.00879   0.22163   0.23046   0.06500   0.00630   0.10152   0.01828   0.07052   0.09799   0.05037   0.03125  12.39958   1.54186   1.12744   1.45529   1.20152  
 31 17.1569   2027.135259  x:  0.19744   0.00000   0.22416   0.15449   0.07700   0.01365   0.13581   0.03019   0.06922   0.05853   0.01891   0.01899   0.00844   0.21790   0.23368   0.06525   0.00468   0.10223   0.01804   0.07027   0.09807   0.05027   0.03115  12.39940   1.54280   1.12499   1.45456   1.18135  
 32  1.3069   2027.064587  x:  0.20156   0.00000   0.21717   0.15587   0.07735   0.01337   0.13607   0.03021   0.06937   0.05857   0.01831   0.01850   0.00798   0.22177   0.23529   0.06530   0.00302   0.10239   0.01774   0.07002   0.09836   0.05017   0.03102  12.39923   1.54467   1.12171   1.45275   1.15363  
 33  8.8865   2027.054100  x:  0.20205   0.00000   0.21637   0.15497   0.07678   0.01357   0.13593   0.03021   0.06927   0.05855   0.01842   0.01872   0.00829   0.22151   0.23297   0.06528   0.00364   0.10179   0.01762   0.07026   0.09812   0.05023   0.03110  12.39993   1.54080   1.12005   1.45030   1.13964  
 34  0.0171   2027.052508  x:  0.20185   0.00000   0.21652   0.15437   0.07661   0.01356   0.13580   0.03020   0.06921   0.05854   0.01848   0.01879   0.00834   0.22129   0.23158   0.06533   0.00338   0.10159   0.01763   0.07037   0.09797   0.05027   0.03113  12.40059   1.53950   1.11995   1.44970   1.14081  
 35  0.0021   2027.052454  x:  0.20177   0.00000   0.21644   0.15428   0.07665   0.01361   0.13576   0.03019   0.06921   0.05855   0.01851   0.01879   0.00834   0.22134   0.23152   0.06531   0.00338   0.10168   0.01769   0.07035   0.09796   0.05028   0.03114  12.40081   1.53998   1.12004   1.44989   1.14108  
 36  0.0006   2027.052453  x:  0.20177   0.00000   0.21644   0.15428   0.07666   0.01361   0.13576   0.03019   0.06921   0.05855   0.01851   0.01880   0.00835   0.22134   0.23154   0.06531   0.00338   0.10168   0.01769   0.07035   0.09796   0.05028   0.03114  12.40096   1.54004   1.12003   1.44995   1.14104  
 37  0.0002   2027.052453  x:  0.20177   0.00000   0.21644   0.15429   0.07665   0.01361   0.13576   0.03019   0.06921   0.05855   0.01852   0.01880   0.00834   0.22134   0.23154   0.06531   0.00338   0.10168   0.01769   0.07035   0.09796   0.05028   0.03114  12.40108   1.54003   1.12003   1.44995   1.14104  
 38  0.0001   2027.052453  x:  0.20177   0.00000   0.21644   0.15429   0.07665   0.01361   0.13576   0.03019   0.06921   0.05855   0.01852   0.01880   0.00835   0.22134   0.23154   0.06531   0.00338   0.10168   0.01769   0.07035   0.09796   0.05028   0.03114  12.40130   1.54003   1.12003   1.44994   1.14104  
 39  0.0001   2027.052453  x:  0.20177   0.00000   0.21644   0.15429   0.07665   0.01361   0.13576   0.03019   0.06921   0.05855   0.01852   0.01880   0.00835   0.22134   0.23154   0.06531   0.00338   0.10168   0.01769   0.07035   0.09796   0.05028   0.03114  12.40143   1.54003   1.12003   1.44995   1.14104  
 40  0.0001   2027.052453  x:  0.20177   0.00000   0.21644   0.15429   0.07665   0.01361   0.13576   0.03019   0.06921   0.05855   0.01852   0.01880   0.00835   0.22134   0.23154   0.06531   0.00338   0.10168   0.01769   0.07035   0.09796   0.05028   0.03114  12.40142   1.54003   1.12003   1.44995   1.14104  
 41  0.0000   2027.052453  x:  0.20177   0.00000   0.21644   0.15429   0.07665   0.01361   0.13576   0.03019   0.06921   0.05855   0.01852   0.01880   0.00835   0.22134   0.23154   0.06531   0.00338   0.10168   0.01769   0.07035   0.09796   0.05028   0.03114  12.40142   1.54003   1.12003   1.44995   1.14104  
 42  0.0000   2027.052453  x:  0.20177   0.00000   0.21644   0.15429   0.07665   0.01361   0.13576   0.03019   0.06921   0.05855   0.01852   0.01880   0.00835   0.22134   0.23154   0.06531   0.00338   0.10168   0.01769   0.07035   0.09796   0.05028   0.03114  12.40142   1.54003   1.12003   1.44995   1.14104  
 43  0.0000   2027.052453  x:  0.20177   0.00000   0.21644   0.15429   0.07665   0.01361   0.13576   0.03019   0.06921   0.05855   0.01852   0.01880   0.00835   0.22134   0.23154   0.06531   0.00338   0.10168   0.01769   0.07035   0.09796   0.05028   0.03114  12.40142   1.54003   1.12003   1.44995   1.14104  