

TREE # 1

  0  0.0000   2367.505605  x:  0.20925   0.02571   0.03211   0.02495   0.05815   0.02188   0.05666   0.08536   0.02661   0.17168   0.20925   0.02571   0.03211   0.02495   0.05815   0.02188   0.05666   0.08536   0.02661   0.17168   0.21568   8.40433   1.84244   1.21217   1.67089   1.00000  
  1 99.0000   2235.854868  x:  0.21318   0.00935   0.05784   0.01897   0.06499   0.03762   0.06104   0.23963   0.01651   0.17093   0.20660   0.04721   0.02068   0.00000   0.27874   0.03424   0.04734   0.08724   0.01836   0.16806   0.20938   8.40443   1.84188   1.20980   1.67272   0.99831  
  2 1245.1348   2233.584105  x:  0.21647   0.00795   0.05523   0.01364   0.06650   0.03373   0.06360   0.25912   0.00428   0.17055   0.20515   0.04606   0.02356   0.04086   0.28658   0.03233   0.04407   0.08793   0.01775   0.16618   0.20593   8.40451   1.84153   1.20866   1.67357   0.99718  
  3 383.4733   2232.605364  x:  0.21755   0.00852   0.05391   0.01270   0.06679   0.03268   0.06430   0.26249   0.00000   0.17044   0.20473   0.04543   0.02387   0.04081   0.28530   0.03066   0.04333   0.08807   0.01785   0.16566   0.20493   8.40453   1.84142   1.20833   1.67382   0.99684  
  4 185.9202   2230.919571  x:  0.23040   0.00359   0.03876   0.02056   0.06776   0.03912   0.06865   0.28827   0.00000   0.16950   0.20092   0.04556   0.02341   0.04049   0.27174   0.03498   0.04299   0.08857   0.01735   0.16119   0.19559   8.40483   1.84020   1.20420   1.67696   0.99283  
  5 151.0471   2230.449997  x:  0.23621   0.00992   0.03598   0.02302   0.06776   0.04273   0.06949   0.29807   0.00000   0.16912   0.19931   0.04659   0.02276   0.04073   0.26645   0.03914   0.04399   0.08861   0.01716   0.15942   0.19159   8.40498   1.83960   1.20212   1.67854   0.99082  
  6 212.6422   2229.863326  x:  0.24771   0.00779   0.04625   0.01604   0.06638   0.04471   0.06681   0.31019   0.00000   0.16849   0.19632   0.04961   0.02119   0.03992   0.25690   0.04713   0.04814   0.08818   0.01786   0.15669   0.18401   8.40538   1.83796   1.19677   1.68263   0.98547  
  7 68.7913   2229.708574  x:  0.25466   0.00777   0.04760   0.01917   0.06593   0.03990   0.06362   0.30958   0.00000   0.16835   0.19488   0.04855   0.02212   0.03996   0.25804   0.04765   0.04849   0.08770   0.01455   0.15655   0.18042   8.40593   1.83580   1.19034   1.68763   0.97866  
  8 21.1358   2229.523411  x:  0.26405   0.00795   0.04647   0.02054   0.06559   0.03638   0.06115   0.30678   0.00000   0.16823   0.19316   0.04806   0.02186   0.04031   0.26127   0.04773   0.04823   0.08713   0.01968   0.15677   0.17605   8.40685   1.83217   1.17973   1.69590   0.96730  
  9 59.1885   2229.189820  x:  0.27763   0.00824   0.04234   0.01488   0.06584   0.04011   0.06329   0.30018   0.00000   0.16810   0.19085   0.04736   0.02049   0.04096   0.26708   0.04561   0.04676   0.08681   0.01726   0.15753   0.17091   8.40874   1.82482   1.15897   1.71213   0.94461  
 10 67.9686   2228.990408  x:  0.27999   0.00811   0.04627   0.01743   0.06678   0.04356   0.06835   0.29965   0.00000   0.16800   0.19072   0.04854   0.02464   0.04156   0.26819   0.04119   0.04598   0.08774   0.01787   0.15762   0.17190   8.41027   1.81906   1.14420   1.72384   0.92752  
 11 47.0309   2228.702528  x:  0.27302   0.00802   0.04780   0.01931   0.06670   0.04251   0.06855   0.30351   0.00000   0.16780   0.19265   0.04944   0.01787   0.04257   0.26728   0.03970   0.04581   0.08868   0.01751   0.15718   0.17890   8.41282   1.80995   1.12353   1.74060   0.90175  
 12 46.7336   2228.411710  x:  0.26197   0.00812   0.04480   0.01677   0.06573   0.04046   0.06467   0.30850   0.00000   0.16747   0.19516   0.04993   0.02206   0.04245   0.26682   0.04373   0.04736   0.08889   0.01736   0.15653   0.18673   8.41578   1.79965   1.10199   1.75839   0.87366  
 13 103.9580   2228.325711  x:  0.25591   0.00806   0.04594   0.01705   0.06615   0.04174   0.06448   0.30926   0.00000   0.16695   0.19450   0.04486   0.02217   0.04263   0.26748   0.04538   0.04515   0.08570   0.01786   0.15569   0.18146   8.41729   1.79563   1.10059   1.76106   0.86712  
 14 10.7255   2228.174219  x:  0.24624   0.00807   0.04524   0.01723   0.06619   0.04063   0.06558   0.30961   0.00000   0.16636   0.19218   0.05007   0.02175   0.04344   0.26941   0.04450   0.04712   0.08420   0.01737   0.15475   0.16921   8.42070   1.78768   1.10320   1.76299   0.85796  
 15 15.6276   2227.772809  x:  0.24334   0.00803   0.04602   0.01738   0.06411   0.04334   0.06154   0.31380   0.00000   0.16899   0.18810   0.04668   0.02158   0.04612   0.27549   0.04294   0.04799   0.10220   0.01780   0.15798   0.16394   8.43196   1.76573   1.12159   1.76024   0.84316  
 16 10.7865   2226.412909  x:  0.25509   0.00779   0.04785   0.01548   0.07108   0.03583   0.07198   0.32854   0.00000   0.17566   0.18406   0.04962   0.02182   0.05382   0.29449   0.05039   0.04118   0.09643   0.01739   0.16584   0.17812   8.47007   1.69806   1.18233   1.74568   0.80709  
 17 40.3209   2225.839891  x:  0.26069   0.00783   0.04782   0.01589   0.06656   0.04139   0.06513   0.33629   0.00000   0.17453   0.18743   0.04809   0.02206   0.05845   0.30317   0.04053   0.05000   0.08500   0.01770   0.16399   0.18434   8.48626   1.67460   1.20126   1.73872   0.79874  
 18 59.3766   2225.039290  x:  0.26342   0.00768   0.04913   0.01575   0.06141   0.04369   0.05965   0.34331   0.00000   0.16119   0.20454   0.05437   0.02301   0.06366   0.31486   0.03827   0.03703   0.08627   0.01698   0.14718   0.18408   8.50898   1.66538   1.19546   1.72743   0.81504  
 19 17.8792   2223.882849  x:  0.26383   0.00744   0.04976   0.01432   0.06949   0.03828   0.06927   0.35453   0.00000   0.14761   0.22390   0.04745   0.02208   0.07117   0.33516   0.04086   0.04933   0.09266   0.01718   0.13150   0.18146   8.54424   1.66129   1.17348   1.70925   0.84989  
 20 64.1240   2221.268874  x:  0.25271   0.00673   0.05298   0.01299   0.07032   0.03916   0.06622   0.39132   0.00000   0.17219   0.21726   0.04983   0.02264   0.08931   0.37298   0.03669   0.04554   0.08793   0.01662   0.17018   0.17398   8.62624   1.67811   1.09569   1.66325   0.94634  
 21 57.4809   2220.918222  x:  0.24981   0.00667   0.05314   0.01292   0.06350   0.03835   0.06862   0.39364   0.00000   0.17164   0.19297   0.04929   0.02270   0.09150   0.37926   0.03678   0.04544   0.08731   0.01678   0.15977   0.17981   8.63714   1.68783   1.08628   1.65457   0.95456  
 22 24.3146   2220.862074  x:  0.24942   0.00665   0.05325   0.01288   0.06872   0.03935   0.06599   0.39395   0.00000   0.17088   0.18846   0.05005   0.02276   0.09190   0.38006   0.03595   0.04499   0.08728   0.01677   0.15759   0.18095   8.63922   1.69197   1.08530   1.65228   0.95410  
 23 16.4482   2220.594693  x:  0.25116   0.00661   0.05347   0.01272   0.06793   0.03893   0.06668   0.39739   0.00000   0.16378   0.19144   0.04985   0.02287   0.09312   0.38338   0.03528   0.04488   0.08732   0.01678   0.16170   0.18041   8.65377   1.75489   1.09261   1.62845   0.91919  
 24  7.2405   2220.550767  x:  0.25149   0.00661   0.05347   0.01269   0.06807   0.03885   0.06674   0.39755   0.00000   0.17190   0.19395   0.04981   0.02289   0.09325   0.38404   0.03508   0.04485   0.08736   0.01677   0.15700   0.17983   8.65685   1.76542   1.09516   1.62832   0.91462  
 25  8.6185   2219.724232  x:  0.24984   0.00646   0.05297   0.01165   0.06781   0.03679   0.06703   0.40865   0.00000   0.16907   0.19222   0.04867   0.02353   0.09219   0.38662   0.02930   0.04330   0.08607   0.01673   0.15656   0.17981   8.74994   1.93244   1.20838   1.84263   0.92491  
 26  3.4945   2216.678929  x:  0.25547   0.00652   0.04975   0.00913   0.06911   0.02812   0.07018   0.43566   0.00000   0.16751   0.18985   0.04376   0.02573   0.07641   0.37725   0.00973   0.03750   0.08856   0.01733   0.15302   0.17162   9.11632   1.84566   1.16914   1.77406   0.90825  
 27  1.4311   2212.863686  x:  0.25956   0.00660   0.04493   0.00720   0.07278   0.01495   0.07600   0.48856   0.00000   0.16545   0.18576   0.03548   0.02661   0.04142   0.35789   0.02599   0.02854   0.09269   0.01931   0.14767   0.16032   9.72105   1.71865   1.12658   1.67975   0.88281  
 28  0.8958   2208.920248  x:  0.26053   0.00679   0.04384   0.01132   0.07440   0.02974   0.07879   0.53664   0.00000   0.16442   0.18513   0.03405   0.02701   0.00595   0.34456   0.03120   0.02773   0.09661   0.02077   0.14483   0.15668  10.14847   1.65238   1.10723   1.63073   0.87274  
 29  0.8391   2205.340001  x:  0.25239   0.00596   0.05151   0.01355   0.07086   0.03216   0.07169   0.58943   0.00000   0.16725   0.19060   0.05195   0.02284   0.00292   0.41437   0.03082   0.04886   0.09197   0.01816   0.15005   0.17681  10.01872   1.78533   1.14048   1.70643   0.90994  
 30  0.1717   2205.029689  x:  0.25363   0.00568   0.05288   0.01240   0.07031   0.03408   0.07092   0.58832   0.00000   0.16777   0.19045   0.05057   0.02322   0.00936   0.43445   0.02963   0.04524   0.09049   0.01766   0.15131   0.17598   9.83020   1.78817   1.13949   1.70307   0.91266  
 31  0.3937   2204.348926  x:  0.25723   0.00512   0.05437   0.00913   0.06954   0.03435   0.06987   0.58619   0.00000   0.16837   0.19029   0.04581   0.02455   0.00420   0.46395   0.02673   0.03595   0.08765   0.01676   0.15328   0.17263   9.46142   1.78388   1.13806   1.69682   0.91196  
 32  0.6906   2204.209151  x:  0.25657   0.00507   0.05376   0.01280   0.06978   0.03188   0.07011   0.57701   0.00000   0.16801   0.19017   0.04442   0.02401   0.00317   0.47303   0.02613   0.03658   0.08906   0.01747   0.15266   0.17179   9.36091   1.76636   1.13691   1.68572   0.90559  
 33  0.1193   2204.133956  x:  0.25506   0.00496   0.05249   0.01150   0.07024   0.03141   0.07050   0.56270   0.00000   0.16739   0.19045   0.04522   0.02337   0.00360   0.47898   0.02730   0.03922   0.09093   0.01802   0.15164   0.17199   9.34614   1.75082   1.13513   1.67869   0.89784  
 34  0.0246   2204.116422  x:  0.25518   0.00502   0.05255   0.01118   0.07026   0.03151   0.07065   0.55704   0.00000   0.16750   0.19047   0.04602   0.02366   0.00311   0.48295   0.02794   0.03806   0.09013   0.01781   0.15206   0.17220   9.39193   1.76225   1.13668   1.68884   0.90016  
 35  0.0399   2204.114872  x:  0.25538   0.00509   0.05271   0.01134   0.07016   0.03160   0.07056   0.55654   0.00000   0.16766   0.19039   0.04580   0.02369   0.00334   0.48356   0.02803   0.03805   0.08988   0.01773   0.15230   0.17229   9.41783   1.76277   1.13626   1.68757   0.90184  
 36  0.0294   2204.114650  x:  0.25542   0.00513   0.05275   0.01133   0.07013   0.03165   0.07050   0.55651   0.00000   0.16769   0.19039   0.04570   0.02368   0.00325   0.48368   0.02804   0.03817   0.08990   0.01772   0.15232   0.17230   9.42935   1.76207   1.13595   1.68641   0.90219  
 37  0.0141   2204.114629  x:  0.25539   0.00515   0.05274   0.01134   0.07013   0.03166   0.07050   0.55647   0.00000   0.16766   0.19043   0.04574   0.02368   0.00325   0.48373   0.02802   0.03815   0.08996   0.01773   0.15228   0.17227   9.43273   1.76205   1.13602   1.68658   0.90202  
 38  0.0027   2204.114628  x:  0.25540   0.00516   0.05273   0.01133   0.07013   0.03167   0.07050   0.55646   0.00000   0.16766   0.19042   0.04573   0.02368   0.00325   0.48374   0.02800   0.03816   0.08994   0.01773   0.15229   0.17227   9.43260   1.76207   1.13604   1.68665   0.90202  
 39  0.0001   2204.114628  x:  0.25540   0.00516   0.05273   0.01133   0.07013   0.03167   0.07050   0.55646   0.00000   0.16766   0.19042   0.04574   0.02368   0.00325   0.48374   0.02800   0.03816   0.08994   0.01773   0.15229   0.17228   9.43241   1.76206   1.13603   1.68662   0.90203  
 40  0.0001   2204.114627  x:  0.25540   0.00516   0.05273   0.01133   0.07013   0.03167   0.07050   0.55645   0.00000   0.16766   0.19042   0.04574   0.02368   0.00325   0.48374   0.02800   0.03816   0.08994   0.01773   0.15229   0.17228   9.43237   1.76207   1.13603   1.68662   0.90203  
 41  0.0000   2204.114627  x:  0.25540   0.00516   0.05273   0.01133   0.07013   0.03167   0.07050   0.55645   0.00000   0.16766   0.19042   0.04574   0.02368   0.00325   0.48373   0.02800   0.03816   0.08994   0.01773   0.15229   0.17228   9.43236   1.76206   1.13603   1.68662   0.90203  
 42  0.0000   2204.114627  x:  0.25540   0.00516   0.05273   0.01133   0.07013   0.03167   0.07050   0.55645   0.00000   0.16766   0.19042   0.04574   0.02368   0.00325   0.48373   0.02800   0.03816   0.08994   0.01773   0.15229   0.17228   9.43236   1.76206   1.13603   1.68662   0.90203  
 43  0.0000   2204.114627  x:  0.25540   0.00516   0.05273   0.01133   0.07013   0.03167   0.07050   0.55645   0.00000   0.16766   0.19042   0.04574   0.02368   0.00325   0.48373   0.02800   0.03816   0.08994   0.01773   0.15229   0.17228   9.43236   1.76206   1.13603   1.68662   0.90203  