

TREE # 1

  0  0.0000   2464.715237  x:  0.00000   0.03482   0.06555   0.05232   0.09298   0.09342   0.04479   0.06453   0.10189   0.03702   0.10321   0.03095   0.04559   0.01884   0.02443   0.08682   0.07859   0.03850   0.07990   0.05797   0.09873   0.08016   0.05857   2.00000   1.82504   1.36670   1.35040   0.40000  
  1 99.0000   2464.709341  x:  0.00000   0.03482   0.06555   0.05232   0.09298   0.09342   0.04479   0.06453   0.10189   0.03702   0.10321   0.03095   0.04559   0.01884   0.02443   0.08682   0.07859   0.03850   0.07990   0.05797   0.09873   0.08016   0.05857   2.00000   1.82504   1.36670   1.35040   0.40000  
  2 1001.6996   2446.536889  x:  0.00000   0.01182   0.06144   0.06148   0.08150   0.08586   0.02827   0.07631   0.12712   0.03594   0.12169   0.02258   0.05449   0.01512   0.01596   0.07211   0.07264   0.04107   0.10124   0.07713   0.08829   0.09877   0.07608   2.00628   1.82523   1.36363   1.35329   0.42617  
  3 555.2618   2431.895539  x:  0.00000   0.01899   0.05680   0.06766   0.06686   0.07658   0.00832   0.08654   0.15190   0.03493   0.14111   0.01282   0.03398   0.01065   0.00162   0.05268   0.06546   0.04316   0.12043   0.09464   0.07307   0.11640   0.06937   2.01501   1.82548   1.35960   1.35712   0.45931  
  4 799.3140   2426.874226  x:  0.00000   0.02256   0.05351   0.06574   0.05460   0.06961   0.00553   0.09034   0.16778   0.03262   0.15379   0.01369   0.03240   0.01432   0.02171   0.03632   0.06000   0.04391   0.12964   0.10335   0.05740   0.12590   0.05347   2.02410   1.82571   1.35570   1.36093   0.48905  
  5 517.7097   2422.928526  x:  0.00000   0.02510   0.05120   0.05690   0.04361   0.06397   0.02498   0.08972   0.17985   0.02775   0.16256   0.02102   0.03743   0.01718   0.01620   0.02100   0.05581   0.04332   0.13190   0.10419   0.04323   0.12967   0.04421   2.03584   1.82596   1.35097   1.36567   0.52188  
  6 398.9217   2418.196856  x:  0.00000   0.02781   0.05077   0.03393   0.03504   0.05899   0.01928   0.08126   0.18871   0.01902   0.16561   0.03053   0.03611   0.02297   0.01489   0.01836   0.05395   0.04099   0.12227   0.09399   0.02745   0.12292   0.05504   2.05758   1.82630   1.34287   1.37410   0.57176  
  7 256.0367   2414.151725  x:  0.00000   0.02791   0.05283   0.03077   0.03734   0.05753   0.00909   0.07288   0.19884   0.01974   0.16582   0.03192   0.04812   0.02283   0.00868   0.02812   0.05463   0.03980   0.11035   0.08271   0.03185   0.11387   0.04511   2.08798   1.82664   1.33213   1.38567   0.63276  
  8 287.5378   2409.119860  x:  0.00000   0.02725   0.05735   0.04834   0.04846   0.06079   0.01850   0.06501   0.21022   0.02146   0.16039   0.02838   0.03918   0.01861   0.01575   0.03791   0.05798   0.03968   0.09452   0.07139   0.04506   0.09909   0.05322   2.14015   1.82713   1.31458   1.40495   0.72551  
  9 443.1267   2406.532725  x:  0.00000   0.02615   0.05733   0.03687   0.05547   0.07129   0.02036   0.07643   0.19403   0.03140   0.14215   0.02082   0.03830   0.01509   0.01761   0.03083   0.06284   0.04144   0.09795   0.07895   0.05525   0.09703   0.05491   2.18402   1.82764   1.30250   1.41888   0.76843  
 10 156.7817   2404.645030  x:  0.00000   0.02724   0.05713   0.04030   0.05771   0.07749   0.01812   0.08333   0.17490   0.01927   0.12749   0.01990   0.04084   0.01741   0.01661   0.02660   0.06531   0.04189   0.10303   0.08369   0.05819   0.09873   0.05465   2.22187   1.82821   1.29305   1.42994   0.79373  
 11 262.0103   2402.288240  x:  0.00000   0.02230   0.05478   0.05466   0.05112   0.07800   0.01535   0.08142   0.13988   0.03297   0.11578   0.03296   0.03911   0.02271   0.01313   0.03247   0.06317   0.03986   0.11354   0.08423   0.04657   0.10837   0.05444   2.30100   1.82964   1.27620   1.45041   0.81760  
 12 162.7237   2399.430962  x:  0.00000   0.02044   0.05305   0.05775   0.04687   0.07163   0.01643   0.07385   0.11298   0.03427   0.12845   0.02001   0.04171   0.00907   0.01430   0.03256   0.05971   0.04053   0.11234   0.08211   0.03907   0.11102   0.05517   2.40034   1.83203   1.25759   1.47321   0.82290  
 13 175.3107   2396.882441  x:  0.00000   0.01901   0.05242   0.05857   0.04620   0.06522   0.01747   0.07085   0.09920   0.03672   0.14405   0.00825   0.04173   0.02324   0.01293   0.03002   0.05757   0.04190   0.10818   0.08314   0.04161   0.11088   0.05623   2.51150   1.83502   1.23771   1.49755   0.82114  
 14 463.3984   2389.807741  x:  0.00000   0.01821   0.05349   0.05719   0.05441   0.05344   0.01137   0.07840   0.09074   0.03647   0.18435   0.03334   0.03886   0.02640   0.01256   0.01441   0.05745   0.04639   0.09531   0.09180   0.06300   0.10536   0.05816   2.86558   1.84537   1.17645   1.57233   0.80158  
 15 743.1572   2378.011227  x:  0.00000   0.02556   0.05397   0.03710   0.05265   0.06408   0.02427   0.10427   0.13693   0.02127   0.20464   0.04126   0.03385   0.02597   0.01668   0.06164   0.06415   0.04113   0.10756   0.09958   0.06182   0.11058   0.05593   3.51743   1.86574   1.06961   1.70461   0.75279  
 16 965.0208   2367.471245  x:  0.00000   0.02634   0.05656   0.04731   0.04793   0.07711   0.01576   0.08910   0.19814   0.02712   0.15937   0.02595   0.04131   0.02270   0.01536   0.02624   0.06478   0.03280   0.10442   0.07223   0.04178   0.10548   0.05478   3.99515   1.88156   1.00830   1.79097   0.70611  
 17 706.6516   2365.945655  x:  0.00000   0.02763   0.05402   0.04418   0.04595   0.06673   0.01662   0.07116   0.20816   0.02555   0.14431   0.02558   0.04136   0.02138   0.01590   0.02617   0.05763   0.04812   0.10751   0.08063   0.04759   0.10799   0.05542   4.07088   1.88514   1.01426   1.79565   0.70162  
 18 175.5904   2364.426510  x:  0.00000   0.02837   0.05275   0.04230   0.04865   0.05039   0.01772   0.06933   0.21238   0.02471   0.13576   0.02457   0.04149   0.01999   0.01663   0.02716   0.05183   0.03148   0.10775   0.08660   0.05176   0.10869   0.05607   4.14503   1.89087   1.05238   1.78148   0.70337  
 19 86.7094   2357.451262  x:  0.00000   0.02908   0.05695   0.04603   0.05084   0.04693   0.01789   0.09429   0.22369   0.02602   0.13399   0.02340   0.04426   0.02031   0.01565   0.03063   0.05881   0.05270   0.10020   0.07712   0.03853   0.10394   0.05619   4.55652   1.92773   1.31952   1.66744   0.72348  
 20 224.2353   2355.369838  x:  0.00000   0.02980   0.05717   0.04389   0.04647   0.07540   0.01707   0.07657   0.22647   0.02450   0.14404   0.02566   0.04376   0.02121   0.01599   0.02835   0.06063   0.04411   0.10754   0.08014   0.04546   0.10758   0.05693   4.67734   1.93936   1.39940   1.63107   0.73068  
 21 313.6518   2355.241385  x:  0.00000   0.02993   0.05789   0.04314   0.05413   0.07463   0.01712   0.07393   0.22658   0.02434   0.14521   0.02589   0.04385   0.02172   0.01579   0.02787   0.06398   0.04421   0.11063   0.07990   0.04273   0.10936   0.05674   4.68060   1.94152   1.39879   1.62704   0.73136  
 22  8.6906   2347.804808  x:  0.00000   0.03106   0.07069   0.04840   0.03381   0.05389   0.01837   0.07510   0.21928   0.02978   0.14903   0.02361   0.04889   0.02023   0.01727   0.02763   0.10009   0.04238   0.12702   0.07674   0.05780   0.12101   0.06471   4.77315   2.08646   1.25086   1.36726   0.76120  
 23 11.9498   2343.240841  x:  0.00000   0.03154   0.05338   0.05519   0.05117   0.06583   0.01760   0.08300   0.21600   0.03362   0.15165   0.02312   0.05482   0.02068   0.01475   0.03157   0.06360   0.04320   0.11520   0.09417   0.04457   0.11841   0.06825   4.82672   2.16484   1.16573   1.22012   0.77843  
 24 242.6977   2341.455006  x:  0.00000   0.03250   0.06019   0.05311   0.05540   0.06482   0.01793   0.08830   0.21494   0.03331   0.15582   0.02358   0.05527   0.02109   0.01603   0.03065   0.04185   0.04566   0.13488   0.07726   0.05216   0.11707   0.07076   4.83777   2.15443   1.16305   1.21789   0.78364  
 25 18.2674   2299.809059  x:  0.00000   0.04695   0.01263   0.08934   0.05038   0.05370   0.01729   0.10806   0.22012   0.05346   0.21041   0.02467   0.09995   0.02119   0.00943   0.04057   0.06173   0.04592   0.20541   0.13517   0.04112   0.08389   0.10891   5.05688   1.68076   1.25693   1.45618   0.88939  
 26 50.6153   2290.325402  x:  0.00000   0.05137   0.06770   0.09838   0.05044   0.05629   0.01751   0.11388   0.22174   0.06066   0.22465   0.02443   0.11491   0.02052   0.00646   0.04528   0.05544   0.04544   0.19918   0.17062   0.03013   0.10810   0.12140   5.12987   1.52204   1.28925   1.53873   0.92487  
 27 754.5998   2286.467620  x:  0.00000   0.05333   0.05232   0.09540   0.05572   0.05832   0.01889   0.12112   0.22408   0.05997   0.22678   0.02472   0.11607   0.01980   0.00897   0.04590   0.05433   0.04652   0.17337   0.15484   0.04343   0.17659   0.12831   5.15238   1.47903   1.30265   1.57135   0.93734  
 28 131.7538   2281.097254  x:  0.00000   0.05549   0.05544   0.10015   0.05712   0.06491   0.01825   0.12361   0.22639   0.06342   0.23249   0.02385   0.12248   0.01925   0.00828   0.04574   0.04719   0.04598   0.16722   0.16429   0.04054   0.19315   0.13500   5.14325   2.01202   1.46034   1.94036   0.94780  
 29 15.5919   2263.483281  x:  0.00000   0.07781   0.05284   0.11489   0.04048   0.05995   0.00618   0.12179   0.26082   0.07024   0.20977   0.00000   0.15800   0.00826   0.00732   0.01161   0.08482   0.04196   0.21669   0.14737   0.05158   0.19658   0.17599   6.34685   1.94279   1.24885   1.62682   1.15785  
 30  0.7426   2256.940192  x:  0.00000   0.09472   0.04440   0.12062   0.03136   0.06235   0.01704   0.11571   0.26096   0.07367   0.21149   0.00322   0.18330   0.01896   0.00282   0.04203   0.07156   0.04290   0.22285   0.15122   0.04123   0.21053   0.20376   7.15309   1.87174   1.20565   1.46814   1.28208  
 31  0.7382   2253.794940  x:  0.00000   0.11230   0.04199   0.11782   0.05148   0.06836   0.01553   0.11149   0.27284   0.07102   0.21079   0.00000   0.20230   0.01761   0.01652   0.04148   0.04697   0.04487   0.21207   0.14507   0.04358   0.21037   0.22964   7.78558   1.90106   1.29137   1.55817   1.36008  
 32  0.4532   2253.794940  x:  0.00000   0.11230   0.04199   0.11782   0.05148   0.06836   0.01553   0.11149   0.27284   0.07102   0.21079   0.00000   0.20230   0.01761   0.01652   0.04148   0.04697   0.04487   0.21207   0.14507   0.04358   0.21037   0.22964   7.78558   1.90106   1.29137   1.55817   1.36008  
 33  0.2271   2251.631930  x:  0.00000   0.12470   0.04264   0.11584   0.04791   0.06607   0.01006   0.11096   0.27064   0.06854   0.21169   0.00051   0.20335   0.01500   0.00356   0.03270   0.05157   0.04456   0.20933   0.14382   0.04284   0.20797   0.23086   7.78565   1.90108   1.29106   1.55834   1.35979  
 34 144.4795   2250.006190  x:  0.00000   0.15041   0.04384   0.11082   0.04151   0.06190   0.01014   0.10983   0.26592   0.06234   0.21358   0.00137   0.20594   0.01363   0.01014   0.01761   0.05906   0.04415   0.20336   0.14129   0.04128   0.20238   0.23352   7.78581   1.90112   1.29029   1.55881   1.35910  
 35 163.3504   2249.154592  x:  0.00000   0.17293   0.04452   0.10399   0.03987   0.06000   0.01904   0.10899   0.26151   0.05472   0.21525   0.00041   0.20904   0.01984   0.00817   0.02316   0.06108   0.04427   0.19736   0.13902   0.04068   0.19597   0.23607   7.78601   1.90111   1.28937   1.55947   1.35818  
 36 115.9560   2248.736787  x:  0.00000   0.18450   0.04481   0.09770   0.04290   0.06087   0.01260   0.10884   0.25918   0.04953   0.21604   0.00059   0.21144   0.01938   0.01017   0.02991   0.05776   0.04438   0.19340   0.13780   0.04030   0.19123   0.23760   7.78620   1.90104   1.28858   1.56011   1.35730  
 37 76.7913   2248.634818  x:  0.00000   0.18659   0.04522   0.09343   0.04565   0.06290   0.01422   0.10899   0.25894   0.04815   0.21603   0.00105   0.21271   0.01616   0.00978   0.02901   0.05375   0.04430   0.19156   0.13765   0.04111   0.18868   0.23808   7.78636   1.90091   1.28796   1.56070   1.35653  
 38 31.2107   2248.607961  x:  0.00000   0.18612   0.04575   0.09059   0.04574   0.06371   0.01385   0.10910   0.25938   0.04822   0.21578   0.00056   0.21355   0.01793   0.00967   0.02784   0.05277   0.04438   0.19045   0.13795   0.04224   0.18690   0.23820   7.78654   1.90075   1.28732   1.56134   1.35570  
 39 14.8649   2248.591947  x:  0.00000   0.18495   0.04633   0.08806   0.04482   0.06362   0.01389   0.10917   0.26023   0.04826   0.21537   0.00168   0.21463   0.01771   0.00967   0.02813   0.05384   0.04448   0.18932   0.13829   0.04172   0.18494   0.23827   7.78684   1.90047   1.28628   1.56241   1.35430  
 40 10.1976   2248.586453  x:  0.00000   0.18450   0.04645   0.08755   0.04466   0.06333   0.01393   0.10918   0.26069   0.04806   0.21516   0.00083   0.21500   0.01733   0.00969   0.02824   0.05429   0.04444   0.18888   0.13840   0.04140   0.18403   0.23825   7.78703   1.90028   1.28564   1.56308   1.35341  
 41 10.0615   2248.574273  x:  0.00000   0.18397   0.04621   0.08886   0.04556   0.06210   0.01394   0.10909   0.26227   0.04684   0.21452   0.00123   0.21611   0.01759   0.00963   0.02790   0.05437   0.04409   0.18781   0.13855   0.04148   0.18197   0.23814   7.78793   1.89944   1.28275   1.56611   1.34929  
 42  6.2727   2248.555164  x:  0.00000   0.18489   0.04587   0.09082   0.04429   0.06325   0.01387   0.10883   0.26429   0.04828   0.21382   0.00129   0.21699   0.01730   0.00965   0.02820   0.05352   0.04477   0.18707   0.13832   0.04171   0.18040   0.23783   7.78986   1.89764   1.27694   1.57228   1.34054  
 43 10.1843   2248.531655  x:  0.00000   0.18563   0.04539   0.08945   0.04571   0.06397   0.01386   0.10894   0.26431   0.04893   0.21379   0.00126   0.21598   0.01756   0.00964   0.02808   0.05472   0.04337   0.18817   0.13784   0.04134   0.18236   0.23729   7.79287   1.89496   1.26928   1.58063   1.32745  
 44 11.5280   2248.517058  x:  0.00000   0.18536   0.04593   0.08830   0.04500   0.06290   0.01385   0.10896   0.26325   0.04749   0.21407   0.00125   0.21483   0.01747   0.00959   0.02797   0.05403   0.04467   0.18913   0.13772   0.04151   0.18413   0.23703   7.79500   1.89315   1.26486   1.58563   1.31860  
 45 18.1571   2248.513524  x:  0.00000   0.18502   0.04655   0.08855   0.04449   0.06285   0.01383   0.10882   0.26191   0.04740   0.21443   0.00130   0.21447   0.01739   0.00959   0.02804   0.05369   0.04373   0.18888   0.13795   0.04159   0.18390   0.23727   7.79589   1.89255   1.26472   1.58619   1.31565  
 46  3.8220   2248.506660  x:  0.00000   0.18429   0.04644   0.08919   0.04500   0.06313   0.01383   0.10863   0.25871   0.04795   0.21521   0.00142   0.21393   0.01742   0.00957   0.02795   0.05416   0.04442   0.18801   0.13841   0.04151   0.18282   0.23795   7.79812   1.89125   1.26558   1.58642   1.30901  
 47  6.6020   2248.502695  x:  0.00000   0.18424   0.04513   0.08900   0.04465   0.06272   0.01382   0.10899   0.25843   0.04814   0.21507   0.00144   0.21417   0.01741   0.00955   0.02792   0.05386   0.04418   0.18807   0.13802   0.04149   0.18266   0.23801   7.79994   1.89047   1.26714   1.58558   1.30449  
 48  3.8207   2248.491257  x:  0.00000   0.18493   0.04636   0.08896   0.04496   0.06271   0.01380   0.10977   0.26007   0.04812   0.21407   0.00137   0.21538   0.01739   0.00952   0.02790   0.05405   0.04433   0.18890   0.13689   0.04160   0.18302   0.23772   7.80591   1.88830   1.27262   1.58208   1.29074  
 49  8.7282   2248.488670  x:  0.00000   0.18512   0.04613   0.08892   0.04483   0.06336   0.01378   0.10894   0.26088   0.04745   0.21420   0.00137   0.21533   0.01744   0.00950   0.02783   0.05417   0.04432   0.18892   0.13781   0.04141   0.18330   0.23762   7.80756   1.88797   1.27368   1.58108   1.28782  
 50  4.6452   2248.487521  x:  0.00000   0.18538   0.04617   0.08878   0.04495   0.06290   0.01378   0.10857   0.26139   0.04783   0.21455   0.00137   0.21507   0.01736   0.00951   0.02789   0.05407   0.04433   0.18875   0.13853   0.04154   0.18342   0.23762   7.80860   1.88799   1.27386   1.58052   1.28679  
 51  2.3208   2248.484411  x:  0.00000   0.18550   0.04618   0.08885   0.04489   0.06304   0.01376   0.10986   0.26234   0.04768   0.21596   0.00144   0.21389   0.01742   0.00947   0.02783   0.05404   0.04433   0.18798   0.13872   0.04128   0.18337   0.23785   7.81289   1.88883   1.27279   1.57856   1.28555  
 52  1.2905   2248.477731  x:  0.00000   0.18546   0.04602   0.08880   0.04475   0.06316   0.01371   0.10910   0.26273   0.04745   0.21676   0.00150   0.21307   0.01703   0.00944   0.02797   0.05464   0.04427   0.18778   0.13736   0.04265   0.18303   0.23824   7.82309   1.89077   1.26971   1.57439   1.28406  
 53  4.1719   2248.466139  x:  0.00000   0.18561   0.04623   0.08875   0.04490   0.06287   0.01360   0.10756   0.26245   0.04781   0.21661   0.00154   0.21292   0.01745   0.00923   0.02753   0.05408   0.04432   0.18808   0.13592   0.04113   0.18260   0.23862   7.84095   1.89382   1.26436   1.56756   1.28207  
 54 17.0265   2248.448400  x:  0.00000   0.18663   0.04617   0.08903   0.04474   0.06291   0.01347   0.10917   0.26048   0.04786   0.21398   0.00138   0.21510   0.01717   0.00900   0.02737   0.05437   0.04430   0.18929   0.13846   0.04155   0.18276   0.23828   7.86914   1.89709   1.25677   1.55845   1.28018  
 55 15.0811   2248.409040  x:  0.00000   0.18778   0.04620   0.08924   0.04453   0.06276   0.01310   0.10879   0.25921   0.04791   0.21515   0.00092   0.21880   0.01686   0.00847   0.02688   0.05474   0.04428   0.18353   0.13754   0.04155   0.18662   0.23335   7.93490   1.88693   1.25267   1.55370   1.28502  
 56  5.0552   2248.295365  x:  0.00000   0.19333   0.04633   0.08875   0.04407   0.06245   0.01202   0.10887   0.26025   0.04740   0.21745   0.00132   0.21698   0.01639   0.00689   0.02522   0.05566   0.04423   0.18921   0.13790   0.04127   0.18219   0.23619   8.12491   1.85204   1.24622   1.54677   1.30222  
 57 32.4922   2248.289401  x:  0.00000   0.19357   0.04633   0.08872   0.04404   0.06243   0.01197   0.10885   0.26055   0.04737   0.21498   0.00131   0.21556   0.01634   0.00682   0.02519   0.05572   0.04423   0.18753   0.13784   0.04130   0.18309   0.23859   8.13512   1.85126   1.24657   1.54723   1.30313  
 58  6.2649   2248.266395  x:  0.00000   0.19436   0.04634   0.08870   0.04387   0.06230   0.01173   0.10880   0.26029   0.04735   0.21628   0.00106   0.21727   0.01617   0.00647   0.02481   0.05593   0.04421   0.18769   0.13780   0.04127   0.18380   0.24014   8.17809   1.88465   1.26563   1.57261   1.30547  
 59  1.1720   2248.264259  x:  0.00000   0.19464   0.04635   0.08863   0.04386   0.06229   0.01171   0.10880   0.26012   0.04732   0.21537   0.00123   0.21584   0.01617   0.00644   0.02480   0.05595   0.04420   0.18763   0.13778   0.04127   0.18308   0.23841   8.18209   1.88781   1.26753   1.57494   1.30569  
 60  3.4898   2248.262591  x:  0.00000   0.19416   0.04631   0.08901   0.04375   0.06224   0.01187   0.10882   0.26043   0.04760   0.21535   0.00123   0.21550   0.01613   0.00667   0.02501   0.05621   0.04421   0.18809   0.13783   0.04131   0.18332   0.23857   8.20578   1.88857   1.26923   1.57738   1.30698  
 61  0.0273   2248.262556  x:  0.00000   0.19407   0.04631   0.08903   0.04376   0.06224   0.01186   0.10882   0.26046   0.04763   0.21536   0.00123   0.21551   0.01614   0.00663   0.02498   0.05624   0.04420   0.18812   0.13783   0.04130   0.18335   0.23855   8.21137   1.88824   1.26903   1.57722   1.30693  
 62  0.0058   2248.262555  x:  0.00000   0.19406   0.04631   0.08903   0.04377   0.06225   0.01185   0.10882   0.26046   0.04762   0.21536   0.00123   0.21551   0.01614   0.00663   0.02499   0.05623   0.04420   0.18812   0.13783   0.04130   0.18335   0.23855   8.21187   1.88825   1.26902   1.57721   1.30692  
 63  0.0006   2248.262555  x:  0.00000   0.19405   0.04631   0.08902   0.04377   0.06225   0.01186   0.10882   0.26045   0.04762   0.21536   0.00123   0.21551   0.01614   0.00663   0.02499   0.05623   0.04420   0.18812   0.13783   0.04130   0.18335   0.23855   8.21192   1.88826   1.26902   1.57721   1.30692  
 64  0.0001   2248.262555  x:  0.00000   0.19405   0.04631   0.08902   0.04377   0.06225   0.01186   0.10882   0.26045   0.04762   0.21536   0.00123   0.21551   0.01614   0.00663   0.02499   0.05623   0.04420   0.18812   0.13783   0.04130   0.18335   0.23855   8.21192   1.88826   1.26902   1.57721   1.30692  
 65  0.0000   2248.262555  x:  0.00000   0.19405   0.04631   0.08902   0.04377   0.06225   0.01186   0.10882   0.26045   0.04762   0.21536   0.00123   0.21551   0.01614   0.00663   0.02499   0.05623   0.04420   0.18812   0.13783   0.04130   0.18335   0.23855   8.21192   1.88826   1.26902   1.57721   1.30692  

TREE # 2

  0  0.0000   2332.455750  x:  0.15815   0.02878   0.16560   0.05621   0.04157   0.01062   0.09875   0.01040   0.09018   0.05529   0.05194   0.07208   0.03236   0.17862   0.05317   0.04581   0.00000   0.06664   0.11774   0.06801   0.07446   0.05649   0.04780   8.21192   1.72859   1.22705   1.42069   1.30692  
  1 99.0000   2301.950205  x:  0.16486   0.02433   0.16738   0.08213   0.04307   0.01519   0.10330   0.00961   0.10224   0.05003   0.05274   0.06750   0.02156   0.18228   0.06975   0.06449   0.19833   0.09610   0.12381   0.07526   0.07003   0.05729   0.03906   8.21192   1.72908   1.22612   1.42137   1.30702  
  2 2623.8159   2281.219062  x:  0.17578   0.01554   0.16963   0.11279   0.04412   0.01617   0.11086   0.00692   0.12065   0.04059   0.05404   0.05944   0.00000   0.18768   0.08903   0.07711   0.19267   0.12026   0.12770   0.08599   0.06198   0.05871   0.02324   8.21189   1.73000   1.22465   1.42245   1.30706  
  3 412.0476   2279.520074  x:  0.18815   0.01350   0.17101   0.10570   0.03800   0.01116   0.11729   0.02707   0.12774   0.03334   0.05450   0.05208   0.00000   0.19208   0.09822   0.05856   0.19269   0.13261   0.12280   0.08517   0.05216   0.06066   0.01565   8.21182   1.73218   1.22181   1.42472   1.30705  
  4 107.4913   2278.095869  x:  0.20258   0.01537   0.17286   0.09709   0.04048   0.02132   0.12283   0.02209   0.13258   0.03012   0.05436   0.04742   0.00000   0.19748   0.11150   0.03455   0.19268   0.14792   0.11043   0.08357   0.04419   0.06233   0.01868   8.21173   1.73547   1.21759   1.42841   1.30697  
  5 112.2675   2277.322044  x:  0.21093   0.01704   0.17400   0.09242   0.03934   0.01254   0.12405   0.01521   0.13286   0.03138   0.05434   0.04807   0.00000   0.20078   0.12206   0.02467   0.19275   0.15827   0.09478   0.08214   0.04424   0.06238   0.01931   8.21164   1.73825   1.21407   1.43187   1.30686  
  6 103.4623   2276.895032  x:  0.21635   0.01756   0.17466   0.08934   0.03772   0.01572   0.12412   0.01793   0.13003   0.03410   0.05440   0.04974   0.00000   0.20287   0.12978   0.02566   0.19230   0.16533   0.07644   0.08032   0.04677   0.06199   0.01816   8.21154   1.74122   1.21039   1.43592   1.30669  
  7 70.2075   2276.815267  x:  0.21626   0.01659   0.17459   0.09276   0.03982   0.01564   0.12300   0.01958   0.12795   0.03267   0.05424   0.04978   0.00000   0.20280   0.12919   0.02324   0.19234   0.16607   0.07170   0.08081   0.04746   0.06183   0.01916   8.21148   1.74317   1.20817   1.43882   1.30653  
  8 22.0558   2276.686887  x:  0.21430   0.01640   0.17377   0.09135   0.04027   0.01526   0.11987   0.01837   0.12540   0.02957   0.05377   0.04716   0.00000   0.20152   0.12725   0.02496   0.19222   0.16829   0.06965   0.08226   0.04296   0.06236   0.01846   8.21115   1.75245   1.19808   1.45269   1.30573  
  9 12.1745   2276.362336  x:  0.20990   0.01714   0.17204   0.09294   0.03682   0.01645   0.11557   0.01845   0.12569   0.03477   0.05441   0.04706   0.00000   0.19881   0.12557   0.02257   0.19178   0.17330   0.07259   0.08385   0.04409   0.06234   0.01698   8.21019   1.78004   1.16933   1.49346   1.30328  
 10 52.4467   2276.164757  x:  0.20949   0.01677   0.17157   0.09192   0.04024   0.01543   0.11826   0.01997   0.12893   0.03253   0.05439   0.04892   0.00000   0.19840   0.12785   0.02474   0.19156   0.17260   0.07502   0.08124   0.04698   0.06176   0.02072   8.20955   1.79807   1.15287   1.51926   1.30157  
 11 71.1361   2276.071444  x:  0.21037   0.01659   0.17190   0.09258   0.04071   0.01575   0.12148   0.01849   0.12967   0.03114   0.05377   0.04997   0.00000   0.19908   0.12881   0.02426   0.19192   0.16724   0.07450   0.07980   0.04718   0.06091   0.01674   8.20924   1.80672   1.14860   1.53049   1.30054  
 12 31.5110   2275.990304  x:  0.21268   0.01607   0.17271   0.09463   0.03760   0.01564   0.12446   0.01780   0.12987   0.03196   0.05373   0.04859   0.00000   0.20065   0.12965   0.02479   0.19217   0.16191   0.07350   0.08088   0.04519   0.06117   0.01886   8.20891   1.81500   1.14913   1.53979   1.29932  
 13 23.3572   2275.667910  x:  0.22278   0.01535   0.17611   0.09347   0.04355   0.01432   0.12542   0.01800   0.12687   0.03656   0.05682   0.04493   0.00000   0.20725   0.12760   0.02675   0.19210   0.15931   0.07554   0.08896   0.04750   0.06335   0.01721   8.20745   1.85059   1.17418   1.57258   1.29297  
 14 18.3011   2274.593612  x:  0.24231   0.01573   0.18382   0.09810   0.03679   0.01564   0.11831   0.01538   0.12323   0.02846   0.05338   0.05510   0.00000   0.22128   0.11964   0.02956   0.19072   0.16644   0.08203   0.08714   0.05037   0.06042   0.01751   8.20253   1.96786   1.26908   1.67670   1.27179  
 15 103.9554   2273.641582  x:  0.23553   0.00992   0.18313   0.10224   0.04117   0.01453   0.11594   0.01460   0.13415   0.03594   0.05222   0.04961   0.00000   0.21912   0.12164   0.02965   0.18975   0.17142   0.07837   0.07351   0.04358   0.05846   0.01685   8.19821   2.06774   1.35536   1.76302   1.25457  
 16 146.3902   2272.802080  x:  0.21694   0.02158   0.17814   0.10422   0.04010   0.01525   0.12092   0.01493   0.14413   0.03117   0.05504   0.04430   0.00000   0.20836   0.13312   0.02701   0.18882   0.17510   0.07270   0.07874   0.04591   0.06087   0.01635   8.19410   2.15992   1.43677   1.84128   1.23998  
 17 200.2943   2272.531663  x:  0.21003   0.01404   0.17478   0.10206   0.03849   0.01599   0.12500   0.01412   0.14377   0.02961   0.05518   0.04740   0.00000   0.20320   0.13879   0.02521   0.18861   0.17692   0.07214   0.08452   0.04642   0.06176   0.01645   8.19285   2.18560   1.45947   1.86243   1.23697  
 18 104.0042   2272.433452  x:  0.21019   0.01547   0.17175   0.10365   0.03974   0.01547   0.12919   0.01489   0.13762   0.03137   0.05335   0.04892   0.00000   0.19951   0.14232   0.02522   0.18825   0.17889   0.07444   0.08404   0.04372   0.06081   0.01648   8.19227   2.19180   1.46417   1.86589   1.23926  
 19 13.8024   2272.280023  x:  0.21320   0.01382   0.16755   0.10505   0.03785   0.01567   0.13170   0.01333   0.13315   0.02988   0.05579   0.04385   0.00000   0.19479   0.14340   0.02541   0.18796   0.18060   0.07611   0.08057   0.04732   0.06115   0.01615   8.19121   2.19606   1.46552   1.86458   1.24775  
 20 10.3186   2270.840018  x:  0.23648   0.01371   0.14806   0.11239   0.03865   0.01531   0.12972   0.00984   0.14846   0.03027   0.06098   0.05208   0.00000   0.17063   0.13757   0.02887   0.18626   0.18387   0.07217   0.08575   0.04391   0.06691   0.01469   8.18049   2.21741   1.45774   1.83003   1.34405  
 21 21.7749   2268.466380  x:  0.23676   0.01009   0.15796   0.11944   0.03904   0.01566   0.12203   0.00705   0.15705   0.03006   0.04016   0.04234   0.00000   0.17642   0.15087   0.03079   0.18303   0.19042   0.07471   0.09635   0.04896   0.05144   0.01367   8.16376   2.24187   1.43957   1.77179   1.49279  
 22 95.4715   2266.167214  x:  0.22092   0.00756   0.18175   0.13124   0.03932   0.01586   0.11904   0.00396   0.15457   0.02793   0.06061   0.04707   0.00000   0.20179   0.16890   0.03208   0.17916   0.20046   0.07966   0.09450   0.04183   0.05609   0.01136   8.14585   2.26248   1.41803   1.70951   1.64846  
 23 220.1126   2265.968413  x:  0.21845   0.00749   0.18155   0.13245   0.03902   0.01565   0.12302   0.00315   0.15466   0.02835   0.05571   0.04700   0.00000   0.20658   0.16676   0.03251   0.17878   0.20328   0.07916   0.09331   0.04301   0.06561   0.01073   8.14448   2.25903   1.41590   1.70617   1.65671  
 24 28.2324   2265.569735  x:  0.21587   0.00806   0.17056   0.13348   0.03846   0.01532   0.13186   0.00176   0.15714   0.02876   0.05749   0.04650   0.00000   0.21776   0.16024   0.03331   0.17809   0.20932   0.07696   0.09530   0.04285   0.05900   0.01077   8.14258   2.22960   1.41113   1.70855   1.65017  
 25 13.9342   2264.229507  x:  0.22232   0.00691   0.14396   0.14008   0.03960   0.01610   0.11332   0.00213   0.15988   0.02681   0.05675   0.04592   0.00000   0.23313   0.18212   0.03246   0.17621   0.20690   0.08126   0.09680   0.04195   0.06301   0.00958   8.13665   2.10841   1.39385   1.72375   1.60598  
 26 44.9736   2262.819168  x:  0.23279   0.00479   0.16664   0.14570   0.03956   0.01610   0.11277   0.00060   0.16307   0.02622   0.05707   0.04550   0.00000   0.21336   0.18884   0.03296   0.17409   0.21307   0.08176   0.09894   0.04158   0.06368   0.00854   8.13123   1.98522   1.37436   1.73740   1.55048  
 27 81.0704   2258.071697  x:  0.24504   0.00000   0.17464   0.16880   0.04008   0.01516   0.12612   0.00263   0.17635   0.02549   0.05745   0.04436   0.00000   0.20873   0.19217   0.03982   0.16594   0.24255   0.08153   0.10901   0.04268   0.06176   0.00568   8.11923   1.81064   1.21456   1.52568   1.19924  
 28  9.2453   2257.556875  x:  0.24389   0.00006   0.18265   0.17095   0.03995   0.01497   0.13374   0.00381   0.17829   0.02566   0.05803   0.04413   0.00000   0.20929   0.18935   0.04018   0.16458   0.24957   0.07980   0.10974   0.04267   0.06134   0.00633   8.11874   1.75147   1.23120   1.57221   1.26459  
 29  3.2586   2255.688348  x:  0.24632   0.00536   0.18473   0.19161   0.04138   0.01629   0.13782   0.00386   0.18939   0.02354   0.05721   0.04273   0.00000   0.21719   0.20054   0.04312   0.15363   0.27226   0.08064   0.11349   0.04269   0.06442   0.02025   8.17961   1.80281   1.21388   1.50903   1.24038  
 30  0.2392   2253.928075  x:  0.23340   0.00139   0.19031   0.22056   0.04144   0.01716   0.14799   0.00521   0.19864   0.02561   0.05686   0.04423   0.00000   0.22078   0.20994   0.04621   0.13286   0.29888   0.07700   0.11470   0.04476   0.06290   0.01442   8.30906   1.99666   1.33103   1.61486   1.41173  
 31  0.2540   2252.297780  x:  0.23532   0.00000   0.18679   0.23926   0.04113   0.01698   0.14304   0.00599   0.19967   0.02492   0.05602   0.04486   0.00000   0.21709   0.21427   0.04725   0.11385   0.30265   0.07960   0.11232   0.04414   0.06169   0.01094   8.34529   1.92574   1.31816   1.59894   1.35071  
 32  0.0786   2250.115053  x:  0.24441   0.00000   0.17990   0.27349   0.04110   0.01637   0.13116   0.00757   0.19552   0.02404   0.05489   0.04460   0.00000   0.21101   0.21104   0.04851   0.06299   0.29459   0.08791   0.10568   0.04273   0.06110   0.00850   8.33688   1.80999   1.25523   1.54213   1.24861  
 33  0.1662   2248.890347  x:  0.24380   0.00000   0.17868   0.25807   0.04158   0.01553   0.13349   0.00779   0.18414   0.02413   0.05591   0.04423   0.00000   0.21229   0.18895   0.04642   0.04520   0.26096   0.09214   0.10447   0.04319   0.06178   0.01448   8.23833   1.89017   1.26570   1.57864   1.28768  
 34  0.0651   2248.590292  x:  0.23982   0.00000   0.18218   0.23715   0.04171   0.01557   0.13716   0.00733   0.18286   0.02505   0.05632   0.04403   0.00000   0.21557   0.18529   0.04506   0.05544   0.25264   0.08888   0.10692   0.04390   0.06204   0.01356   8.20638   1.91196   1.27346   1.58423   1.32231  
 35  0.0662   2248.362442  x:  0.23647   0.00000   0.18664   0.22527   0.04172   0.01596   0.13965   0.00741   0.18611   0.02550   0.05627   0.04418   0.00000   0.21759   0.19042   0.04483   0.04715   0.25428   0.08507   0.10985   0.04423   0.06214   0.01071   8.19828   1.90256   1.27774   1.58290   1.32572  
 36  0.0147   2248.361817  x:  0.23646   0.00040   0.18665   0.22523   0.04172   0.01596   0.13965   0.00741   0.18612   0.02550   0.05627   0.04418   0.00000   0.21760   0.19043   0.04483   0.04713   0.25429   0.08506   0.10986   0.04423   0.06214   0.01071   8.19826   1.90254   1.27776   1.58290   1.32573  
 37  3.2768   2248.282242  x:  0.23792   0.00103   0.18552   0.21742   0.04139   0.01623   0.13844   0.00717   0.18852   0.02483   0.05627   0.04437   0.00000   0.21560   0.19555   0.04586   0.04726   0.25777   0.08756   0.11051   0.04378   0.06241   0.01208   8.20719   1.88006   1.26990   1.57703   1.29646  
 38  0.0316   2248.265994  x:  0.23863   0.00123   0.18310   0.21571   0.04123   0.01615   0.13797   0.00703   0.18882   0.02488   0.05622   0.04417   0.00000   0.21569   0.19493   0.04719   0.04626   0.26006   0.08942   0.10945   0.04382   0.06222   0.01182   8.21614   1.88497   1.26554   1.57156   1.30823  
 39  0.0129   2248.264003  x:  0.23860   0.00127   0.18299   0.21520   0.04127   0.01609   0.13788   0.00698   0.18837   0.02504   0.05621   0.04420   0.00000   0.21523   0.19416   0.04750   0.04637   0.26048   0.08915   0.10889   0.04377   0.06224   0.01184   8.21339   1.89076   1.26983   1.57859   1.30619  
 40  0.0092   2248.263439  x:  0.23849   0.00126   0.18319   0.21528   0.04137   0.01614   0.13771   0.00692   0.18801   0.02493   0.05621   0.04423   0.00000   0.21539   0.19386   0.04768   0.04637   0.26061   0.08891   0.10864   0.04375   0.06227   0.01188   8.21041   1.88750   1.26857   1.57636   1.30678  
 41  0.0027   2248.262812  x:  0.23858   0.00122   0.18359   0.21544   0.04133   0.01617   0.13773   0.00673   0.18787   0.02510   0.05627   0.04415   0.00000   0.21541   0.19421   0.04781   0.04625   0.26046   0.08909   0.10881   0.04380   0.06221   0.01183   8.21173   1.88774   1.26891   1.57678   1.30676  
 42  0.0004   2248.262605  x:  0.23857   0.00123   0.18342   0.21552   0.04130   0.01614   0.13787   0.00665   0.18799   0.02494   0.05622   0.04421   0.00000   0.21542   0.19415   0.04774   0.04631   0.26037   0.08907   0.10886   0.04376   0.06223   0.01185   8.21226   1.88870   1.26921   1.57746   1.30691  
 43  0.0010   2248.262563  x:  0.23856   0.00123   0.18330   0.21553   0.04130   0.01613   0.13786   0.00664   0.18809   0.02500   0.05622   0.04421   0.00000   0.21538   0.19407   0.04766   0.04631   0.26039   0.08901   0.10884   0.04376   0.06225   0.01187   8.21203   1.88829   1.26896   1.57716   1.30690  
 44  0.0005   2248.262556  x:  0.23855   0.00123   0.18333   0.21551   0.04131   0.01614   0.13783   0.00663   0.18813   0.02499   0.05623   0.04420   0.00000   0.21534   0.19405   0.04763   0.04631   0.26043   0.08902   0.10882   0.04377   0.06225   0.01186   8.21188   1.88824   1.26902   1.57722   1.30693  
 45  0.0002   2248.262555  x:  0.23855   0.00123   0.18335   0.21551   0.04130   0.01614   0.13783   0.00663   0.18813   0.02499   0.05623   0.04421   0.00000   0.21536   0.19406   0.04762   0.04631   0.26045   0.08902   0.10882   0.04377   0.06224   0.01186   8.21192   1.88825   1.26902   1.57721   1.30693  
 46  0.0000   2248.262555  x:  0.23855   0.00123   0.18335   0.21551   0.04130   0.01614   0.13783   0.00663   0.18812   0.02499   0.05623   0.04420   0.00000   0.21536   0.19405   0.04762   0.04631   0.26045   0.08902   0.10882   0.04377   0.06225   0.01186   8.21192   1.88826   1.26902   1.57721   1.30692  
 47  0.0000   2248.262555  x:  0.23855   0.00123   0.18335   0.21551   0.04130   0.01614   0.13783   0.00663   0.18812   0.02499   0.05623   0.04420   0.00000   0.21536   0.19405   0.04762   0.04631   0.26045   0.08902   0.10882   0.04377   0.06225   0.01186   8.21193   1.88826   1.26902   1.57721   1.30692  
 48  0.0000   2248.262555  x:  0.23855   0.00123   0.18335   0.21551   0.04130   0.01614   0.13783   0.00663   0.18812   0.02499   0.05623   0.04420   0.00000   0.21536   0.19405   0.04762   0.04631   0.26045   0.08902   0.10882   0.04377   0.06225   0.01186   8.21192   1.88826   1.26902   1.57721   1.30692  