

TREE # 1

  0  0.0000   2147.763525  x:  0.04785   0.00555   0.10332   0.00000   0.08415   0.05502   0.05092   0.06787   0.08835   0.07963   0.08035   0.10005   0.03462   0.05893   0.01948   0.06238   0.05332   0.05134   0.05501   0.05544   0.09928   0.04832   0.12659   0.06647   2.00000   1.73963   1.22791   1.61743   0.40000  
  1 99.0000   2118.109592  x:  0.08403   0.01122   0.13458   0.20493   0.08106   0.00000   0.09121   0.05498   0.06910   0.12986   0.06479   0.13365   0.07358   0.14576   0.02931   0.02421   0.02426   0.06267   0.03893   0.04842   0.09082   0.02276   0.18988   0.10265   2.01183   1.73672   1.22713   1.62037   0.44832  
  2 753.3241   2111.161833  x:  0.08709   0.00000   0.14353   0.19462   0.07547   0.00000   0.09393   0.05103   0.06255   0.13864   0.05387   0.14180   0.07094   0.15503   0.02520   0.00934   0.02315   0.06376   0.03708   0.04890   0.08917   0.01882   0.20698   0.10571   2.01896   1.73488   1.22750   1.62155   0.47040  
  3 219.2302   2099.926132  x:  0.09817   0.02881   0.17670   0.15396   0.05539   0.00000   0.10287   0.03978   0.04267   0.16932   0.01530   0.17047   0.06354   0.18727   0.01991   0.00415   0.02287   0.06766   0.03183   0.05132   0.08440   0.01489   0.26708   0.11679   2.04718   1.72770   1.22894   1.62620   0.55266  
  4 572.3393   2096.696294  x:  0.10300   0.02270   0.19275   0.13779   0.04861   0.00000   0.10737   0.03758   0.03887   0.18396   0.00788   0.18313   0.06023   0.20400   0.02246   0.02525   0.02258   0.06910   0.03132   0.05178   0.08268   0.01676   0.29601   0.12162   2.06263   1.72386   1.22987   1.62860   0.59425  
  5 624.4099   2091.835206  x:  0.10788   0.02618   0.21659   0.11345   0.04905   0.00000   0.11215   0.04409   0.05079   0.20267   0.04394   0.19797   0.05663   0.22780   0.03261   0.02857   0.02408   0.06904   0.03691   0.05041   0.08221   0.02617   0.33664   0.12650   2.09199   1.71674   1.23213   1.63273   0.66205  
  6 368.3464   2089.602283  x:  0.10297   0.02794   0.21090   0.11105   0.06288   0.00000   0.10791   0.05611   0.06909   0.20106   0.03992   0.18975   0.05931   0.23421   0.02972   0.03003   0.02119   0.06401   0.03858   0.04651   0.08727   0.01170   0.34207   0.12159   2.12178   1.71016   1.23540   1.63570   0.70081  
  7 100.5915   2087.313016  x:  0.09430   0.02757   0.19578   0.11514   0.07792   0.00000   0.10039   0.06413   0.08381   0.19310   0.02764   0.17206   0.06409   0.24126   0.02867   0.02697   0.02363   0.05772   0.03945   0.04276   0.09418   0.03018   0.34257   0.11292   2.17307   1.69909   1.24126   1.64048   0.75825  
  8 223.7276   2082.107233  x:  0.07972   0.02828   0.15824   0.12786   0.07633   0.00000   0.08757   0.04176   0.06447   0.15988   0.03911   0.13027   0.06906   0.24075   0.03302   0.02894   0.02839   0.06477   0.03547   0.05736   0.09484   0.02306   0.32033   0.09834   2.30613   1.67182   1.25662   1.65167   0.87876  
  9 176.3279   2079.709125  x:  0.08493   0.02831   0.14819   0.13299   0.06641   0.00000   0.09382   0.05319   0.05262   0.14567   0.04256   0.13023   0.06691   0.22806   0.02885   0.02971   0.01447   0.06563   0.04030   0.04613   0.08924   0.02464   0.29500   0.10355   2.38330   1.65819   1.26416   1.65751   0.92670  
 10 158.1098   2078.019730  x:  0.09245   0.02730   0.14431   0.13981   0.05877   0.00000   0.10139   0.06175   0.04917   0.13764   0.04300   0.13815   0.06507   0.21331   0.02609   0.02987   0.02965   0.06488   0.04249   0.03771   0.08424   0.02252   0.26871   0.11107   2.45804   1.64601   1.27073   1.66291   0.96483  
 11 341.7729   2075.253051  x:  0.10272   0.02545   0.15191   0.14724   0.05767   0.00000   0.10841   0.05349   0.06498   0.14132   0.03816   0.16148   0.06380   0.18256   0.03373   0.02801   0.02599   0.06076   0.03549   0.05503   0.08255   0.02396   0.22460   0.12134   2.58717   1.62794   1.28004   1.67145   1.00825  
 12 211.4539   2073.255570  x:  0.09805   0.02523   0.16774   0.15100   0.06937   0.00000   0.10073   0.03888   0.06113   0.15921   0.03988   0.17019   0.07065   0.16372   0.02292   0.02983   0.02436   0.06779   0.04154   0.04308   0.09022   0.02474   0.21179   0.11667   2.70009   1.61737   1.28474   1.67733   1.01431  
 13 118.9956   2070.093113  x:  0.08454   0.02360   0.18957   0.15275   0.07179   0.00000   0.08761   0.05911   0.04208   0.18295   0.03720   0.17034   0.08113   0.14726   0.04167   0.02751   0.02602   0.07047   0.03686   0.04472   0.09577   0.02232   0.21783   0.10316   2.91853   1.60242   1.29027   1.68684   0.99573  
 14 193.2358   2061.559883  x:  0.07742   0.02394   0.20979   0.14881   0.03285   0.00000   0.09042   0.06505   0.06455   0.19736   0.03833   0.14864   0.08229   0.15837   0.01790   0.02890   0.02638   0.06310   0.03982   0.05666   0.07858   0.02489   0.26995   0.09604   3.48540   1.57300   1.29835   1.70818   0.91096  
 15 328.0164   2055.136936  x:  0.09887   0.02392   0.20149   0.12765   0.05419   0.00000   0.10966   0.04367   0.07037   0.18728   0.03280   0.14050   0.06400   0.19107   0.04542   0.02624   0.02465   0.06064   0.04072   0.03610   0.07211   0.02128   0.31622   0.11749   3.97770   1.55499   1.29959   1.72474   0.82875  
 16 593.3274   2053.056089  x:  0.10849   0.02426   0.19055   0.12022   0.07353   0.00000   0.11383   0.04955   0.05908   0.17732   0.03663   0.15538   0.05708   0.21279   0.03228   0.02824   0.02600   0.06437   0.03881   0.05183   0.09079   0.02317   0.32835   0.12711   4.13525   1.55608   1.29451   1.72822   0.80233  
 17 278.6471   2052.387463  x:  0.10290   0.02413   0.18110   0.11666   0.06806   0.00000   0.10308   0.04746   0.06097   0.17011   0.03847   0.17701   0.06321   0.22995   0.03368   0.02833   0.02506   0.06442   0.03232   0.04638   0.09434   0.02272   0.32561   0.12152   4.18540   1.57004   1.28229   1.72501   0.79629  
 18 55.5039   2052.182779  x:  0.10048   0.02407   0.17832   0.11596   0.06712   0.00000   0.10043   0.04700   0.06097   0.16959   0.03748   0.18294   0.06411   0.23630   0.03584   0.02792   0.02514   0.06450   0.04068   0.04800   0.09275   0.02221   0.32303   0.11910   4.20208   1.57898   1.27491   1.72257   0.79533  
 19 58.3868   2051.674723  x:  0.09561   0.02453   0.17804   0.11365   0.07222   0.00000   0.10440   0.04841   0.05838   0.17858   0.03844   0.18064   0.05759   0.24875   0.03311   0.02827   0.02526   0.06376   0.03765   0.04917   0.08064   0.02273   0.31089   0.11423   4.24256   1.61964   1.24270   1.71035   0.79827  
 20 34.2298   2051.275927  x:  0.09918   0.02412   0.18169   0.11163   0.06579   0.00000   0.10746   0.04852   0.05993   0.18243   0.03802   0.17053   0.05832   0.25212   0.03518   0.02763   0.02527   0.06574   0.03784   0.04779   0.09275   0.02224   0.30392   0.11779   4.27570   1.65974   1.21231   1.69761   0.80265  
 21 49.9352   2051.139317  x:  0.10353   0.02379   0.18345   0.11252   0.06794   0.00000   0.10229   0.04808   0.05891   0.17695   0.03818   0.16979   0.06352   0.24412   0.03409   0.02792   0.02528   0.06191   0.03779   0.04871   0.08987   0.02244   0.30956   0.12215   4.28711   1.67647   1.20292   1.69123   0.80549  
 22 17.4104   2051.060592  x:  0.10275   0.02380   0.18287   0.11474   0.06893   0.00000   0.10267   0.04840   0.06062   0.17227   0.03750   0.17197   0.06150   0.23611   0.03431   0.02783   0.02525   0.06750   0.03745   0.04896   0.08883   0.02284   0.31588   0.12137   4.29382   1.68685   1.19985   1.68657   0.80763  
 23 15.5802   2051.008970  x:  0.10055   0.02398   0.18120   0.11642   0.06879   0.00000   0.10554   0.04726   0.06005   0.17100   0.03786   0.17412   0.05862   0.23121   0.03446   0.02796   0.02519   0.06376   0.03771   0.04854   0.09076   0.02261   0.31980   0.11917   4.29811   1.69318   1.20086   1.68313   0.80909  
 24 11.1283   2050.721852  x:  0.10233   0.02367   0.16596   0.11208   0.06772   0.00000   0.11077   0.04737   0.06018   0.18270   0.03925   0.17551   0.06693   0.22615   0.03436   0.02807   0.02522   0.06525   0.03747   0.04920   0.09000   0.02272   0.32309   0.12095   4.32156   1.72101   1.23387   1.66410   0.81530  
 25  5.5132   2050.127005  x:  0.10594   0.02345   0.17303   0.11099   0.06624   0.00000   0.09660   0.04845   0.06058   0.18240   0.03864   0.17324   0.05325   0.23246   0.03430   0.02787   0.02509   0.06477   0.03754   0.04846   0.09096   0.02247   0.31867   0.12456   4.36855   1.77045   1.30090   1.63523   0.82763  
 26 26.9024   2049.657213  x:  0.10109   0.02247   0.19173   0.10500   0.07003   0.00000   0.10799   0.04779   0.05976   0.16694   0.03664   0.17192   0.06351   0.24022   0.03413   0.02751   0.02502   0.06534   0.03766   0.04929   0.09050   0.02248   0.31298   0.11971   4.40605   1.80367   1.34388   1.62724   0.83711  
 27 34.1167   2035.069601  x:  0.10521   0.00450   0.18077   0.01250   0.06204   0.00000   0.10509   0.04452   0.05913   0.15791   0.03832   0.16939   0.06058   0.22060   0.03123   0.02327   0.02158   0.06486   0.03611   0.05030   0.08934   0.01896   0.30899   0.12382   5.42637   2.32778   1.72904   2.38280   1.10874  
 28 13.9077   2033.008196  x:  0.10476   0.00193   0.17886   0.00000   0.06227   0.00000   0.10474   0.04463   0.05855   0.15866   0.03859   0.17082   0.06023   0.22003   0.03060   0.02266   0.02137   0.06504   0.03618   0.05062   0.08889   0.01872   0.30773   0.12337   5.55716   2.17042   1.62092   2.22640   1.14005  
 29  6.6540   2030.508039  x:  0.10309   0.00000   0.17707   0.00131   0.06272   0.00000   0.10296   0.04507   0.05845   0.15778   0.03814   0.17095   0.05885   0.21222   0.02986   0.02225   0.02145   0.06483   0.03632   0.05091   0.08865   0.01880   0.30620   0.12170   5.62783   2.04309   1.53094   2.10390   1.15726  
 30  4.0567   2026.449822  x:  0.09443   0.00000   0.17852   0.00034   0.06360   0.00000   0.09441   0.04799   0.05876   0.15839   0.03503   0.16990   0.05640   0.17334   0.02669   0.01832   0.02302   0.06375   0.03726   0.05120   0.08870   0.01996   0.30351   0.11303   6.03063   1.62378   1.22961   1.71073   1.21444  
 31  1.4074   2025.005935  x:  0.08529   0.00000   0.18046   0.00713   0.06248   0.00000   0.08687   0.04982   0.05838   0.15913   0.03282   0.16526   0.05213   0.14730   0.02415   0.01408   0.02498   0.06277   0.03789   0.05065   0.08909   0.02093   0.29802   0.10388   6.36709   1.70409   1.27569   1.79190   1.22169  
 32  0.4032   2024.555571  x:  0.08576   0.00000   0.17797   0.00928   0.06204   0.00000   0.08833   0.04804   0.05563   0.15895   0.03516   0.16423   0.05228   0.17243   0.02432   0.01282   0.02564   0.06404   0.03815   0.05090   0.08885   0.02045   0.28467   0.10435   6.56073   1.66944   1.25270   1.74632   1.18841  
 33  0.2132   2024.232915  x:  0.09183   0.00000   0.17487   0.01079   0.06285   0.00000   0.09279   0.04729   0.05608   0.15879   0.03763   0.16579   0.05572   0.16176   0.02579   0.01157   0.02545   0.06456   0.03775   0.05146   0.08776   0.02006   0.29072   0.11042   6.97987   1.68808   1.27220   1.76976   1.15394  
 34  0.2280   2024.120354  x:  0.08748   0.00000   0.17802   0.01064   0.06445   0.00000   0.08930   0.04931   0.05809   0.15918   0.03741   0.16720   0.05329   0.16251   0.02445   0.01232   0.02521   0.06354   0.03767   0.05050   0.08913   0.02027   0.29039   0.10606   7.24075   1.69057   1.27311   1.78520   1.14905  
 35  0.1771   2024.084391  x:  0.08790   0.00000   0.17903   0.00994   0.06231   0.00000   0.08942   0.04840   0.05755   0.16007   0.03736   0.16528   0.05377   0.16234   0.02610   0.01334   0.02494   0.06400   0.03795   0.05105   0.08909   0.02015   0.28879   0.10649   7.36459   1.68319   1.26522   1.77589   1.15440  
 36  0.0717   2024.071116  x:  0.08871   0.00000   0.17824   0.00919   0.06318   0.00000   0.09029   0.04856   0.05706   0.15927   0.03701   0.16532   0.05424   0.16323   0.02496   0.01375   0.02504   0.06408   0.03807   0.05093   0.08886   0.02058   0.28879   0.10730   7.41348   1.68892   1.26986   1.77940   1.15947  
 37  0.0396   2024.066933  x:  0.08838   0.00000   0.17791   0.00874   0.06314   0.00000   0.09014   0.04868   0.05731   0.15954   0.03656   0.16615   0.05411   0.16364   0.02538   0.01329   0.02518   0.06394   0.03797   0.05083   0.08876   0.02057   0.28937   0.10696   7.42861   1.68956   1.27144   1.78103   1.16251  
 38  0.0117   2024.066195  x:  0.08850   0.00000   0.17811   0.00866   0.06310   0.00000   0.09007   0.04850   0.05714   0.15977   0.03682   0.16612   0.05402   0.16355   0.02522   0.01314   0.02519   0.06399   0.03786   0.05083   0.08883   0.02041   0.28982   0.10709   7.42916   1.68771   1.27010   1.77979   1.16304  
 39  0.0024   2024.066118  x:  0.08851   0.00000   0.17830   0.00866   0.06311   0.00000   0.09014   0.04854   0.05719   0.15976   0.03688   0.16605   0.05413   0.16367   0.02524   0.01311   0.02516   0.06400   0.03788   0.05084   0.08884   0.02038   0.28984   0.10710   7.42915   1.68858   1.27058   1.78030   1.16307  
 40  0.0010   2024.066107  x:  0.08851   0.00000   0.17826   0.00866   0.06312   0.00000   0.09014   0.04855   0.05721   0.15974   0.03693   0.16606   0.05409   0.16369   0.02525   0.01312   0.02515   0.06400   0.03790   0.05084   0.08883   0.02040   0.28984   0.10710   7.43018   1.68847   1.27045   1.78018   1.16341  
 41  0.0008   2024.066106  x:  0.08851   0.00000   0.17825   0.00866   0.06312   0.00000   0.09013   0.04855   0.05721   0.15975   0.03693   0.16606   0.05411   0.16368   0.02525   0.01312   0.02515   0.06400   0.03790   0.05084   0.08883   0.02040   0.28985   0.10709   7.43032   1.68845   1.27049   1.78016   1.16358  
 42  0.0001   2024.066105  x:  0.08851   0.00000   0.17826   0.00867   0.06312   0.00000   0.09013   0.04855   0.05721   0.15975   0.03692   0.16606   0.05410   0.16369   0.02525   0.01312   0.02515   0.06400   0.03789   0.05084   0.08884   0.02040   0.28986   0.10710   7.43051   1.68849   1.27053   1.78020   1.16366  
 43  0.0001   2024.066105  x:  0.08851   0.00000   0.17826   0.00867   0.06312   0.00000   0.09013   0.04855   0.05720   0.15975   0.03692   0.16606   0.05410   0.16369   0.02525   0.01312   0.02515   0.06400   0.03790   0.05084   0.08884   0.02040   0.28986   0.10710   7.43067   1.68848   1.27051   1.78019   1.16367  
 44  0.0001   2024.066105  x:  0.08851   0.00000   0.17826   0.00867   0.06312   0.00000   0.09013   0.04855   0.05720   0.15975   0.03692   0.16606   0.05410   0.16369   0.02525   0.01312   0.02515   0.06400   0.03790   0.05084   0.08884   0.02040   0.28986   0.10710   7.43068   1.68848   1.27051   1.78019   1.16368  
 45  0.0000   2024.066105  x:  0.08851   0.00000   0.17826   0.00867   0.06312   0.00000   0.09013   0.04855   0.05720   0.15975   0.03692   0.16606   0.05410   0.16369   0.02525   0.01312   0.02515   0.06400   0.03790   0.05084   0.08884   0.02040   0.28986   0.10710   7.43068   1.68848   1.27051   1.78019   1.16368  
 46  0.0000   2024.066105  x:  0.08851   0.00000   0.17826   0.00867   0.06312   0.00000   0.09013   0.04855   0.05720   0.15975   0.03692   0.16606   0.05410   0.16369   0.02525   0.01312   0.02515   0.06400   0.03790   0.05084   0.08884   0.02040   0.28986   0.10710   7.43068   1.68848   1.27051   1.78019   1.16368  
check convergence!
