

TREE # 1

  0  0.0000   2026.420258  x:  0.10724   0.00484   0.10231   0.01275   0.03431   0.07097   0.03690   0.03551   0.13013   0.12388   0.05949   0.12789   0.00000   0.09968   0.01104   0.01881   0.03984   0.03566   0.08220   0.06967   0.11644   0.05422   0.13728   0.12586   2.00000   2.19939   1.24503   1.77050   0.40000  
  1 99.0000   2026.418157  x:  0.10724   0.00485   0.10231   0.01276   0.03431   0.07097   0.03690   0.03551   0.13013   0.12388   0.05949   0.12789   0.00000   0.09968   0.01104   0.01881   0.03984   0.03566   0.08220   0.06967   0.11644   0.05422   0.13728   0.12586   2.00000   2.19939   1.24503   1.77050   0.40000  
  2 472.1192   2023.813936  x:  0.10814   0.00000   0.11021   0.02479   0.03167   0.07407   0.03405   0.03352   0.12795   0.12647   0.05256   0.12573   0.00000   0.10838   0.02095   0.01140   0.03593   0.03850   0.08102   0.07072   0.11553   0.04603   0.13587   0.12676   2.00383   2.19898   1.24468   1.77063   0.40382  
  3 295.4163   2020.871999  x:  0.10935   0.00054   0.12150   0.02708   0.02770   0.07866   0.03051   0.03112   0.12447   0.13002   0.04170   0.12284   0.00000   0.12076   0.01448   0.00263   0.03064   0.04202   0.07920   0.07243   0.11407   0.03394   0.13357   0.12797   2.01004   2.19832   1.24412   1.77084   0.40986  
  4 316.4499   2019.061827  x:  0.11065   0.00064   0.13387   0.02815   0.02401   0.08362   0.02740   0.02905   0.12045   0.13392   0.02976   0.11968   0.00000   0.13426   0.01099   0.01010   0.02590   0.04547   0.07711   0.07439   0.11255   0.02203   0.13088   0.12928   2.01759   2.19752   1.24343   1.77109   0.41700  
  5 476.2056   2018.011404  x:  0.11145   0.00042   0.14340   0.01856   0.02529   0.08705   0.02914   0.03032   0.11659   0.13680   0.02322   0.11746   0.00000   0.14498   0.01659   0.00982   0.02782   0.04555   0.07565   0.07564   0.11089   0.02299   0.12808   0.13008   2.02698   2.19656   1.24256   1.77143   0.42494  
  6 142.0083   2016.748469  x:  0.11253   0.00020   0.15943   0.02191   0.03396   0.09083   0.03397   0.03378   0.10995   0.14153   0.02653   0.11454   0.00000   0.16270   0.01271   0.01090   0.03400   0.04265   0.07382   0.07713   0.10764   0.03373   0.12262   0.13117   2.05012   2.19419   1.24049   1.77221   0.44264  
  7 128.4786   2015.099250  x:  0.11108   0.00000   0.16694   0.01607   0.03013   0.08239   0.02676   0.02825   0.10593   0.14056   0.04846   0.11957   0.00000   0.17103   0.01577   0.01137   0.02866   0.03379   0.07741   0.07285   0.10630   0.02845   0.11649   0.12975   2.12029   2.18688   1.23549   1.77387   0.48358  
  8 73.1107   2011.289287  x:  0.10746   0.00009   0.15994   0.01890   0.01611   0.06518   0.04147   0.03865   0.10918   0.13448   0.04632   0.13284   0.00000   0.16307   0.01516   0.01096   0.03419   0.05067   0.08420   0.06625   0.10755   0.02453   0.11340   0.12621   2.30606   2.16777   1.22294   1.77770   0.57427  
  9 194.1867   2006.637803  x:  0.10436   0.00066   0.13906   0.02285   0.04500   0.06579   0.03304   0.03145   0.11888   0.12823   0.02156   0.14334   0.00000   0.13957   0.01428   0.01018   0.02776   0.05386   0.08566   0.06750   0.11117   0.02572   0.11785   0.12322   2.56310   2.14152   1.20656   1.78228   0.68225  
 10 487.3199   2003.967438  x:  0.10696   0.00130   0.12845   0.02597   0.02797   0.09236   0.02608   0.02998   0.12387   0.12894   0.01771   0.13114   0.00000   0.12470   0.01346   0.00992   0.03373   0.04053   0.07473   0.07947   0.11274   0.03293   0.12816   0.12587   2.71249   2.12655   1.19868   1.78360   0.71599  
 11 237.1405   2002.195088  x:  0.11060   0.00186   0.12310   0.02354   0.03206   0.10827   0.03814   0.03314   0.12556   0.13260   0.02945   0.11216   0.00000   0.11929   0.01528   0.00971   0.02740   0.04448   0.06706   0.08473   0.11365   0.02379   0.13763   0.12957   2.82689   2.11545   1.19403   1.78336   0.71650  
 12 212.6944   1997.450167  x:  0.11802   0.00284   0.12037   0.02100   0.02976   0.09706   0.02558   0.02558   0.11971   0.14233   0.03364   0.07105   0.00000   0.13029   0.01529   0.01050   0.02798   0.06080   0.07952   0.07064   0.11194   0.03453   0.15049   0.13713   3.13167   2.08692   1.18491   1.77934   0.65965  
 13 214.0081   1989.344278  x:  0.12339   0.00176   0.12841   0.02324   0.03289   0.07498   0.03083   0.04306   0.10807   0.15328   0.02559   0.08583   0.00000   0.15393   0.01459   0.01062   0.03366   0.02747   0.08568   0.06490   0.10840   0.02339   0.15465   0.14275   3.65614   2.03900   1.17021   1.77016   0.52896  
 14 514.0376   1985.951793  x:  0.11988   0.00051   0.14198   0.02084   0.03045   0.08036   0.03057   0.02984   0.10733   0.15170   0.03210   0.11871   0.00000   0.16322   0.01505   0.01117   0.03012   0.04349   0.07738   0.07727   0.10736   0.03232   0.14371   0.13936   3.90344   2.01751   1.16288   1.76485   0.46133  
 15 520.2272   1985.547242  x:  0.11375   0.00040   0.15032   0.02089   0.03204   0.08514   0.02845   0.03204   0.11373   0.14342   0.03251   0.11538   0.00000   0.15823   0.01512   0.01111   0.03418   0.04412   0.07771   0.07274   0.10906   0.02972   0.12895   0.13326   3.93210   2.01733   1.16129   1.76231   0.45271  
 16 49.9419   1985.485662  x:  0.11262   0.00041   0.15198   0.02117   0.03124   0.08485   0.03076   0.03080   0.11426   0.14138   0.03142   0.11374   0.00000   0.15695   0.01502   0.01113   0.03132   0.04265   0.07805   0.07249   0.10928   0.03117   0.12573   0.13214   3.93656   2.01819   1.16070   1.76123   0.45150  
 17 27.1672   1985.450971  x:  0.11267   0.00042   0.15273   0.02123   0.03143   0.08280   0.02994   0.03195   0.11199   0.13942   0.03133   0.11231   0.00000   0.15547   0.01510   0.01107   0.03093   0.04287   0.07746   0.07628   0.10896   0.03116   0.12423   0.13221   3.93949   2.02241   1.15874   1.75775   0.45135  
 18  6.7394   1985.388886  x:  0.11330   0.00043   0.15313   0.02147   0.03176   0.08229   0.03120   0.02892   0.10925   0.13771   0.03114   0.11195   0.00000   0.15425   0.01511   0.01101   0.03349   0.04257   0.07704   0.07659   0.10844   0.02989   0.12395   0.13289   3.94493   2.03306   1.15392   1.74918   0.45160  
 19 12.8774   1985.145880  x:  0.11525   0.00042   0.15404   0.02172   0.03151   0.08597   0.03002   0.03139   0.10475   0.13500   0.03122   0.11461   0.00000   0.15307   0.01527   0.01107   0.03100   0.04337   0.07645   0.07059   0.10741   0.03105   0.12554   0.13506   3.96700   2.07826   1.13367   1.71297   0.45318  
 20 47.2999   1985.006202  x:  0.11340   0.00049   0.15372   0.02158   0.03135   0.08472   0.03027   0.03105   0.11350   0.13931   0.03165   0.11438   0.00000   0.15644   0.01542   0.01110   0.03134   0.04279   0.07898   0.07444   0.10931   0.03101   0.12658   0.13334   3.97977   2.10311   1.12361   1.69302   0.45451  
 21 34.2850   1984.950783  x:  0.11103   0.00062   0.15178   0.02173   0.03117   0.08281   0.02993   0.03086   0.11367   0.14294   0.03145   0.11369   0.00000   0.15705   0.01548   0.01108   0.03137   0.04277   0.07341   0.07331   0.10902   0.03115   0.12500   0.13105   3.98467   2.10708   1.12565   1.68949   0.45553  
 22  5.4835   1984.541176  x:  0.10464   0.00121   0.14480   0.02291   0.03080   0.08888   0.03049   0.03126   0.10521   0.15339   0.03160   0.11494   0.00000   0.15626   0.01611   0.01116   0.03121   0.04331   0.08176   0.07552   0.10666   0.03031   0.11701   0.12530   4.02138   2.11818   1.15749   1.67874   0.46417  
 23  8.6842   1982.717797  x:  0.11619   0.00228   0.16162   0.02614   0.03205   0.08686   0.03028   0.03089   0.11793   0.14045   0.03104   0.12125   0.00000   0.15314   0.01853   0.01164   0.03145   0.04299   0.07716   0.07620   0.11375   0.03184   0.12212   0.13985   4.19008   2.15602   1.30114   1.64867   0.50477  
 24 49.1020   1982.031198  x:  0.10084   0.00287   0.16396   0.02786   0.03246   0.08846   0.03063   0.03094   0.11672   0.12431   0.03042   0.12099   0.00000   0.16020   0.01934   0.01199   0.03135   0.04235   0.07651   0.07751   0.10456   0.03160   0.13826   0.12560   4.24865   2.16381   1.30394   1.67416   0.51492  
 25 19.2141   1977.300993  x:  0.10079   0.00743   0.16535   0.03874   0.03196   0.09342   0.02958   0.02953   0.11155   0.12335   0.02804   0.12858   0.00000   0.15952   0.02597   0.01252   0.03009   0.04086   0.07037   0.07957   0.12881   0.03044   0.11297   0.13362   4.67443   2.20738   1.20216   1.94557   0.58107  
 26 54.9707   1976.989613  x:  0.10346   0.00757   0.17008   0.03909   0.03191   0.09232   0.02931   0.02933   0.11666   0.12893   0.02791   0.12956   0.00000   0.15245   0.02653   0.01268   0.02969   0.04090   0.07076   0.07955   0.10989   0.03000   0.11054   0.13678   4.70039   2.20811   1.19446   1.96084   0.58502  
 27 40.2821   1976.954298  x:  0.10195   0.00747   0.17470   0.03903   0.03196   0.09166   0.02926   0.02929   0.11534   0.13219   0.02786   0.12986   0.00000   0.14853   0.02657   0.01264   0.02967   0.04094   0.07127   0.07927   0.11188   0.03012   0.11333   0.13534   4.70440   2.19905   1.18940   1.95430   0.58541  
 28  3.2309   1976.132932  x:  0.10135   0.00854   0.17089   0.04054   0.03237   0.09237   0.02994   0.02964   0.11385   0.12928   0.02670   0.12844   0.00000   0.15216   0.02770   0.01259   0.02967   0.04121   0.07122   0.07974   0.11081   0.02941   0.11256   0.13616   4.79751   1.95281   1.05988   1.76439   0.59297  
 29 13.0602   1972.507355  x:  0.10236   0.01422   0.15724   0.04615   0.03249   0.08450   0.03525   0.03510   0.10926   0.14377   0.01713   0.11416   0.00000   0.17314   0.03275   0.01166   0.02985   0.04393   0.07883   0.07616   0.10390   0.02140   0.13453   0.14493   5.89586   2.02849   1.15335   1.74499   0.57884  
 30  0.9516   1971.178889  x:  0.09686   0.01753   0.16599   0.04541   0.02725   0.08724   0.02851   0.03100   0.11203   0.13924   0.02947   0.11493   0.00000   0.16410   0.03332   0.01069   0.02908   0.04063   0.07718   0.07510   0.11040   0.02901   0.12294   0.14321   6.64009   2.05357   1.13926   1.74807   0.60167  
 31  0.4742   1970.764634  x:  0.09672   0.02027   0.16460   0.04137   0.03210   0.08844   0.03203   0.03137   0.11260   0.13677   0.02525   0.11017   0.00000   0.16027   0.03195   0.00932   0.02999   0.04498   0.07461   0.07611   0.10887   0.02612   0.11920   0.14476   7.11536   2.04726   1.12064   1.78231   0.61293  
 32  0.2935   1970.645437  x:  0.09778   0.02149   0.16139   0.03830   0.03091   0.08728   0.03086   0.03104   0.11202   0.13816   0.02454   0.11226   0.00000   0.16274   0.02969   0.00927   0.02933   0.04286   0.07641   0.07621   0.10811   0.02667   0.12393   0.14604   7.31767   2.02586   1.12507   1.76731   0.60555  
 33  0.1228   1970.618027  x:  0.09691   0.02189   0.16294   0.03699   0.03052   0.08729   0.03048   0.03156   0.11260   0.13905   0.02530   0.11315   0.00000   0.16192   0.02788   0.00979   0.03016   0.04265   0.07612   0.07570   0.10922   0.02661   0.12251   0.14498   7.33368   2.04634   1.12625   1.77430   0.60490  
 34  0.0144   1970.599310  x:  0.09703   0.02252   0.16252   0.03754   0.03071   0.08699   0.03102   0.03139   0.11272   0.13843   0.02556   0.11225   0.00000   0.16186   0.02662   0.01057   0.02942   0.04317   0.07595   0.07571   0.10821   0.02649   0.12196   0.14544   7.25103   2.03367   1.12342   1.76945   0.60649  
 35  0.0285   1970.581353  x:  0.09643   0.02404   0.16170   0.03914   0.03049   0.08739   0.03073   0.03113   0.11155   0.13846   0.02486   0.11175   0.00000   0.16268   0.02665   0.01055   0.03022   0.04279   0.07646   0.07589   0.10934   0.02620   0.12358   0.14659   7.20616   2.04133   1.12725   1.77569   0.60559  
 36  0.0112   1970.567656  x:  0.09487   0.02554   0.16306   0.03906   0.03085   0.08773   0.03052   0.03135   0.11252   0.13849   0.02453   0.11229   0.00000   0.16174   0.02685   0.01008   0.02971   0.04292   0.07601   0.07573   0.10846   0.02667   0.12224   0.14664   7.21190   2.03843   1.12627   1.76787   0.60596  
 37  0.0047   1970.563559  x:  0.09494   0.02607   0.16234   0.03840   0.03076   0.08741   0.03089   0.03143   0.11252   0.13844   0.02523   0.11219   0.00000   0.16237   0.02711   0.00993   0.02983   0.04298   0.07600   0.07598   0.10875   0.02662   0.12205   0.14717   7.18110   2.03829   1.12565   1.77053   0.60436  
 38  0.0149   1970.562819  x:  0.09483   0.02607   0.16262   0.03800   0.03068   0.08729   0.03077   0.03130   0.11232   0.13853   0.02516   0.11224   0.00000   0.16232   0.02723   0.00995   0.02973   0.04300   0.07611   0.07579   0.10869   0.02650   0.12220   0.14702   7.16759   2.03803   1.12582   1.76959   0.60474  
 39  0.0079   1970.562740  x:  0.09486   0.02606   0.16258   0.03796   0.03066   0.08735   0.03077   0.03136   0.11239   0.13855   0.02512   0.11214   0.00000   0.16233   0.02728   0.01000   0.02977   0.04297   0.07607   0.07583   0.10865   0.02653   0.12219   0.14705   7.16609   2.03823   1.12591   1.76968   0.60504  
 40  0.0011   1970.562731  x:  0.09486   0.02608   0.16257   0.03795   0.03069   0.08735   0.03076   0.03134   0.11240   0.13854   0.02513   0.11215   0.00000   0.16233   0.02729   0.01002   0.02976   0.04296   0.07608   0.07583   0.10868   0.02652   0.12217   0.14707   7.16768   2.03823   1.12590   1.76972   0.60502  
 41  0.0011   1970.562730  x:  0.09485   0.02609   0.16258   0.03795   0.03069   0.08735   0.03076   0.03134   0.11239   0.13855   0.02513   0.11216   0.00000   0.16233   0.02730   0.01003   0.02976   0.04296   0.07608   0.07583   0.10867   0.02652   0.12218   0.14707   7.16812   2.03822   1.12590   1.76970   0.60499  
 42  0.0003   1970.562730  x:  0.09485   0.02609   0.16257   0.03796   0.03069   0.08735   0.03076   0.03134   0.11239   0.13854   0.02513   0.11216   0.00000   0.16233   0.02730   0.01003   0.02976   0.04296   0.07608   0.07583   0.10867   0.02652   0.12218   0.14707   7.16812   2.03822   1.12590   1.76970   0.60499  
 43  0.0000   1970.562730  x:  0.09485   0.02609   0.16257   0.03796   0.03069   0.08735   0.03076   0.03134   0.11239   0.13854   0.02513   0.11216   0.00000   0.16233   0.02730   0.01003   0.02976   0.04296   0.07608   0.07583   0.10867   0.02652   0.12218   0.14707   7.16813   2.03822   1.12590   1.76970   0.60499  
 44  0.0000   1970.562730  x:  0.09485   0.02609   0.16257   0.03796   0.03069   0.08735   0.03076   0.03134   0.11239   0.13854   0.02513   0.11216   0.00000   0.16233   0.02730   0.01003   0.02976   0.04296   0.07608   0.07583   0.10867   0.02652   0.12218   0.14707   7.16813   2.03822   1.12590   1.76970   0.60500  