

TREE # 1

  0  0.0000   2088.821194  x:  0.20925   0.02571   0.03211   0.02495   0.05815   0.02188   0.05666   0.08536   0.02661   0.17168   0.20925   0.02571   0.03211   0.02495   0.05815   0.02188   0.05666   0.08536   0.02661   0.17168   0.21568   8.40433   1.78326   1.16618   1.25463   1.00000  
  1 99.0000   2069.204483  x:  0.21433   0.06265   0.04100   0.01507   0.04335   0.06428   0.07120   0.11300   0.02981   0.17663   0.21165   0.00000   0.02324   0.07178   0.03403   0.02881   0.12589   0.08534   0.03236   0.17597   0.22543   8.40443   1.78206   1.16325   1.25920   1.00225  
  2 424.9611   2067.231681  x:  0.21929   0.05747   0.03814   0.02268   0.03597   0.05190   0.07607   0.12766   0.02412   0.18139   0.21378   0.00000   0.02312   0.06923   0.01843   0.02257   0.13765   0.09007   0.03178   0.18009   0.23520   8.40456   1.78062   1.16022   1.26439   1.00496  
  3 110.7236   2066.228094  x:  0.22557   0.05246   0.03597   0.01694   0.03361   0.03979   0.07950   0.14230   0.02453   0.18717   0.21641   0.00000   0.02326   0.06570   0.02610   0.02547   0.14887   0.09435   0.03172   0.18510   0.24755   8.40476   1.77850   1.15587   1.27191   1.00891  
  4 99.7992   2065.858952  x:  0.23086   0.05029   0.03736   0.01943   0.04187   0.04304   0.07798   0.14833   0.02999   0.19171   0.21850   0.00000   0.02379   0.06105   0.02607   0.02562   0.15021   0.09506   0.03199   0.18900   0.25853   8.40505   1.77584   1.15079   1.28105   1.01386  
  5 48.0737   2065.580140  x:  0.23557   0.05023   0.03738   0.01461   0.04023   0.04775   0.07460   0.14888   0.02711   0.19547   0.22023   0.00000   0.02369   0.05931   0.02428   0.02459   0.14584   0.09344   0.03198   0.19218   0.26955   8.40549   1.77199   1.14399   1.29386   1.02102  
  6 43.1238   2065.358398  x:  0.23919   0.05253   0.03761   0.01871   0.03624   0.04943   0.07286   0.14724   0.02493   0.19809   0.22140   0.00000   0.02346   0.06145   0.02674   0.02612   0.14189   0.09148   0.03206   0.19434   0.27888   8.40602   1.76771   1.13670   1.30788   1.02901  
  7 73.0100   2065.130092  x:  0.24064   0.05624   0.03739   0.01758   0.03697   0.04420   0.07513   0.14152   0.02883   0.19827   0.22123   0.00000   0.02342   0.06717   0.02487   0.02521   0.13899   0.09013   0.03179   0.19427   0.28512   8.40687   1.76156   1.12711   1.32729   1.04051  
  8 46.0985   2064.899710  x:  0.23788   0.05338   0.03654   0.01766   0.04125   0.04425   0.07938   0.13612   0.02382   0.19470   0.21893   0.00000   0.02216   0.06768   0.02526   0.02567   0.14248   0.09199   0.03170   0.19089   0.28408   8.40819   1.75332   1.11560   1.35224   1.05616  
  9 38.6984   2064.700152  x:  0.23375   0.05061   0.03789   0.01773   0.03699   0.04607   0.07925   0.13453   0.02731   0.19049   0.21630   0.00000   0.02441   0.06335   0.02554   0.02483   0.14626   0.09381   0.03166   0.18704   0.27863   8.40965   1.74519   1.10531   1.37614   1.07192  
 10 59.3068   2064.631316  x:  0.23193   0.05220   0.03773   0.01770   0.03713   0.04503   0.07587   0.13771   0.02755   0.18956   0.21573   0.00000   0.02162   0.06209   0.02490   0.02604   0.14615   0.09288   0.03181   0.18629   0.27394   8.41044   1.74206   1.10236   1.38487   1.07858  
 11 27.9792   2064.596073  x:  0.23108   0.05328   0.03717   0.01773   0.03808   0.04462   0.07412   0.14076   0.02671   0.18962   0.21579   0.00000   0.02361   0.06286   0.02527   0.02523   0.14552   0.09189   0.03180   0.18645   0.27038   8.41104   1.74028   1.10130   1.38960   1.08281  
 12 26.9287   2064.578559  x:  0.23128   0.05218   0.03691   0.01769   0.03784   0.04543   0.07592   0.14277   0.02716   0.19083   0.21659   0.00000   0.02301   0.06403   0.02549   0.02492   0.14375   0.09158   0.03150   0.18760   0.26748   8.41176   1.73930   1.10206   1.39183   1.08629  
 13  9.0208   2064.573840  x:  0.23161   0.05223   0.03728   0.01760   0.03782   0.04540   0.07635   0.14276   0.02706   0.19142   0.21701   0.00000   0.02342   0.06393   0.02511   0.02580   0.14347   0.09183   0.03188   0.18814   0.26666   8.41221   1.73904   1.10300   1.39229   1.08797  
 14  6.2967   2064.562937  x:  0.23280   0.05320   0.03803   0.01762   0.03785   0.04519   0.07649   0.14165   0.02674   0.19296   0.21819   0.00000   0.02322   0.06316   0.02541   0.02506   0.14398   0.09272   0.03203   0.18945   0.26513   8.41378   1.73848   1.10671   1.39299   1.09331  
 15  8.1086   2064.553523  x:  0.23368   0.05281   0.03683   0.01770   0.03784   0.04522   0.07573   0.14067   0.02699   0.19359   0.21882   0.00000   0.02333   0.06323   0.02526   0.02541   0.14477   0.09266   0.03115   0.18991   0.26465   8.41551   1.73817   1.11074   1.39329   1.09877  
 16 10.5652   2064.544136  x:  0.23406   0.05184   0.03680   0.01774   0.03783   0.04510   0.07514   0.14051   0.02712   0.19319   0.21882   0.00000   0.02318   0.06375   0.02530   0.02519   0.14512   0.09190   0.03249   0.18946   0.26519   8.41771   1.73814   1.11547   1.39333   1.10511  
 17 11.6472   2064.533581  x:  0.23386   0.05179   0.03809   0.01767   0.03790   0.04498   0.07550   0.14126   0.02690   0.19196   0.21827   0.00000   0.02325   0.06381   0.02529   0.02530   0.14480   0.09129   0.03157   0.18831   0.26656   8.42057   1.73850   1.12098   1.39318   1.11270  
 18 14.7537   2064.529096  x:  0.23338   0.05264   0.03728   0.01769   0.03788   0.04525   0.07614   0.14182   0.02695   0.19132   0.21781   0.00000   0.02331   0.06339   0.02534   0.02530   0.14427   0.09189   0.03182   0.18781   0.26736   8.42212   1.73909   1.12315   1.39303   1.11613  
 19  8.4364   2064.526806  x:  0.23237   0.05244   0.03742   0.01767   0.03789   0.04528   0.07567   0.14191   0.02699   0.19151   0.21745   0.00000   0.02326   0.06391   0.02533   0.02531   0.14404   0.09301   0.03177   0.18824   0.26771   8.42400   1.74090   1.12331   1.39276   1.11823  
 20  2.0418   2064.521234  x:  0.23030   0.05247   0.03734   0.01769   0.03787   0.04520   0.07598   0.14165   0.02701   0.19242   0.21685   0.00000   0.02330   0.06347   0.02532   0.02529   0.14439   0.09192   0.03180   0.18952   0.26803   8.43010   1.74714   1.12247   1.39199   1.12353  
 21  4.0485   2064.514475  x:  0.23279   0.05245   0.03734   0.01768   0.03785   0.04519   0.07592   0.14182   0.02699   0.19180   0.21766   0.00000   0.02329   0.06352   0.02530   0.02528   0.14431   0.09214   0.03179   0.18795   0.26724   8.43981   1.75599   1.12070   1.39153   1.12929  
 22  3.7530   2064.505116  x:  0.23373   0.05241   0.03734   0.01770   0.03783   0.04514   0.07594   0.14189   0.02696   0.18850   0.21773   0.00000   0.02329   0.06346   0.02526   0.02526   0.14434   0.09213   0.03178   0.19097   0.26712   8.46531   1.76307   1.12467   1.39727   1.12815  
 23  1.3289   2064.448941  x:  0.23280   0.05219   0.03722   0.01779   0.03768   0.04481   0.07600   0.14247   0.02689   0.19215   0.21742   0.00000   0.02328   0.06322   0.02502   0.02514   0.14436   0.09227   0.03175   0.18826   0.26774   8.62612   1.80242   1.15118   1.43390   1.11768  
 24 17.4213   2064.362850  x:  0.22870   0.05181   0.03699   0.01790   0.03742   0.04420   0.07619   0.14312   0.02667   0.19049   0.22918   0.00000   0.02328   0.06282   0.02455   0.02492   0.14433   0.09248   0.03176   0.18746   0.27072   8.91534   1.78190   1.13768   1.42156   1.12608  
 25  2.9957   2064.245117  x:  0.23464   0.05144   0.03681   0.01805   0.03705   0.04342   0.07645   0.14387   0.02616   0.19346   0.21793   0.00000   0.02326   0.06251   0.02392   0.02463   0.14407   0.09290   0.03164   0.18964   0.27159   9.30778   1.75220   1.11836   1.40309   1.13806  
 26 100.4942   2064.238338  x:  0.23399   0.05176   0.03699   0.01796   0.03739   0.04404   0.07618   0.14302   0.02640   0.19287   0.21805   0.00000   0.02324   0.06273   0.02455   0.02491   0.14361   0.09260   0.03169   0.18921   0.27025   9.39275   1.75649   1.12119   1.40477   1.13724  
 27  0.0805   2064.238242  x:  0.23395   0.05171   0.03698   0.01795   0.03737   0.04395   0.07620   0.14303   0.02642   0.19285   0.21818   0.00000   0.02327   0.06269   0.02448   0.02488   0.14362   0.09263   0.03169   0.18922   0.27028   9.40497   1.75681   1.12133   1.40479   1.13697  
 28  0.0113   2064.238241  x:  0.23395   0.05170   0.03698   0.01795   0.03737   0.04395   0.07620   0.14303   0.02641   0.19286   0.21817   0.00000   0.02327   0.06268   0.02448   0.02488   0.14360   0.09263   0.03169   0.18922   0.27029   9.40546   1.75674   1.12128   1.40474   1.13697  
 29  0.0003   2064.238241  x:  0.23395   0.05170   0.03698   0.01795   0.03737   0.04395   0.07620   0.14302   0.02642   0.19286   0.21817   0.00000   0.02327   0.06267   0.02448   0.02488   0.14359   0.09263   0.03169   0.18922   0.27029   9.40516   1.75676   1.12130   1.40476   1.13697  
 30  0.0002   2064.238241  x:  0.23395   0.05170   0.03698   0.01795   0.03737   0.04395   0.07620   0.14302   0.02642   0.19285   0.21817   0.00000   0.02327   0.06267   0.02448   0.02488   0.14359   0.09263   0.03169   0.18922   0.27029   9.40514   1.75676   1.12130   1.40476   1.13697  