

TREE # 1

  0  0.0000   2135.830475  x:  0.00000   0.02714   0.07370   0.02802   0.08974   0.09459   0.04924   0.05870   0.09934   0.03224   0.11102   0.02240   0.04044   0.02035   0.02577   0.07986   0.07713   0.04072   0.07158   0.05425   0.09826   0.08887   0.06642   2.00000   1.47141   1.19103   1.19865   0.40000  
  1 99.0000   2135.824619  x:  0.00000   0.02714   0.07370   0.02802   0.08974   0.09459   0.04924   0.05870   0.09934   0.03224   0.11102   0.02240   0.04044   0.02035   0.02577   0.07986   0.07713   0.04072   0.07158   0.05425   0.09826   0.08887   0.06642   2.00000   1.47141   1.19103   1.19865   0.40000  
  2 988.2438   2124.735798  x:  0.00000   0.00681   0.05961   0.03277   0.07577   0.08827   0.04899   0.05767   0.09846   0.02234   0.12989   0.00000   0.07706   0.02113   0.02553   0.06851   0.07027   0.04592   0.06952   0.06083   0.08240   0.10901   0.10153   2.00603   1.47164   1.18841   1.20268   0.41408  
  3 580.6882   2106.313813  x:  0.00000   0.00561   0.02359   0.03476   0.03965   0.07297   0.04825   0.05508   0.09645   0.00362   0.16728   0.00000   0.04825   0.01591   0.01995   0.03970   0.05332   0.05514   0.06523   0.07507   0.04044   0.14356   0.12460   2.02287   1.47250   1.18134   1.21374   0.45101  
  4 359.5302   2101.097680  x:  0.00000   0.00439   0.01047   0.03533   0.02541   0.06686   0.04803   0.05414   0.09571   0.01112   0.18355   0.00000   0.03615   0.01452   0.01788   0.02843   0.04664   0.05867   0.06375   0.08063   0.02366   0.15869   0.13543   2.03025   1.47287   1.17824   1.21853   0.46668  
  5 2059.5912   2093.147273  x:  0.00000   0.00188   0.02441   0.03726   0.01421   0.05935   0.04819   0.05358   0.09451   0.01330   0.21441   0.00000   0.01179   0.01637   0.01675   0.01905   0.03925   0.06250   0.06324   0.08744   0.01016   0.18810   0.15965   2.04413   1.47350   1.17242   1.22721   0.49343  
  6 561.4223   2090.747465  x:  0.00000   0.00107   0.02367   0.03783   0.01409   0.05729   0.04829   0.05343   0.09402   0.01371   0.22469   0.00000   0.00411   0.01644   0.01631   0.01798   0.03743   0.06358   0.06314   0.08950   0.01251   0.19789   0.16722   2.04883   1.47369   1.17049   1.23010   0.50220  
  7 968.5782   2085.237017  x:  0.00000   0.00000   0.02588   0.03321   0.02367   0.05159   0.04884   0.05335   0.09148   0.01525   0.26480   0.00000   0.00411   0.01143   0.00887   0.02454   0.03422   0.06400   0.06439   0.09587   0.00953   0.23086   0.15025   2.07316   1.47483   1.16078   1.24459   0.54397  
  8 246.0697   2085.237017  x:  0.00000   0.00000   0.02588   0.03321   0.02367   0.05159   0.04884   0.05335   0.09148   0.01525   0.26480   0.00000   0.00411   0.01143   0.00887   0.02454   0.03422   0.06400   0.06439   0.09587   0.00953   0.23086   0.15025   2.07316   1.47483   1.16078   1.24459   0.54397  
  9 700.7021   2058.080355  x:  0.00000   0.03440   0.03121   0.04362   0.04271   0.06265   0.05012   0.05572   0.09036   0.03883   0.27899   0.00000   0.12142   0.03390   0.03172   0.04287   0.04968   0.06025   0.06846   0.09056   0.10956   0.24798   0.19932   2.08132   1.47491   1.15806   1.24803   0.54936  
 10 824.1790   2041.284257  x:  0.00000   0.17062   0.02992   0.04431   0.04264   0.07305   0.04949   0.05643   0.09092   0.02467   0.28268   0.00000   0.16373   0.01552   0.02278   0.04517   0.05755   0.05340   0.06780   0.07867   0.10689   0.25309   0.23767   2.09806   1.47586   1.15330   1.25475   0.56035  
 11 409.2531   2035.065045  x:  0.00000   0.17489   0.02749   0.03073   0.03281   0.07186   0.04709   0.05379   0.09744   0.00896   0.25806   0.00000   0.22639   0.02543   0.03612   0.03305   0.05045   0.05291   0.06990   0.06759   0.05263   0.22550   0.25954   2.13890   1.47799   1.14417   1.26998   0.58576  
 12 109.8387   2033.259313  x:  0.00000   0.17682   0.03046   0.03095   0.03307   0.07114   0.04737   0.05386   0.09941   0.02155   0.24685   0.00000   0.24746   0.02444   0.03580   0.03330   0.04943   0.05301   0.06954   0.06536   0.03042   0.21304   0.26668   2.15755   1.47890   1.14021   1.27684   0.59676  
 13 339.9900   2031.565286  x:  0.00000   0.17534   0.03234   0.04164   0.04039   0.06967   0.04973   0.05593   0.09913   0.01495   0.22956   0.00000   0.26226   0.01740   0.02464   0.04234   0.05197   0.05406   0.06692   0.06930   0.02234   0.19421   0.26990   2.18726   1.48020   1.13459   1.28733   0.61251  
 14 133.2259   2028.539739  x:  0.00000   0.18366   0.03031   0.04009   0.03627   0.06763   0.04940   0.05613   0.09743   0.01760   0.18737   0.00000   0.26739   0.02453   0.01255   0.03966   0.05144   0.05540   0.06442   0.07656   0.03407   0.14943   0.26706   2.26464   1.48366   1.12093   1.31379   0.65091  
 15 156.2714   2027.078028  x:  0.00000   0.18898   0.03111   0.04177   0.03858   0.06769   0.04974   0.05661   0.09554   0.01834   0.16526   0.00000   0.26564   0.01928   0.02844   0.04246   0.05232   0.05602   0.06508   0.08003   0.03993   0.12808   0.26315   2.31723   1.48597   1.11245   1.33110   0.67489  
 16 300.5753   2020.141935  x:  0.00000   0.18159   0.03786   0.02780   0.05450   0.08486   0.04509   0.05101   0.08817   0.01794   0.15747   0.00000   0.25806   0.00720   0.02494   0.03819   0.06270   0.04131   0.07413   0.05478   0.04681   0.16897   0.23965   2.62794   1.49974   1.07378   1.42308   0.78684  
 17 112.9930   2015.535371  x:  0.00000   0.18368   0.03763   0.04611   0.06093   0.09106   0.04685   0.05261   0.08549   0.01731   0.16768   0.00000   0.24522   0.03767   0.03043   0.04569   0.06752   0.04329   0.07624   0.05349   0.04119   0.20856   0.22091   2.91931   1.51319   1.04106   1.50605   0.88544  
 18 870.0625   2010.280359  x:  0.00000   0.17855   0.02191   0.04945   0.03537   0.07691   0.04703   0.05506   0.09349   0.02071   0.20361   0.00000   0.24246   0.02288   0.03252   0.04795   0.05518   0.06248   0.06138   0.08271   0.04452   0.23391   0.21989   3.18162   1.52647   1.02228   1.57144   0.96046  
 19 438.3019   2008.728551  x:  0.00000   0.17672   0.04471   0.04872   0.03523   0.06405   0.04945   0.05629   0.09734   0.01781   0.22707   0.00000   0.23638   0.02204   0.03276   0.04228   0.04688   0.05990   0.05904   0.08742   0.04706   0.22721   0.23025   3.28077   1.53311   1.02777   1.58529   0.97385  
 20 183.1401   2005.284656  x:  0.00000   0.16957   0.02875   0.04123   0.05501   0.05498   0.05351   0.05807   0.09934   0.01971   0.28153   0.00000   0.21735   0.02477   0.03257   0.04166   0.05308   0.04627   0.06784   0.07970   0.04674   0.19054   0.26558   3.49428   1.55041   1.06404   1.59371   0.97318  
 21 187.1398   2002.859757  x:  0.00000   0.16286   0.03441   0.04569   0.03969   0.08290   0.04943   0.05731   0.09301   0.01889   0.30334   0.00000   0.20750   0.02401   0.03185   0.04849   0.06172   0.05701   0.06797   0.06509   0.04698   0.16969   0.28663   3.65942   1.56615   1.10596   1.58622   0.95286  
 22 200.9989   1996.960943  x:  0.00000   0.16346   0.02904   0.06233   0.04059   0.08803   0.03562   0.04156   0.07884   0.02004   0.26717   0.00000   0.21082   0.02333   0.03313   0.03771   0.04073   0.04163   0.05409   0.07532   0.04529   0.18584   0.29817   4.06278   1.61213   1.23776   1.53088   0.84809  
 23 158.5267   1992.335946  x:  0.00000   0.16809   0.03276   0.04844   0.04002   0.07056   0.05618   0.05769   0.08997   0.01924   0.22594   0.00000   0.21716   0.02474   0.03181   0.03799   0.05654   0.05899   0.06444   0.08265   0.04310   0.20689   0.29546   4.41207   1.65402   1.34981   1.47929   0.74766  
 24 545.2211   1991.940233  x:  0.00000   0.17025   0.03334   0.04459   0.03805   0.06724   0.04954   0.05880   0.09700   0.01900   0.22579   0.00000   0.22037   0.02593   0.03105   0.04919   0.05268   0.05706   0.06720   0.07961   0.04329   0.20509   0.28580   4.44254   1.65901   1.35459   1.47463   0.73494  
 25 68.2300   1991.468597  x:  0.00000   0.17492   0.03217   0.04808   0.04091   0.06948   0.05048   0.05824   0.10499   0.01918   0.23443   0.00000   0.23143   0.02442   0.03078   0.04368   0.05145   0.05827   0.06495   0.07488   0.04389   0.19526   0.25729   4.47954   1.66800   1.34823   1.46891   0.71118  
 26 39.6598   1991.315621  x:  0.00000   0.17624   0.03331   0.04601   0.03902   0.06925   0.05107   0.05651   0.09761   0.01900   0.23797   0.00000   0.23556   0.02462   0.03066   0.04452   0.05536   0.05507   0.06652   0.07910   0.04261   0.19197   0.24893   4.49258   1.67216   1.34023   1.46681   0.70000  
 27 28.6576   1991.206826  x:  0.00000   0.17626   0.03296   0.04467   0.04094   0.06901   0.04997   0.06045   0.09158   0.01904   0.23756   0.00000   0.23558   0.02465   0.03031   0.04448   0.05164   0.05806   0.06686   0.07811   0.04239   0.19120   0.25034   4.50343   1.67660   1.32525   1.46466   0.68766  
 28 15.9574   1990.993689  x:  0.00000   0.17443   0.03228   0.04720   0.03835   0.06781   0.05176   0.05655   0.09419   0.01913   0.23318   0.00000   0.23221   0.02413   0.03042   0.04448   0.05223   0.05632   0.06651   0.07541   0.04278   0.19138   0.26029   4.52598   1.68554   1.28878   1.45905   0.66110  
 29 31.3742   1990.959109  x:  0.00000   0.17417   0.03283   0.04615   0.03978   0.06982   0.04954   0.05687   0.09637   0.01900   0.23261   0.00000   0.23155   0.02449   0.03052   0.04388   0.05364   0.05621   0.06553   0.07791   0.04242   0.19146   0.26206   4.53002   1.68618   1.28262   1.45702   0.65748  
 30 18.1494   1990.900076  x:  0.00000   0.17392   0.03266   0.04596   0.03913   0.07307   0.05217   0.05921   0.09765   0.01902   0.23263   0.00000   0.23140   0.02430   0.03031   0.04404   0.05124   0.05355   0.06746   0.07980   0.04235   0.19135   0.26237   4.53938   1.67948   1.27351   1.44420   0.65957  
 31  4.5902   1990.353906  x:  0.00000   0.17353   0.03250   0.04698   0.03938   0.07098   0.04870   0.05586   0.09675   0.01913   0.23412   0.00000   0.23024   0.02369   0.02963   0.04226   0.05212   0.05707   0.07139   0.07891   0.04203   0.18969   0.26241   4.62518   1.61128   1.19478   1.32298   0.68496  
 32 42.3802   1990.281582  x:  0.00000   0.17344   0.03239   0.04500   0.03922   0.07059   0.05052   0.05731   0.09607   0.01908   0.23406   0.00000   0.22995   0.02448   0.03023   0.04387   0.05300   0.05548   0.06451   0.07714   0.04183   0.18939   0.26223   4.63683   1.59952   1.18556   1.31067   0.68661  
 33 30.0958   1989.795414  x:  0.00000   0.17304   0.03177   0.04726   0.03582   0.06874   0.04666   0.06289   0.09593   0.01904   0.23138   0.00000   0.23043   0.02360   0.02995   0.04039   0.05493   0.05258   0.06602   0.07570   0.04086   0.18610   0.26287   4.71590   1.48527   1.14392   1.29181   0.66980  
 34 12.8791   1989.618274  x:  0.00000   0.17349   0.03208   0.04399   0.03842   0.07066   0.04981   0.05681   0.09606   0.01885   0.23062   0.00000   0.23041   0.02429   0.02942   0.04220   0.05180   0.05589   0.06652   0.07697   0.04024   0.18478   0.26308   4.74506   1.44444   1.12931   1.28609   0.66363  
 35 104.1649   1982.636324  x:  0.00000   0.17088   0.02672   0.02560   0.02994   0.06495   0.04943   0.05539   0.10334   0.01827   0.21152   0.00000   0.22757   0.02196   0.02448   0.03286   0.04852   0.05961   0.06486   0.07472   0.02969   0.16738   0.24600   5.81210   1.55967   1.04954   1.50122   0.81445  
 36  3.1332   1978.561605  x:  0.00000   0.16792   0.02857   0.05082   0.04124   0.06775   0.04861   0.05544   0.09894   0.01780   0.20237   0.00000   0.19204   0.01459   0.02352   0.04201   0.05341   0.05432   0.06698   0.07399   0.04120   0.17997   0.22963   6.89988   1.66206   1.18640   1.60090   0.88391  
 37  0.9203   1976.814480  x:  0.00000   0.17245   0.03247   0.03671   0.03836   0.07299   0.04829   0.05490   0.09328   0.01823   0.20602   0.00000   0.17769   0.02319   0.02503   0.04009   0.05293   0.05288   0.06704   0.07349   0.02978   0.17427   0.23539   7.96408   1.65947   1.22313   1.55215   0.87750  
 38  0.5956   1976.265194  x:  0.00000   0.17668   0.03063   0.03867   0.03675   0.07096   0.04864   0.05604   0.09554   0.01821   0.21160   0.00000   0.17320   0.01778   0.02496   0.03809   0.05110   0.05464   0.06650   0.07340   0.03182   0.17462   0.22989   8.55608   1.60775   1.13233   1.51051   0.85731  
 39  0.4344   1976.119813  x:  0.00000   0.18211   0.02945   0.03757   0.03732   0.06801   0.04890   0.05502   0.09817   0.01748   0.20586   0.00000   0.17950   0.01792   0.02472   0.03916   0.05147   0.05463   0.06615   0.07435   0.03076   0.17838   0.23162   8.93881   1.62153   1.16033   1.52897   0.84646  
 40  0.2003   1976.050966  x:  0.00000   0.18360   0.03071   0.03912   0.03788   0.07012   0.04868   0.05544   0.09657   0.01747   0.21140   0.00000   0.18158   0.01854   0.02488   0.03968   0.05247   0.05394   0.06647   0.07368   0.03281   0.17754   0.23760   9.16570   1.62484   1.16011   1.53827   0.84902  
 41  0.1297   1976.031457  x:  0.00000   0.18340   0.03050   0.03909   0.03753   0.07052   0.04865   0.05567   0.09637   0.01787   0.20967   0.00000   0.18729   0.01850   0.02493   0.03875   0.05174   0.05441   0.06660   0.07352   0.03298   0.17695   0.23592   9.22478   1.62138   1.15529   1.53060   0.85565  
 42  0.0361   1976.026647  x:  0.00000   0.18166   0.03020   0.03854   0.03766   0.07015   0.04864   0.05542   0.09652   0.01798   0.20956   0.00000   0.18719   0.01848   0.02513   0.03936   0.05200   0.05423   0.06648   0.07371   0.03331   0.17740   0.23764   9.23259   1.61955   1.15425   1.52784   0.85921  
 43  0.0074   1976.025404  x:  0.00000   0.18026   0.03042   0.03871   0.03771   0.07007   0.04871   0.05548   0.09665   0.01787   0.21010   0.00000   0.18714   0.01847   0.02523   0.03918   0.05210   0.05420   0.06648   0.07368   0.03323   0.17736   0.23719   9.23876   1.62016   1.15556   1.52884   0.85913  
 44  0.0035   1976.025211  x:  0.00000   0.18001   0.03037   0.03872   0.03769   0.07014   0.04867   0.05548   0.09657   0.01790   0.20994   0.00000   0.18704   0.01850   0.02521   0.03926   0.05199   0.05425   0.06651   0.07368   0.03322   0.17751   0.23705   9.24785   1.62025   1.15497   1.52911   0.85806  
 45  0.0068   1976.025202  x:  0.00000   0.18000   0.03034   0.03871   0.03769   0.07013   0.04868   0.05547   0.09657   0.01792   0.20996   0.00000   0.18704   0.01850   0.02520   0.03923   0.05201   0.05425   0.06650   0.07369   0.03323   0.17746   0.23707   9.24872   1.62036   1.15514   1.52924   0.85791  
 46  0.0008   1976.025202  x:  0.00000   0.18000   0.03035   0.03871   0.03769   0.07013   0.04867   0.05547   0.09657   0.01792   0.20995   0.00000   0.18704   0.01850   0.02520   0.03924   0.05201   0.05425   0.06650   0.07369   0.03323   0.17746   0.23707   9.24854   1.62036   1.15513   1.52926   0.85791  
 47  0.0002   1976.025202  x:  0.00000   0.18000   0.03035   0.03871   0.03769   0.07013   0.04867   0.05547   0.09657   0.01792   0.20995   0.00000   0.18704   0.01850   0.02520   0.03924   0.05201   0.05425   0.06650   0.07370   0.03323   0.17746   0.23707   9.24847   1.62036   1.15513   1.52925   0.85791  
 48  0.0001   1976.025202  x:  0.00000   0.18000   0.03035   0.03871   0.03769   0.07013   0.04867   0.05547   0.09657   0.01792   0.20995   0.00000   0.18704   0.01850   0.02520   0.03924   0.05201   0.05425   0.06650   0.07370   0.03323   0.17746   0.23707   9.24847   1.62036   1.15513   1.52925   0.85791  
 49  0.0000   1976.025202  x:  0.00000   0.18000   0.03035   0.03871   0.03769   0.07013   0.04867   0.05547   0.09657   0.01792   0.20995   0.00000   0.18704   0.01850   0.02520   0.03924   0.05201   0.05425   0.06650   0.07370   0.03323   0.17746   0.23707   9.24847   1.62036   1.15513   1.52925   0.85791  
 50  0.0000   1976.025202  x:  0.00000   0.18000   0.03035   0.03871   0.03769   0.07013   0.04867   0.05547   0.09657   0.01792   0.20995   0.00000   0.18704   0.01850   0.02520   0.03924   0.05201   0.05425   0.06650   0.07370   0.03323   0.17746   0.23707   9.24847   1.62036   1.15513   1.52925   0.85791  

TREE # 2

  0  0.0000   2010.453294  x:  0.19035   0.00000   0.19626   0.04392   0.04290   0.01401   0.08719   0.01417   0.06695   0.03592   0.04854   0.07615   0.02523   0.20838   0.03356   0.03379   0.02234   0.06348   0.04697   0.05259   0.06302   0.06110   0.05965   9.24847   1.49280   1.11970   1.38782   0.85791  
  1 99.0000   2010.452149  x:  0.19035   0.00000   0.19626   0.04392   0.04290   0.01401   0.08719   0.01417   0.06695   0.03592   0.04854   0.07615   0.02523   0.20838   0.03356   0.03379   0.02234   0.06348   0.04697   0.05259   0.06302   0.06110   0.05965   9.24847   1.49280   1.11970   1.38782   0.85791  
  2 423.0766   2006.397281  x:  0.19092   0.00000   0.19108   0.06735   0.03928   0.00606   0.08414   0.00049   0.06614   0.03612   0.04914   0.07120   0.00000   0.20514   0.03923   0.02689   0.01803   0.06797   0.04362   0.05315   0.05576   0.06275   0.05697   9.24843   1.49343   1.11831   1.38895   0.85763  
  3 355.5910   2005.560149  x:  0.19029   0.00000   0.18830   0.07516   0.03803   0.00294   0.08305   0.00114   0.06578   0.03614   0.04933   0.06947   0.00000   0.20309   0.03932   0.02443   0.01589   0.06918   0.04236   0.05330   0.05324   0.06325   0.05609   9.24841   1.49365   1.11777   1.38939   0.85751  
  4 591.5937   2003.750076  x:  0.18672   0.00000   0.17848   0.09548   0.03560   0.00790   0.08003   0.00162   0.06487   0.03607   0.04982   0.06467   0.00000   0.19542   0.03816   0.01848   0.01028   0.07186   0.03882   0.05363   0.04624   0.06446   0.05377   9.24835   1.49437   1.11603   1.39072   0.85715  
  5 602.7177   2000.831828  x:  0.17171   0.00000   0.14886   0.12814   0.03369   0.01054   0.07425   0.00205   0.06367   0.03593   0.05050   0.05538   0.00000   0.17091   0.04399   0.01538   0.02739   0.07473   0.03326   0.05414   0.03333   0.06615   0.04999   9.24819   1.49629   1.11133   1.39432   0.85620  
  6 315.1608   1998.440111  x:  0.15522   0.00000   0.11978   0.14729   0.03439   0.01020   0.07126   0.00213   0.06402   0.03651   0.05063   0.05114   0.00000   0.14587   0.06478   0.02127   0.02266   0.07506   0.03300   0.05445   0.03086   0.06660   0.04923   9.24802   1.49826   1.10645   1.39824   0.85524  
  7 277.9930   1998.194374  x:  0.15349   0.00000   0.11696   0.15124   0.03512   0.01040   0.07242   0.00215   0.06543   0.03727   0.05048   0.05394   0.00000   0.14220   0.06639   0.01683   0.02354   0.07621   0.03624   0.05464   0.03696   0.06658   0.05034   9.24794   1.49913   1.10440   1.40019   0.85489  
  8 52.5082   1998.123123  x:  0.15367   0.00000   0.11765   0.15420   0.03492   0.01048   0.07409   0.00217   0.06676   0.03749   0.05025   0.05679   0.00000   0.14086   0.06546   0.01984   0.02386   0.07747   0.03678   0.05445   0.03833   0.06655   0.05098   9.24783   1.50041   1.10149   1.40310   0.85441  
  9 21.8144   1997.969874  x:  0.15321   0.00000   0.12054   0.15418   0.03656   0.01028   0.07846   0.00213   0.06887   0.03643   0.04944   0.06122   0.00000   0.13763   0.06639   0.01794   0.02362   0.07692   0.03501   0.05339   0.03447   0.06575   0.05175   9.24729   1.50639   1.08835   1.41653   0.85211  
 10 19.0838   1997.445883  x:  0.15405   0.00000   0.12497   0.15267   0.03339   0.01039   0.07884   0.00217   0.06554   0.03748   0.05016   0.05335   0.00000   0.13803   0.06650   0.01837   0.02360   0.07516   0.03576   0.05515   0.03755   0.06548   0.04941   9.24502   1.53135   1.03630   1.47108   0.84244  
 11 46.5346   1997.318579  x:  0.15507   0.00000   0.12167   0.15210   0.03739   0.01017   0.07374   0.00218   0.06563   0.03668   0.05001   0.05521   0.00000   0.14270   0.06605   0.01865   0.02338   0.07722   0.03681   0.05359   0.03681   0.06646   0.05010   9.24434   1.53845   1.02545   1.48479   0.83965  
 12 39.7424   1997.270851  x:  0.15513   0.00000   0.11947   0.15124   0.03393   0.01035   0.07281   0.00219   0.06657   0.03723   0.04960   0.05736   0.00000   0.14499   0.06640   0.01819   0.02347   0.07736   0.03581   0.05293   0.03665   0.06663   0.05008   9.24394   1.54206   1.02519   1.48938   0.83822  
 13 12.2787   1996.509933  x:  0.15884   0.00000   0.11234   0.15162   0.03738   0.01043   0.08511   0.00225   0.07171   0.03665   0.04806   0.05588   0.00000   0.15832   0.06683   0.01881   0.02360   0.07242   0.03750   0.06109   0.03622   0.06283   0.04529   9.23506   1.61589   1.07854   1.55832   0.80936  
 14 12.2137   1994.742448  x:  0.16071   0.00000   0.12507   0.14767   0.03697   0.01142   0.08253   0.00259   0.06422   0.03702   0.05261   0.05307   0.00000   0.15992   0.07067   0.01858   0.02438   0.07860   0.03297   0.05005   0.03948   0.06700   0.05898   9.21396   1.78768   1.20866   1.71695   0.74558  
 15 181.9332   1994.303828  x:  0.16234   0.00000   0.13234   0.14523   0.03467   0.01175   0.07265   0.00268   0.06518   0.03724   0.04954   0.05697   0.00000   0.15439   0.07152   0.01848   0.02428   0.07995   0.03978   0.05349   0.03680   0.06635   0.05140   9.20872   1.82721   1.23937   1.75410   0.73575  
 16 123.4610   1994.170028  x:  0.16510   0.00000   0.13349   0.14464   0.03638   0.01172   0.06993   0.00269   0.06746   0.03777   0.04917   0.05751   0.00000   0.15256   0.07183   0.01850   0.02433   0.07905   0.03495   0.05286   0.03978   0.06676   0.04688   9.20697   1.83617   1.24691   1.76374   0.74104  
 17 27.2840   1993.191336  x:  0.18783   0.00000   0.13196   0.14044   0.03374   0.01253   0.06895   0.00290   0.07347   0.03673   0.05216   0.05427   0.00000   0.14834   0.07325   0.01857   0.02475   0.07495   0.04034   0.04850   0.03821   0.06879   0.05242   9.19228   1.88805   1.29456   1.82916   0.82911  
 18 32.9704   1992.509348  x:  0.18323   0.00000   0.13487   0.13841   0.03483   0.01300   0.07204   0.00309   0.06064   0.03962   0.04796   0.05893   0.00000   0.15416   0.07537   0.01818   0.02499   0.08353   0.03716   0.05530   0.03847   0.06710   0.05179   9.18229   1.91846   1.32368   1.86933   0.89043  
 19 95.8623   1992.215465  x:  0.16966   0.00000   0.14095   0.14028   0.03444   0.01310   0.07129   0.00318   0.06472   0.03466   0.04979   0.05787   0.00000   0.16170   0.07647   0.01850   0.02518   0.08339   0.03823   0.05280   0.03953   0.06532   0.04997   9.17795   1.92783   1.33359   1.88262   0.91429  
 20 46.4966   1992.144606  x:  0.16655   0.00000   0.14268   0.14094   0.03537   0.01306   0.07088   0.00315   0.06649   0.03952   0.04971   0.05760   0.00000   0.16356   0.07654   0.01860   0.02518   0.08156   0.03889   0.05217   0.03882   0.06653   0.05036   9.17683   1.92811   1.33446   1.88348   0.91792  
 21 17.2438   1991.666241  x:  0.16733   0.00000   0.14686   0.14270   0.03550   0.01353   0.06986   0.00334   0.06499   0.03583   0.04286   0.06010   0.00000   0.16778   0.07841   0.01922   0.02580   0.07166   0.03836   0.05630   0.04031   0.07822   0.05406   9.16913   1.90885   1.32334   1.86293   0.91554  
 22  7.5610   1986.014426  x:  0.20631   0.00000   0.17380   0.12527   0.03578   0.01838   0.08601   0.00488   0.06339   0.03717   0.07892   0.07449   0.00000   0.20142   0.09704   0.01950   0.02858   0.07442   0.04505   0.05993   0.04196   0.09483   0.04052   9.07167   1.64393   1.16522   1.57578   0.85753  
 23 82.2348   1982.941958  x:  0.22736   0.00000   0.18775   0.11636   0.03582   0.02053   0.08799   0.00553   0.07725   0.04042   0.04985   0.06345   0.00000   0.21652   0.10500   0.01946   0.02983   0.08729   0.04325   0.05535   0.04569   0.06990   0.05086   9.02442   1.51512   1.08768   1.43487   0.82820  
 24 296.7034   1982.904180  x:  0.22804   0.00000   0.18817   0.11758   0.03600   0.02062   0.08673   0.00556   0.07539   0.04062   0.05056   0.06480   0.00000   0.21704   0.10531   0.01966   0.03004   0.08411   0.04302   0.05500   0.04601   0.06594   0.05172   9.02384   1.51394   1.08666   1.43295   0.82790  
 25 12.7717   1982.850426  x:  0.22794   0.00000   0.18884   0.11801   0.03602   0.02056   0.08506   0.00555   0.07749   0.04056   0.05263   0.06467   0.00000   0.21694   0.10559   0.01954   0.02998   0.08487   0.04141   0.05950   0.04594   0.06531   0.05451   9.02355   1.52470   1.08456   1.42765   0.82966  
 26  0.9538   1982.503577  x:  0.22926   0.00000   0.19006   0.12305   0.03629   0.02040   0.08633   0.00557   0.07532   0.04062   0.05020   0.06401   0.00000   0.21845   0.10749   0.01970   0.02984   0.08565   0.04320   0.05471   0.04560   0.06674   0.05105   9.02186   1.59268   1.07269   1.39572   0.84092  
 27 21.7723   1979.016264  x:  0.24690   0.00000   0.19727   0.18252   0.03473   0.02049   0.07585   0.00586   0.07493   0.04070   0.04654   0.05490   0.00000   0.22672   0.13214   0.01888   0.03022   0.10033   0.04041   0.05591   0.04109   0.06783   0.04961   9.00995   1.66877   1.19246   1.59843   0.86682  
 28  2.2218   1977.923085  x:  0.24464   0.00000   0.19182   0.19091   0.03265   0.02399   0.07022   0.00758   0.06561   0.03932   0.05798   0.05757   0.00000   0.22404   0.15694   0.01835   0.03153   0.09724   0.03828   0.05442   0.03531   0.07480   0.04738   9.19442   1.58494   1.14138   1.48299   0.85026  
 29  0.1364   1977.225985  x:  0.23870   0.00000   0.18145   0.18469   0.03272   0.02739   0.07331   0.00959   0.06955   0.04026   0.04865   0.05241   0.00000   0.21416   0.17969   0.01766   0.03210   0.09655   0.03623   0.05552   0.03581   0.06692   0.04892   9.37029   1.63805   1.15058   1.52101   0.85571  
 30  0.1055   1977.066533  x:  0.23510   0.00000   0.17530   0.18629   0.03348   0.02784   0.07528   0.01041   0.06978   0.04033   0.05166   0.05647   0.00000   0.20847   0.18741   0.01791   0.03159   0.09595   0.03918   0.05525   0.03819   0.07112   0.04867   9.34589   1.61803   1.15859   1.53021   0.85784  
 31  0.0248   1976.900222  x:  0.23644   0.00000   0.17291   0.18786   0.03242   0.02553   0.06913   0.01189   0.06955   0.04036   0.04941   0.05394   0.00000   0.20488   0.19529   0.01788   0.02865   0.09800   0.03990   0.05725   0.03831   0.06938   0.04903   9.10491   1.59970   1.15323   1.51510   0.85598  
 32  0.0448   1976.607226  x:  0.24001   0.00000   0.17633   0.18666   0.03395   0.01876   0.07551   0.01390   0.06789   0.03967   0.05190   0.05524   0.00000   0.20717   0.19253   0.01822   0.02549   0.09815   0.03901   0.05413   0.03776   0.06965   0.04801   8.86273   1.63276   1.15350   1.52992   0.85779  
 33  0.0764   1976.351875  x:  0.23765   0.00000   0.17953   0.18408   0.03334   0.01524   0.07648   0.01617   0.06947   0.03884   0.05164   0.05622   0.00000   0.21095   0.18568   0.01877   0.03054   0.09427   0.03769   0.05599   0.03822   0.07034   0.05036   9.25325   1.61079   1.15600   1.52227   0.85408  
 34  0.1314   1976.268694  x:  0.23501   0.00000   0.17586   0.18490   0.03359   0.01645   0.07296   0.01766   0.06811   0.03919   0.05097   0.05447   0.00000   0.20852   0.19038   0.01798   0.03282   0.09591   0.03955   0.05525   0.03752   0.07007   0.04779   9.38436   1.62313   1.15848   1.53281   0.85967  
 35  0.0707   1976.178493  x:  0.23807   0.00000   0.17625   0.18791   0.03414   0.01478   0.07370   0.02105   0.06765   0.03932   0.05217   0.05408   0.00000   0.20953   0.18828   0.01708   0.03348   0.09945   0.03827   0.05586   0.03802   0.06998   0.04928   9.23793   1.61455   1.14746   1.52006   0.85922  
 36  0.0366   1976.072692  x:  0.23897   0.00000   0.17594   0.18747   0.03316   0.01914   0.07528   0.02330   0.06679   0.03945   0.05223   0.05537   0.00000   0.20949   0.18285   0.01775   0.03374   0.09803   0.03825   0.05523   0.03812   0.06984   0.04958   9.15896   1.61743   1.15473   1.52522   0.85713  
 37  0.0284   1976.032278  x:  0.23789   0.00000   0.17706   0.18663   0.03306   0.01848   0.07331   0.02462   0.06643   0.03919   0.05183   0.05408   0.00000   0.20938   0.17913   0.01810   0.03102   0.09618   0.03901   0.05534   0.03732   0.07017   0.04816   9.13668   1.62426   1.15823   1.53238   0.85672  
 38  0.0146   1976.025787  x:  0.23682   0.00000   0.17722   0.18699   0.03340   0.01844   0.07365   0.02510   0.06665   0.03919   0.05198   0.05413   0.00000   0.20961   0.17986   0.01786   0.03037   0.09632   0.03856   0.05566   0.03772   0.07020   0.04879   9.22302   1.61873   1.15413   1.52807   0.85761  
 39  0.0547   1976.025220  x:  0.23694   0.00000   0.17742   0.18705   0.03321   0.01849   0.07371   0.02520   0.06649   0.03924   0.05202   0.05428   0.00000   0.20991   0.17997   0.01790   0.03037   0.09653   0.03870   0.05544   0.03770   0.07011   0.04867   9.24708   1.62041   1.15504   1.52933   0.85803  
 40  0.0195   1976.025203  x:  0.23704   0.00000   0.17746   0.18706   0.03323   0.01850   0.07370   0.02520   0.06650   0.03924   0.05200   0.05425   0.00000   0.20995   0.18000   0.01792   0.03035   0.09657   0.03872   0.05547   0.03768   0.07012   0.04867   9.24827   1.62034   1.15512   1.52923   0.85791  
 41  0.0010   1976.025202  x:  0.23706   0.00000   0.17746   0.18704   0.03323   0.01850   0.07369   0.02520   0.06650   0.03924   0.05201   0.05425   0.00000   0.20995   0.18000   0.01792   0.03035   0.09657   0.03871   0.05547   0.03769   0.07013   0.04868   9.24837   1.62038   1.15514   1.52926   0.85791  
 42  0.0001   1976.025202  x:  0.23707   0.00000   0.17746   0.18704   0.03323   0.01850   0.07370   0.02520   0.06650   0.03924   0.05201   0.05425   0.00000   0.20995   0.18000   0.01792   0.03035   0.09657   0.03871   0.05547   0.03769   0.07013   0.04867   9.24845   1.62036   1.15513   1.52925   0.85791  
 43  0.0001   1976.025202  x:  0.23707   0.00000   0.17746   0.18704   0.03323   0.01850   0.07370   0.02520   0.06650   0.03924   0.05201   0.05425   0.00000   0.20995   0.18000   0.01792   0.03035   0.09657   0.03871   0.05547   0.03769   0.07013   0.04867   9.24847   1.62036   1.15513   1.52925   0.85791  
 44  0.0000   1976.025202  x:  0.23707   0.00000   0.17746   0.18704   0.03323   0.01850   0.07370   0.02520   0.06650   0.03924   0.05201   0.05425   0.00000   0.20995   0.18000   0.01792   0.03035   0.09657   0.03871   0.05547   0.03769   0.07013   0.04867   9.24847   1.62036   1.15513   1.52925   0.85791  
 45  0.0000   1976.025202  x:  0.23707   0.00000   0.17746   0.18704   0.03323   0.01850   0.07370   0.02520   0.06650   0.03924   0.05201   0.05425   0.00000   0.20995   0.18000   0.01792   0.03035   0.09657   0.03871   0.05547   0.03769   0.07013   0.04867   9.24847   1.62036   1.15513   1.52925   0.85791  
 46  0.0000   1976.025202  x:  0.23707   0.00000   0.17746   0.18704   0.03323   0.01850   0.07370   0.02520   0.06650   0.03924   0.05201   0.05425   0.00000   0.20995   0.18000   0.01792   0.03035   0.09657   0.03871   0.05547   0.03769   0.07013   0.04867   9.24847   1.62036   1.15513   1.52925   0.85791  