

TREE # 1

  0  0.0000   2154.165725  x:  0.07090   0.00713   0.08952   0.01226   0.07523   0.07718   0.05907   0.06223   0.07903   0.07610   0.06705   0.11579   0.00000   0.05293   0.01363   0.08802   0.04105   0.05456   0.06846   0.06246   0.10808   0.05769   0.11936   0.08952   2.00000   1.81767   1.23478   1.44123   0.40000  
  1 99.0000   2154.163680  x:  0.07090   0.00713   0.08952   0.01226   0.07523   0.07718   0.05907   0.06223   0.07903   0.07610   0.06705   0.11579   0.00000   0.05293   0.01364   0.08802   0.04105   0.05456   0.06846   0.06246   0.10808   0.05769   0.11936   0.08952   2.00000   1.81767   1.23478   1.44123   0.40000  
  2 554.3997   2137.523249  x:  0.08486   0.01107   0.11863   0.02118   0.06598   0.06593   0.08064   0.05168   0.06855   0.09467   0.04934   0.12110   0.00000   0.10034   0.00308   0.08330   0.01374   0.07067   0.06345   0.06610   0.11209   0.04078   0.13265   0.10348   2.00876   1.81676   1.23482   1.44423   0.43116  
  3 570.4707   2133.590076  x:  0.08836   0.00343   0.12683   0.00704   0.06189   0.06142   0.08398   0.04770   0.06435   0.09959   0.04106   0.12241   0.00000   0.09969   0.00417   0.08032   0.00577   0.07317   0.06162   0.06690   0.11437   0.03299   0.13667   0.10698   2.01393   1.81609   1.23518   1.44576   0.44657  
  4 315.7693   2128.722174  x:  0.09427   0.00264   0.14318   0.01139   0.05263   0.05141   0.08589   0.03966   0.05495   0.10871   0.02311   0.12535   0.00000   0.07907   0.00506   0.07245   0.01551   0.07503   0.05847   0.06852   0.12071   0.01487   0.14551   0.11291   2.02990   1.81405   1.23649   1.45029   0.48947  
  5 265.8470   2126.482218  x:  0.09701   0.01661   0.15303   0.00909   0.04833   0.04806   0.08442   0.03900   0.05141   0.11332   0.02654   0.12770   0.00000   0.06570   0.00553   0.06653   0.01099   0.07333   0.05706   0.06887   0.12575   0.02506   0.15167   0.11566   2.04813   1.81180   1.23824   1.45522   0.53132  
  6 215.8098   2123.325268  x:  0.09714   0.00284   0.15879   0.01724   0.04886   0.05027   0.07981   0.04386   0.05294   0.11499   0.03910   0.12943   0.00000   0.06061   0.00540   0.06283   0.00830   0.06890   0.05741   0.06853   0.13036   0.03715   0.15688   0.11582   2.07713   1.80837   1.24121   1.46278   0.58952  
  7 271.5447   2120.235105  x:  0.09344   0.00163   0.15659   0.00835   0.05554   0.05841   0.07300   0.05172   0.06076   0.11071   0.04736   0.13081   0.00000   0.07415   0.00488   0.06625   0.02771   0.06349   0.06081   0.06769   0.13198   0.03981   0.15923   0.11216   2.12076   1.80357   1.24593   1.47360   0.66359  
  8 302.9902   2117.055394  x:  0.08259   0.00960   0.13539   0.01096   0.06572   0.06782   0.06610   0.05590   0.07109   0.09538   0.04322   0.12866   0.00000   0.07803   0.00488   0.07701   0.01429   0.05864   0.06503   0.06541   0.12617   0.02314   0.15106   0.10135   2.17672   1.79804   1.25275   1.48614   0.73306  
  9 222.4527   2115.306018  x:  0.07846   0.00797   0.11279   0.01213   0.06287   0.06372   0.07812   0.04772   0.06813   0.08786   0.03251   0.12324   0.00000   0.07978   0.00473   0.08126   0.01527   0.06935   0.06485   0.06626   0.11742   0.03442   0.13661   0.09726   2.22781   1.79430   1.25941   1.49585   0.76264  
 10 115.3197   2113.094123  x:  0.08445   0.00936   0.10241   0.01076   0.05615   0.05488   0.08089   0.04270   0.05768   0.09648   0.05298   0.11421   0.00000   0.08085   0.00502   0.08367   0.01722   0.07036   0.05677   0.06404   0.10445   0.02445   0.11469   0.10335   2.33670   1.78888   1.27367   1.51399   0.77207  
 11 88.3065   2100.956141  x:  0.09719   0.00745   0.14033   0.01350   0.07444   0.06126   0.06220   0.06598   0.05627   0.11155   0.02019   0.09660   0.00000   0.08226   0.00522   0.07981   0.01488   0.05816   0.04995   0.05739   0.09174   0.03992   0.08541   0.11669   3.02543   1.76105   1.36106   1.62456   0.74931  
 12 218.2806   2086.287672  x:  0.08432   0.00644   0.15829   0.01152   0.06900   0.06760   0.09192   0.05097   0.07460   0.09487   0.04369   0.11435   0.00000   0.07151   0.00564   0.07673   0.01568   0.08544   0.07904   0.07412   0.12269   0.02811   0.15659   0.10468   3.99085   1.72929   1.47792   1.77628   0.70214  
 13 869.0909   2084.041718  x:  0.08103   0.00524   0.14257   0.01272   0.05417   0.06074   0.07804   0.03981   0.06627   0.09335   0.03926   0.13268   0.00000   0.08144   0.00531   0.07342   0.01493   0.06589   0.06871   0.07022   0.13503   0.03155   0.17419   0.10152   4.11822   1.73457   1.48606   1.79187   0.69521  
 14 225.0558   2083.512808  x:  0.08525   0.00549   0.13074   0.01267   0.05568   0.06072   0.08034   0.05334   0.06205   0.09819   0.03729   0.14167   0.00000   0.08053   0.00532   0.07349   0.01465   0.06773   0.06240   0.06946   0.13900   0.03077   0.18117   0.10579   4.15251   1.74925   1.47774   1.79022   0.69448  
 15 54.2166   2082.268658  x:  0.09550   0.00496   0.12447   0.01281   0.06942   0.06422   0.07421   0.04023   0.06893   0.10461   0.03741   0.15242   0.00000   0.07751   0.00540   0.08009   0.01451   0.07497   0.06061   0.06496   0.13815   0.03272   0.18566   0.11622   4.23538   1.82169   1.42836   1.76907   0.69627  
 16 48.5802   2079.891855  x:  0.08785   0.00459   0.13724   0.01274   0.05624   0.06202   0.08463   0.04675   0.06585   0.09207   0.03929   0.15181   0.00000   0.07811   0.00564   0.08250   0.01466   0.06605   0.06682   0.06614   0.13172   0.03193   0.18262   0.10896   4.39576   1.97708   1.32062   1.71906   0.70075  
 17 147.0028   2079.635868  x:  0.08289   0.00507   0.13570   0.01269   0.05612   0.06145   0.07912   0.04748   0.06522   0.09588   0.03941   0.14418   0.00000   0.08009   0.00572   0.07420   0.01435   0.07129   0.06614   0.07003   0.13535   0.03102   0.18276   0.10405   4.41239   1.99335   1.31023   1.71218   0.70133  
 18 45.9184   2079.565081  x:  0.08405   0.00534   0.13367   0.01272   0.05751   0.06187   0.08176   0.04663   0.06618   0.09643   0.03912   0.13716   0.00000   0.08057   0.00572   0.07196   0.01432   0.06801   0.06596   0.06913   0.13926   0.03075   0.18424   0.10525   4.41624   1.99656   1.30995   1.70822   0.70177  
 19 10.7429   2079.410795  x:  0.08682   0.00530   0.13334   0.01299   0.05477   0.06116   0.07791   0.04781   0.06334   0.09409   0.03881   0.12993   0.00000   0.08144   0.00565   0.07894   0.01402   0.07019   0.06759   0.06948   0.14348   0.03135   0.18675   0.10818   4.42237   1.99912   1.31687   1.69438   0.70345  
 20  6.7507   2078.215350  x:  0.07886   0.00542   0.14095   0.01384   0.05802   0.05949   0.08424   0.04703   0.06577   0.10107   0.03996   0.13299   0.00000   0.08461   0.00645   0.08780   0.01453   0.07328   0.05509   0.06389   0.14600   0.03198   0.18539   0.10160   4.46491   2.00889   1.37917   1.58426   0.71692  
 21 23.0409   2077.519764  x:  0.08523   0.00581   0.13899   0.01448   0.05587   0.06319   0.08398   0.04726   0.06554   0.09882   0.03983   0.14169   0.00000   0.08857   0.00733   0.07328   0.01391   0.07181   0.06904   0.06986   0.14099   0.03065   0.18063   0.10882   4.48904   2.01137   1.41052   1.52653   0.72462  
 22 66.4724   2076.697737  x:  0.08828   0.00587   0.14053   0.01521   0.06421   0.05389   0.08369   0.04691   0.06590   0.09200   0.04033   0.13812   0.00000   0.09221   0.00828   0.07084   0.01388   0.06778   0.06004   0.08851   0.12582   0.03145   0.18989   0.11297   4.50994   1.99552   1.39990   1.52213   0.73041  
 23  7.6058   2071.275853  x:  0.08499   0.00766   0.14578   0.02017   0.05244   0.07212   0.08973   0.04434   0.05670   0.11905   0.03713   0.12160   0.00000   0.11263   0.01367   0.07078   0.01196   0.07157   0.06519   0.07130   0.08311   0.03424   0.21507   0.11684   4.63896   1.87965   1.29360   1.54553   0.76430  
 24 47.1572   2064.721877  x:  0.08782   0.01036   0.16420   0.02590   0.05560   0.04996   0.10144   0.04550   0.06355   0.11552   0.04195   0.13454   0.00000   0.14262   0.01923   0.07051   0.00932   0.08765   0.06647   0.06084   0.13264   0.03129   0.17175   0.12883   4.80263   1.73111   1.15053   1.58839   0.80612  
 25 169.6404   2064.516190  x:  0.08812   0.01051   0.16530   0.02607   0.05419   0.05927   0.10322   0.04324   0.06071   0.11576   0.04208   0.13560   0.00000   0.14300   0.01936   0.07201   0.00922   0.08723   0.06262   0.06728   0.13664   0.03107   0.16818   0.12941   4.80758   1.72841   1.14758   1.59143   0.80749  
 26 32.4752   2064.180048  x:  0.08540   0.01049   0.16629   0.02620   0.06191   0.05769   0.10497   0.04177   0.05003   0.11823   0.04256   0.13655   0.00000   0.14462   0.01961   0.07334   0.00902   0.08477   0.06869   0.06901   0.13860   0.03111   0.16691   0.12714   4.81142   1.77610   1.18765   1.63756   0.81126  
 27  6.2534   2062.871934  x:  0.08638   0.01084   0.16864   0.02733   0.05015   0.05569   0.10650   0.04365   0.06395   0.12093   0.04116   0.13571   0.00000   0.15015   0.02084   0.07055   0.00820   0.08591   0.06706   0.07329   0.14017   0.02997   0.16084   0.12999   4.82730   1.98303   1.36191   1.83625   0.82728  
 28 132.1142   2062.780015  x:  0.08717   0.01089   0.16997   0.02733   0.05074   0.05769   0.10612   0.04335   0.06161   0.11493   0.04191   0.13531   0.00000   0.15082   0.02098   0.06682   0.00842   0.08871   0.06339   0.06892   0.13969   0.02936   0.16124   0.13090   4.82876   1.99631   1.37319   1.84888   0.82839  
 29 36.8050   2055.760406  x:  0.08298   0.00534   0.17373   0.02678   0.05019   0.05023   0.10618   0.03777   0.05281   0.11844   0.02213   0.12825   0.00000   0.17196   0.02761   0.07442   0.00569   0.08619   0.05423   0.06989   0.13817   0.01155   0.17357   0.13522   6.06957   1.93078   1.40097   1.69256   1.05110  
 30  0.7929   2054.185451  x:  0.08403   0.00424   0.17892   0.02598   0.05116   0.05037   0.10441   0.03916   0.05269   0.12198   0.02461   0.12778   0.00000   0.17741   0.03110   0.07357   0.01897   0.08442   0.05455   0.06980   0.13443   0.02345   0.16779   0.13982   6.55491   1.93956   1.40795   1.68609   1.11830  
 31  0.6624   2052.961403  x:  0.08347   0.00326   0.18000   0.02499   0.05643   0.05681   0.09853   0.04521   0.05818   0.12021   0.03532   0.12941   0.00000   0.17735   0.03574   0.06656   0.01461   0.08085   0.06265   0.06936   0.12584   0.01946   0.15179   0.14256   7.16077   1.97229   1.39690   1.74626   1.17464  
 32  0.4055   2052.195666  x:  0.08312   0.00478   0.17634   0.02280   0.05075   0.05758   0.09559   0.04376   0.05699   0.12016   0.02841   0.12719   0.00000   0.16979   0.03888   0.07074   0.00787   0.08021   0.05835   0.06723   0.12434   0.02207   0.15738   0.14398   7.69786   1.96394   1.38615   1.75978   1.19414  
 33  0.3443   2051.824238  x:  0.08203   0.00638   0.17511   0.02014   0.05115   0.05272   0.09780   0.04070   0.05476   0.11997   0.02740   0.12592   0.00000   0.16056   0.04139   0.07021   0.01184   0.08127   0.05541   0.06989   0.12796   0.01884   0.15706   0.14376   8.04005   1.94431   1.38739   1.74157   1.18339  
 34  0.2187   2051.630970  x:  0.08056   0.00613   0.17441   0.01994   0.05478   0.05373   0.09999   0.04213   0.05556   0.12029   0.02985   0.12733   0.00000   0.15108   0.04377   0.07036   0.00996   0.08263   0.05935   0.06831   0.12970   0.01986   0.15496   0.14298   8.26402   1.95045   1.39132   1.74495   1.14694  
 35  0.1240   2051.563761  x:  0.08053   0.00514   0.17548   0.02144   0.05112   0.05479   0.09975   0.04302   0.05581   0.12014   0.02941   0.12792   0.00000   0.15124   0.04509   0.06924   0.01053   0.08244   0.05773   0.06819   0.12891   0.02097   0.15724   0.14393   8.26869   1.96407   1.39538   1.76096   1.11938  
 36  0.0188   2051.526726  x:  0.08031   0.00465   0.17677   0.02247   0.05345   0.05378   0.09905   0.04162   0.05608   0.11980   0.02867   0.12732   0.00000   0.15445   0.04672   0.06955   0.01057   0.08172   0.05791   0.06942   0.12762   0.02033   0.15691   0.14522   8.26508   1.94877   1.38917   1.74845   1.10674  
 37  0.0112   2051.505161  x:  0.07950   0.00524   0.17591   0.02236   0.05226   0.05456   0.09853   0.04234   0.05509   0.11999   0.02881   0.12674   0.00000   0.15677   0.04832   0.07054   0.01051   0.08152   0.05838   0.06799   0.12797   0.01919   0.15569   0.14579   8.26802   1.94659   1.38717   1.74200   1.10571  
 38  0.0041   2051.481287  x:  0.07829   0.00579   0.17329   0.02152   0.05270   0.05419   0.09885   0.04263   0.05615   0.11973   0.02850   0.12721   0.00000   0.15775   0.05034   0.06936   0.01015   0.08215   0.05785   0.06878   0.12748   0.02006   0.15558   0.14608   8.21555   1.95709   1.39094   1.74873   1.10653  
 39  0.0177   2051.464023  x:  0.07772   0.00524   0.17340   0.02089   0.05274   0.05437   0.09933   0.04175   0.05576   0.11975   0.02971   0.12686   0.00000   0.15684   0.05153   0.07016   0.01060   0.08192   0.05803   0.06849   0.12777   0.02019   0.15674   0.14626   8.10939   1.95060   1.39125   1.74467   1.10746  
 40  0.0437   2051.456277  x:  0.07784   0.00490   0.17504   0.02080   0.05259   0.05419   0.09920   0.04234   0.05557   0.11976   0.02892   0.12769   0.00000   0.15529   0.05217   0.06956   0.01048   0.08173   0.05845   0.06879   0.12797   0.01985   0.15681   0.14674   8.06963   1.94988   1.38907   1.74411   1.10957  
 41  0.0209   2051.454680  x:  0.07796   0.00507   0.17563   0.02105   0.05264   0.05422   0.09901   0.04220   0.05574   0.11985   0.02911   0.12732   0.00000   0.15491   0.05237   0.06962   0.01034   0.08185   0.05797   0.06856   0.12812   0.01981   0.15675   0.14701   8.06291   1.95265   1.38962   1.74524   1.11094  
 42  0.0049   2051.454148  x:  0.07781   0.00518   0.17541   0.02127   0.05260   0.05424   0.09895   0.04218   0.05576   0.11999   0.02901   0.12732   0.00000   0.15471   0.05249   0.06960   0.01042   0.08175   0.05824   0.06854   0.12810   0.01991   0.15677   0.14696   8.06014   1.95184   1.39009   1.74446   1.11226  
 43  0.0019   2051.454081  x:  0.07777   0.00517   0.17528   0.02131   0.05261   0.05420   0.09898   0.04221   0.05569   0.11986   0.02905   0.12738   0.00000   0.15462   0.05251   0.06960   0.01042   0.08178   0.05816   0.06862   0.12805   0.01989   0.15674   0.14693   8.06178   1.95174   1.39001   1.74451   1.11251  
 44  0.0014   2051.454077  x:  0.07777   0.00516   0.17524   0.02132   0.05261   0.05422   0.09900   0.04220   0.05570   0.11985   0.02903   0.12735   0.00000   0.15461   0.05251   0.06961   0.01042   0.08178   0.05816   0.06860   0.12805   0.01988   0.15675   0.14693   8.06202   1.95188   1.38998   1.74462   1.11257  
 45  0.0003   2051.454077  x:  0.07777   0.00516   0.17524   0.02132   0.05261   0.05422   0.09901   0.04220   0.05570   0.11986   0.02904   0.12736   0.00000   0.15461   0.05251   0.06961   0.01042   0.08179   0.05816   0.06860   0.12805   0.01988   0.15674   0.14693   8.06187   1.95186   1.38996   1.74460   1.11257  
 46  0.0001   2051.454077  x:  0.07778   0.00516   0.17524   0.02132   0.05261   0.05422   0.09901   0.04220   0.05570   0.11986   0.02903   0.12735   0.00000   0.15461   0.05251   0.06961   0.01042   0.08179   0.05816   0.06860   0.12805   0.01988   0.15674   0.14693   8.06184   1.95185   1.38996   1.74460   1.11256  
 47  0.0000   2051.454077  x:  0.07777   0.00516   0.17524   0.02132   0.05261   0.05422   0.09901   0.04220   0.05570   0.11986   0.02903   0.12735   0.00000   0.15461   0.05251   0.06961   0.01042   0.08179   0.05816   0.06860   0.12805   0.01988   0.15674   0.14693   8.06183   1.95186   1.38996   1.74460   1.11256  
 48  0.0000   2051.454077  x:  0.07777   0.00516   0.17524   0.02132   0.05261   0.05422   0.09901   0.04220   0.05570   0.11986   0.02903   0.12735   0.00000   0.15461   0.05251   0.06961   0.01042   0.08179   0.05816   0.06860   0.12805   0.01988   0.15674   0.14693   8.06183   1.95186   1.38996   1.74460   1.11256  
 49  0.0000   2051.454077  x:  0.07777   0.00516   0.17524   0.02132   0.05261   0.05422   0.09901   0.04220   0.05570   0.11986   0.02903   0.12735   0.00000   0.15461   0.05251   0.06961   0.01042   0.08179   0.05816   0.06860   0.12805   0.01988   0.15674   0.14693   8.06183   1.95186   1.38996   1.74460   1.11256  