

TREE # 1

  0  0.0000   2280.096783  x:  0.05719   0.00000   0.11526   0.02030   0.07269   0.04289   0.08079   0.06830   0.10426   0.06185   0.06076   0.11955   0.02063   0.07170   0.02322   0.08370   0.05400   0.05725   0.05398   0.06242   0.10724   0.05583   0.11176   0.07581   2.00000   1.85071   1.07915   1.33520   0.40000  
  1 99.0000   2280.094743  x:  0.05719   0.00000   0.11526   0.02030   0.07269   0.04289   0.08079   0.06830   0.10426   0.06185   0.06076   0.11955   0.02063   0.07170   0.02322   0.08370   0.05399   0.05725   0.05398   0.06243   0.10725   0.05583   0.11176   0.07581   2.00000   1.85071   1.07915   1.33520   0.40000  
  2 613.0081   2268.676845  x:  0.06571   0.00000   0.12861   0.01913   0.06431   0.01831   0.07217   0.07649   0.09488   0.06676   0.03861   0.13084   0.01065   0.08153   0.00000   0.06971   0.03266   0.06343   0.03896   0.06625   0.11430   0.05256   0.12568   0.08433   2.00621   1.84950   1.07887   1.33778   0.41537  
  3 694.5712   2257.219854  x:  0.06719   0.00000   0.13548   0.01600   0.05917   0.00000   0.06611   0.07139   0.08843   0.06822   0.02261   0.13687   0.00472   0.07706   0.00087   0.05973   0.01730   0.06410   0.02894   0.06772   0.11888   0.04915   0.13237   0.08581   2.01078   1.84859   1.07875   1.33961   0.42587  
  4 1041.4340   2252.735953  x:  0.06656   0.00000   0.13987   0.02094   0.05520   0.00000   0.06075   0.06878   0.08230   0.06876   0.00574   0.14136   0.02063   0.07480   0.00105   0.05050   0.00279   0.06342   0.02332   0.06814   0.12199   0.04505   0.13720   0.08519   2.01702   1.84748   1.07848   1.34214   0.43799  
  5 500.9893   2251.669386  x:  0.06532   0.00000   0.14252   0.02222   0.05269   0.00000   0.05700   0.06814   0.07750   0.06872   0.00187   0.14434   0.02444   0.07373   0.00123   0.04401   0.01070   0.06276   0.02234   0.06843   0.12363   0.04309   0.13988   0.08396   2.02325   1.84637   1.07823   1.34467   0.44888  
  6 168.6732   2250.116790  x:  0.06274   0.00000   0.14793   0.02475   0.04779   0.00000   0.04948   0.06690   0.06758   0.06854   0.00997   0.15040   0.03143   0.07165   0.00161   0.03071   0.01702   0.06136   0.02070   0.06874   0.12677   0.03926   0.14522   0.08139   2.03693   1.84397   1.07771   1.35018   0.47223  
  7 477.4813   2247.326504  x:  0.05482   0.00000   0.14701   0.01311   0.05085   0.00000   0.04814   0.07248   0.05672   0.06418   0.00906   0.15366   0.03173   0.07541   0.00161   0.02903   0.01373   0.05766   0.04170   0.06483   0.12185   0.04108   0.14390   0.07352   2.07746   1.83711   1.07685   1.36593   0.52759  
  8 135.9490   2244.714758  x:  0.05337   0.00000   0.14188   0.03408   0.05805   0.00000   0.05171   0.07070   0.05411   0.06181   0.00729   0.15303   0.02141   0.07442   0.00155   0.03745   0.01090   0.05625   0.05302   0.06275   0.11394   0.04464   0.13789   0.07212   2.13609   1.82751   1.07614   1.38799   0.59696  
  9 287.5275   2241.096794  x:  0.06941   0.00000   0.12918   0.02383   0.06470   0.00000   0.06001   0.06484   0.07638   0.06670   0.00985   0.14143   0.02890   0.07125   0.00145   0.04849   0.01420   0.06243   0.03801   0.06829   0.10838   0.04416   0.12535   0.08825   2.22784   1.81370   1.07655   1.42013   0.67580  
 10 210.8326   2239.384958  x:  0.05901   0.00000   0.12459   0.02251   0.06172   0.00000   0.06381   0.07411   0.08787   0.06659   0.00985   0.13085   0.02792   0.07381   0.00123   0.04909   0.01419   0.05852   0.02084   0.06663   0.11306   0.04807   0.12229   0.07791   2.28589   1.80646   1.07915   1.43714   0.69194  
 11 122.5240   2233.898884  x:  0.05258   0.00000   0.13276   0.02606   0.03810   0.00000   0.06520   0.05801   0.11389   0.06770   0.00892   0.10813   0.02497   0.09028   0.00083   0.04157   0.01283   0.06819   0.03734   0.06076   0.13577   0.04659   0.13358   0.07176   2.54570   1.77890   1.09574   1.50437   0.68321  
 12 146.8159   2224.030683  x:  0.06305   0.00000   0.14904   0.02931   0.03914   0.00000   0.06250   0.08662   0.12220   0.06182   0.00824   0.11913   0.02482   0.05738   0.00086   0.04047   0.01154   0.05433   0.05582   0.06323   0.14917   0.04270   0.14498   0.08277   3.03845   1.73104   1.12824   1.62611   0.64036  
 13 565.3739   2213.507479  x:  0.06078   0.00000   0.15221   0.02371   0.07648   0.00000   0.05202   0.06796   0.08618   0.06036   0.00977   0.16477   0.02919   0.08244   0.00035   0.05697   0.01387   0.04110   0.03693   0.07420   0.13209   0.03910   0.14132   0.08112   3.60371   1.68359   1.16479   1.75797   0.58111  
 14 863.2893   2211.123564  x:  0.05848   0.00000   0.14530   0.02230   0.07970   0.00000   0.05143   0.06794   0.06506   0.06457   0.00990   0.17067   0.03136   0.07901   0.00035   0.05671   0.01415   0.06641   0.03070   0.07145   0.12265   0.04970   0.13517   0.07899   3.73780   1.67757   1.17238   1.78455   0.56635  
 15 496.5936   2210.198323  x:  0.06398   0.00000   0.13424   0.02257   0.07063   0.00000   0.05280   0.06859   0.05085   0.06908   0.00932   0.16339   0.02994   0.08141   0.00055   0.05011   0.01360   0.06028   0.02890   0.06520   0.11332   0.05105   0.12931   0.08456   3.78589   1.68641   1.17287   1.78423   0.56182  
 16 99.1274   2209.075205  x:  0.06276   0.00000   0.12714   0.02411   0.06536   0.00000   0.04693   0.07158   0.05639   0.06295   0.00842   0.16341   0.02708   0.08339   0.00118   0.03968   0.01227   0.06288   0.03024   0.07535   0.09364   0.04458   0.12747   0.08348   3.84964   1.72685   1.16739   1.75836   0.56143  
 17 53.3676   2204.405477  x:  0.06261   0.00000   0.13743   0.02370   0.07598   0.00000   0.06474   0.06746   0.06428   0.07170   0.00864   0.17666   0.02995   0.08429   0.00103   0.03209   0.01345   0.05819   0.03141   0.07236   0.09541   0.06608   0.13629   0.08409   4.13909   1.95038   1.13328   1.60436   0.57394  
 18 144.7800   2202.487470  x:  0.06228   0.00000   0.13976   0.02267   0.07347   0.00000   0.05566   0.07098   0.05571   0.06721   0.00950   0.17405   0.03040   0.08360   0.00071   0.05493   0.01431   0.06303   0.02911   0.06656   0.11060   0.04886   0.13469   0.08410   4.25823   2.04394   1.11885   1.53829   0.58041  
 19 292.3131   2202.354768  x:  0.06280   0.00000   0.13801   0.02300   0.07576   0.00000   0.05008   0.07122   0.05450   0.06750   0.00931   0.17153   0.03014   0.08404   0.00057   0.05437   0.01390   0.06235   0.03033   0.07135   0.11561   0.05191   0.13140   0.08466   4.26417   2.04812   1.11771   1.53501   0.58063  
 20 21.4509   2201.702869  x:  0.06350   0.00000   0.13971   0.02421   0.09306   0.00000   0.05373   0.07432   0.05176   0.06822   0.00865   0.16058   0.02795   0.08658   0.00104   0.04270   0.01336   0.06598   0.03110   0.07006   0.12032   0.04125   0.12967   0.08580   4.27204   2.04522   1.11031   1.53291   0.58114  
 21  4.4390   2197.713501  x:  0.06948   0.00000   0.15818   0.02393   0.10994   0.00000   0.03155   0.07955   0.05187   0.06124   0.00868   0.13142   0.02955   0.09249   0.00187   0.04210   0.01396   0.06720   0.02611   0.05538   0.10605   0.05231   0.15492   0.09453   4.30812   2.01527   1.06837   1.52675   0.58791  
 22 24.0798   2183.528461  x:  0.07205   0.00000   0.18672   0.02547   0.06713   0.00000   0.06834   0.10476   0.03377   0.08138   0.00951   0.11327   0.03484   0.11434   0.00432   0.06065   0.01310   0.06966   0.02807   0.11834   0.10654   0.05892   0.19667   0.10863   4.45252   1.88223   0.90444   1.50195   0.61921  
 23 123.9351   2170.867465  x:  0.08001   0.00000   0.16752   0.03169   0.02788   0.00000   0.06325   0.12932   0.06800   0.09251   0.00770   0.17520   0.03157   0.14265   0.00656   0.04648   0.01024   0.07844   0.03476   0.09045   0.13364   0.06020   0.17278   0.12600   4.56857   1.77113   0.79448   1.47601   0.64508  
 24 247.4708   2166.571266  x:  0.08820   0.00000   0.15076   0.03304   0.02217   0.00000   0.07753   0.13412   0.06707   0.05881   0.00788   0.18103   0.03290   0.15314   0.00719   0.04036   0.01053   0.08280   0.03212   0.09280   0.14740   0.06873   0.18900   0.13722   4.60507   1.73091   0.90513   1.43426   0.66606  
 25 45.4237   2163.230393  x:  0.08504   0.00000   0.14658   0.03441   0.02140   0.00000   0.06921   0.14347   0.07529   0.09942   0.00795   0.18271   0.03279   0.15651   0.00820   0.04287   0.01023   0.08382   0.03749   0.09462   0.14353   0.06246   0.20195   0.13680   4.63789   1.69526   1.02734   1.39294   0.68674  
 26 153.3536   2162.986463  x:  0.08532   0.00000   0.16014   0.03446   0.01864   0.00000   0.06962   0.14397   0.07529   0.09904   0.00783   0.18107   0.03314   0.15764   0.00826   0.04237   0.01019   0.08371   0.03695   0.09451   0.14061   0.06327   0.18990   0.13726   4.63994   1.69624   1.03771   1.39353   0.68811  
 27 23.2571   2158.319506  x:  0.08808   0.00000   0.17683   0.03515   0.02775   0.00000   0.06342   0.15256   0.07429   0.10440   0.00608   0.19209   0.02684   0.16871   0.00884   0.03918   0.00700   0.08864   0.03180   0.08946   0.14955   0.05973   0.18098   0.14416   4.67623   2.14270   1.25897   1.89121   0.70643  
 28  6.1193   2152.500898  x:  0.09439   0.00000   0.21624   0.03621   0.05363   0.00000   0.06321   0.16112   0.07589   0.09520   0.00314   0.19926   0.01705   0.18518   0.00931   0.02166   0.00235   0.09550   0.02114   0.08413   0.14692   0.06414   0.16195   0.15515   4.98195   1.88460   1.20664   1.62770   0.76543  
 29  2.6071   2147.419516  x:  0.09814   0.00000   0.21364   0.03484   0.05169   0.00000   0.05071   0.16880   0.06622   0.09494   0.00218   0.20994   0.00000   0.19677   0.00926   0.03148   0.00248   0.10024   0.00869   0.08637   0.15453   0.05564   0.20158   0.16422   5.43135   1.88800   1.18840   1.61065   0.81901  
 30  0.7918   2144.018009  x:  0.10123   0.00000   0.21245   0.03480   0.05455   0.00000   0.03911   0.18464   0.05740   0.09151   0.00353   0.21748   0.00000   0.21334   0.01146   0.03836   0.00842   0.10419   0.02472   0.08312   0.16453   0.04679   0.23307   0.17409   6.06721   1.85087   1.16292   1.54443   0.86115  
 31  1.3661   2140.733197  x:  0.09701   0.00000   0.19847   0.02779   0.04630   0.00000   0.05215   0.19682   0.05495   0.08539   0.00414   0.20220   0.00000   0.23144   0.01760   0.01881   0.00915   0.09967   0.02109   0.07360   0.16448   0.04486   0.23223   0.17415   6.81581   1.92706   1.16543   1.69478   0.87416  
 32  0.4080   2138.942646  x:  0.08831   0.00000   0.21071   0.02186   0.04803   0.00000   0.05505   0.20049   0.05811   0.08142   0.00518   0.18390   0.00000   0.23711   0.02184   0.03566   0.00719   0.09260   0.01924   0.07877   0.16066   0.05016   0.21189   0.16624   7.42933   1.86649   1.14034   1.64697   0.88314  
 33  0.5219   2138.100673  x:  0.08293   0.00000   0.20988   0.02349   0.04509   0.00000   0.04349   0.20083   0.05622   0.08805   0.00384   0.18595   0.00000   0.23905   0.02497   0.03096   0.00304   0.09035   0.01885   0.08311   0.15663   0.04527   0.21398   0.16189   7.80283   1.85731   1.12850   1.62038   0.89185  
 34  0.3275   2137.679815  x:  0.08025   0.00000   0.21380   0.02595   0.04700   0.00000   0.04181   0.19877   0.05811   0.08957   0.00494   0.18937   0.00000   0.23926   0.02771   0.02485   0.00649   0.08978   0.01645   0.08320   0.15336   0.04494   0.21005   0.15957   8.02059   1.82786   1.12536   1.57914   0.89068  
 35  0.2953   2136.876702  x:  0.07991   0.00000   0.21343   0.03065   0.04447   0.00000   0.05196   0.18663   0.06027   0.08669   0.00424   0.20401   0.00000   0.23278   0.03408   0.02326   0.00565   0.09039   0.01994   0.08159   0.15781   0.04780   0.22476   0.15998   8.47689   1.89356   1.15895   1.64281   0.89141  
 36  0.1699   2136.332329  x:  0.08309   0.00000   0.21683   0.02848   0.04543   0.00000   0.04468   0.16996   0.05964   0.08635   0.00364   0.20267   0.00000   0.21898   0.03944   0.02839   0.00521   0.09133   0.01937   0.07955   0.16151   0.04203   0.21819   0.16111   8.70651   1.86161   1.14473   1.63662   0.89358  
 37  0.0895   2136.123241  x:  0.08776   0.00000   0.21660   0.02591   0.04617   0.00000   0.04667   0.16387   0.05981   0.08690   0.00394   0.19521   0.00000   0.21205   0.04155   0.02446   0.00553   0.09273   0.01827   0.08277   0.16121   0.04639   0.21785   0.16511   8.59329   1.85242   1.13526   1.61600   0.89659  
 38  0.0527   2135.902108  x:  0.09208   0.00000   0.21145   0.02660   0.04590   0.00000   0.04626   0.16986   0.05749   0.09060   0.00477   0.19304   0.00000   0.20957   0.04362   0.02468   0.00594   0.09609   0.01844   0.07891   0.16273   0.04413   0.21998   0.17093   8.20452   1.90057   1.15835   1.65484   0.90493  
 39  0.1056   2135.604787  x:  0.08871   0.00000   0.21339   0.02857   0.04749   0.00000   0.04656   0.17751   0.05773   0.08900   0.00440   0.19515   0.00000   0.20751   0.05127   0.02547   0.00442   0.09553   0.01890   0.08105   0.15956   0.04332   0.21846   0.17015   7.93724   1.82939   1.13876   1.59987   0.90826  
 40  0.0801   2135.479331  x:  0.08476   0.00000   0.21442   0.02750   0.04603   0.00000   0.04546   0.17901   0.05837   0.08688   0.00410   0.19721   0.00000   0.20826   0.05612   0.02467   0.00544   0.09282   0.01835   0.08220   0.15921   0.04346   0.21738   0.16744   7.92569   1.87531   1.14165   1.62566   0.90138  
 41  0.0297   2135.454180  x:  0.08469   0.00000   0.21478   0.02655   0.04624   0.00000   0.04629   0.17887   0.05878   0.08678   0.00394   0.19785   0.00000   0.21023   0.05783   0.02452   0.00561   0.09248   0.01858   0.08079   0.16121   0.04370   0.22049   0.16816   7.85034   1.85717   1.13945   1.61846   0.89723  
 42  0.0357   2135.438176  x:  0.08429   0.00000   0.21607   0.02640   0.04618   0.00000   0.04543   0.17601   0.05833   0.08793   0.00412   0.19730   0.00000   0.21342   0.05803   0.02440   0.00542   0.09223   0.01852   0.08108   0.16233   0.04299   0.22075   0.16786   7.83449   1.86469   1.14265   1.61652   0.89163  
 43  0.0066   2135.433059  x:  0.08425   0.00000   0.21584   0.02683   0.04615   0.00000   0.04614   0.17528   0.05824   0.08749   0.00419   0.19679   0.00000   0.21537   0.05781   0.02458   0.00538   0.09253   0.01852   0.08120   0.16163   0.04350   0.21985   0.16788   7.80050   1.86380   1.14164   1.61889   0.89124  
 44  0.0168   2135.431768  x:  0.08430   0.00000   0.21540   0.02684   0.04612   0.00000   0.04585   0.17471   0.05841   0.08735   0.00409   0.19690   0.00000   0.21579   0.05802   0.02448   0.00542   0.09276   0.01853   0.08117   0.16108   0.04318   0.21977   0.16798   7.80456   1.86204   1.13988   1.61793   0.89292  
 45  0.0032   2135.431638  x:  0.08431   0.00000   0.21528   0.02680   0.04615   0.00000   0.04589   0.17469   0.05843   0.08743   0.00408   0.19698   0.00000   0.21587   0.05808   0.02456   0.00544   0.09278   0.01856   0.08117   0.16102   0.04325   0.21978   0.16803   7.80603   1.86319   1.14067   1.61789   0.89366  
 46  0.0014   2135.431626  x:  0.08428   0.00000   0.21522   0.02679   0.04616   0.00000   0.04590   0.17470   0.05841   0.08745   0.00409   0.19698   0.00000   0.21591   0.05809   0.02453   0.00544   0.09276   0.01855   0.08120   0.16101   0.04325   0.21976   0.16801   7.80735   1.86305   1.14086   1.61807   0.89382  
 47  0.0010   2135.431625  x:  0.08428   0.00000   0.21521   0.02679   0.04617   0.00000   0.04590   0.17469   0.05840   0.08744   0.00409   0.19697   0.00000   0.21590   0.05809   0.02454   0.00543   0.09275   0.01855   0.08119   0.16103   0.04324   0.21975   0.16800   7.80722   1.86306   1.14082   1.61805   0.89386  
 48  0.0001   2135.431624  x:  0.08428   0.00000   0.21520   0.02679   0.04617   0.00000   0.04590   0.17469   0.05841   0.08744   0.00409   0.19698   0.00000   0.21590   0.05809   0.02453   0.00543   0.09274   0.01855   0.08119   0.16103   0.04325   0.21975   0.16800   7.80708   1.86307   1.14082   1.61807   0.89387  
 49  0.0001   2135.431624  x:  0.08428   0.00000   0.21521   0.02679   0.04617   0.00000   0.04590   0.17468   0.05841   0.08744   0.00409   0.19698   0.00000   0.21590   0.05809   0.02453   0.00543   0.09274   0.01855   0.08119   0.16103   0.04324   0.21975   0.16800   7.80705   1.86307   1.14082   1.61807   0.89388  
 50  0.0000   2135.431624  x:  0.08428   0.00000   0.21521   0.02679   0.04617   0.00000   0.04590   0.17468   0.05841   0.08744   0.00409   0.19698   0.00000   0.21590   0.05809   0.02453   0.00543   0.09274   0.01855   0.08119   0.16103   0.04324   0.21975   0.16800   7.80702   1.86307   1.14082   1.61807   0.89388  
 51  0.0000   2135.431624  x:  0.08428   0.00000   0.21521   0.02679   0.04617   0.00000   0.04590   0.17468   0.05841   0.08744   0.00409   0.19698   0.00000   0.21590   0.05809   0.02453   0.00543   0.09274   0.01855   0.08119   0.16103   0.04325   0.21975   0.16800   7.80703   1.86307   1.14082   1.61807   0.89388  
 52  0.0000   2135.431624  x:  0.08428   0.00000   0.21521   0.02679   0.04617   0.00000   0.04590   0.17468   0.05841   0.08744   0.00409   0.19698   0.00000   0.21590   0.05809   0.02453   0.00543   0.09274   0.01855   0.08119   0.16103   0.04325   0.21975   0.16800   7.80703   1.86307   1.14082   1.61807   0.89388  
 53  0.0000   2135.431624  x:  0.08428   0.00000   0.21521   0.02679   0.04617   0.00000   0.04590   0.17468   0.05841   0.08744   0.00409   0.19698   0.00000   0.21590   0.05809   0.02453   0.00543   0.09274   0.01855   0.08119   0.16103   0.04325   0.21975   0.16800   7.80703   1.86307   1.14082   1.61807   0.89388  
check convergence!
