

TREE # 1

  0  0.0000   1989.652427  x:  0.01972   0.20925   0.02571   0.03211   0.02495   0.05815   0.02188   0.05666   0.08536   0.02661   0.17168   0.20925   0.02571   0.03211   0.02495   0.05815   0.02188   0.05666   0.08536   0.02661   0.17168   0.21568   8.40433   1.38172   0.95131   1.43243   1.00000  
  1 99.0000   1979.566979  x:  0.01062   0.21347   0.02602   0.03794   0.03273   0.05753   0.02585   0.04671   0.09775   0.06121   0.16477   0.20760   0.03894   0.02578   0.00313   0.06161   0.04955   0.07025   0.08538   0.05338   0.16549   0.22006   8.40437   1.38227   0.95048   1.43426   0.99739  
  2 339.4326   1978.836619  x:  0.00710   0.21713   0.02319   0.03921   0.03275   0.05718   0.02503   0.04058   0.10503   0.06459   0.15908   0.20603   0.03834   0.02385   0.01264   0.06256   0.04996   0.07667   0.08516   0.05557   0.16033   0.22389   8.40441   1.38279   0.94980   1.43595   0.99486  
  3 114.7326   1977.446988  x:  0.00463   0.22687   0.01733   0.04024   0.03064   0.05654   0.02263   0.02944   0.12053   0.06311   0.14477   0.20190   0.03271   0.02088   0.00699   0.06352   0.04197   0.08838   0.08454   0.05324   0.14720   0.23388   8.40450   1.38421   0.94797   1.44066   0.98773  
  4 135.2094   1976.750066  x:  0.01164   0.23697   0.02326   0.04021   0.03204   0.05647   0.02576   0.03605   0.13089   0.06217   0.13187   0.19795   0.03302   0.02335   0.00693   0.06440   0.03984   0.09426   0.08423   0.05252   0.13516   0.24380   8.40461   1.38595   0.94583   1.44641   0.97905  
  5 86.5017   1976.464717  x:  0.00755   0.24305   0.02162   0.03796   0.03180   0.05689   0.02346   0.04010   0.13078   0.05889   0.12492   0.19597   0.03698   0.02303   0.00665   0.06403   0.04346   0.09050   0.08438   0.05124   0.12942   0.24988   8.40473   1.38771   0.94397   1.45221   0.97005  
  6 45.2177   1976.176821  x:  0.01151   0.25121   0.02041   0.03819   0.03141   0.05724   0.02549   0.03504   0.12532   0.05856   0.12076   0.19415   0.03698   0.02183   0.00734   0.06292   0.04668   0.08206   0.08466   0.05169   0.12587   0.25756   8.40497   1.39116   0.94071   1.46339   0.95244  
  7 42.1237   1975.869136  x:  0.00731   0.25872   0.02423   0.04081   0.03230   0.05680   0.02363   0.03390   0.11887   0.06274   0.12069   0.19349   0.03365   0.02541   0.00743   0.06244   0.04312   0.07866   0.08478   0.05294   0.12625   0.26445   8.40533   1.39645   0.93644   1.48005   0.92581  
  8 54.3136   1975.361575  x:  0.00744   0.26696   0.01806   0.03989   0.03203   0.05614   0.02449   0.03956   0.11342   0.06574   0.12725   0.19415   0.03277   0.02170   0.00756   0.06347   0.03895   0.08396   0.08458   0.05508   0.13181   0.27168   8.40603   1.40678   0.92960   1.51181   0.87412  
  9 83.4970   1974.894868  x:  0.00717   0.26842   0.02322   0.03706   0.03008   0.05673   0.02406   0.03572   0.11622   0.06036   0.13434   0.19596   0.03666   0.02269   0.00713   0.06471   0.04379   0.09058   0.08434   0.05167   0.13745   0.27222   8.40676   1.41754   0.92495   1.54361   0.82126  
 10 99.9929   1974.657116  x:  0.00638   0.26220   0.02164   0.04071   0.03557   0.05718   0.02592   0.03622   0.12272   0.05805   0.13402   0.19712   0.03478   0.02367   0.00698   0.06293   0.04528   0.08725   0.08423   0.05130   0.13649   0.26572   8.40718   1.42437   0.92549   1.56137   0.79086  
 11 54.9094   1974.497230  x:  0.00823   0.25545   0.02206   0.04022   0.03215   0.05697   0.02289   0.03708   0.12656   0.06021   0.13140   0.19756   0.03449   0.02265   0.00723   0.06198   0.04392   0.08343   0.08422   0.05304   0.13374   0.25893   8.40747   1.42960   0.92785   1.57336   0.77031  
 12 61.4078   1974.457449  x:  0.00750   0.25302   0.02203   0.03867   0.03111   0.05679   0.02522   0.03679   0.12585   0.06107   0.12958   0.19738   0.03505   0.02313   0.00723   0.06258   0.04281   0.08328   0.08428   0.05300   0.13239   0.25667   8.40756   1.43147   0.92969   1.57666   0.76504  
 13 29.0021   1974.425195  x:  0.00838   0.25069   0.02191   0.03804   0.03281   0.05661   0.02431   0.03625   0.12274   0.06143   0.12711   0.19668   0.03536   0.02320   0.00725   0.06399   0.04271   0.08512   0.08440   0.05229   0.13083   0.25471   8.40763   1.43406   0.93341   1.57976   0.76109  
 14 15.9174   1974.410312  x:  0.00824   0.24994   0.02222   0.03971   0.03190   0.05679   0.02459   0.03656   0.12122   0.06091   0.12613   0.19613   0.03488   0.02253   0.00722   0.06381   0.04336   0.08629   0.08441   0.05219   0.13038   0.25430   8.40767   1.43627   0.93691   1.58165   0.75969  
 15 10.9837   1974.380815  x:  0.00856   0.24998   0.02135   0.03971   0.03141   0.05712   0.02439   0.03646   0.12081   0.06018   0.12612   0.19506   0.03500   0.02449   0.00720   0.06184   0.04355   0.08707   0.08428   0.05365   0.13086   0.25527   8.40776   1.44340   0.94806   1.58679   0.75826  
 16 10.4034   1974.327625  x:  0.00790   0.25079   0.02267   0.03824   0.03260   0.05712   0.02458   0.03639   0.12160   0.06008   0.12700   0.19371   0.03472   0.02242   0.00723   0.06064   0.04293   0.08637   0.08410   0.05409   0.13210   0.25757   8.40794   1.45740   0.96908   1.59673   0.75654  
 17 39.8222   1974.295022  x:  0.00797   0.25173   0.02199   0.03904   0.03206   0.05666   0.02453   0.03666   0.12283   0.06117   0.12805   0.19395   0.03482   0.02305   0.00718   0.06383   0.04323   0.08508   0.08430   0.05241   0.13265   0.25887   8.40805   1.46709   0.98187   1.60384   0.75630  
 18 31.6931   1974.271976  x:  0.00801   0.25310   0.02212   0.03979   0.03223   0.05747   0.02450   0.03635   0.12258   0.06057   0.12843   0.19857   0.03615   0.02280   0.00715   0.06415   0.04226   0.08513   0.08518   0.05316   0.13088   0.25750   8.40816   1.47780   0.98680   1.61317   0.75992  
 19  6.7391   1974.251617  x:  0.00798   0.25399   0.02203   0.03867   0.03203   0.05698   0.02452   0.03663   0.12239   0.06087   0.12825   0.20166   0.03432   0.02300   0.00714   0.06354   0.04345   0.08551   0.08511   0.05277   0.12984   0.25603   8.40827   1.48798   0.99007   1.62236   0.76395  
 20 23.1645   1974.225209  x:  0.00824   0.25346   0.02189   0.03925   0.03206   0.05540   0.02454   0.03649   0.12260   0.06154   0.12680   0.20016   0.03554   0.02294   0.00712   0.06230   0.04318   0.08552   0.08302   0.05152   0.13131   0.25441   8.40845   1.50251   0.99217   1.63629   0.77076  
 21 13.8884   1974.205247  x:  0.00818   0.25203   0.02199   0.03892   0.03202   0.05731   0.02449   0.03651   0.12292   0.06099   0.12626   0.19681   0.03494   0.02293   0.00708   0.06352   0.04315   0.08529   0.08339   0.05252   0.13229   0.25371   8.40861   1.51379   0.99313   1.64752   0.77640  
 22 20.6831   1974.201448  x:  0.00815   0.25114   0.02203   0.03896   0.03202   0.05644   0.02450   0.03649   0.12291   0.06083   0.12702   0.19580   0.03498   0.02292   0.00707   0.06346   0.04316   0.08531   0.08458   0.05265   0.13154   0.25411   8.40867   1.51579   0.99324   1.64986   0.77758  
 23  5.6164   1974.200614  x:  0.00815   0.25058   0.02200   0.03897   0.03202   0.05677   0.02450   0.03650   0.12287   0.06105   0.12747   0.19568   0.03505   0.02293   0.00707   0.06326   0.04317   0.08534   0.08438   0.05235   0.13102   0.25456   8.40871   1.51602   0.99330   1.65054   0.77791  
 24  1.7513   1974.200240  x:  0.00815   0.25014   0.02203   0.03897   0.03202   0.05663   0.02450   0.03649   0.12285   0.06090   0.12750   0.19585   0.03500   0.02293   0.00706   0.06342   0.04317   0.08531   0.08403   0.05256   0.13093   0.25498   8.40878   1.51584   0.99338   1.65102   0.77812  
 25  0.8820   1974.199667  x:  0.00819   0.24957   0.02202   0.03896   0.03202   0.05669   0.02450   0.03650   0.12289   0.06097   0.12711   0.19626   0.03500   0.02293   0.00705   0.06334   0.04317   0.08532   0.08433   0.05247   0.13130   0.25553   8.40896   1.51507   0.99364   1.65202   0.77853  
 26  0.8219   1974.197648  x:  0.00817   0.25013   0.02202   0.03896   0.03201   0.05668   0.02450   0.03650   0.12290   0.06095   0.12732   0.19595   0.03501   0.02292   0.00700   0.06335   0.04318   0.08530   0.08424   0.05250   0.13113   0.25466   8.40994   1.51118   0.99502   1.65584   0.78006  
 27  0.7549   1974.151320  x:  0.00858   0.24767   0.02210   0.03873   0.03191   0.05676   0.02449   0.03659   0.12258   0.06098   0.12784   0.19645   0.03529   0.02297   0.00509   0.06319   0.04366   0.08499   0.08428   0.05260   0.13166   0.25239   8.44330   1.51176   0.99639   1.64726   0.78376  
 28  0.1119   1974.147623  x:  0.00871   0.24693   0.02230   0.03869   0.03204   0.05679   0.02459   0.03701   0.12191   0.06152   0.12837   0.19669   0.03563   0.02307   0.00526   0.06315   0.04427   0.08471   0.08430   0.05302   0.13218   0.25169   8.46385   1.51199   0.99676   1.64526   0.78452  
 29  0.0209   1974.147365  x:  0.00871   0.24722   0.02235   0.03870   0.03205   0.05678   0.02460   0.03705   0.12196   0.06171   0.12834   0.19664   0.03565   0.02308   0.00518   0.06318   0.04435   0.08481   0.08430   0.05313   0.13215   0.25196   8.47177   1.51218   0.99664   1.64592   0.78415  
 30  0.0074   1974.147348  x:  0.00871   0.24722   0.02234   0.03871   0.03205   0.05678   0.02460   0.03702   0.12203   0.06174   0.12829   0.19663   0.03565   0.02307   0.00520   0.06319   0.04436   0.08483   0.08430   0.05314   0.13211   0.25197   8.47406   1.51213   0.99663   1.64591   0.78418  
 31  0.0020   1974.147347  x:  0.00870   0.24721   0.02234   0.03871   0.03205   0.05678   0.02460   0.03701   0.12203   0.06174   0.12829   0.19664   0.03565   0.02307   0.00520   0.06319   0.04436   0.08483   0.08430   0.05315   0.13211   0.25196   8.47464   1.51214   0.99664   1.64589   0.78420  
 32  0.0005   1974.147347  x:  0.00870   0.24721   0.02234   0.03871   0.03205   0.05678   0.02460   0.03701   0.12203   0.06174   0.12829   0.19664   0.03565   0.02307   0.00520   0.06319   0.04436   0.08483   0.08430   0.05315   0.13211   0.25196   8.47476   1.51214   0.99664   1.64590   0.78420  
 33  0.0001   1974.147347  x:  0.00870   0.24721   0.02234   0.03871   0.03205   0.05678   0.02460   0.03701   0.12203   0.06174   0.12829   0.19664   0.03565   0.02307   0.00520   0.06319   0.04436   0.08483   0.08430   0.05314   0.13211   0.25196   8.47481   1.51214   0.99664   1.64590   0.78420  
 34  0.0000   1974.147347  x:  0.00870   0.24721   0.02234   0.03871   0.03205   0.05678   0.02460   0.03701   0.12203   0.06174   0.12829   0.19664   0.03565   0.02307   0.00520   0.06319   0.04436   0.08483   0.08430   0.05314   0.13211   0.25196   8.47481   1.51214   0.99664   1.64590   0.78420  
 35  0.0000   1974.147347  x:  0.00870   0.24721   0.02234   0.03871   0.03205   0.05678   0.02460   0.03701   0.12203   0.06174   0.12829   0.19664   0.03565   0.02307   0.00520   0.06319   0.04436   0.08483   0.08430   0.05314   0.13211   0.25196   8.47481   1.51214   0.99664   1.64590   0.78420  