

TREE # 1

  0  0.0000   2061.135184  x:  0.20925   0.02571   0.03211   0.02495   0.05815   0.02188   0.05666   0.08536   0.02661   0.17168   0.20925   0.02571   0.03211   0.02495   0.05815   0.02188   0.05666   0.08536   0.02661   0.17168   0.21568   8.40433   1.60621   1.18498   1.41691   1.00000  
  1 99.0000   2054.864086  x:  0.21209   0.01057   0.03079   0.04258   0.05550   0.05194   0.06583   0.09889   0.03143   0.17570   0.20774   0.04379   0.04869   0.01994   0.05357   0.04505   0.06702   0.09290   0.01957   0.17206   0.21946   8.40394   1.60533   1.18313   1.41934   1.00060  
  2 267.8391   2053.648866  x:  0.21691   0.01114   0.02817   0.03973   0.04859   0.04859   0.07551   0.11567   0.03312   0.18263   0.20563   0.04526   0.05267   0.01335   0.04830   0.03759   0.07792   0.10136   0.01055   0.17275   0.22629   8.40311   1.60363   1.17957   1.42408   1.00179  
  3 78.7376   2053.375657  x:  0.21981   0.00966   0.02813   0.03899   0.04738   0.04704   0.07813   0.12231   0.03213   0.18664   0.20488   0.04542   0.05276   0.01574   0.04799   0.03657   0.08185   0.10505   0.01715   0.17320   0.23057   8.40247   1.60234   1.17691   1.42769   1.00270  
  4 61.4756   2053.208583  x:  0.22359   0.01284   0.02933   0.03976   0.04944   0.04712   0.07757   0.12637   0.03075   0.19157   0.20354   0.04306   0.05017   0.01781   0.05045   0.03969   0.08192   0.10725   0.01639   0.17382   0.23640   8.40133   1.60010   1.17240   1.43389   1.00430  
  5 34.7091   2053.081496  x:  0.22680   0.00949   0.02934   0.03984   0.05124   0.04668   0.07573   0.12771   0.03031   0.19556   0.20227   0.04130   0.04801   0.01661   0.05187   0.04040   0.08014   0.10801   0.01546   0.17435   0.24156   8.40006   1.59768   1.16766   1.44050   1.00601  
  6 51.3443   2052.938547  x:  0.23057   0.01100   0.02830   0.04003   0.05139   0.04783   0.07294   0.12620   0.03270   0.19990   0.20056   0.04296   0.04877   0.01402   0.05091   0.03887   0.07670   0.10737   0.01706   0.17499   0.24820   8.39773   1.59340   1.15945   1.45205   1.00901  
  7 41.2649   2052.823235  x:  0.23281   0.01047   0.02815   0.03965   0.04995   0.04809   0.07194   0.12314   0.03280   0.20221   0.19915   0.04470   0.05077   0.01780   0.04906   0.03718   0.07525   0.10590   0.01548   0.17538   0.25287   8.39521   1.58891   1.15115   1.46392   1.01213  
  8 55.4301   2052.683750  x:  0.23258   0.01065   0.03002   0.03920   0.04745   0.04702   0.07509   0.11844   0.02903   0.20117   0.19816   0.04446   0.05198   0.01584   0.04841   0.03901   0.07733   0.10310   0.01573   0.17536   0.25494   8.39108   1.58204   1.13908   1.48157   1.01684  
  9 37.3011   2052.549114  x:  0.22957   0.01038   0.02789   0.03960   0.04870   0.04689   0.07817   0.11666   0.03309   0.19697   0.19812   0.04266   0.05055   0.01615   0.05018   0.03942   0.08118   0.10187   0.01582   0.17487   0.25301   8.38584   1.57403   1.12579   1.50158   1.02231  
 10 43.8720   2052.449541  x:  0.22536   0.01062   0.02814   0.04013   0.05094   0.04840   0.07613   0.12029   0.03068   0.19236   0.19907   0.04385   0.04952   0.01602   0.04983   0.03702   0.08039   0.10422   0.01564   0.17417   0.24769   8.38073   1.56731   1.11583   1.51766   1.02694  
 11 31.9877   2052.423043  x:  0.22416   0.01048   0.02867   0.03930   0.04944   0.04725   0.07472   0.12208   0.03154   0.19162   0.19963   0.04370   0.05001   0.01611   0.04934   0.03869   0.07881   0.10528   0.01562   0.17396   0.24519   8.37861   1.56523   1.11353   1.52220   1.02842  
 12 18.7208   2052.416290  x:  0.22438   0.01051   0.02798   0.04003   0.04874   0.04735   0.07501   0.12226   0.03124   0.19295   0.20006   0.04296   0.05047   0.01617   0.04985   0.03845   0.07814   0.10512   0.01569   0.17396   0.24343   8.37648   1.56431   1.11398   1.52347   1.02921  
 13  4.4396   2052.407174  x:  0.22507   0.01044   0.02895   0.03957   0.04927   0.04765   0.07568   0.12210   0.03161   0.19539   0.20066   0.04316   0.05030   0.01616   0.04970   0.03822   0.07806   0.10470   0.01567   0.17401   0.24080   8.37196   1.56277   1.11559   1.52525   1.03066  
 14  7.4283   2052.400573  x:  0.22555   0.01054   0.02798   0.03918   0.04966   0.04729   0.07527   0.12181   0.03126   0.19636   0.20081   0.04386   0.04990   0.01611   0.04929   0.03874   0.07871   0.10463   0.01558   0.17403   0.23973   8.36750   1.56158   1.11740   1.52645   1.03193  
 15  8.2633   2052.377961  x:  0.22655   0.01053   0.02888   0.04082   0.04919   0.04639   0.07321   0.12110   0.03157   0.19602   0.20045   0.04408   0.04989   0.01585   0.04956   0.03841   0.08073   0.10531   0.01548   0.17402   0.23957   8.34862   1.55760   1.12511   1.53027   1.03674  
 16 11.1258   2052.333282  x:  0.22737   0.01056   0.02858   0.03860   0.04924   0.04812   0.07358   0.12107   0.03137   0.19332   0.19961   0.04251   0.05101   0.01584   0.05000   0.03831   0.08019   0.10623   0.01568   0.17396   0.24156   8.30936   1.55060   1.14020   1.53729   1.04614  
 17 35.3153   2052.310765  x:  0.22680   0.01054   0.02842   0.03984   0.04962   0.04700   0.07580   0.12186   0.03149   0.19214   0.19949   0.04349   0.05002   0.01605   0.04927   0.03851   0.07810   0.10559   0.01569   0.17396   0.24303   8.28826   1.54838   1.14666   1.54037   1.05046  
 18 32.8142   2052.260647  x:  0.22132   0.01048   0.02855   0.03899   0.04873   0.04706   0.07485   0.12435   0.03142   0.19404   0.20113   0.04513   0.04994   0.01602   0.05162   0.03824   0.07866   0.10095   0.01548   0.17421   0.24558   8.23478   1.55271   1.15170   1.54403   1.05656  
 19 13.8210   2052.161367  x:  0.21376   0.01055   0.02856   0.03999   0.05014   0.04739   0.07365   0.12470   0.03149   0.19748   0.20320   0.04156   0.05080   0.01593   0.04701   0.03854   0.07982   0.09972   0.01578   0.17469   0.24818   8.12793   1.56455   1.15777   1.54994   1.06666  
 20 74.3991   2051.841573  x:  0.20370   0.01049   0.02840   0.03923   0.05028   0.04589   0.07614   0.11765   0.03156   0.20289   0.20429   0.04378   0.05124   0.01548   0.05055   0.03818   0.07870   0.11229   0.01510   0.17580   0.24979   7.77007   1.60810   1.17185   1.56784   1.09615  
 21 162.1841   2051.363858  x:  0.21656   0.01035   0.02826   0.03877   0.04456   0.04964   0.07563   0.12025   0.03163   0.19631   0.19816   0.04289   0.04403   0.01583   0.04833   0.03738   0.07871   0.10848   0.01545   0.17530   0.24322   7.24692   1.67166   1.18758   1.59236   1.13178  
 22 240.0432   2051.196681  x:  0.22314   0.01041   0.02826   0.03895   0.04932   0.04610   0.07548   0.12274   0.03137   0.19290   0.19617   0.04274   0.05017   0.01560   0.04947   0.03772   0.07862   0.10520   0.01545   0.17448   0.24051   7.05707   1.69336   1.19275   1.60103   1.14223  
 23 381.1677   2050.909822  x:  0.22866   0.01049   0.02825   0.03878   0.04902   0.04597   0.07550   0.12190   0.03136   0.19093   0.21711   0.04291   0.04983   0.01536   0.04932   0.03747   0.07903   0.10629   0.01456   0.16237   0.24461   6.72635   1.68880   1.19763   1.61104   1.09923  
 24 29.0437   2050.372965  x:  0.22194   0.01067   0.02827   0.03857   0.04892   0.04557   0.07544   0.12200   0.03138   0.19316   0.20805   0.04264   0.04944   0.01543   0.04928   0.03714   0.07896   0.10629   0.01474   0.17959   0.24391   6.12395   1.66685   1.20489   1.62505   1.00572  
 25 138.8914   2050.321212  x:  0.21927   0.01069   0.02828   0.03855   0.04890   0.04557   0.07542   0.12206   0.03140   0.19517   0.20071   0.04253   0.04933   0.01552   0.04928   0.03712   0.07879   0.10614   0.01501   0.17163   0.24340   6.06531   1.66241   1.20415   1.62392   0.99774  
 26 39.2557   2050.156629  x:  0.21982   0.01071   0.02839   0.03845   0.04878   0.04545   0.07529   0.12163   0.03142   0.19550   0.20170   0.04251   0.04925   0.01554   0.04928   0.03700   0.07882   0.10622   0.01498   0.17213   0.24402   5.89051   1.59229   1.15427   1.55139   1.02281  
 27  4.7456   2050.032241  x:  0.22267   0.01080   0.02845   0.03848   0.04913   0.04526   0.07503   0.12175   0.03140   0.19426   0.19985   0.04250   0.04951   0.01578   0.04943   0.03707   0.07856   0.10516   0.01521   0.17290   0.24261   6.12597   1.55063   1.12538   1.51569   0.99104  
 28  0.3720   2050.029015  x:  0.22408   0.01081   0.02845   0.03850   0.04927   0.04526   0.07487   0.12181   0.03138   0.19333   0.19896   0.04243   0.04954   0.01590   0.04947   0.03711   0.07835   0.10458   0.01538   0.17308   0.24156   6.11964   1.55763   1.12706   1.51810   0.98892  
 29  0.0111   2050.028998  x:  0.22418   0.01081   0.02846   0.03849   0.04929   0.04524   0.07485   0.12178   0.03137   0.19337   0.19893   0.04241   0.04953   0.01592   0.04948   0.03710   0.07833   0.10459   0.01541   0.17308   0.24156   6.11959   1.55736   1.12697   1.51772   0.98931  
 30  0.0006   2050.028997  x:  0.22418   0.01081   0.02846   0.03849   0.04929   0.04524   0.07485   0.12178   0.03137   0.19337   0.19894   0.04241   0.04952   0.01592   0.04948   0.03709   0.07832   0.10459   0.01541   0.17308   0.24157   6.11942   1.55735   1.12700   1.51777   0.98923  
 31  0.0002   2050.028997  x:  0.22417   0.01081   0.02846   0.03848   0.04929   0.04523   0.07485   0.12178   0.03137   0.19337   0.19894   0.04241   0.04952   0.01592   0.04948   0.03709   0.07832   0.10459   0.01541   0.17308   0.24156   6.11949   1.55736   1.12700   1.51777   0.98924  
 32  0.0001   2050.028997  x:  0.22417   0.01081   0.02846   0.03848   0.04929   0.04523   0.07485   0.12178   0.03137   0.19337   0.19894   0.04241   0.04952   0.01592   0.04948   0.03709   0.07832   0.10459   0.01541   0.17308   0.24156   6.11948   1.55736   1.12699   1.51777   0.98924  
 33  0.0000   2050.028997  x:  0.22417   0.01081   0.02846   0.03848   0.04929   0.04523   0.07485   0.12178   0.03137   0.19337   0.19894   0.04241   0.04952   0.01592   0.04948   0.03709   0.07832   0.10459   0.01541   0.17308   0.24156   6.11949   1.55736   1.12699   1.51777   0.98924  