

TREE # 1

  0  0.0000   2207.004984  x:  0.07653   0.00000   0.09869   0.03485   0.07279   0.06950   0.04320   0.05319   0.08617   0.07814   0.05766   0.13795   0.00964   0.05872   0.02100   0.04161   0.09527   0.03365   0.05262   0.06611   0.10268   0.05120   0.12840   0.09515   2.00000   1.77678   1.07588   1.28776   0.40000  
  1 99.0000   2172.733019  x:  0.09000   0.03994   0.12653   0.04347   0.06182   0.05194   0.03955   0.04865   0.08302   0.09721   0.04558   0.14807   0.00521   0.11522   0.00000   0.03156   0.08631   0.02625   0.03946   0.09317   0.09967   0.04126   0.13985   0.10862   2.00624   1.77585   1.07623   1.28922   0.42124  
  2 628.7491   2153.055553  x:  0.10183   0.00000   0.15239   0.04485   0.04686   0.02614   0.03710   0.04448   0.07924   0.11362   0.03213   0.15709   0.00169   0.14025   0.00000   0.02237   0.07526   0.02330   0.02447   0.11014   0.09682   0.03090   0.15137   0.12045   2.01681   1.77400   1.07740   1.29154   0.45237  
  3 422.4796   2153.055553  x:  0.10183   0.00000   0.15239   0.04485   0.04686   0.02614   0.03710   0.04448   0.07924   0.11362   0.03213   0.15709   0.00169   0.14025   0.00000   0.02237   0.07526   0.02330   0.02447   0.11014   0.09682   0.03090   0.15137   0.12045   2.01681   1.77400   1.07740   1.29154   0.45237  
  4 275.9311   2149.501820  x:  0.10848   0.02080   0.16881   0.04787   0.03994   0.01560   0.03702   0.04357   0.07740   0.12217   0.02711   0.16447   0.02687   0.15744   0.00000   0.02431   0.06909   0.02473   0.02459   0.11959   0.09508   0.03061   0.15947   0.12710   2.02616   1.77258   1.07825   1.29340   0.47588  
  5 233.7173   2135.888537  x:  0.13176   0.00000   0.22802   0.05579   0.02039   0.01150   0.03717   0.04151   0.07126   0.15349   0.01958   0.19043   0.00793   0.22044   0.00000   0.02565   0.04750   0.02562   0.02455   0.15361   0.08875   0.03044   0.18795   0.15038   2.06912   1.76570   1.08330   1.30161   0.57547  
  6 264.0471   2132.679507  x:  0.13634   0.00000   0.24631   0.05661   0.04251   0.03106   0.03723   0.04288   0.07180   0.16031   0.03088   0.19807   0.00220   0.23793   0.00000   0.02449   0.05367   0.02447   0.02467   0.16034   0.08833   0.03159   0.19563   0.15496   2.09247   1.76213   1.08663   1.30531   0.61824  
  7 258.2346   2131.649749  x:  0.13513   0.00000   0.24710   0.05460   0.04463   0.02776   0.03714   0.04337   0.07281   0.15891   0.03083   0.19801   0.00000   0.23797   0.00000   0.02388   0.05771   0.02422   0.02465   0.15874   0.08905   0.03169   0.19540   0.15376   2.09993   1.76100   1.08798   1.30619   0.62778  
  8 134.1301   2125.849767  x:  0.11819   0.00000   0.25584   0.03229   0.05530   0.01571   0.03734   0.04602   0.08212   0.13891   0.03049   0.19544   0.02400   0.23963   0.00000   0.01950   0.08358   0.02283   0.02444   0.13643   0.09692   0.03085   0.19423   0.13681   2.21912   1.74308   1.10926   1.32019   0.77461  
  9 340.1894   2121.462733  x:  0.10287   0.00000   0.23899   0.06329   0.04677   0.02394   0.03721   0.04216   0.08151   0.11809   0.02370   0.18363   0.02362   0.21416   0.00000   0.03806   0.08080   0.03091   0.02583   0.11516   0.09917   0.03098   0.17960   0.12149   2.32784   1.72857   1.12831   1.33079   0.87349  
 10 227.0567   2118.269807  x:  0.10252   0.00000   0.21566   0.06656   0.04126   0.02575   0.03739   0.04256   0.07522   0.11493   0.03233   0.17378   0.02136   0.18684   0.00000   0.01985   0.05988   0.01855   0.02279   0.11370   0.09592   0.03092   0.16679   0.12114   2.40999   1.71971   1.14111   1.33723   0.92246  
 11 200.9085   2116.263503  x:  0.10996   0.00000   0.19284   0.05298   0.04401   0.02597   0.03751   0.04443   0.07097   0.12310   0.03365   0.16796   0.01964   0.16548   0.00000   0.02271   0.04725   0.03405   0.02747   0.12354   0.09186   0.03126   0.15938   0.12858   2.48594   1.71358   1.15080   1.34223   0.94907  
 12 198.5903   2114.407291  x:  0.11981   0.00000   0.17380   0.04790   0.04310   0.02897   0.03741   0.04240   0.07099   0.13534   0.02662   0.16710   0.02075   0.15482   0.00000   0.03572   0.05539   0.02163   0.02214   0.13633   0.08908   0.03134   0.15891   0.13843   2.57053   1.70921   1.15899   1.34674   0.95829  
 13 162.8680   2110.132169  x:  0.13395   0.00000   0.15108   0.07293   0.03867   0.02453   0.03706   0.03906   0.08074   0.15361   0.03080   0.17619   0.02564   0.15989   0.00000   0.01817   0.08244   0.02785   0.03641   0.15227   0.09184   0.03035   0.17257   0.15257   2.81447   1.70197   1.17690   1.35748   0.94475  
 14 188.8874   2101.366431  x:  0.13298   0.00000   0.16242   0.07824   0.04565   0.01373   0.03838   0.05559   0.08281   0.15245   0.04344   0.19289   0.02374   0.18209   0.00000   0.02535   0.07104   0.03346   0.01012   0.14709   0.10013   0.03353   0.19334   0.15160   3.24842   1.69466   1.20264   1.37412   0.88800  
 15 381.2446   2092.346984  x:  0.12404   0.00000   0.19295   0.06237   0.04940   0.01492   0.03929   0.06873   0.08014   0.14099   0.04141   0.21312   0.01675   0.21213   0.00000   0.04013   0.04741   0.01590   0.03936   0.13126   0.10844   0.03466   0.21692   0.14266   3.86586   1.68680   1.23611   1.39692   0.79861  
 16 1826.1931   2087.971611  x:  0.11759   0.00000   0.21471   0.04388   0.03874   0.03492   0.03736   0.05165   0.07453   0.13238   0.02082   0.21478   0.01220   0.22100   0.00000   0.02710   0.05038   0.02321   0.03264   0.12503   0.10318   0.02937   0.21747   0.13621   4.11935   1.68725   1.24472   1.40540   0.75792  
 17 722.2045   2086.846146  x:  0.11658   0.00000   0.23018   0.04237   0.03767   0.03206   0.03695   0.03458   0.07052   0.13132   0.02928   0.20766   0.01253   0.22086   0.00000   0.02964   0.05334   0.02379   0.03278   0.12916   0.09349   0.03225   0.20784   0.13520   4.18445   1.69184   1.23988   1.40705   0.74939  
 18 165.3774   2085.742367  x:  0.11739   0.00000   0.25576   0.04879   0.04359   0.02873   0.03815   0.04150   0.06924   0.13379   0.02371   0.19045   0.01478   0.21780   0.00000   0.02722   0.05742   0.02355   0.03364   0.13945   0.07956   0.03011   0.18506   0.13601   4.25370   1.70423   1.22285   1.40792   0.74320  
 19 113.6967   2085.275728  x:  0.11960   0.00000   0.26500   0.04818   0.03973   0.03065   0.03575   0.04293   0.07675   0.13709   0.02520   0.18136   0.01509   0.21581   0.00000   0.02725   0.05812   0.02369   0.03361   0.14170   0.09294   0.03348   0.17308   0.13822   4.28468   1.71784   1.20240   1.40706   0.74202  
 20 53.3164   2084.994654  x:  0.12060   0.00000   0.26499   0.04856   0.04138   0.02964   0.03962   0.04021   0.07617   0.13868   0.02515   0.17995   0.01488   0.21567   0.00000   0.02763   0.05691   0.02342   0.03345   0.13942   0.09752   0.02606   0.17176   0.13922   4.30316   1.73143   1.18146   1.40544   0.74342  
 21 44.1138   2084.339857  x:  0.12135   0.00000   0.25902   0.04915   0.04451   0.02845   0.04126   0.03827   0.06880   0.14009   0.02136   0.18163   0.01465   0.21610   0.00000   0.02629   0.05561   0.02322   0.03343   0.13138   0.09680   0.03311   0.17568   0.13997   4.34934   1.77052   1.12092   1.40000   0.74884  
 22 96.8066   2084.044949  x:  0.12012   0.00000   0.25527   0.04747   0.04019   0.02979   0.03569   0.04185   0.06919   0.13814   0.02523   0.18363   0.01424   0.21594   0.00000   0.02749   0.05703   0.02342   0.03360   0.12999   0.09132   0.03042   0.17860   0.13874   4.36989   1.78894   1.09270   1.39676   0.75115  
 23 101.9325   2083.987548  x:  0.11853   0.00000   0.25399   0.04709   0.03999   0.03008   0.03786   0.04149   0.07386   0.13582   0.02513   0.18490   0.01402   0.21578   0.00000   0.02750   0.05595   0.02333   0.03349   0.13307   0.08937   0.03100   0.17965   0.13715   4.37416   1.79295   1.08730   1.39511   0.75173  
 24 20.7368   2083.971215  x:  0.11764   0.00000   0.25364   0.04741   0.04094   0.02973   0.03628   0.04088   0.07371   0.13454   0.02448   0.18560   0.01403   0.21573   0.00000   0.02737   0.05542   0.02321   0.03345   0.13558   0.09017   0.03073   0.17991   0.13626   4.37567   1.79422   1.08652   1.39348   0.75214  
 25  7.3002   2083.950767  x:  0.11676   0.00000   0.25347   0.04733   0.04025   0.02995   0.03748   0.04162   0.07156   0.13312   0.02496   0.18639   0.01406   0.21555   0.00000   0.02741   0.05622   0.02331   0.03355   0.13820   0.09144   0.03087   0.17984   0.13538   4.37786   1.79594   1.08670   1.38978   0.75272  
 26  6.6635   2083.671350  x:  0.11848   0.00000   0.25414   0.04781   0.04021   0.02972   0.03712   0.04138   0.07309   0.13503   0.02490   0.19062   0.01396   0.21457   0.00000   0.02735   0.05591   0.02340   0.03348   0.13507   0.09048   0.03094   0.17723   0.13710   4.41131   1.81808   1.10125   1.32602   0.76237  
 27  7.4124   2083.518755  x:  0.11733   0.00000   0.25290   0.04769   0.04009   0.02978   0.03715   0.04145   0.07289   0.13559   0.02502   0.17538   0.01333   0.21656   0.00000   0.02732   0.05554   0.02341   0.03340   0.13616   0.09061   0.03099   0.18722   0.13595   4.43019   1.81775   1.10228   1.31425   0.76619  
 28  6.1357   2076.120997  x:  0.15049   0.00000   0.21817   0.05509   0.03261   0.02279   0.03748   0.03899   0.07050   0.08998   0.02539   0.16820   0.00000   0.24186   0.00000   0.02134   0.05049   0.02657   0.02878   0.13894   0.08688   0.03084   0.16228   0.16911   5.63632   1.48543   0.96521   1.20888   0.98653  
 29 11.9837   2073.250887  x:  0.12643   0.00000   0.21851   0.05909   0.02747   0.02064   0.03771   0.03836   0.06994   0.13145   0.02661   0.17966   0.00000   0.22559   0.00000   0.01795   0.04912   0.02758   0.02699   0.14153   0.08744   0.03067   0.16369   0.14506   6.04697   1.37788   0.92132   1.17953   1.06148  
 30 383.5444   2072.800300  x:  0.13187   0.00000   0.23234   0.06151   0.02683   0.01987   0.03769   0.03847   0.07108   0.12835   0.02632   0.18556   0.00000   0.20136   0.00000   0.01696   0.05048   0.02796   0.02684   0.14167   0.08930   0.03043   0.17948   0.15050   6.10453   1.38388   0.92684   1.18931   1.07268  
 31 31.2814   2069.215254  x:  0.12528   0.00000   0.21500   0.06383   0.02199   0.01728   0.03691   0.03841   0.07084   0.13738   0.02798   0.18808   0.00000   0.20533   0.00000   0.01465   0.04766   0.02909   0.02471   0.14379   0.08554   0.03072   0.17582   0.14391   6.62356   1.71372   1.14182   1.44714   1.17351  
 32 23.4948   2066.690794  x:  0.12547   0.00000   0.22594   0.05649   0.04151   0.01174   0.03760   0.04315   0.07497   0.14680   0.02610   0.19289   0.00000   0.21055   0.00000   0.03026   0.05902   0.02809   0.02707   0.14542   0.09250   0.03166   0.18738   0.14410   7.16179   1.77783   1.15590   1.44133   1.20217  
 33  0.6103   2065.693707  x:  0.12605   0.00000   0.23641   0.04918   0.03904   0.02314   0.03746   0.04556   0.07759   0.14868   0.02388   0.19353   0.00000   0.22044   0.00000   0.02875   0.06607   0.02357   0.02431   0.14560   0.09435   0.03150   0.19212   0.14467   7.62302   1.79170   1.14048   1.40836   1.19985  
 34  0.5365   2064.755278  x:  0.12444   0.00000   0.24439   0.04894   0.03843   0.01758   0.03725   0.04479   0.07671   0.14302   0.02805   0.19252   0.00000   0.22775   0.00000   0.01863   0.06550   0.02386   0.02276   0.14178   0.09283   0.03203   0.19091   0.14307   8.52192   1.76248   1.11267   1.37735   1.18979  
 35  0.4695   2064.378082  x:  0.12488   0.00000   0.23896   0.05170   0.03430   0.01654   0.03728   0.04369   0.07626   0.14063   0.02807   0.19402   0.00000   0.22124   0.00000   0.02504   0.06300   0.02408   0.02453   0.14289   0.09208   0.03183   0.19049   0.14351   9.07179   1.74746   1.12453   1.40995   1.17918  
 36  0.3207   2064.247854  x:  0.12643   0.00000   0.23390   0.05164   0.03770   0.01793   0.03755   0.04408   0.07613   0.14193   0.02574   0.19352   0.00000   0.21925   0.00000   0.02336   0.06169   0.02469   0.02510   0.14377   0.09328   0.03172   0.18971   0.14505   9.41059   1.75382   1.11963   1.40433   1.14942  
 37  0.1972   2064.239789  x:  0.12562   0.00000   0.23438   0.05173   0.03697   0.01804   0.03731   0.04387   0.07619   0.14271   0.02630   0.19267   0.00000   0.21828   0.00000   0.02325   0.06271   0.02445   0.02503   0.14363   0.09247   0.03167   0.18891   0.14425   9.43459   1.75557   1.11973   1.40202   1.14102  
 38  0.0199   2064.238808  x:  0.12591   0.00000   0.23386   0.05174   0.03697   0.01799   0.03738   0.04394   0.07621   0.14301   0.02651   0.19279   0.00000   0.21825   0.00000   0.02325   0.06273   0.02448   0.02491   0.14353   0.09262   0.03169   0.18926   0.14454   9.41596   1.75656   1.12153   1.40489   1.13781  
 39  0.0127   2064.238712  x:  0.12582   0.00000   0.23394   0.05168   0.03699   0.01795   0.03737   0.04395   0.07619   0.14305   0.02643   0.19286   0.00000   0.21812   0.00000   0.02327   0.06268   0.02448   0.02487   0.14358   0.09264   0.03169   0.18921   0.14444   9.40626   1.75685   1.12133   1.40488   1.13710  
 40  0.0076   2064.238708  x:  0.12583   0.00000   0.23394   0.05170   0.03698   0.01795   0.03737   0.04395   0.07620   0.14303   0.02641   0.19285   0.00000   0.21816   0.00000   0.02327   0.06268   0.02448   0.02487   0.14359   0.09263   0.03169   0.18922   0.14446   9.40513   1.75676   1.12129   1.40475   1.13699  
 41  0.0010   2064.238708  x:  0.12583   0.00000   0.23395   0.05170   0.03698   0.01795   0.03737   0.04395   0.07620   0.14302   0.02642   0.19285   0.00000   0.21817   0.00000   0.02327   0.06267   0.02448   0.02488   0.14359   0.09263   0.03169   0.18922   0.14446   9.40511   1.75676   1.12130   1.40476   1.13697  
 42  0.0000   2064.238708  x:  0.12583   0.00000   0.23395   0.05170   0.03698   0.01795   0.03737   0.04395   0.07620   0.14302   0.02642   0.19285   0.00000   0.21817   0.00000   0.02327   0.06267   0.02448   0.02488   0.14359   0.09263   0.03169   0.18922   0.14446   9.40511   1.75676   1.12130   1.40476   1.13697  
 43  0.0000   2064.238708  x:  0.12583   0.00000   0.23395   0.05170   0.03698   0.01795   0.03737   0.04395   0.07620   0.14302   0.02642   0.19285   0.00000   0.21817   0.00000   0.02327   0.06267   0.02448   0.02488   0.14359   0.09263   0.03169   0.18922   0.14446   9.40511   1.75676   1.12130   1.40476   1.13697  