

TREE # 1

  0  0.0000   2096.179135  x:  0.05945   0.00000   0.10521   0.01832   0.07068   0.06340   0.06062   0.04851   0.09041   0.07192   0.06270   0.12842   0.00986   0.05593   0.02296   0.07378   0.04603   0.05686   0.05696   0.07347   0.08795   0.04716   0.11322   0.07807   2.00000   1.53240   1.07098   1.39081   0.40000  
  1 99.0000   2096.177805  x:  0.05945   0.00000   0.10521   0.01832   0.07068   0.06340   0.06062   0.04851   0.09041   0.07192   0.06270   0.12842   0.00986   0.05593   0.02296   0.07378   0.04603   0.05686   0.05696   0.07347   0.08795   0.04716   0.11322   0.07807   2.00000   1.53240   1.07098   1.39081   0.40000  
  2 440.9083   2090.599759  x:  0.06048   0.00000   0.10768   0.01913   0.06814   0.05437   0.06138   0.04717   0.08960   0.07301   0.05777   0.13298   0.00000   0.05028   0.02105   0.06979   0.03626   0.05718   0.05550   0.07460   0.08651   0.04372   0.11736   0.07909   2.00319   1.53199   1.07164   1.39107   0.40659  
  3 446.4904   2083.213979  x:  0.05366   0.00000   0.10492   0.02148   0.06431   0.02383   0.05911   0.04748   0.08846   0.06492   0.04656   0.13765   0.00000   0.05020   0.04046   0.06087   0.00368   0.05309   0.05509   0.07303   0.08512   0.03512   0.11672   0.07224   2.01638   1.53037   1.07430   1.39231   0.42789  
  4 408.0055   2081.686878  x:  0.05201   0.00000   0.10275   0.02179   0.06324   0.00833   0.05808   0.04833   0.08834   0.06234   0.04172   0.13841   0.00000   0.05269   0.04100   0.05669   0.01006   0.05232   0.05566   0.07222   0.08510   0.03283   0.11486   0.07058   2.02595   1.52926   1.07606   1.39330   0.44106  
  5 162.7936   2077.625257  x:  0.05207   0.00000   0.09012   0.02019   0.06516   0.01409   0.05546   0.05631   0.09152   0.05852   0.02780   0.13362   0.00000   0.06813   0.02357   0.04093   0.00639   0.05236   0.06040   0.06749   0.08919   0.03240   0.09991   0.07049   2.08614   1.52265   1.08657   1.39970   0.51242  
  6 125.0154   2071.607104  x:  0.06096   0.00000   0.09185   0.01925   0.06995   0.03026   0.05806   0.06154   0.09653   0.07437   0.04739   0.12413   0.00000   0.05505   0.05106   0.04504   0.01834   0.05728   0.06376   0.06991   0.10034   0.03162   0.10072   0.07905   2.22869   1.50801   1.11065   1.41464   0.65054  
  7 230.5188   2067.476122  x:  0.05012   0.00000   0.10779   0.01598   0.07118   0.02794   0.05830   0.05071   0.09427   0.06229   0.07168   0.12254   0.00000   0.06731   0.03851   0.07702   0.01467   0.05160   0.05859   0.07520   0.10304   0.04440   0.12097   0.06793   2.34456   1.49829   1.12916   1.42576   0.70923  
  8 189.4262   2061.101440  x:  0.07072   0.00000   0.09869   0.02606   0.07306   0.01132   0.05553   0.03678   0.08393   0.06524   0.08945   0.12668   0.00000   0.07235   0.02651   0.10894   0.00350   0.05887   0.05337   0.06543   0.08986   0.04531   0.10047   0.08801   2.55416   1.48613   1.15929   1.44382   0.71500  
  9 150.0832   2042.791709  x:  0.06786   0.00000   0.08606   0.00561   0.05852   0.02583   0.07154   0.04137   0.06282   0.07565   0.05285   0.17371   0.00000   0.07800   0.03775   0.12228   0.01206   0.06067   0.04505   0.07356   0.03880   0.02133   0.10714   0.08360   3.16790   1.45712   1.24184   1.49447   0.67855  
 10 465.9514   2031.787553  x:  0.06809   0.00000   0.09443   0.04321   0.05192   0.03136   0.07769   0.05044   0.06551   0.08844   0.01468   0.19733   0.00000   0.08589   0.04936   0.10728   0.01662   0.06216   0.04813   0.08290   0.04466   0.04165   0.12677   0.08264   3.63392   1.43869   1.30045   1.53244   0.63996  
 11 1416.6432   2016.938035  x:  0.07632   0.00000   0.11799   0.01964   0.05306   0.01951   0.07150   0.06388   0.09460   0.09436   0.03413   0.20476   0.00000   0.09506   0.04839   0.03038   0.01086   0.06410   0.06064   0.08975   0.09091   0.04444   0.15189   0.08954   4.15389   1.42722   1.35642   1.57282   0.58200  
 12 900.0876   2015.241546  x:  0.07978   0.00000   0.12583   0.01238   0.05647   0.01888   0.06561   0.05827   0.10103   0.09466   0.01955   0.18528   0.00000   0.09510   0.04870   0.03237   0.01052   0.06482   0.05678   0.08796   0.10348   0.03212   0.15826   0.09283   4.21231   1.43594   1.35197   1.57510   0.57570  
 13 144.7546   2014.651904  x:  0.07907   0.00000   0.12689   0.01837   0.05542   0.01952   0.06738   0.05613   0.10071   0.09573   0.02120   0.17499   0.00000   0.09802   0.04760   0.02792   0.01069   0.06503   0.05299   0.08830   0.10168   0.02218   0.16256   0.09205   4.23442   1.44668   1.34222   1.57415   0.57453  
 14 85.3326   2013.534967  x:  0.07903   0.00000   0.12420   0.01532   0.05014   0.01614   0.07405   0.05535   0.09689   0.10086   0.02075   0.15573   0.00000   0.09763   0.04742   0.02115   0.00879   0.06643   0.04877   0.08932   0.09233   0.03090   0.16823   0.09187   4.27750   1.48273   1.30653   1.56854   0.57479  
 15 89.6989   2011.235172  x:  0.08089   0.00000   0.11904   0.01502   0.04718   0.01055   0.07720   0.07503   0.10126   0.10815   0.02228   0.15832   0.00000   0.09986   0.04335   0.03052   0.00500   0.06639   0.06719   0.09447   0.09170   0.02755   0.17664   0.09337   4.36962   1.57900   1.20765   1.55135   0.57867  
 16 133.8258   2009.431617  x:  0.08453   0.00000   0.12474   0.01643   0.05344   0.01584   0.06516   0.06632   0.10035   0.09711   0.02182   0.18150   0.00000   0.10021   0.04788   0.02537   0.00841   0.06506   0.05907   0.08942   0.09216   0.02939   0.17489   0.09674   4.43930   1.65746   1.12584   1.53517   0.58493  
 17 178.6331   2009.246107  x:  0.08180   0.00000   0.12533   0.01563   0.05104   0.01588   0.07161   0.06139   0.10146   0.10073   0.02173   0.18588   0.00000   0.10111   0.04781   0.02604   0.00844   0.06655   0.05512   0.08983   0.09850   0.02881   0.16928   0.09397   4.44529   1.66522   1.11813   1.53151   0.58567  
 18 30.1710   2009.160100  x:  0.08095   0.00000   0.12617   0.01536   0.05317   0.01569   0.06987   0.05743   0.09832   0.10506   0.02165   0.18626   0.00000   0.10187   0.04754   0.02532   0.00824   0.06328   0.05766   0.09363   0.09896   0.02865   0.16755   0.09308   4.44418   1.66645   1.11870   1.52381   0.58666  
 19  5.9391   2008.331808  x:  0.08283   0.00000   0.13222   0.01496   0.05216   0.01594   0.06871   0.05658   0.08569   0.10238   0.02194   0.18796   0.00000   0.10506   0.04820   0.02523   0.00784   0.07875   0.06077   0.09890   0.10099   0.02806   0.17060   0.09441   4.42065   1.66893   1.13601   1.43300   0.59820  
 20 14.5816   2007.502776  x:  0.08919   0.00000   0.13304   0.01497   0.05168   0.01536   0.07436   0.05843   0.09329   0.10374   0.02259   0.19132   0.00000   0.10805   0.04839   0.02701   0.00788   0.06576   0.05373   0.09377   0.09791   0.02878   0.17729   0.10023   4.39624   1.66759   1.15076   1.34912   0.60959  
 21 91.1277   2007.218287  x:  0.08695   0.00000   0.13016   0.01516   0.05235   0.01474   0.06925   0.05254   0.10460   0.11013   0.02321   0.19327   0.00000   0.10950   0.04804   0.02750   0.00743   0.07139   0.05423   0.09072   0.09199   0.02967   0.18164   0.09778   4.38564   1.65894   1.14743   1.33585   0.61372  
 22 17.9759   2004.120763  x:  0.10385   0.00000   0.14132   0.01414   0.04107   0.01331   0.07622   0.03527   0.10319   0.10690   0.02362   0.19987   0.00000   0.12157   0.04948   0.02858   0.00559   0.07238   0.05431   0.11061   0.08160   0.02895   0.19679   0.11244   4.26029   1.50719   1.04437   1.32779   0.65604  
 23 20.0132   2003.303863  x:  0.10434   0.00000   0.14663   0.01301   0.05316   0.01028   0.07706   0.04196   0.09409   0.11637   0.02432   0.20277   0.00000   0.12577   0.04812   0.02928   0.00385   0.07478   0.04446   0.10654   0.08092   0.02909   0.20258   0.11233   4.22670   1.46665   1.01674   1.32782   0.66720  
 24 133.4761   2003.106514  x:  0.10392   0.00000   0.14851   0.01254   0.04976   0.01071   0.07645   0.04083   0.08725   0.12050   0.02465   0.20387   0.00000   0.12699   0.04801   0.02905   0.00399   0.07329   0.04746   0.09512   0.08273   0.02870   0.20632   0.11177   4.21970   1.45931   1.01199   1.32964   0.66994  
 25 30.6850   2002.546413  x:  0.10645   0.00000   0.13242   0.01198   0.05275   0.01093   0.07642   0.03424   0.08108   0.11999   0.02584   0.20772   0.00000   0.12741   0.04774   0.03023   0.00414   0.07318   0.04276   0.09628   0.09019   0.02900   0.21847   0.11408   4.22970   1.51783   1.06264   1.38831   0.67806  
 26  4.7857   2001.263904  x:  0.10827   0.00000   0.16180   0.01246   0.05264   0.01030   0.07772   0.03387   0.08472   0.12324   0.02647   0.21024   0.00000   0.13182   0.04744   0.03242   0.00394   0.07341   0.04184   0.09204   0.07703   0.03019   0.20973   0.11536   4.25988   1.66760   1.19145   1.53569   0.69893  
 27 81.4877   2001.227698  x:  0.10810   0.00000   0.16183   0.01245   0.04962   0.01040   0.07467   0.03530   0.08444   0.12432   0.02689   0.21011   0.00000   0.13195   0.04726   0.03285   0.00394   0.07295   0.03969   0.09302   0.07754   0.03027   0.20914   0.11520   4.26507   1.66811   1.19200   1.53632   0.69928  
 28  4.4697   1993.787679  x:  0.10597   0.00000   0.17701   0.01530   0.06065   0.01048   0.07121   0.01832   0.07095   0.10721   0.03726   0.17545   0.00000   0.11620   0.03433   0.05213   0.00728   0.07064   0.03387   0.08836   0.07193   0.03624   0.20326   0.11507   5.69534   1.54157   1.11014   1.45236   0.76489  
 29 12.4417   1987.649447  x:  0.11504   0.00000   0.16525   0.01076   0.05356   0.00597   0.07480   0.05094   0.08369   0.09871   0.03941   0.20348   0.00000   0.11540   0.02202   0.04962   0.00516   0.07336   0.05341   0.09594   0.08351   0.02863   0.22669   0.12378   6.92828   1.52794   1.18198   1.49889   0.85889  
 30  2.4800   1984.918878  x:  0.11781   0.00000   0.16052   0.01228   0.04828   0.01631   0.07661   0.04671   0.08845   0.11236   0.02841   0.23772   0.00000   0.12082   0.03531   0.04265   0.00176   0.07492   0.04744   0.09304   0.07796   0.02529   0.23339   0.12521   7.74895   1.57655   1.19416   1.50078   0.92058  
 31  0.6502   1983.921219  x:  0.11955   0.00000   0.15918   0.01221   0.05078   0.01413   0.07768   0.04192   0.08388   0.12400   0.02406   0.24413   0.00000   0.12243   0.03347   0.04193   0.00895   0.07683   0.04212   0.09626   0.07074   0.02801   0.22865   0.12661   8.44813   1.57640   1.17477   1.48617   0.94706  
 32  0.6132   1983.266464  x:  0.11810   0.00000   0.15712   0.01008   0.05035   0.00768   0.07670   0.03517   0.08128   0.12144   0.02567   0.24190   0.00000   0.11829   0.03145   0.04026   0.00653   0.07573   0.04301   0.09648   0.07210   0.02809   0.22079   0.12577   9.03199   1.56354   1.16589   1.47371   0.95536  
 33  0.6067   1982.919630  x:  0.11785   0.00000   0.15520   0.01158   0.05225   0.01139   0.07748   0.03520   0.07810   0.11641   0.02873   0.23107   0.00000   0.11549   0.02804   0.04187   0.00474   0.07522   0.04538   0.09626   0.07246   0.02838   0.21638   0.12619   9.50392   1.55461   1.16556   1.48351   0.95693  
 34  0.4603   1982.787612  x:  0.11951   0.00000   0.15424   0.01149   0.05202   0.01094   0.07779   0.03602   0.08266   0.11568   0.02707   0.22792   0.00000   0.11737   0.03137   0.04050   0.00387   0.07577   0.04425   0.09371   0.07407   0.02681   0.21606   0.12781   9.89894   1.56915   1.17632   1.50178   0.95552  
 35  0.2526   1982.735859  x:  0.12083   0.00000   0.15493   0.01169   0.05136   0.01067   0.07711   0.03714   0.08080   0.11900   0.02718   0.22720   0.00000   0.12137   0.03128   0.04067   0.00471   0.07625   0.04445   0.09485   0.07295   0.02763   0.21701   0.12885  10.10371   1.57118   1.17714   1.50051   0.94677  
 36  0.1299   1982.723236  x:  0.12036   0.00000   0.15535   0.01114   0.05182   0.01070   0.07730   0.03677   0.08140   0.11806   0.02753   0.22764   0.00000   0.12254   0.03051   0.04056   0.00450   0.07593   0.04439   0.09503   0.07365   0.02763   0.21674   0.12840  10.17421   1.56405   1.17263   1.49303   0.93746  
 37  0.0464   1982.719988  x:  0.11980   0.00000   0.15538   0.01160   0.05181   0.01064   0.07733   0.03680   0.08115   0.11710   0.02740   0.22831   0.00000   0.12276   0.03085   0.04073   0.00447   0.07570   0.04454   0.09488   0.07344   0.02769   0.21703   0.12786  10.16603   1.56434   1.17202   1.49324   0.93316  
 38  0.0078   1982.719385  x:  0.11957   0.00000   0.15549   0.01145   0.05174   0.01073   0.07725   0.03679   0.08124   0.11711   0.02732   0.22860   0.00000   0.12286   0.03091   0.04081   0.00455   0.07573   0.04453   0.09490   0.07348   0.02759   0.21740   0.12762  10.15242   1.56576   1.17296   1.49515   0.93252  
 39  0.0130   1982.719281  x:  0.11942   0.00000   0.15550   0.01145   0.05174   0.01070   0.07728   0.03677   0.08118   0.11722   0.02734   0.22851   0.00000   0.12283   0.03088   0.04088   0.00452   0.07574   0.04448   0.09496   0.07339   0.02761   0.21758   0.12747  10.15537   1.56574   1.17329   1.49550   0.93278  
 40  0.0020   1982.719260  x:  0.11937   0.00000   0.15552   0.01145   0.05175   0.01070   0.07731   0.03678   0.08120   0.11721   0.02735   0.22846   0.00000   0.12279   0.03090   0.04088   0.00453   0.07573   0.04449   0.09497   0.07346   0.02760   0.21764   0.12743  10.15927   1.56566   1.17317   1.49526   0.93299  
 41  0.0025   1982.719257  x:  0.11938   0.00000   0.15554   0.01145   0.05174   0.01070   0.07729   0.03677   0.08121   0.11720   0.02735   0.22847   0.00000   0.12278   0.03090   0.04086   0.00453   0.07572   0.04449   0.09497   0.07343   0.02761   0.21767   0.12743  10.16076   1.56568   1.17314   1.49524   0.93306  
 42  0.0011   1982.719257  x:  0.11938   0.00000   0.15555   0.01145   0.05174   0.01070   0.07729   0.03677   0.08120   0.11720   0.02734   0.22848   0.00000   0.12278   0.03090   0.04086   0.00453   0.07573   0.04449   0.09497   0.07344   0.02761   0.21768   0.12743  10.16072   1.56568   1.17315   1.49526   0.93306  
 43  0.0000   1982.719257  x:  0.11938   0.00000   0.15555   0.01145   0.05174   0.01070   0.07729   0.03677   0.08120   0.11720   0.02735   0.22848   0.00000   0.12277   0.03090   0.04086   0.00453   0.07573   0.04449   0.09497   0.07344   0.02761   0.21768   0.12743  10.16058   1.56568   1.17316   1.49527   0.93304  
 44  0.0001   1982.719257  x:  0.11938   0.00000   0.15555   0.01145   0.05174   0.01070   0.07729   0.03677   0.08120   0.11720   0.02735   0.22848   0.00000   0.12277   0.03090   0.04086   0.00453   0.07573   0.04449   0.09497   0.07344   0.02761   0.21768   0.12743  10.16062   1.56568   1.17315   1.49526   0.93303  
 45  0.0000   1982.719257  x:  0.11938   0.00000   0.15555   0.01145   0.05174   0.01070   0.07729   0.03677   0.08120   0.11720   0.02735   0.22848   0.00000   0.12277   0.03090   0.04086   0.00453   0.07573   0.04449   0.09497   0.07344   0.02761   0.21768   0.12743  10.16064   1.56568   1.17315   1.49526   0.93303  
 46  0.0000   1982.719257  x:  0.11938   0.00000   0.15555   0.01145   0.05174   0.01070   0.07729   0.03677   0.08120   0.11720   0.02735   0.22848   0.00000   0.12277   0.03090   0.04086   0.00453   0.07573   0.04449   0.09497   0.07344   0.02761   0.21768   0.12743  10.16066   1.56568   1.17315   1.49526   0.93303  
 47  0.0000   1982.719257  x:  0.11938   0.00000   0.15555   0.01145   0.05174   0.01070   0.07729   0.03677   0.08120   0.11720   0.02735   0.22848   0.00000   0.12277   0.03090   0.04086   0.00453   0.07573   0.04449   0.09497   0.07344   0.02761   0.21768   0.12744  10.16066   1.56568   1.17315   1.49526   0.93303  