

TREE # 1

  0  0.0000   2080.647406  x:  0.20925   0.02571   0.03211   0.02495   0.05815   0.02188   0.05666   0.08536   0.02661   0.17168   0.20925   0.02571   0.03211   0.02495   0.05815   0.02188   0.05666   0.08536   0.02661   0.17168   0.21568   8.40433   1.62717   1.02287   1.48541   1.00000  
  1 99.0000   2036.265498  x:  0.20632   0.00837   0.01813   0.05133   0.06776   0.02371   0.07334   0.08996   0.02403   0.17904   0.19161   0.00608   0.21076   0.09455   0.05789   0.00711   0.04828   0.10736   0.02727   0.16892   0.21671   8.40382   1.62763   1.01928   1.48794   1.00146  
  2 866.9892   2034.718414  x:  0.20449   0.01971   0.01910   0.04838   0.07048   0.02192   0.07746   0.09214   0.02592   0.18384   0.18008   0.00207   0.21642   0.09119   0.05843   0.01959   0.04345   0.11238   0.01738   0.16691   0.21723   8.40343   1.62787   1.01679   1.48980   1.00248  
  3 149.2400   2033.032736  x:  0.20120   0.01684   0.01921   0.04309   0.07420   0.02042   0.08283   0.09540   0.02602   0.19211   0.15939   0.00179   0.21933   0.08149   0.05830   0.01540   0.03815   0.12054   0.00580   0.16344   0.21816   8.40269   1.62831   1.01211   1.49334   1.00439  
  4 142.5042   2031.300060  x:  0.19521   0.01579   0.01963   0.03623   0.07979   0.01954   0.09092   0.10054   0.02645   0.20674   0.12231   0.00198   0.22343   0.06512   0.05826   0.01383   0.03231   0.13411   0.01592   0.15740   0.21990   8.40123   1.62917   1.00307   1.50017   1.00806  
  5 231.1188   2030.927806  x:  0.19411   0.01522   0.01940   0.03844   0.07958   0.02079   0.09073   0.10066   0.02608   0.20908   0.11575   0.00000   0.22275   0.06468   0.05820   0.01421   0.03564   0.13528   0.01607   0.15663   0.22026   8.40083   1.62940   1.00075   1.50193   1.00904  
  6 86.8973   2030.771934  x:  0.19280   0.01675   0.01962   0.03847   0.07728   0.01656   0.08795   0.09933   0.02660   0.21117   0.11063   0.00000   0.22147   0.06724   0.05802   0.01202   0.03656   0.13612   0.01657   0.15668   0.22086   8.39993   1.62997   0.99592   1.50563   1.01107  
  7 38.9576   2030.566256  x:  0.19051   0.01490   0.01953   0.03568   0.07321   0.01897   0.08212   0.09620   0.02680   0.21421   0.10511   0.00000   0.21917   0.07208   0.05787   0.01215   0.03230   0.13730   0.01726   0.15769   0.22212   8.39771   1.63138   0.98445   1.51444   1.01597  
  8 43.4194   2030.139644  x:  0.18600   0.01204   0.02030   0.03831   0.07666   0.01745   0.08351   0.09444   0.02330   0.21821   0.10943   0.00000   0.21816   0.06675   0.05834   0.01118   0.03130   0.14024   0.01894   0.16159   0.22516   8.38903   1.63672   0.94351   1.54664   1.03430  
  9 29.4261   2030.053703  x:  0.18558   0.01328   0.01933   0.03698   0.07718   0.01900   0.08435   0.09488   0.02563   0.21826   0.11044   0.00000   0.21827   0.06595   0.05807   0.00944   0.03267   0.14037   0.01915   0.16187   0.22540   8.38691   1.63789   0.93482   1.55383   1.03854  
 10 75.0334   2030.014569  x:  0.18603   0.01206   0.01884   0.03538   0.07684   0.01833   0.08500   0.09585   0.02695   0.21731   0.11072   0.00000   0.21847   0.06614   0.05765   0.01044   0.03394   0.13982   0.01912   0.16129   0.22500   8.38554   1.63848   0.93083   1.55766   1.04099  
 11 34.4603   2029.930018  x:  0.18902   0.01314   0.02086   0.03475   0.07466   0.01871   0.08654   0.09950   0.02535   0.21229   0.11034   0.00000   0.21899   0.06755   0.05639   0.01056   0.03380   0.13664   0.01863   0.15783   0.22246   8.38111   1.63991   0.92247   1.56772   1.04809  
 12 24.8604   2029.894117  x:  0.19041   0.01358   0.01877   0.03628   0.07434   0.01839   0.08642   0.09995   0.02577   0.20994   0.11016   0.00000   0.21907   0.06768   0.05675   0.01089   0.03248   0.13533   0.01832   0.15635   0.22115   8.37871   1.64055   0.91956   1.57232   1.05161  
 13 28.7941   2029.864499  x:  0.19130   0.01389   0.02007   0.03678   0.07587   0.01834   0.08483   0.09746   0.02697   0.20830   0.11045   0.00000   0.21987   0.06754   0.05842   0.01138   0.03257   0.13508   0.01781   0.15585   0.21994   8.37538   1.64123   0.91860   1.57708   1.05583  
 14 13.2756   2029.850585  x:  0.19134   0.01419   0.01974   0.03639   0.07620   0.01836   0.08450   0.09671   0.02642   0.20815   0.11065   0.00152   0.22009   0.06758   0.05845   0.01151   0.03291   0.13519   0.01767   0.15599   0.21973   8.37421   1.64145   0.91877   1.57845   1.05718  
 15 18.4363   2029.833176  x:  0.19102   0.01488   0.01911   0.03572   0.07708   0.01838   0.08429   0.09501   0.02545   0.20847   0.11127   0.00065   0.22042   0.06810   0.05790   0.01184   0.03345   0.13494   0.01733   0.15683   0.21945   8.37035   1.64214   0.91998   1.58256   1.06144  
 16 14.1941   2029.793289  x:  0.18898   0.01521   0.01966   0.03690   0.07620   0.01838   0.08572   0.09477   0.02658   0.21135   0.11291   0.00138   0.22030   0.06932   0.05519   0.01238   0.03294   0.13460   0.01692   0.15978   0.22022   8.36093   1.64383   0.92543   1.59091   1.07094  
 17 19.2095   2029.747832  x:  0.18708   0.01550   0.01954   0.03669   0.07463   0.01846   0.08599   0.09731   0.02631   0.21407   0.11417   0.00156   0.22047   0.06996   0.05918   0.01246   0.03316   0.13344   0.01671   0.16170   0.22160   8.34768   1.64653   0.93369   1.60148   1.08337  
 18 23.1710   2029.658073  x:  0.18792   0.01478   0.01955   0.03633   0.07717   0.01833   0.08201   0.09948   0.02631   0.21329   0.11292   0.00179   0.22105   0.06775   0.05699   0.01193   0.03305   0.13101   0.01732   0.15809   0.22367   8.31666   1.65436   0.95334   1.62231   1.10878  
 19 19.8625   2029.607781  x:  0.18999   0.01406   0.01952   0.03619   0.07609   0.01845   0.08625   0.09604   0.02628   0.21078   0.11136   0.00180   0.21977   0.06830   0.05769   0.01135   0.03290   0.13288   0.01794   0.15597   0.22294   8.29694   1.66072   0.96417   1.63328   1.12216  
 20 26.4006   2029.571347  x:  0.19164   0.01403   0.01940   0.03653   0.07536   0.01861   0.08466   0.09768   0.02609   0.20830   0.11101   0.00088   0.21939   0.06796   0.05739   0.01139   0.03346   0.13860   0.01802   0.15893   0.21843   8.27656   1.67127   0.96900   1.63855   1.12778  
 21  8.8265   2029.368105  x:  0.18740   0.01355   0.01944   0.03645   0.07857   0.01854   0.08630   0.09770   0.02618   0.21014   0.10807   0.00214   0.21894   0.06947   0.05769   0.01101   0.03296   0.13033   0.01838   0.16081   0.21089   8.14502   1.74746   0.98480   1.65180   1.13526  
 22 14.1657   2029.268902  x:  0.18795   0.01411   0.01936   0.03696   0.07330   0.01886   0.08451   0.09548   0.02601   0.21074   0.11011   0.00110   0.22091   0.06637   0.05717   0.01160   0.03421   0.13190   0.01787   0.15633   0.21710   8.07839   1.78123   0.99123   1.65989   1.13662  
 23 49.8904   2029.219981  x:  0.18968   0.01417   0.01930   0.03740   0.07623   0.01890   0.08473   0.09711   0.02600   0.21030   0.11062   0.00116   0.21908   0.06989   0.05742   0.01164   0.03413   0.13494   0.01787   0.15450   0.22340   8.04259   1.79382   0.99416   1.66488   1.13409  
 24 30.4097   2029.018417  x:  0.19550   0.01408   0.01929   0.03755   0.07582   0.01903   0.08550   0.09658   0.02596   0.20297   0.10416   0.00136   0.22034   0.06793   0.05738   0.01170   0.03455   0.13027   0.01787   0.16665   0.23343   7.88119   1.80915   1.00543   1.69476   1.10508  
 25 18.7914   2028.300677  x:  0.18572   0.01344   0.01899   0.03978   0.07464   0.02006   0.08391   0.09632   0.02552   0.20708   0.10543   0.00061   0.21926   0.06989   0.05707   0.01168   0.03719   0.13162   0.01816   0.15565   0.22112   7.30961   1.83930   1.04233   1.79998   0.99960  
 26 97.8335   2028.102114  x:  0.20351   0.01308   0.01892   0.04036   0.07441   0.02029   0.08334   0.09586   0.02540   0.22140   0.10602   0.00091   0.21910   0.07034   0.05721   0.01151   0.03777   0.12913   0.01844   0.15560   0.21715   7.13183   1.82973   1.03728   1.79288   0.99929  
 27 19.7956   2026.511077  x:  0.19043   0.01183   0.01856   0.04457   0.07319   0.02219   0.08179   0.09544   0.02444   0.21353   0.09788   0.00091   0.21771   0.07272   0.05706   0.01147   0.04253   0.12768   0.01950   0.15607   0.21967   5.82865   1.73453   0.98261   1.68716   1.04302  
 28 95.4960   2026.378755  x:  0.18752   0.01226   0.01865   0.04436   0.07340   0.02209   0.08209   0.09555   0.02487   0.21061   0.10176   0.00116   0.21835   0.07282   0.05720   0.01150   0.04245   0.12896   0.01947   0.15685   0.21988   5.98132   1.67224   0.95210   1.62060   1.05170  
 29  0.2263   2026.373170  x:  0.18729   0.01244   0.01869   0.04390   0.07355   0.02188   0.08236   0.09559   0.02507   0.21022   0.10279   0.00109   0.21907   0.07249   0.05720   0.01150   0.04218   0.12991   0.01953   0.15664   0.21992   5.92357   1.66969   0.95251   1.61718   1.04670  
 30  0.0615   2026.371897  x:  0.18719   0.01239   0.01871   0.04356   0.07362   0.02174   0.08246   0.09562   0.02505   0.21044   0.10227   0.00102   0.21993   0.07233   0.05719   0.01148   0.04192   0.13018   0.01970   0.15636   0.21995   5.94033   1.67070   0.95354   1.61798   1.04585  
 31  0.0099   2026.370977  x:  0.18733   0.01234   0.01868   0.04362   0.07356   0.02178   0.08236   0.09558   0.02500   0.21040   0.10241   0.00103   0.22120   0.07270   0.05721   0.01147   0.04190   0.12982   0.01979   0.15657   0.21991   5.93446   1.67021   0.95275   1.61760   1.04700  
 32  0.0025   2026.370843  x:  0.18727   0.01238   0.01868   0.04375   0.07359   0.02182   0.08242   0.09561   0.02503   0.21039   0.10239   0.00098   0.22146   0.07270   0.05720   0.01148   0.04198   0.13010   0.01974   0.15651   0.21991   5.93662   1.67036   0.95303   1.61789   1.04678  
 33  0.0017   2026.370834  x:  0.18728   0.01236   0.01868   0.04376   0.07360   0.02181   0.08243   0.09561   0.02503   0.21039   0.10242   0.00099   0.22149   0.07269   0.05720   0.01146   0.04199   0.13007   0.01972   0.15651   0.21993   5.93666   1.67035   0.95308   1.61779   1.04658  
 34  0.0002   2026.370833  x:  0.18727   0.01236   0.01868   0.04376   0.07360   0.02181   0.08243   0.09561   0.02503   0.21040   0.10242   0.00099   0.22150   0.07268   0.05720   0.01146   0.04200   0.13006   0.01971   0.15651   0.21993   5.93655   1.67033   0.95306   1.61777   1.04661  
 35  0.0001   2026.370833  x:  0.18727   0.01236   0.01868   0.04376   0.07360   0.02181   0.08243   0.09561   0.02503   0.21040   0.10242   0.00099   0.22150   0.07268   0.05720   0.01146   0.04200   0.13006   0.01971   0.15651   0.21993   5.93659   1.67034   0.95306   1.61779   1.04662  
 36  0.0000   2026.370833  x:  0.18727   0.01236   0.01868   0.04376   0.07360   0.02181   0.08243   0.09561   0.02503   0.21040   0.10242   0.00099   0.22150   0.07268   0.05720   0.01146   0.04200   0.13006   0.01971   0.15651   0.21993   5.93658   1.67034   0.95306   1.61779   1.04662  
 37  0.0000   2026.370833  x:  0.18727   0.01236   0.01868   0.04376   0.07360   0.02181   0.08243   0.09561   0.02503   0.21040   0.10242   0.00099   0.22150   0.07268   0.05720   0.01146   0.04200   0.13006   0.01971   0.15651   0.21993   5.93658   1.67034   0.95306   1.61779   1.04662  
 38  0.0000   2026.370833  x:  0.18727   0.01236   0.01868   0.04376   0.07360   0.02181   0.08243   0.09561   0.02503   0.21040   0.10242   0.00099   0.22150   0.07268   0.05720   0.01146   0.04200   0.13006   0.01971   0.15651   0.21993   5.93658   1.67034   0.95306   1.61779   1.04662  