

TREE # 1

  0  0.0000   2033.907421  x:  0.20925   0.02571   0.03211   0.02495   0.05815   0.02188   0.05666   0.08536   0.02661   0.17168   0.20925   0.02571   0.03211   0.02495   0.05815   0.02188   0.05666   0.08536   0.02661   0.17168   0.21568   8.40433   1.59515   1.20419   1.55465   1.00000  
  1 99.0000   2012.778658  x:  0.20536   0.02517   0.09561   0.07808   0.05101   0.03724   0.07393   0.08649   0.04055   0.18235   0.20832   0.00000   0.02176   0.01033   0.05758   0.04302   0.05998   0.09018   0.01886   0.16683   0.22710   8.40439   1.59575   1.20280   1.55681   1.00132  
  2 513.6561   2010.484178  x:  0.19805   0.01947   0.10723   0.07576   0.03695   0.03215   0.08305   0.08468   0.03276   0.20380   0.20601   0.00000   0.01871   0.01923   0.05728   0.03432   0.06400   0.09812   0.03612   0.15628   0.25115   8.40454   1.59744   1.19959   1.56190   1.00446  
  3 105.6799   2009.191980  x:  0.19171   0.02160   0.10883   0.06785   0.03555   0.03227   0.08633   0.08360   0.03021   0.22125   0.20313   0.00000   0.01594   0.00838   0.05690   0.03212   0.06499   0.10373   0.03224   0.14737   0.27188   8.40471   1.59932   1.19629   1.56729   1.00783  
  4 113.3085   2008.395322  x:  0.18581   0.02448   0.10903   0.06239   0.03977   0.03487   0.08754   0.08285   0.03216   0.23658   0.20000   0.00000   0.01793   0.01409   0.05687   0.03600   0.06464   0.10748   0.02330   0.13975   0.29112   8.40492   1.60149   1.19266   1.57332   1.01160  
  5 144.5968   2008.178872  x:  0.18349   0.02216   0.10592   0.06511   0.04314   0.03469   0.08521   0.08283   0.03576   0.24109   0.19854   0.00000   0.02250   0.01260   0.05711   0.03830   0.06290   0.10512   0.02631   0.13893   0.29896   8.40511   1.60337   1.18995   1.57808   1.01463  
  6 42.9371   2008.004976  x:  0.18141   0.02060   0.10137   0.07023   0.04350   0.03354   0.08169   0.08379   0.03737   0.24349   0.19721   0.00000   0.01807   0.01321   0.05738   0.03773   0.06132   0.10012   0.02579   0.14049   0.30613   8.40541   1.60632   1.18601   1.58529   1.01925  
  7 38.6765   2007.887387  x:  0.18013   0.02442   0.09968   0.07329   0.04051   0.03456   0.08003   0.08564   0.03539   0.24278   0.19617   0.00000   0.02054   0.01329   0.05721   0.03629   0.06208   0.09685   0.02484   0.14385   0.31067   8.40586   1.61044   1.18103   1.59504   1.02551  
  8 28.4107   2007.619954  x:  0.17892   0.02022   0.10211   0.06962   0.04086   0.03586   0.08040   0.08569   0.03156   0.23539   0.19508   0.00000   0.02031   0.01294   0.05640   0.03980   0.06534   0.09650   0.02447   0.15223   0.31615   8.40746   1.62465   1.16552   1.62755   1.04645  
  9 31.0824   2007.414766  x:  0.17904   0.02322   0.10497   0.06657   0.04241   0.03377   0.08193   0.08471   0.03693   0.22975   0.19480   0.00000   0.01885   0.01315   0.05666   0.03734   0.06425   0.09882   0.02619   0.15511   0.31755   8.40895   1.63728   1.15329   1.65569   1.06464  
 10 76.9224   2007.262747  x:  0.18014   0.02116   0.10362   0.06900   0.04119   0.03417   0.08314   0.08275   0.03596   0.22866   0.19519   0.00000   0.02020   0.01316   0.05743   0.03486   0.05927   0.10221   0.02421   0.14860   0.31277   8.41041   1.64851   1.14649   1.67870   1.07972  
 11 37.7458   2007.161329  x:  0.18117   0.02355   0.10172   0.07024   0.04091   0.03449   0.08273   0.08259   0.03444   0.23026   0.19581   0.00000   0.01868   0.01313   0.05709   0.03817   0.05993   0.10264   0.02626   0.14153   0.30723   8.41166   1.65730   1.14389   1.69540   1.09073  
 12 46.6989   2007.107332  x:  0.18168   0.02253   0.10244   0.07022   0.04146   0.03394   0.08136   0.08333   0.03536   0.23342   0.19606   0.00000   0.01929   0.01312   0.05640   0.03658   0.06409   0.10059   0.02541   0.13858   0.30298   8.41265   1.66333   1.14571   1.70504   1.09715  
 13 23.4653   2007.037837  x:  0.18146   0.02220   0.10469   0.06758   0.04066   0.03501   0.08067   0.08491   0.03556   0.24035   0.19621   0.00000   0.01925   0.01311   0.05724   0.03681   0.06104   0.09709   0.02566   0.14103   0.29763   8.41470   1.67415   1.15637   1.71851   1.10611  
 14 15.0620   2006.958148  x:  0.18049   0.02300   0.10351   0.06947   0.04214   0.03164   0.08245   0.08384   0.03435   0.24501   0.19583   0.00000   0.01952   0.01307   0.05643   0.03739   0.06120   0.09968   0.02512   0.14572   0.29479   8.41775   1.68917   1.17496   1.73453   1.11639  
 15 23.2437   2006.886547  x:  0.17970   0.02304   0.10131   0.07065   0.04242   0.03544   0.08334   0.08234   0.03536   0.24612   0.19526   0.00000   0.01865   0.01316   0.05626   0.03642   0.06277   0.10258   0.02609   0.14814   0.29434   8.42086   1.70414   1.19434   1.74940   1.12554  
 16 50.3900   2006.771297  x:  0.17916   0.02225   0.10142   0.06974   0.03838   0.03428   0.08125   0.08254   0.03753   0.24033   0.19391   0.00000   0.01894   0.01298   0.05775   0.03824   0.06330   0.10331   0.02539   0.14527   0.29814   8.42641   1.72996   1.22805   1.77285   1.13868  
 17 40.3303   2006.697538  x:  0.17923   0.02279   0.10347   0.06956   0.04149   0.03422   0.08062   0.08403   0.03510   0.23526   0.19350   0.00000   0.01875   0.01315   0.05735   0.03676   0.06214   0.10164   0.02611   0.14181   0.30172   8.43028   1.74766   1.25021   1.78814   1.14634  
 18 63.4559   2006.686754  x:  0.18055   0.02271   0.10305   0.06938   0.04125   0.03423   0.08264   0.08357   0.03543   0.23487   0.19476   0.00000   0.01887   0.01313   0.05584   0.03689   0.06197   0.10011   0.02591   0.14139   0.30255   8.43137   1.75193   1.25277   1.79061   1.14552  
 19  6.7776   2006.672574  x:  0.18280   0.02282   0.10285   0.06952   0.04155   0.03415   0.08346   0.08317   0.03520   0.23515   0.19729   0.00000   0.01897   0.01308   0.05814   0.03691   0.06244   0.09953   0.02577   0.14145   0.30351   8.43366   1.76010   1.25501   1.79431   1.14143  
 20  7.0777   2006.643657  x:  0.18510   0.02287   0.10347   0.06967   0.04132   0.03428   0.08041   0.08346   0.03507   0.23599   0.20030   0.00000   0.01892   0.01312   0.05645   0.03686   0.06199   0.10128   0.02583   0.14196   0.30432   8.43918   1.77872   1.25842   1.80218   1.13016  
 21 13.8274   2006.600952  x:  0.18038   0.02286   0.10329   0.06958   0.04127   0.03425   0.08185   0.08364   0.03530   0.23582   0.19529   0.00000   0.01872   0.01307   0.05680   0.03686   0.06208   0.10075   0.02597   0.14161   0.30242   8.44881   1.80757   1.26256   1.81481   1.11003  
 22 13.8877   2006.596630  x:  0.18122   0.02311   0.10366   0.06955   0.04127   0.03423   0.08132   0.08190   0.03503   0.23594   0.19422   0.00000   0.01871   0.01308   0.05678   0.03683   0.06206   0.10034   0.02599   0.14164   0.30249   8.45267   1.80643   1.26391   1.81933   1.10620  
 23  1.3153   2006.586947  x:  0.18234   0.02282   0.10341   0.06965   0.04127   0.03424   0.08180   0.08371   0.03521   0.23608   0.19345   0.00000   0.01864   0.01304   0.05677   0.03686   0.06205   0.10088   0.02600   0.14164   0.30267   8.46261   1.80260   1.26717   1.83046   1.09718  
 24  7.2786   2006.583365  x:  0.18035   0.02286   0.10347   0.06964   0.04125   0.03423   0.08174   0.08340   0.03523   0.23585   0.19536   0.00000   0.01869   0.01303   0.05675   0.03685   0.06206   0.10070   0.02595   0.14152   0.30255   8.46718   1.80115   1.26829   1.83423   1.09424  
 25  3.9432   2006.282699  x:  0.17818   0.02308   0.10955   0.07163   0.04043   0.03482   0.08293   0.08337   0.03444   0.24318   0.19361   0.00000   0.01758   0.01121   0.05657   0.03722   0.06259   0.10161   0.02506   0.14300   0.31323   9.28848   1.81730   1.26931   1.85179   1.13153  
 26  0.9192   2006.260480  x:  0.17961   0.02267   0.11205   0.07356   0.04007   0.03484   0.08302   0.08328   0.03471   0.24111   0.19438   0.00000   0.01802   0.01199   0.05668   0.03731   0.06256   0.10161   0.02593   0.14208   0.31035   9.36059   1.81381   1.26738   1.84489   1.12558  
 27  0.0544   2006.255940  x:  0.17942   0.02281   0.11324   0.07438   0.04046   0.03508   0.08299   0.08330   0.03497   0.24115   0.19433   0.00000   0.01793   0.01167   0.05667   0.03775   0.06250   0.10152   0.02532   0.14210   0.31024   9.34366   1.81140   1.26689   1.84198   1.12389  
 28  0.0113   2006.255263  x:  0.17934   0.02282   0.11369   0.07458   0.04029   0.03509   0.08307   0.08331   0.03485   0.24139   0.19426   0.00000   0.01787   0.01170   0.05666   0.03767   0.06255   0.10155   0.02546   0.14232   0.31059   9.31311   1.81202   1.26738   1.84289   1.12497  
 29  0.0209   2006.255248  x:  0.17938   0.02280   0.11370   0.07456   0.04029   0.03509   0.08307   0.08330   0.03487   0.24139   0.19427   0.00000   0.01790   0.01170   0.05667   0.03768   0.06254   0.10157   0.02545   0.14222   0.31060   9.30999   1.81221   1.26734   1.84302   1.12482  
 30  0.0031   2006.255247  x:  0.17938   0.02280   0.11370   0.07456   0.04029   0.03508   0.08307   0.08330   0.03487   0.24139   0.19427   0.00000   0.01790   0.01170   0.05667   0.03768   0.06254   0.10157   0.02545   0.14222   0.31060   9.30984   1.81221   1.26732   1.84303   1.12480  
 31  0.0002   2006.255247  x:  0.17938   0.02280   0.11370   0.07456   0.04029   0.03508   0.08307   0.08330   0.03487   0.24139   0.19427   0.00000   0.01790   0.01170   0.05667   0.03768   0.06254   0.10157   0.02545   0.14222   0.31060   9.30983   1.81221   1.26732   1.84303   1.12480  
 32  0.0000   2006.255247  x:  0.17938   0.02280   0.11370   0.07456   0.04029   0.03508   0.08307   0.08330   0.03487   0.24139   0.19427   0.00000   0.01790   0.01170   0.05667   0.03768   0.06254   0.10157   0.02545   0.14222   0.31060   9.30983   1.81221   1.26732   1.84303   1.12480  
 33  0.0000   2006.255247  x:  0.17938   0.02280   0.11370   0.07456   0.04029   0.03508   0.08307   0.08330   0.03487   0.24139   0.19427   0.00000   0.01790   0.01170   0.05667   0.03768   0.06254   0.10157   0.02545   0.14222   0.31060   9.30983   1.81221   1.26732   1.84303   1.12480  
 34  0.0000   2006.255247  x:  0.17938   0.02280   0.11370   0.07456   0.04029   0.03508   0.08307   0.08330   0.03487   0.24139   0.19427   0.00000   0.01790   0.01170   0.05667   0.03768   0.06254   0.10157   0.02545   0.14222   0.31060   9.30983   1.81221   1.26732   1.84303   1.12480  
check convergence!
