

TREE # 1

  0  0.0000   2002.031526  x:  0.01972   0.20925   0.02571   0.03211   0.02495   0.05815   0.02188   0.05666   0.08536   0.02661   0.17168   0.20925   0.02571   0.03211   0.02495   0.05815   0.02188   0.05666   0.08536   0.02661   0.17168   0.21568   8.40433   2.02723   1.21585   1.56710   1.00000  
  1 99.0000   1987.635490  x:  0.00588   0.21274   0.02309   0.05106   0.03913   0.06499   0.08452   0.06223   0.09373   0.02643   0.16270   0.20467   0.00899   0.03582   0.05934   0.07505   0.02982   0.06391   0.09723   0.06981   0.16692   0.21010   8.40448   2.02608   1.21487   1.57001   1.00111  
  2 446.7498   1986.605212  x:  0.00333   0.21571   0.02176   0.05300   0.03744   0.06652   0.08135   0.06290   0.09821   0.02672   0.15646   0.20065   0.00000   0.03705   0.05792   0.08043   0.02697   0.06626   0.10291   0.07126   0.16342   0.20604   8.40461   2.02502   1.21443   1.57224   1.00197  
  3 101.6768   1985.198926  x:  0.00000   0.22404   0.01898   0.05777   0.03387   0.07037   0.07419   0.06464   0.10981   0.02753   0.13952   0.18995   0.00484   0.04143   0.05509   0.09402   0.02116   0.07205   0.11784   0.07705   0.15382   0.19485   8.40499   2.02199   1.21314   1.57867   1.00448  
  4 196.5140   1984.742530  x:  0.00916   0.22879   0.01998   0.05837   0.03427   0.07131   0.07200   0.06510   0.11409   0.02785   0.13167   0.18423   0.00478   0.04145   0.05493   0.09822   0.02385   0.07329   0.12319   0.07904   0.14899   0.18896   8.40524   2.02004   1.21234   1.58280   1.00613  
  5 124.7283   1984.385565  x:  0.00653   0.23412   0.02296   0.05526   0.03781   0.06981   0.07107   0.06442   0.11443   0.02568   0.12198   0.17697   0.00506   0.03735   0.05584   0.09612   0.03015   0.07068   0.12401   0.07777   0.14358   0.18105   8.40571   2.01650   1.21096   1.59022   1.00907  
  6 51.7328   1984.155390  x:  0.00771   0.23895   0.02009   0.05300   0.03798   0.06814   0.07391   0.06366   0.11187   0.02692   0.11624   0.17096   0.00508   0.03628   0.05718   0.09088   0.02497   0.06794   0.12166   0.07651   0.13987   0.17422   8.40635   2.01176   1.20907   1.60023   1.01305  
  7 40.4845   1983.966750  x:  0.00721   0.24338   0.02309   0.05641   0.03359   0.06861   0.07525   0.06359   0.10847   0.02749   0.11686   0.16706   0.00479   0.04206   0.05646   0.08781   0.02608   0.06926   0.11769   0.07569   0.13894   0.16915   8.40757   2.00334   1.20545   1.61831   1.02033  
  8 27.4053   1983.687951  x:  0.00692   0.24790   0.01820   0.05861   0.03618   0.07015   0.07394   0.06503   0.10603   0.02365   0.12224   0.16499   0.00482   0.04139   0.05426   0.08949   0.02748   0.07202   0.11395   0.07660   0.14042   0.16623   8.40997   1.98762   1.19872   1.65232   1.03406  
  9 46.6668   1983.410751  x:  0.00599   0.25046   0.02192   0.05744   0.03913   0.07045   0.07250   0.06534   0.10641   0.02840   0.12722   0.16527   0.00494   0.03698   0.05393   0.09277   0.02519   0.07257   0.11294   0.07828   0.14268   0.16649   8.41281   1.96987   1.19141   1.69076   1.04964  
 10 102.3379   1983.186988  x:  0.00583   0.24834   0.02143   0.05200   0.03423   0.06803   0.07277   0.06322   0.10987   0.02677   0.12719   0.16867   0.00479   0.03752   0.05743   0.09369   0.02585   0.06874   0.11694   0.07830   0.14396   0.17125   8.41554   1.95502   1.18624   1.72306   1.06284  
 11 61.6123   1983.105871  x:  0.00621   0.24357   0.02127   0.05434   0.03721   0.06780   0.07339   0.06360   0.11101   0.02690   0.12326   0.17144   0.00467   0.03980   0.05655   0.09094   0.02575   0.06773   0.11969   0.07610   0.14303   0.17511   8.41711   1.94927   1.18553   1.73599   1.06830  
 12 26.6223   1983.083992  x:  0.00645   0.24032   0.02107   0.05533   0.03574   0.06846   0.07383   0.06380   0.11039   0.02703   0.12122   0.17217   0.00477   0.03782   0.05587   0.09025   0.02603   0.06915   0.11955   0.07613   0.14201   0.17597   8.41799   1.94785   1.18650   1.73969   1.07001  
 13 12.0482   1983.074409  x:  0.00668   0.23742   0.02163   0.05439   0.03606   0.06863   0.07349   0.06385   0.10950   0.02640   0.12056   0.17201   0.00470   0.03841   0.05602   0.09105   0.02554   0.06973   0.11868   0.07679   0.14119   0.17548   8.41907   1.94753   1.18860   1.74156   1.07111  
 14  5.8866   1983.069859  x:  0.00662   0.23598   0.02107   0.05428   0.03610   0.06850   0.07321   0.06385   0.10931   0.02720   0.12061   0.17169   0.00469   0.03874   0.05615   0.09151   0.02601   0.06940   0.11836   0.07696   0.14097   0.17494   8.41997   1.94761   1.19043   1.74258   1.07179  
 15  6.6592   1983.061626  x:  0.00671   0.23426   0.02130   0.05534   0.03593   0.06813   0.07323   0.06375   0.11011   0.02677   0.12154   0.17077   0.00475   0.03828   0.05617   0.09168   0.02577   0.06817   0.11853   0.07676   0.14129   0.17374   8.42256   1.94838   1.19561   1.74473   1.07343  
 16  5.9552   1983.046779  x:  0.00657   0.23421   0.02124   0.05426   0.03615   0.06851   0.07393   0.06368   0.11123   0.02696   0.12250   0.17000   0.00479   0.03834   0.05597   0.09049   0.02594   0.06984   0.11976   0.07598   0.14255   0.17313   8.42871   1.95104   1.20705   1.74913   1.07691  
 17  8.1110   1983.025795  x:  0.00648   0.23769   0.02130   0.05473   0.03601   0.06858   0.07306   0.06404   0.10953   0.02692   0.12137   0.17138   0.00472   0.03832   0.05622   0.09086   0.02588   0.06910   0.11946   0.07708   0.14279   0.17539   8.43906   1.95674   1.22379   1.75600   1.08219  
 18 11.0172   1983.020059  x:  0.00643   0.23837   0.02127   0.05473   0.03605   0.06813   0.07388   0.06340   0.11010   0.02694   0.12156   0.17219   0.00478   0.03834   0.05575   0.09187   0.02588   0.06925   0.11857   0.07603   0.14129   0.17574   8.44316   1.96036   1.22678   1.75845   1.08361  
 19  4.5240   1983.001685  x:  0.00629   0.23843   0.02123   0.05467   0.03594   0.06905   0.07288   0.06492   0.11152   0.02697   0.12262   0.17372   0.00475   0.03827   0.05733   0.09068   0.02579   0.06927   0.11795   0.07599   0.13874   0.17521   8.45954   1.97697   1.23208   1.76772   1.08795  
 20  6.5335   1982.955632  x:  0.00627   0.23724   0.02123   0.05420   0.03596   0.06836   0.07289   0.06314   0.11045   0.02698   0.12257   0.17438   0.00457   0.03839   0.05473   0.08973   0.02591   0.06865   0.11941   0.07809   0.13967   0.17398   8.50250   2.02068   1.24320   1.79163   1.09828  
 21 28.8907   1982.937871  x:  0.00638   0.23662   0.02126   0.05460   0.03588   0.06797   0.07298   0.06370   0.10941   0.02694   0.12144   0.17288   0.00470   0.03826   0.05624   0.09116   0.02573   0.06914   0.11940   0.07595   0.14196   0.17455   8.51970   2.03726   1.24718   1.80088   1.10162  
 22 29.7108   1982.934509  x:  0.00636   0.23650   0.02127   0.05430   0.03579   0.06881   0.07320   0.06402   0.11000   0.02695   0.12125   0.17155   0.00471   0.03838   0.05578   0.09122   0.02576   0.06867   0.11868   0.07603   0.14220   0.17565   8.52396   2.03953   1.24784   1.80259   1.10109  
 23  4.2898   1982.929565  x:  0.00632   0.23640   0.02120   0.05460   0.03592   0.06783   0.07268   0.06346   0.11052   0.02696   0.12147   0.17005   0.00470   0.03842   0.05607   0.09076   0.02574   0.06926   0.11819   0.07662   0.14184   0.17700   8.53172   2.04144   1.24872   1.80501   1.09857  
 24  4.5482   1982.889465  x:  0.00623   0.23630   0.02140   0.05417   0.03568   0.06801   0.07300   0.06441   0.10778   0.02696   0.12348   0.16916   0.00472   0.03819   0.05564   0.09100   0.02577   0.06877   0.12091   0.07557   0.13967   0.17772   8.60049   2.05100   1.25535   1.82377   1.07213  
 25  9.3571   1982.862793  x:  0.00634   0.23642   0.02126   0.05442   0.03583   0.06883   0.07235   0.06306   0.10951   0.02696   0.12188   0.17174   0.00467   0.03830   0.05603   0.09084   0.02570   0.06887   0.11879   0.07563   0.14198   0.17579   8.64744   2.05650   1.25945   1.83552   1.05512  
 26 35.9940   1982.859299  x:  0.00635   0.23644   0.02130   0.05423   0.03569   0.06785   0.07250   0.06422   0.10992   0.02695   0.12160   0.17209   0.00465   0.03836   0.05554   0.09085   0.02573   0.06895   0.11841   0.07581   0.14236   0.17553   8.65414   2.05681   1.25971   1.83638   1.05387  
 27  8.9564   1982.289613  x:  0.00509   0.23793   0.02088   0.05279   0.03501   0.06787   0.06668   0.06350   0.10767   0.02673   0.12417   0.17250   0.00339   0.03832   0.05340   0.08816   0.02504   0.06825   0.11551   0.07073   0.14305   0.17532   9.93499   2.00194   1.22725   1.79888   1.11194  
 28  6.1554   1982.278240  x:  0.00562   0.23769   0.02118   0.05269   0.03495   0.06789   0.06533   0.06359   0.10842   0.02682   0.12343   0.17222   0.00366   0.03824   0.05269   0.08884   0.02528   0.06840   0.11686   0.07036   0.14259   0.17575   9.98618   2.01290   1.23263   1.80414   1.10268  
 29  0.0454   1982.277653  x:  0.00573   0.23767   0.02118   0.05253   0.03489   0.06783   0.06522   0.06354   0.10826   0.02684   0.12341   0.17232   0.00379   0.03822   0.05264   0.08850   0.02522   0.06830   0.11647   0.07004   0.14266   0.17571   9.98484   2.01156   1.23183   1.80284   1.10243  
 30  0.0020   1982.277578  x:  0.00571   0.23772   0.02118   0.05253   0.03489   0.06784   0.06505   0.06355   0.10826   0.02683   0.12342   0.17228   0.00379   0.03822   0.05258   0.08853   0.02523   0.06831   0.11649   0.07003   0.14265   0.17566   9.97477   2.01117   1.23164   1.80273   1.10292  
 31  0.0067   1982.277573  x:  0.00571   0.23769   0.02118   0.05253   0.03488   0.06784   0.06507   0.06355   0.10826   0.02683   0.12343   0.17229   0.00378   0.03822   0.05257   0.08853   0.02523   0.06831   0.11650   0.07000   0.14265   0.17568   9.97183   2.01139   1.23177   1.80290   1.10283  
 32  0.0026   1982.277573  x:  0.00571   0.23769   0.02118   0.05253   0.03488   0.06784   0.06506   0.06355   0.10826   0.02683   0.12343   0.17229   0.00378   0.03822   0.05257   0.08853   0.02523   0.06831   0.11650   0.07000   0.14265   0.17569   9.97167   2.01139   1.23177   1.80289   1.10279  
 33  0.0002   1982.277573  x:  0.00571   0.23769   0.02118   0.05253   0.03488   0.06784   0.06506   0.06355   0.10826   0.02683   0.12343   0.17229   0.00378   0.03822   0.05257   0.08853   0.02523   0.06831   0.11650   0.07000   0.14266   0.17568   9.97169   2.01138   1.23176   1.80288   1.10279  
 34  0.0000   1982.277573  x:  0.00571   0.23769   0.02118   0.05253   0.03488   0.06784   0.06506   0.06355   0.10826   0.02683   0.12343   0.17229   0.00378   0.03822   0.05257   0.08853   0.02523   0.06831   0.11650   0.07000   0.14266   0.17568   9.97169   2.01138   1.23176   1.80288   1.10280  