

TREE # 1

  0  0.0000   2242.619203  x:  0.20925   0.02571   0.03211   0.02495   0.05815   0.02188   0.05666   0.08536   0.02661   0.17168   0.20925   0.02571   0.03211   0.02495   0.05815   0.02188   0.05666   0.08536   0.02661   0.17168   0.21568   8.40433   1.18796   0.96759   1.45251   1.00000  
  1 99.0000   2196.991376  x:  0.21079   0.03366   0.03799   0.05991   0.05409   0.03050   0.05347   0.07959   0.03106   0.17203   0.21432   0.00000   0.07378   0.04868   0.04963   0.01918   0.07346   0.19383   0.04699   0.16638   0.21860   8.40379   1.18914   0.96762   1.45357   0.99955  
  2 660.3941   2194.438304  x:  0.21306   0.02847   0.03495   0.04084   0.05098   0.01885   0.05082   0.07343   0.02737   0.17233   0.21928   0.00000   0.06473   0.03383   0.04232   0.02455   0.07787   0.21500   0.04390   0.15876   0.22271   8.40288   1.19099   0.96790   1.45511   0.99880  
  3 121.6521   2194.002949  x:  0.21477   0.02930   0.03513   0.03614   0.05069   0.02681   0.05051   0.07080   0.02854   0.17243   0.22321   0.00000   0.05726   0.03213   0.04112   0.02198   0.07842   0.22044   0.03987   0.15339   0.22564   8.40208   1.19260   0.96814   1.45647   0.99812  
  4 70.9945   2193.764271  x:  0.21727   0.03020   0.03592   0.03845   0.05097   0.02401   0.05094   0.06901   0.02915   0.17239   0.22932   0.00000   0.05029   0.03555   0.04259   0.02054   0.07801   0.22258   0.03577   0.14613   0.22974   8.40073   1.19528   0.96856   1.45874   0.99697  
  5 43.5946   2193.572218  x:  0.22169   0.02915   0.03559   0.04029   0.05172   0.02509   0.05156   0.06916   0.02799   0.17187   0.24061   0.00000   0.05238   0.03347   0.04485   0.02305   0.07699   0.22118   0.03722   0.13524   0.23658   8.39774   1.20098   0.96959   1.46367   0.99447  
  6 29.4733   2193.508581  x:  0.22348   0.02991   0.03554   0.03844   0.05150   0.02432   0.05131   0.06988   0.02891   0.17136   0.24494   0.00000   0.05464   0.03442   0.04357   0.02074   0.07701   0.22017   0.03786   0.13273   0.23905   8.39597   1.20419   0.97030   1.46655   0.99304  
  7 29.6275   2193.438552  x:  0.22573   0.03008   0.03606   0.03868   0.05038   0.02478   0.05033   0.07121   0.02885   0.16981   0.24954   0.00000   0.05458   0.03579   0.03999   0.02293   0.07832   0.21945   0.03696   0.13565   0.24124   8.39140   1.21190   0.97244   1.47383   0.98952  
  8 15.3393   2193.301854  x:  0.22910   0.02933   0.03570   0.04043   0.05016   0.02447   0.05021   0.07193   0.02812   0.16695   0.25605   0.00000   0.05346   0.03305   0.04137   0.02009   0.07928   0.22012   0.03698   0.14367   0.24376   8.38034   1.22995   0.97786   1.49121   0.98126  
  9 38.1298   2193.182792  x:  0.23033   0.03023   0.03517   0.03757   0.05156   0.02448   0.05137   0.07060   0.02933   0.16576   0.25838   0.00000   0.05352   0.03491   0.04565   0.02201   0.07822   0.22122   0.03753   0.14797   0.24399   8.36910   1.24736   0.98372   1.50847   0.97330  
 10 57.3348   2192.784757  x:  0.22641   0.02841   0.03710   0.03816   0.05373   0.02460   0.05311   0.06427   0.02631   0.16869   0.25103   0.00000   0.05605   0.03546   0.04152   0.02134   0.07165   0.22173   0.03565   0.14407   0.23700   8.32724   1.30736   1.00722   1.57056   0.94598  
 11 55.8441   2192.567688  x:  0.22317   0.03095   0.03553   0.03995   0.05163   0.02413   0.05135   0.06653   0.03081   0.17088   0.24488   0.00000   0.05446   0.03334   0.04080   0.02202   0.07365   0.22163   0.03801   0.13912   0.23286   8.30274   1.34018   1.02144   1.60583   0.93141  
 12 135.0637   2192.486366  x:  0.22169   0.02945   0.03509   0.03913   0.05014   0.02458   0.05014   0.06997   0.02849   0.17149   0.24198   0.00000   0.05405   0.03489   0.04254   0.02144   0.07721   0.22172   0.03814   0.13670   0.23195   8.29280   1.35127   1.02760   1.61908   0.92701  
 13 65.6114   2192.455223  x:  0.22117   0.03029   0.03681   0.03897   0.05128   0.02438   0.05117   0.07119   0.02861   0.17091   0.24061   0.00000   0.05496   0.03404   0.04300   0.02159   0.07879   0.22186   0.03628   0.13627   0.23340   8.28690   1.35285   1.03198   1.62450   0.92783  
 14 13.1423   2192.304645  x:  0.21940   0.02850   0.03495   0.03938   0.05448   0.02449   0.05387   0.07102   0.02939   0.16696   0.23522   0.00000   0.05408   0.03490   0.04120   0.02133   0.07981   0.22216   0.03859   0.13614   0.24333   8.25298   1.35408   1.05782   1.65131   0.93810  
 15 26.7089   2192.176782  x:  0.21883   0.03117   0.03542   0.03952   0.05030   0.02451   0.05017   0.06919   0.02779   0.16543   0.23295   0.00000   0.05489   0.03472   0.04256   0.02144   0.07710   0.22242   0.03849   0.13653   0.24869   8.22277   1.35377   1.07958   1.67337   0.94832  
 16 68.4076   2192.103637  x:  0.21980   0.02792   0.03637   0.03957   0.04884   0.02457   0.04917   0.06945   0.03045   0.16752   0.23509   0.00000   0.05563   0.03477   0.04335   0.02147   0.07616   0.22291   0.03710   0.13685   0.24604   8.20361   1.35297   1.09067   1.68491   0.95539  
 17 35.6959   2191.942246  x:  0.22292   0.02999   0.03565   0.03945   0.05075   0.02454   0.05101   0.07107   0.02868   0.17404   0.24320   0.00000   0.05467   0.03475   0.04256   0.02136   0.07676   0.22394   0.03785   0.13732   0.23421   8.15846   1.35101   1.11288   1.70891   0.97221  
 18 63.9993   2191.858749  x:  0.22258   0.03000   0.03481   0.04000   0.05141   0.02461   0.04952   0.06636   0.02895   0.16833   0.24489   0.00000   0.05569   0.03490   0.04286   0.02123   0.08122   0.22307   0.03731   0.13592   0.22918   8.12943   1.35301   1.11375   1.71443   0.98064  
 19 13.7382   2191.664336  x:  0.22101   0.02959   0.03930   0.03948   0.04932   0.02456   0.05179   0.06855   0.02888   0.15651   0.24584   0.00000   0.05407   0.03500   0.04257   0.02122   0.07892   0.22488   0.04022   0.13337   0.22289   8.05681   1.35981   1.10873   1.72247   0.99942  
 20 47.1159   2191.384426  x:  0.21945   0.03018   0.03272   0.04013   0.05001   0.02471   0.05170   0.07387   0.02887   0.15010   0.24499   0.00000   0.05562   0.03489   0.04226   0.02149   0.07405   0.22828   0.03544   0.13197   0.22047   7.95305   1.37005   1.09876   1.73078   1.02391  
 21 124.2072   2190.276309  x:  0.21702   0.03011   0.03718   0.04117   0.05775   0.02473   0.04239   0.07358   0.02893   0.16679   0.23740   0.00000   0.05587   0.03576   0.04219   0.02127   0.07535   0.23439   0.03911   0.13476   0.23199   7.52242   1.41237   1.05343   1.75564   1.11545  
 22 186.7560   2189.910525  x:  0.21688   0.03060   0.03565   0.04191   0.04927   0.02503   0.05174   0.06990   0.02897   0.17397   0.23489   0.00000   0.05755   0.03613   0.04231   0.02117   0.07893   0.23539   0.03868   0.13601   0.23638   7.37831   1.42513   1.04081   1.76095   1.14124  
 23 307.2174   2184.907170  x:  0.24112   0.03162   0.03703   0.04682   0.05119   0.02626   0.05093   0.07090   0.02972   0.16990   0.22954   0.00000   0.06294   0.03953   0.04268   0.02066   0.08033   0.26523   0.04098   0.13652   0.23248   5.52039   1.46693   1.11728   1.60383   1.09077  
 24 55.7421   2184.058074  x:  0.20009   0.03159   0.03713   0.04744   0.05115   0.02645   0.05089   0.07085   0.03005   0.17168   0.24832   0.00000   0.06344   0.04004   0.04268   0.02053   0.08051   0.27073   0.04066   0.13994   0.23536   5.19556   1.44045   1.10708   1.60445   1.05805  
 25 96.5785   2182.721641  x:  0.22123   0.03171   0.03735   0.04890   0.05138   0.02670   0.05038   0.07068   0.03013   0.16634   0.24094   0.00000   0.06522   0.04111   0.04263   0.02033   0.08046   0.27929   0.04143   0.13825   0.23328   4.68140   1.34833   1.04968   1.65211   0.97480  
 26 84.4801   2179.905681  x:  0.21933   0.03193   0.03776   0.05174   0.05101   0.02699   0.05004   0.06982   0.03039   0.16508   0.24755   0.00000   0.06886   0.04298   0.04219   0.02034   0.08216   0.30962   0.04257   0.13905   0.23503   5.52002   1.23276   1.00178   1.58421   0.82981  
 27  1.1010   2177.583799  x:  0.22494   0.03215   0.03739   0.05463   0.04793   0.02602   0.05046   0.06690   0.02989   0.17511   0.24787   0.00000   0.07430   0.04374   0.04001   0.02139   0.08794   0.38159   0.04429   0.13577   0.23932   5.81526   1.29904   1.02914   1.53351   0.95763  
 28  0.1968   2177.121907  x:  0.22023   0.03223   0.03782   0.05566   0.05064   0.02656   0.05003   0.06933   0.03033   0.16993   0.24586   0.00000   0.07555   0.04424   0.04134   0.02069   0.08654   0.41276   0.04430   0.13664   0.23554   5.64498   1.28498   1.02619   1.58887   0.90973  
 29  0.1316   2177.105228  x:  0.22174   0.03227   0.03776   0.05540   0.04978   0.02659   0.04994   0.06873   0.03026   0.16916   0.24720   0.00000   0.07497   0.04408   0.04102   0.02081   0.08601   0.41832   0.04394   0.13674   0.23652   5.60826   1.28261   1.02294   1.57318   0.90676  
 30  0.0382   2177.103815  x:  0.22181   0.03226   0.03775   0.05519   0.04977   0.02664   0.05000   0.06864   0.03026   0.16934   0.24716   0.00000   0.07454   0.04400   0.04102   0.02079   0.08585   0.41953   0.04381   0.13677   0.23645   5.61682   1.28320   1.02317   1.57518   0.91121  
 31  0.0092   2177.103721  x:  0.22171   0.03227   0.03776   0.05512   0.04986   0.02667   0.05001   0.06871   0.03027   0.16937   0.24707   0.00000   0.07437   0.04401   0.04107   0.02077   0.08586   0.41968   0.04380   0.13678   0.23635   5.61686   1.28348   1.02365   1.57527   0.91065  
 32  0.0007   2177.103713  x:  0.22171   0.03227   0.03776   0.05511   0.04983   0.02667   0.05001   0.06870   0.03027   0.16936   0.24707   0.00000   0.07431   0.04402   0.04106   0.02077   0.08588   0.41963   0.04380   0.13678   0.23638   5.61726   1.28336   1.02347   1.57524   0.91055  
 33  0.0004   2177.103713  x:  0.22172   0.03227   0.03776   0.05511   0.04983   0.02667   0.05001   0.06870   0.03027   0.16936   0.24708   0.00000   0.07431   0.04403   0.04106   0.02077   0.08588   0.41962   0.04381   0.13678   0.23638   5.61727   1.28335   1.02348   1.57522   0.91058  
 34  0.0000   2177.103713  x:  0.22172   0.03227   0.03776   0.05511   0.04983   0.02667   0.05001   0.06870   0.03027   0.16936   0.24708   0.00000   0.07431   0.04403   0.04106   0.02077   0.08588   0.41962   0.04381   0.13678   0.23638   5.61724   1.28336   1.02348   1.57522   0.91058  
 35  0.0000   2177.103713  x:  0.22172   0.03227   0.03776   0.05511   0.04983   0.02667   0.05001   0.06870   0.03027   0.16936   0.24708   0.00000   0.07431   0.04403   0.04106   0.02077   0.08588   0.41962   0.04381   0.13678   0.23638   5.61724   1.28336   1.02348   1.57522   0.91058  
 36  0.0000   2177.103713  x:  0.22172   0.03227   0.03776   0.05511   0.04983   0.02667   0.05001   0.06870   0.03027   0.16936   0.24708   0.00000   0.07431   0.04403   0.04106   0.02077   0.08588   0.41962   0.04381   0.13678   0.23638   5.61724   1.28336   1.02348   1.57522   0.91058  
 37  0.0000   2177.103713  x:  0.22172   0.03227   0.03776   0.05511   0.04983   0.02667   0.05001   0.06870   0.03027   0.16936   0.24708   0.00000   0.07431   0.04403   0.04106   0.02077   0.08588   0.41962   0.04381   0.13678   0.23638   5.61724   1.28336   1.02348   1.57522   0.91058  