

TREE # 1

  0  0.0000   2054.985783  x:  0.01972   0.20925   0.02571   0.03211   0.02495   0.05815   0.02188   0.05666   0.08536   0.02661   0.17168   0.01972   0.20925   0.02571   0.03211   0.02495   0.05815   0.02188   0.05666   0.08536   0.02661   0.17168   0.21568   8.40433   1.84892   1.25036   1.47310   1.00000  
  1 99.0000   2040.494835  x:  0.00000   0.21201   0.02536   0.04376   0.01522   0.07549   0.04628   0.05713   0.08039   0.02553   0.17275   0.00045   0.21133   0.02814   0.03663   0.03449   0.07201   0.04341   0.06017   0.07449   0.02576   0.17713   0.21548   8.40411   1.84804   1.24981   1.47524   1.00286  
  2 394.5388   2040.386123  x:  0.00000   0.21207   0.02535   0.04382   0.01515   0.07564   0.04620   0.05713   0.08030   0.02553   0.17277   0.00000   0.21138   0.02815   0.03665   0.03449   0.07214   0.04333   0.06021   0.07427   0.02575   0.17723   0.21548   8.40411   1.84803   1.24980   1.47529   1.00293  
  3 250.7969   2038.950688  x:  0.00000   0.21957   0.02646   0.04160   0.03462   0.07897   0.04605   0.05691   0.07156   0.02645   0.17613   0.00000   0.21659   0.03015   0.03524   0.03339   0.07377   0.04521   0.06152   0.04619   0.02681   0.19163   0.21512   8.40312   1.84431   1.24755   1.48439   1.01516  
  4 107.3966   2038.320404  x:  0.00000   0.22689   0.02455   0.03932   0.02638   0.06945   0.04770   0.05685   0.07102   0.02407   0.17969   0.00000   0.22128   0.03230   0.03711   0.03274   0.06524   0.04761   0.06042   0.03746   0.02533   0.20415   0.21453   8.40143   1.83811   1.24402   1.49953   1.03556  
  5 43.9577   2037.427563  x:  0.00000   0.23888   0.03174   0.04198   0.02473   0.06692   0.04856   0.05737   0.07306   0.03269   0.18551   0.00000   0.22853   0.03269   0.03314   0.03265   0.06499   0.04698   0.06003   0.04686   0.02920   0.22348   0.21323   8.39719   1.82307   1.23576   1.53624   1.08511  
  6 68.7936   2036.501886  x:  0.00000   0.24541   0.02421   0.03943   0.02961   0.07131   0.04819   0.05704   0.07640   0.02354   0.18849   0.00000   0.23187   0.02781   0.03531   0.03342   0.06838   0.04614   0.05974   0.05757   0.02484   0.23285   0.21204   8.39233   1.80655   1.22756   1.57639   1.14000  
  7 134.7900   2034.759902  x:  0.00000   0.22805   0.02558   0.03915   0.02881   0.07746   0.04358   0.05541   0.07795   0.02635   0.17829   0.00000   0.21771   0.03689   0.04170   0.03325   0.06621   0.04865   0.05845   0.04799   0.02823   0.19924   0.21101   8.37986   1.76952   1.21453   1.66633   1.26850  
  8 80.8870   2034.431538  x:  0.00000   0.22349   0.02666   0.04096   0.02755   0.07440   0.04632   0.05627   0.07557   0.02609   0.17595   0.00000   0.21479   0.03111   0.03472   0.03226   0.06797   0.04706   0.05988   0.04462   0.02514   0.19199   0.21129   8.37721   1.76339   1.21351   1.68211   1.29281  
  9 104.2753   2034.392665  x:  0.00000   0.22210   0.02587   0.04026   0.02744   0.07264   0.04741   0.05673   0.07271   0.02570   0.17555   0.00000   0.21476   0.03075   0.03510   0.03284   0.06925   0.04611   0.06076   0.04504   0.02758   0.19170   0.21193   8.37631   1.76372   1.21538   1.68305   1.29700  
 10 15.8864   2034.345212  x:  0.00000   0.21947   0.02656   0.04014   0.02766   0.07203   0.04749   0.05706   0.06877   0.02643   0.17518   0.00000   0.21524   0.03112   0.03679   0.03256   0.06927   0.04614   0.06087   0.04626   0.02530   0.19263   0.21356   8.37411   1.76633   1.22152   1.68210   1.30418  
 11 13.3062   2034.220242  x:  0.00000   0.21307   0.02600   0.04114   0.02724   0.07422   0.04610   0.05671   0.06709   0.02473   0.17492   0.00000   0.21666   0.03217   0.03351   0.03207   0.06707   0.04778   0.05959   0.04716   0.02643   0.19591   0.21788   8.36667   1.77642   1.24273   1.67691   1.32603  
 12 28.2935   2034.063890  x:  0.00000   0.20827   0.02610   0.03996   0.02715   0.07423   0.04673   0.05620   0.07308   0.02681   0.17565   0.00000   0.21744   0.02909   0.03553   0.03382   0.06820   0.04687   0.05987   0.04535   0.02687   0.19853   0.22142   8.35627   1.79109   1.27134   1.66933   1.35478  
 13 61.3798   2033.987735  x:  0.00000   0.21089   0.02675   0.04124   0.02781   0.07257   0.04799   0.05705   0.07533   0.02530   0.17694   0.00000   0.21628   0.03233   0.03560   0.03214   0.07051   0.04562   0.06089   0.04511   0.02612   0.19734   0.22015   8.35036   1.79979   1.28547   1.66544   1.36909  
 14 37.0359   2033.886572  x:  0.00000   0.22051   0.02550   0.04008   0.02734   0.07348   0.04699   0.05733   0.07292   0.02666   0.17892   0.00000   0.21329   0.03160   0.03481   0.03302   0.06972   0.04687   0.06154   0.04550   0.02607   0.19267   0.21442   8.34129   1.81352   1.30317   1.66062   1.38767  
 15 32.0803   2033.870889  x:  0.00000   0.22190   0.02682   0.04085   0.02740   0.07373   0.04714   0.05692   0.07241   0.02564   0.17844   0.00000   0.21331   0.03052   0.03565   0.03290   0.06911   0.04659   0.06066   0.04547   0.02669   0.19202   0.21337   8.33940   1.81638   1.30513   1.66029   1.39021  
 16 14.7313   2033.829268  x:  0.00000   0.22329   0.02581   0.04100   0.02735   0.07382   0.04839   0.05525   0.07216   0.02636   0.17315   0.00000   0.21632   0.03116   0.03528   0.03328   0.06949   0.04517   0.05794   0.04534   0.02633   0.19149   0.21107   8.33173   1.82783   1.30567   1.66201   1.39474  
 17  7.4889   2033.751877  x:  0.00000   0.22449   0.02681   0.04048   0.02692   0.07355   0.04660   0.05674   0.07270   0.02566   0.16528   0.00000   0.22197   0.03107   0.03522   0.03329   0.07019   0.04707   0.06114   0.04521   0.02627   0.19076   0.20877   8.31593   1.85081   1.30460   1.66670   1.40199  
 18 27.4509   2033.650781  x:  0.00000   0.22435   0.02472   0.04238   0.02678   0.07524   0.04803   0.05868   0.07250   0.02700   0.16797   0.00000   0.22453   0.03034   0.03627   0.03038   0.06828   0.04590   0.06277   0.04479   0.02689   0.18896   0.21176   8.29332   1.88120   1.30128   1.67523   1.40898  
 19 23.3643   2033.494084  x:  0.00000   0.22348   0.02677   0.04101   0.02579   0.07588   0.04789   0.05762   0.07166   0.02563   0.17587   0.00000   0.22521   0.03160   0.03523   0.03421   0.06930   0.04483   0.06183   0.04399   0.02604   0.18679   0.21778   8.25672   1.92848   1.29609   1.68978   1.41876  
 20 84.4094   2033.441268  x:  0.00000   0.22271   0.02642   0.04115   0.02529   0.07459   0.04634   0.05565   0.07139   0.02591   0.17747   0.00000   0.22223   0.03084   0.03551   0.03223   0.07196   0.04724   0.06016   0.04376   0.02646   0.18796   0.21866   8.24389   1.94245   1.29552   1.69546   1.42078  
 21 35.6065   2033.323560  x:  0.00000   0.21961   0.02566   0.04340   0.02511   0.07484   0.04621   0.05555   0.07116   0.02597   0.17602   0.00000   0.20800   0.03096   0.03573   0.03392   0.07125   0.04625   0.06161   0.04352   0.02631   0.19607   0.21579   8.21340   1.96660   1.29895   1.71081   1.42107  
 22 23.4786   2033.277835  x:  0.00000   0.21843   0.02687   0.04033   0.02415   0.07648   0.04765   0.05648   0.07105   0.02571   0.17597   0.00000   0.20498   0.03105   0.03537   0.03215   0.07134   0.04573   0.06138   0.04341   0.02645   0.19822   0.21405   8.20091   1.97357   1.30198   1.71756   1.41992  
 23 30.0634   2032.817971  x:  0.00000   0.20955   0.02607   0.04236   0.02178   0.07742   0.04579   0.06473   0.06987   0.02597   0.18536   0.00000   0.21121   0.03081   0.03581   0.03411   0.07463   0.04631   0.05648   0.04133   0.02641   0.20221   0.19553   8.06684   2.01779   1.35110   1.79422   1.39513  
 24 27.9776   2032.400574  x:  0.00000   0.20861   0.02630   0.04327   0.01957   0.07960   0.04695   0.05256   0.06830   0.02581   0.18920   0.00000   0.21718   0.03146   0.03577   0.03273   0.07445   0.04516   0.06467   0.04056   0.02617   0.20359   0.18994   7.94667   2.05322   1.39628   1.86215   1.37202  
 25 158.2906   2031.828000  x:  0.00000   0.22734   0.02619   0.04413   0.01611   0.08229   0.04645   0.05615   0.06713   0.02589   0.17812   0.00000   0.21818   0.03136   0.03610   0.03340   0.07727   0.04478   0.06283   0.03834   0.02621   0.20293   0.21452   7.77248   2.09658   1.46098   1.95620   1.33859  
 26 100.6253   2030.124663  x:  0.00000   0.23144   0.02569   0.04742   0.00626   0.09089   0.04590   0.05661   0.06286   0.02579   0.18172   0.00000   0.22470   0.03198   0.03737   0.03389   0.08438   0.04331   0.06483   0.03342   0.02605   0.21632   0.20964   7.21800   1.94920   1.36125   1.79950   1.40132  
 27  4.9921   2029.506593  x:  0.00000   0.23542   0.02541   0.04996   0.01275   0.09812   0.04580   0.05688   0.06079   0.02563   0.18262   0.00000   0.22840   0.03229   0.03832   0.03428   0.09046   0.04241   0.06623   0.03233   0.02584   0.22360   0.20921   6.85992   1.86344   1.31233   1.71814   1.42861  
 28  1.3142   2029.382020  x:  0.00000   0.23458   0.02461   0.05100   0.01199   0.10166   0.04670   0.05659   0.06373   0.02444   0.18156   0.00000   0.22640   0.03213   0.03910   0.03464   0.09325   0.04352   0.06606   0.03828   0.02504   0.22192   0.21041   6.71350   1.85538   1.31388   1.71922   1.42670  
 29  0.1834   2029.354160  x:  0.00000   0.23286   0.02481   0.05165   0.01143   0.10443   0.04747   0.05646   0.06405   0.02465   0.18073   0.00000   0.22427   0.03220   0.03925   0.03475   0.09541   0.04412   0.06605   0.03646   0.02518   0.21891   0.21092   6.76538   1.85965   1.31705   1.72484   1.42200  
 30  0.0414   2029.352749  x:  0.00000   0.23317   0.02485   0.05166   0.01133   0.10483   0.04754   0.05658   0.06351   0.02470   0.18111   0.00000   0.22492   0.03207   0.03911   0.03480   0.09570   0.04401   0.06608   0.03668   0.02520   0.21921   0.21062   6.78047   1.85994   1.31574   1.72205   1.42120  
 31  0.0157   2029.352693  x:  0.00000   0.23327   0.02483   0.05164   0.01133   0.10493   0.04751   0.05657   0.06360   0.02467   0.18114   0.00000   0.22507   0.03208   0.03909   0.03480   0.09575   0.04399   0.06608   0.03665   0.02519   0.21930   0.21059   6.77761   1.86055   1.31618   1.72231   1.42069  
 32  0.0030   2029.352691  x:  0.00000   0.23327   0.02483   0.05163   0.01133   0.10495   0.04750   0.05657   0.06360   0.02468   0.18112   0.00000   0.22506   0.03209   0.03909   0.03480   0.09574   0.04399   0.06608   0.03666   0.02519   0.21930   0.21060   6.77788   1.86044   1.31618   1.72221   1.42052  
 33  0.0003   2029.352691  x:  0.00000   0.23326   0.02483   0.05163   0.01133   0.10495   0.04750   0.05657   0.06360   0.02468   0.18112   0.00000   0.22505   0.03209   0.03909   0.03480   0.09574   0.04399   0.06608   0.03666   0.02519   0.21930   0.21060   6.77770   1.86047   1.31617   1.72221   1.42049  
 34  0.0002   2029.352691  x:  0.00000   0.23326   0.02483   0.05163   0.01133   0.10495   0.04750   0.05657   0.06360   0.02468   0.18112   0.00000   0.22505   0.03209   0.03909   0.03480   0.09574   0.04399   0.06608   0.03666   0.02519   0.21930   0.21060   6.77771   1.86046   1.31617   1.72221   1.42049  
 35  0.0000   2029.352691  x:  0.00000   0.23326   0.02483   0.05163   0.01133   0.10495   0.04750   0.05657   0.06360   0.02468   0.18112   0.00000   0.22505   0.03209   0.03909   0.03480   0.09574   0.04399   0.06608   0.03666   0.02519   0.21930   0.21060   6.77771   1.86046   1.31617   1.72221   1.42049  
 36  0.0000   2029.352691  x:  0.00000   0.23326   0.02483   0.05163   0.01133   0.10495   0.04750   0.05657   0.06360   0.02468   0.18112   0.00000   0.22505   0.03209   0.03909   0.03480   0.09574   0.04399   0.06608   0.03666   0.02519   0.21930   0.21060   6.77771   1.86046   1.31617   1.72221   1.42049  
 37  0.0000   2029.352691  x:  0.00000   0.23326   0.02483   0.05163   0.01133   0.10495   0.04750   0.05657   0.06360   0.02468   0.18112   0.00000   0.22505   0.03209   0.03909   0.03480   0.09574   0.04399   0.06608   0.03666   0.02519   0.21930   0.21060   6.77771   1.86046   1.31617   1.72221   1.42049  

TREE # 2

  0  0.0000   2335.125212  x:  0.00000   0.23326   0.02483   0.05163   0.01133   0.10495   0.04750   0.05657   0.06360   0.02468   0.18112   0.00000   0.22505   0.03209   0.03909   0.03480   0.09574   0.04399   0.06608   0.03666   0.02519   0.21930   0.21060   6.77771   1.82178   1.18947   1.55859   1.42049  
  1 99.0000   2224.170651  x:  0.15677   0.23288   0.06816   0.07249   0.01691   0.10134   0.04567   0.05507   0.06415   0.03712   0.17980   0.37673   0.22460   0.05966   0.06729   0.03355   0.09163   0.04649   0.06501   0.03941   0.02157   0.21628   0.20616   6.77772   1.82168   1.18968   1.55876   1.42038  
  2 10691.0321   2146.570016  x:  0.16953   0.20084   0.15166   0.15000   0.03402   0.07803   0.03370   0.04477   0.06549   0.02704   0.16368   0.35755   0.19199   0.13674   0.15822   0.02431   0.06516   0.05975   0.05836   0.05359   0.00000   0.19713   0.17782   6.77782   1.82032   1.19249   1.55922   1.42033  
  3 746.5368   2118.691141  x:  0.20171   0.13097   0.17117   0.16984   0.00323   0.03755   0.03105   0.03891   0.06824   0.02382   0.13499   0.34369   0.12107   0.14458   0.17461   0.02219   0.01910   0.06099   0.05150   0.05426   0.08053   0.16417   0.12438   6.77805   1.81708   1.19867   1.56006   1.42003  
  4 385.9733   2108.076493  x:  0.21702   0.09555   0.17582   0.17528   0.02121   0.02270   0.03214   0.03711   0.06933   0.02385   0.12172   0.33765   0.08518   0.14407   0.17738   0.02309   0.00302   0.06092   0.04906   0.05361   0.11102   0.14817   0.09810   6.77816   1.81551   1.20168   1.56054   1.41989  
  5 1432.6242   2090.879912  x:  0.24423   0.02945   0.18446   0.18508   0.03861   0.00262   0.03524   0.03504   0.07084   0.02534   0.09877   0.32694   0.01813   0.14425   0.18328   0.02752   0.02408   0.06193   0.04650   0.05266   0.15535   0.11957   0.05072   6.77835   1.81266   1.20709   1.56151   1.41965  
  6 1673.5696   2084.268868  x:  0.25129   0.01159   0.18672   0.18767   0.04165   0.00710   0.03632   0.03483   0.07107   0.02613   0.09311   0.32416   0.00000   0.14446   0.18487   0.02832   0.02733   0.06216   0.04597   0.05248   0.16574   0.11235   0.03887   6.77840   1.81191   1.20851   1.56178   1.41958  
  7 2714.6563   2082.396905  x:  0.25444   0.00000   0.18664   0.18775   0.04128   0.00688   0.03709   0.03588   0.07076   0.02769   0.09210   0.32306   0.00000   0.14421   0.18467   0.02789   0.02699   0.06205   0.04658   0.05251   0.16470   0.11032   0.03707   6.77842   1.81153   1.20921   1.56204   1.41955  
  8 336.1258   2081.348574  x:  0.29716   0.00000   0.18476   0.18758   0.03926   0.00690   0.03641   0.02928   0.06719   0.02228   0.08072   0.30696   0.00000   0.14053   0.18092   0.03048   0.02561   0.06141   0.04692   0.05149   0.15481   0.09287   0.04398   6.77872   1.80611   1.21910   1.56604   1.41914  
  9 56.8551   2080.351870  x:  0.33900   0.00000   0.18391   0.18822   0.04017   0.00755   0.02942   0.03785   0.07133   0.02897   0.08734   0.28895   0.00000   0.13961   0.18014   0.03048   0.02680   0.06280   0.04065   0.05140   0.15390   0.09731   0.05448   6.77909   1.79988   1.23044   1.57144   1.41867  
 10 59.5258   2079.220549  x:  0.38005   0.00000   0.18076   0.18620   0.03926   0.00749   0.04306   0.03480   0.07560   0.02452   0.10225   0.27079   0.00000   0.13964   0.17977   0.02615   0.02672   0.06315   0.04559   0.05423   0.14788   0.11631   0.05367   6.77962   1.79250   1.24420   1.57883   1.41812  
 11 83.3844   2078.267108  x:  0.39498   0.00000   0.17521   0.18087   0.03602   0.00734   0.03210   0.02867   0.07176   0.02290   0.10825   0.26303   0.00000   0.13896   0.17822   0.03268   0.02419   0.06090   0.04904   0.05202   0.13322   0.13114   0.04146   6.78012   1.78757   1.25424   1.58547   1.41775  
 12 48.4667   2076.106313  x:  0.39137   0.00000   0.16568   0.16941   0.02950   0.00699   0.03336   0.04184   0.06048   0.01222   0.09489   0.25876   0.00000   0.13698   0.17523   0.03001   0.02085   0.05908   0.04060   0.04629   0.10274   0.14535   0.03889   6.78147   1.77926   1.27356   1.60211   1.41718  
 13 36.6290   2072.081202  x:  0.37293   0.00000   0.15097   0.15043   0.01828   0.00660   0.04030   0.03436   0.04933   0.02973   0.07028   0.25291   0.00000   0.13271   0.16872   0.02658   0.01546   0.05766   0.03601   0.04476   0.05085   0.16186   0.04974   6.78412   1.76468   1.30868   1.63459   1.41623  
 14 199.7409   2069.819543  x:  0.35748   0.00000   0.14631   0.14470   0.01233   0.00684   0.03559   0.04015   0.05945   0.02633   0.07422   0.25196   0.00000   0.12725   0.15921   0.02715   0.01216   0.05776   0.05308   0.05192   0.02292   0.15213   0.05675   6.78560   1.75835   1.32600   1.65281   1.41584  
 15 119.4263   2069.374543  x:  0.35334   0.00000   0.14636   0.14520   0.01100   0.00674   0.03657   0.03823   0.05427   0.02606   0.08677   0.25201   0.00000   0.12718   0.15505   0.02483   0.01171   0.05633   0.04953   0.04674   0.01729   0.14319   0.05715   6.78592   1.75807   1.32869   1.65729   1.41586  
 16 48.3815   2069.349983  x:  0.35321   0.00000   0.14611   0.14462   0.01104   0.00674   0.03706   0.03885   0.05197   0.02619   0.08768   0.25195   0.00000   0.12868   0.15484   0.02637   0.01167   0.05598   0.05008   0.04803   0.01770   0.14258   0.05768   6.78596   1.75855   1.32861   1.65833   1.41594  
 17 11.5721   2069.327061  x:  0.35341   0.00000   0.14557   0.14257   0.01124   0.00680   0.03624   0.03870   0.05140   0.02609   0.08780   0.25180   0.00000   0.13179   0.15416   0.02459   0.01188   0.05583   0.05066   0.04853   0.01807   0.14203   0.05779   6.78605   1.76032   1.32796   1.66131   1.41619  
 18  6.2756   2069.275442  x:  0.35391   0.00000   0.14608   0.13865   0.01108   0.00679   0.03701   0.03873   0.05383   0.02609   0.08783   0.25138   0.00000   0.13747   0.15216   0.02610   0.01168   0.05624   0.04977   0.04725   0.01768   0.14108   0.05742   6.78631   1.76568   1.32594   1.66999   1.41694  
 19 15.2193   2069.016445  x:  0.35642   0.00000   0.16085   0.13458   0.01104   0.00693   0.03657   0.03883   0.05227   0.02617   0.08620   0.24916   0.00000   0.13788   0.14198   0.02538   0.01184   0.05642   0.04957   0.04887   0.01655   0.14319   0.05640   6.78781   1.79706   1.31566   1.72005   1.42123  
 20 17.7510   2068.608794  x:  0.35921   0.00000   0.15364   0.14145   0.01140   0.00722   0.03672   0.04003   0.05139   0.02668   0.08574   0.24761   0.00000   0.13386   0.15123   0.02572   0.01225   0.05298   0.05490   0.04209   0.01722   0.14265   0.05808   6.79038   1.84636   1.30646   1.79721   1.42769  
 21 37.3572   2068.357755  x:  0.36048   0.00000   0.14522   0.14555   0.01109   0.00728   0.03660   0.03901   0.05280   0.02608   0.08716   0.24724   0.00000   0.13007   0.15713   0.02542   0.01215   0.05614   0.04996   0.04854   0.01541   0.14047   0.05624   6.79206   1.87682   1.30400   1.84358   1.43154  
 22 106.8036   2066.278616  x:  0.33493   0.00000   0.15848   0.14555   0.01372   0.00869   0.03755   0.03891   0.05611   0.02665   0.09646   0.25487   0.00000   0.13036   0.16523   0.02585   0.01458   0.06906   0.05144   0.04759   0.02060   0.12363   0.05814   6.81294   2.09261   1.57456   2.08084   1.44884  
 23 12.1317   2065.940421  x:  0.33142   0.00000   0.15866   0.15130   0.01389   0.00886   0.03798   0.03863   0.05980   0.02670   0.09653   0.25594   0.00000   0.13317   0.16178   0.02568   0.01525   0.05610   0.04832   0.05119   0.02048   0.12220   0.05797   6.81601   2.12419   1.61194   2.11165   1.45119  
 24 114.3366   2065.830544  x:  0.33115   0.00000   0.15585   0.15945   0.01391   0.00887   0.03799   0.03874   0.05939   0.02691   0.09519   0.25601   0.00000   0.13686   0.15502   0.02567   0.01534   0.05915   0.04914   0.05035   0.02034   0.12353   0.05793   6.81718   2.13622   1.61791   2.11273   1.45166  
 25 12.8412   2063.815444  x:  0.34319   0.00000   0.15997   0.15840   0.01439   0.01044   0.03886   0.04050   0.05948   0.02829   0.09590   0.24571   0.00000   0.13765   0.16462   0.02584   0.01701   0.05900   0.05207   0.05087   0.01264   0.12245   0.05972   6.84058   2.37149   1.61124   1.97997   1.45473  
 26 11.5348   2054.256366  x:  0.31285   0.00000   0.19317   0.18440   0.02111   0.01731   0.04234   0.04333   0.07172   0.03140   0.11128   0.23792   0.00000   0.15744   0.18230   0.02636   0.02686   0.06690   0.05594   0.05534   0.00272   0.08595   0.06344   6.94901   1.83761   1.24316   1.65292   1.43627  
 27  4.6345   2052.757658  x:  0.31043   0.00000   0.20448   0.19399   0.02245   0.01897   0.04312   0.04306   0.07524   0.03237   0.11669   0.23401   0.00000   0.16355   0.18964   0.02593   0.02858   0.06884   0.05508   0.05690   0.01347   0.08177   0.06095   6.96788   1.75412   1.15861   1.57580   1.38483  
 28  1.1086   2049.268606  x:  0.31730   0.00000   0.22343   0.21289   0.02335   0.02345   0.04137   0.04095   0.07435   0.03615   0.10954   0.21052   0.00000   0.18026   0.21341   0.02465   0.03228   0.06655   0.05463   0.05943   0.01555   0.11116   0.05103   6.89726   1.77856   1.28377   1.64539   1.85387  
 29  0.9380   2045.972148  x:  0.32089   0.00000   0.23893   0.22703   0.02388   0.02670   0.03996   0.03976   0.07269   0.04007   0.10192   0.18993   0.00000   0.19505   0.23230   0.02374   0.03529   0.06442   0.05480   0.06139   0.01441   0.13404   0.04320   6.86476   1.85572   1.38944   1.77129   1.38635  
 30  3.8918   2039.133903  x:  0.27639   0.00000   0.27261   0.27119   0.02460   0.03993   0.03120   0.03828   0.06364   0.04292   0.09911   0.10338   0.00000   0.22344   0.29355   0.01960   0.04356   0.06109   0.05178   0.06052   0.01138   0.10826   0.05624   6.79094   2.13943   1.40772   1.72194   1.52992  
 31  0.1392   2034.857840  x:  0.25266   0.00000   0.27416   0.27668   0.02443   0.04577   0.03189   0.03890   0.06006   0.04026   0.09770   0.04769   0.00000   0.22330   0.30752   0.02222   0.04571   0.06306   0.05100   0.05711   0.00798   0.10014   0.06052   6.93230   1.87500   1.32575   1.70744   1.42023  
 32  0.2569   2032.818133  x:  0.20211   0.00000   0.25125   0.25778   0.02289   0.04311   0.03513   0.03951   0.06168   0.03539   0.09705   0.06710   0.00000   0.20340   0.28600   0.02409   0.04127   0.06483   0.05055   0.05448   0.00811   0.09796   0.05636   6.95917   1.73321   1.28041   1.69629   1.39033  
 33  0.2356   2030.228193  x:  0.23013   0.00000   0.21543   0.22555   0.02056   0.03867   0.03951   0.03974   0.06647   0.02891   0.09902   0.04962   0.00000   0.17220   0.24674   0.02567   0.03311   0.06647   0.04955   0.05265   0.00953   0.10639   0.04504   6.91939   1.75824   1.26046   1.69418   1.40467  
 34  0.1025   2029.691304  x:  0.20944   0.00000   0.21441   0.22399   0.02047   0.03878   0.03821   0.03962   0.06673   0.03072   0.09651   0.04270   0.00000   0.17392   0.24077   0.02464   0.03151   0.06433   0.05141   0.05450   0.01056   0.10356   0.04628   6.80764   1.88569   1.32845   1.73790   1.42051  
 35  0.2345   2029.537688  x:  0.21319   0.00000   0.21696   0.22223   0.02164   0.03733   0.03613   0.03906   0.06684   0.03418   0.09478   0.04748   0.00000   0.17914   0.23148   0.02397   0.02987   0.06277   0.05260   0.05691   0.01139   0.10614   0.04783   6.74405   1.88672   1.33170   1.73052   1.42535  
 36  0.0524   2029.459842  x:  0.21183   0.00000   0.21877   0.22262   0.02278   0.03683   0.03531   0.03875   0.06638   0.03594   0.09490   0.04279   0.00000   0.18198   0.22799   0.02402   0.02837   0.06287   0.05205   0.05761   0.01162   0.10617   0.04792   6.74828   1.85232   1.31249   1.71664   1.42464  
 37  0.0399   2029.400583  x:  0.20906   0.00000   0.21828   0.22363   0.02407   0.03531   0.03634   0.03904   0.06563   0.03631   0.09682   0.04463   0.00000   0.18152   0.22777   0.02491   0.02570   0.06423   0.05066   0.05691   0.01182   0.10310   0.04685   6.80298   1.85709   1.31222   1.72519   1.41587  
 38  0.0322   2029.368196  x:  0.21167   0.00000   0.21911   0.22612   0.02505   0.03440   0.03702   0.03940   0.06559   0.03571   0.09605   0.04407   0.00000   0.18096   0.23316   0.02486   0.02427   0.06403   0.05186   0.05623   0.01148   0.10515   0.04769   6.78884   1.86059   1.31465   1.71943   1.41611  
 39  0.0098   2029.362730  x:  0.21082   0.00000   0.21883   0.22534   0.02517   0.03411   0.03643   0.03914   0.06611   0.03490   0.09581   0.04415   0.00000   0.18054   0.23340   0.02465   0.02407   0.06344   0.05175   0.05642   0.01138   0.10492   0.04748   6.77223   1.86096   1.31731   1.72348   1.42494  
 40  0.0144   2029.360230  x:  0.21059   0.00000   0.21922   0.22470   0.02529   0.03383   0.03631   0.03898   0.06634   0.03449   0.09566   0.04415   0.00000   0.18096   0.23329   0.02469   0.02429   0.06343   0.05150   0.05668   0.01122   0.10520   0.04750   6.77702   1.86042   1.31604   1.72199   1.41561  
 41  0.0055   2029.356608  x:  0.21134   0.00000   0.21993   0.22426   0.02556   0.03305   0.03669   0.03909   0.06622   0.03440   0.09570   0.04406   0.00000   0.18192   0.23281   0.02481   0.02461   0.06383   0.05149   0.05686   0.01121   0.10463   0.04765   6.78872   1.86044   1.31564   1.72259   1.42244  
 42  0.0049   2029.353709  x:  0.21016   0.00000   0.21937   0.22457   0.02558   0.03229   0.03676   0.03920   0.06593   0.03473   0.09553   0.04405   0.00000   0.18147   0.23260   0.02467   0.02478   0.06373   0.05176   0.05658   0.01128   0.10509   0.04738   6.77030   1.86067   1.31596   1.72165   1.42077  
 43  0.0084   2029.352956  x:  0.21071   0.00000   0.21914   0.22504   0.02542   0.03217   0.03662   0.03911   0.06601   0.03480   0.09574   0.04398   0.00000   0.18104   0.23319   0.02463   0.02494   0.06353   0.05165   0.05649   0.01133   0.10490   0.04748   6.77646   1.86112   1.31701   1.72303   1.42017  
 44  0.0046   2029.352754  x:  0.21056   0.00000   0.21917   0.22508   0.02529   0.03210   0.03663   0.03907   0.06609   0.03482   0.09574   0.04400   0.00000   0.18097   0.23333   0.02469   0.02487   0.06360   0.05159   0.05656   0.01133   0.10498   0.04751   6.78049   1.86015   1.31560   1.72174   1.42086  
 45  0.0023   2029.352696  x:  0.21061   0.00000   0.21927   0.22502   0.02521   0.03208   0.03666   0.03909   0.06610   0.03481   0.09573   0.04399   0.00000   0.18108   0.23329   0.02468   0.02482   0.06361   0.05163   0.05659   0.01134   0.10493   0.04750   6.77695   1.86042   1.31614   1.72220   1.42035  
 46  0.0025   2029.352691  x:  0.21059   0.00000   0.21930   0.22504   0.02519   0.03209   0.03666   0.03909   0.06608   0.03480   0.09573   0.04399   0.00000   0.18113   0.23329   0.02467   0.02483   0.06360   0.05163   0.05658   0.01133   0.10495   0.04749   6.77772   1.86048   1.31619   1.72221   1.42051  
 47  0.0006   2029.352691  x:  0.21060   0.00000   0.21930   0.22504   0.02519   0.03209   0.03666   0.03909   0.06608   0.03480   0.09574   0.04399   0.00000   0.18113   0.23326   0.02468   0.02483   0.06360   0.05163   0.05657   0.01133   0.10495   0.04750   6.77779   1.86046   1.31617   1.72221   1.42049  
 48  0.0001   2029.352691  x:  0.21060   0.00000   0.21930   0.22505   0.02519   0.03209   0.03666   0.03909   0.06608   0.03480   0.09574   0.04399   0.00000   0.18113   0.23326   0.02468   0.02483   0.06360   0.05163   0.05657   0.01133   0.10495   0.04750   6.77767   1.86046   1.31617   1.72221   1.42049  
 49  0.0001   2029.352691  x:  0.21060   0.00000   0.21930   0.22505   0.02519   0.03209   0.03666   0.03909   0.06608   0.03480   0.09574   0.04399   0.00000   0.18112   0.23326   0.02468   0.02483   0.06360   0.05163   0.05657   0.01133   0.10495   0.04750   6.77771   1.86046   1.31617   1.72221   1.42049  
 50  0.0000   2029.352691  x:  0.21060   0.00000   0.21930   0.22505   0.02519   0.03209   0.03666   0.03909   0.06608   0.03480   0.09574   0.04399   0.00000   0.18112   0.23326   0.02468   0.02483   0.06360   0.05163   0.05657   0.01133   0.10495   0.04750   6.77771   1.86046   1.31617   1.72221   1.42049  
 51  0.0000   2029.352691  x:  0.21060   0.00000   0.21930   0.22505   0.02519   0.03209   0.03666   0.03909   0.06608   0.03480   0.09574   0.04399   0.00000   0.18112   0.23326   0.02468   0.02483   0.06360   0.05163   0.05657   0.01133   0.10495   0.04750   6.77771   1.86046   1.31617   1.72221   1.42049  
 52  0.0000   2029.352691  x:  0.21060   0.00000   0.21930   0.22505   0.02519   0.03209   0.03666   0.03909   0.06608   0.03480   0.09574   0.04399   0.00000   0.18112   0.23326   0.02468   0.02483   0.06360   0.05163   0.05657   0.01133   0.10495   0.04750   6.77771   1.86046   1.31617   1.72221   1.42049  