

TREE # 1

  0  0.0000   2043.109307  x:  0.20925   0.02571   0.03211   0.02495   0.05815   0.02188   0.05666   0.08536   0.02661   0.17168   0.20925   0.02571   0.03211   0.02495   0.05815   0.02188   0.05666   0.08536   0.02661   0.17168   0.21568   8.40433   1.53464   1.19772   1.56159   1.00000  
  1 99.0000   2021.871686  x:  0.20025   0.03021   0.05998   0.06303   0.04421   0.00924   0.05340   0.12120   0.01706   0.17836   0.21721   0.01546   0.00000   0.02571   0.06396   0.13748   0.06726   0.08621   0.01654   0.16911   0.21677   8.40408   1.53418   1.19326   1.56522   0.99972  
  2 587.4284   2019.957795  x:  0.18812   0.03053   0.06273   0.06078   0.03467   0.02367   0.04854   0.14644   0.01994   0.18649   0.22747   0.02553   0.00000   0.02237   0.06934   0.13703   0.07482   0.08756   0.02094   0.16588   0.21819   8.40370   1.53354   1.18685   1.57044   0.99918  
  3 116.3987   2017.739511  x:  0.16699   0.02865   0.06320   0.05452   0.02744   0.01107   0.04531   0.18094   0.01853   0.19963   0.24441   0.01942   0.00000   0.02222   0.07516   0.12784   0.08256   0.08929   0.01597   0.16066   0.22059   8.40297   1.53234   1.17476   1.58018   0.99811  
  4 148.1066   2017.182379  x:  0.15756   0.02785   0.06318   0.05537   0.03859   0.01220   0.04805   0.19125   0.01728   0.20484   0.25158   0.01534   0.00000   0.02445   0.07450   0.12611   0.08181   0.08928   0.01839   0.15881   0.22165   8.40249   1.53154   1.16726   1.58619   0.99736  
  5 90.0131   2016.972299  x:  0.15267   0.02787   0.06270   0.05759   0.04087   0.00993   0.05072   0.19247   0.01859   0.20717   0.25528   0.02025   0.00000   0.02432   0.07161   0.12580   0.07820   0.08866   0.01739   0.15835   0.22222   8.40202   1.53074   1.16034   1.59172   0.99659  
  6 49.3227   2016.686158  x:  0.14591   0.02786   0.06176   0.06063   0.03780   0.01273   0.05306   0.19031   0.01873   0.21021   0.26069   0.01853   0.00000   0.02339   0.06646   0.12532   0.07149   0.08742   0.01432   0.15821   0.22308   8.40103   1.52901   1.14620   1.60302   0.99492  
  7 63.4552   2016.475143  x:  0.14172   0.02799   0.06136   0.06179   0.03452   0.01197   0.05284   0.18683   0.01818   0.21219   0.26463   0.01736   0.00000   0.02357   0.06416   0.12564   0.06822   0.08664   0.01967   0.15844   0.22367   8.40001   1.52722   1.13218   1.61423   0.99319  
  8 90.0009   2015.779321  x:  0.13694   0.02881   0.06221   0.05789   0.03609   0.01241   0.04389   0.17157   0.01828   0.21564   0.27354   0.01895   0.00000   0.02710   0.06971   0.12860   0.07399   0.08631   0.01777   0.16030   0.22483   8.39584   1.51977   1.07770   1.65800   0.98602  
  9 73.3131   2015.564480  x:  0.14017   0.02849   0.06296   0.05706   0.03677   0.01203   0.04776   0.17061   0.01947   0.21488   0.27322   0.01797   0.00000   0.02083   0.07122   0.12881   0.07714   0.08713   0.01809   0.16048   0.22449   8.39419   1.51676   1.05949   1.67304   0.98315  
 10 65.6861   2015.390520  x:  0.14705   0.02751   0.06321   0.05748   0.03533   0.01239   0.05303   0.17471   0.01731   0.21190   0.26899   0.01845   0.00000   0.02448   0.07100   0.12771   0.07790   0.08813   0.01792   0.15989   0.22332   8.39226   1.51317   1.04270   1.68764   0.97975  
 11 50.2998   2015.300324  x:  0.15113   0.02835   0.06243   0.05815   0.03597   0.01197   0.05015   0.17932   0.02001   0.20889   0.26415   0.01764   0.00000   0.02500   0.06914   0.12717   0.07550   0.08792   0.01794   0.15905   0.22218   8.39080   1.51044   1.03400   1.69604   0.97718  
 12 35.3591   2015.269460  x:  0.15184   0.02825   0.06209   0.05829   0.03651   0.01183   0.04834   0.18093   0.01805   0.20756   0.26182   0.01805   0.00000   0.02389   0.06847   0.12692   0.07434   0.08755   0.01780   0.15864   0.22170   8.39010   1.50918   1.03139   1.69903   0.97598  
 13 29.5135   2015.244735  x:  0.14771   0.02777   0.06208   0.05787   0.03635   0.01189   0.04899   0.18123   0.01835   0.20530   0.25650   0.01802   0.00000   0.02392   0.06987   0.12705   0.07423   0.08617   0.01783   0.15794   0.22095   8.38802   1.50574   1.03125   1.70283   0.97253  
 14  6.6262   2015.235135  x:  0.14663   0.02899   0.06245   0.05802   0.03633   0.01186   0.04902   0.18110   0.01819   0.20556   0.25501   0.01800   0.00000   0.02399   0.06872   0.12682   0.07523   0.08751   0.01781   0.15820   0.22097   8.38618   1.50317   1.03241   1.70502   0.96972  
 15  5.7014   2015.222698  x:  0.14653   0.02727   0.06248   0.05838   0.03634   0.01186   0.04868   0.18092   0.01846   0.20678   0.25427   0.01801   0.00000   0.02401   0.06801   0.12676   0.07567   0.08875   0.01783   0.15886   0.22128   8.38299   1.49912   1.03473   1.70824   0.96509  
 16 10.1591   2015.196608  x:  0.14821   0.02819   0.06227   0.05814   0.03638   0.01185   0.04891   0.18090   0.01831   0.20978   0.25484   0.01801   0.00000   0.02395   0.06971   0.12677   0.07419   0.08789   0.01781   0.16010   0.22210   8.37494   1.48990   1.04056   1.71547   0.95399  
 17 15.4553   2015.189193  x:  0.14868   0.02813   0.06219   0.05789   0.03638   0.01186   0.04894   0.18082   0.01831   0.20857   0.25645   0.01802   0.00000   0.02401   0.06863   0.12682   0.07516   0.08621   0.01781   0.15918   0.22190   8.37145   1.48790   1.04217   1.71721   0.95048  
 18  5.5895   2015.181911  x:  0.14872   0.02814   0.06234   0.05824   0.03637   0.01185   0.04888   0.18065   0.01832   0.20582   0.25866   0.01802   0.00000   0.02397   0.06924   0.12665   0.07474   0.08745   0.01781   0.15777   0.22134   8.36643   1.48712   1.04334   1.71835   0.94690  
 19  4.8886   2015.153251  x:  0.14814   0.02796   0.06157   0.05532   0.03646   0.01195   0.04931   0.18141   0.01836   0.20396   0.25932   0.01814   0.00000   0.02401   0.06849   0.12744   0.07404   0.08808   0.01779   0.16167   0.22070   8.33488   1.49454   1.04312   1.71798   0.93473  
 20  3.0009   2015.101457  x:  0.14781   0.02809   0.06206   0.05927   0.03639   0.01181   0.04876   0.18163   0.01832   0.20387   0.25866   0.01797   0.00000   0.02392   0.06945   0.12512   0.07529   0.08674   0.01777   0.16456   0.22029   8.27545   1.50864   1.04236   1.71705   0.91391  
 21 40.6393   2015.051244  x:  0.14854   0.02786   0.06347   0.05748   0.03640   0.01190   0.04880   0.18053   0.01842   0.20780   0.25626   0.01809   0.00000   0.02391   0.06909   0.12494   0.07459   0.08711   0.01778   0.15766   0.22112   8.21679   1.52051   1.04205   1.71679   0.89828  
 22 33.0620   2015.022913  x:  0.14861   0.02827   0.05875   0.05791   0.03627   0.01203   0.04903   0.18035   0.01828   0.20837   0.25576   0.01813   0.00000   0.02385   0.06937   0.12541   0.07542   0.08769   0.01783   0.15607   0.22193   8.18203   1.52326   1.04309   1.71833   0.89678  
 23 16.1087   2014.019539  x:  0.15013   0.02792   0.06087   0.05560   0.03616   0.01226   0.04865   0.17939   0.01849   0.20030   0.25254   0.01832   0.00000   0.02348   0.06980   0.11133   0.07578   0.08714   0.01762   0.15701   0.24112   6.97134   1.57543   1.09118   1.78824   0.92092  
 24 54.5355   2013.848792  x:  0.15040   0.02797   0.06031   0.05525   0.03609   0.01235   0.04863   0.17836   0.01851   0.20471   0.25305   0.01838   0.00000   0.02340   0.06994   0.10914   0.07598   0.08719   0.01760   0.15701   0.22007   6.75923   1.58109   1.09797   1.79755   0.92566  
 25 107.9459   2013.641085  x:  0.14979   0.02793   0.05994   0.05487   0.03598   0.01254   0.04881   0.17757   0.01862   0.20528   0.25481   0.01848   0.00000   0.02350   0.07001   0.10594   0.07609   0.08749   0.01763   0.15755   0.22262   6.51472   1.50186   1.04138   1.70984   0.91399  
 26  4.7934   2013.331045  x:  0.14907   0.02787   0.05946   0.05299   0.03630   0.01245   0.04895   0.17336   0.01886   0.20591   0.25616   0.01850   0.00000   0.02404   0.06915   0.09330   0.07467   0.08723   0.01788   0.15882   0.21704   7.02200   1.47287   1.02945   1.69036   0.93713  
 27  0.2915   2013.284912  x:  0.14934   0.02784   0.05824   0.05187   0.03651   0.01267   0.04905   0.17152   0.01895   0.20502   0.25522   0.01868   0.00000   0.02396   0.06907   0.08842   0.07452   0.08723   0.01803   0.15858   0.22050   6.93347   1.49509   1.04170   1.71131   0.93379  
 28  0.1065   2013.283592  x:  0.14947   0.02783   0.05785   0.05167   0.03656   0.01277   0.04909   0.17113   0.01897   0.20502   0.25499   0.01873   0.00000   0.02389   0.06913   0.08902   0.07461   0.08729   0.01807   0.15841   0.22066   6.92242   1.49623   1.04077   1.71094   0.93031  
 29  0.0131   2013.283566  x:  0.14948   0.02782   0.05787   0.05173   0.03658   0.01276   0.04909   0.17114   0.01896   0.20503   0.25498   0.01870   0.00000   0.02389   0.06913   0.08896   0.07461   0.08729   0.01806   0.15839   0.22063   6.92028   1.49615   1.04056   1.71070   0.92980  
 30  0.0025   2013.283565  x:  0.14948   0.02783   0.05788   0.05173   0.03658   0.01276   0.04909   0.17113   0.01896   0.20503   0.25498   0.01870   0.00000   0.02390   0.06913   0.08896   0.07460   0.08729   0.01806   0.15840   0.22062   6.92030   1.49614   1.04057   1.71069   0.92979  
 31  0.0000   2013.283565  x:  0.14948   0.02783   0.05787   0.05173   0.03658   0.01276   0.04909   0.17113   0.01896   0.20503   0.25498   0.01870   0.00000   0.02390   0.06913   0.08896   0.07460   0.08729   0.01806   0.15840   0.22062   6.92032   1.49614   1.04057   1.71069   0.92980  
 32  0.0000   2013.283565  x:  0.14948   0.02783   0.05787   0.05173   0.03658   0.01276   0.04909   0.17113   0.01896   0.20503   0.25498   0.01870   0.00000   0.02390   0.06913   0.08896   0.07460   0.08729   0.01806   0.15840   0.22062   6.92032   1.49614   1.04057   1.71069   0.92980  
 33  0.0000   2013.283565  x:  0.14948   0.02783   0.05787   0.05173   0.03658   0.01276   0.04909   0.17113   0.01896   0.20503   0.25498   0.01870   0.00000   0.02390   0.06913   0.08896   0.07460   0.08729   0.01806   0.15840   0.22062   6.92032   1.49614   1.04057   1.71069   0.92980  