

TREE # 1

  0  0.0000   2285.972031  x:  0.06553   0.00000   0.11974   0.01954   0.06095   0.02522   0.10708   0.08840   0.11598   0.06428   0.07785   0.13008   0.01604   0.08450   0.00177   0.10213   0.05673   0.03688   0.04193   0.04254   0.12209   0.05733   0.12534   0.08415   2.00000   2.06079   1.18779   1.55537   0.40000  
  1 99.0000   2258.405813  x:  0.08331   0.05386   0.13978   0.04017   0.04513   0.01059   0.09482   0.13871   0.10665   0.06797   0.06425   0.14522   0.01454   0.11762   0.20444   0.09574   0.03720   0.03672   0.01387   0.04089   0.14243   0.05210   0.14536   0.10193   2.00768   2.05942   1.18659   1.55698   0.42307  
  2 1316.6991   2247.153302  x:  0.08808   0.04673   0.14615   0.04004   0.03966   0.00745   0.08929   0.15143   0.10231   0.06917   0.05824   0.15017   0.01242   0.12590   0.20309   0.09090   0.02917   0.03678   0.00000   0.04074   0.14827   0.04787   0.15239   0.10670   2.01143   2.05871   1.18631   1.55754   0.43267  
  3 403.9404   2234.370355  x:  0.09401   0.00000   0.16769   0.04460   0.04754   0.09780   0.06222   0.17760   0.07571   0.07273   0.03199   0.16796   0.03570   0.15160   0.21276   0.05616   0.02082   0.03717   0.00000   0.04874   0.17449   0.02188   0.17319   0.11263   2.04616   2.05327   1.18271   1.56267   0.49358  
  4 295.7751   2231.750740  x:  0.09357   0.03025   0.17761   0.04213   0.05619   0.12258   0.04269   0.18315   0.06004   0.07316   0.03625   0.17532   0.02862   0.16041   0.20116   0.04169   0.02585   0.03675   0.00000   0.04575   0.18640   0.02678   0.17859   0.11219   2.07704   2.04861   1.18018   1.56661   0.53389  
  5 156.9315   2228.740458  x:  0.08952   0.02119   0.17833   0.04144   0.06930   0.12639   0.03246   0.18167   0.05309   0.07163   0.04912   0.17436   0.00582   0.15913   0.20439   0.05187   0.03054   0.03672   0.00000   0.04014   0.19275   0.03647   0.17587   0.10814   2.12368   2.04202   1.17717   1.57146   0.57617  
  6 118.3444   2223.124413  x:  0.08414   0.01078   0.16965   0.03505   0.10258   0.09392   0.03579   0.17308   0.04976   0.06686   0.07100   0.16566   0.04791   0.14713   0.20740   0.07674   0.03339   0.03662   0.00000   0.03614   0.19892   0.04858   0.16341   0.10276   2.31173   2.01579   1.16611   1.58981   0.71608  
  7 182.4552   2217.671767  x:  0.08307   0.01416   0.15757   0.04897   0.11052   0.07429   0.05410   0.15421   0.07029   0.07108   0.05067   0.15447   0.03416   0.12740   0.20941   0.05792   0.03416   0.03703   0.00000   0.06182   0.17925   0.02388   0.15089   0.10169   2.49387   1.99186   1.15698   1.60501   0.80307  
  8 207.4960   2213.920961  x:  0.08458   0.01103   0.14774   0.03891   0.09484   0.07436   0.05936   0.14153   0.07479   0.06970   0.02680   0.14974   0.02999   0.12943   0.21319   0.04165   0.03328   0.03608   0.00000   0.04170   0.15470   0.04112   0.14954   0.10320   2.64111   1.97484   1.15032   1.61462   0.82122  
  9 169.9853   2205.138058  x:  0.09009   0.01223   0.14219   0.04115   0.02838   0.09539   0.06278   0.14054   0.07580   0.07188   0.05914   0.15210   0.02892   0.14145   0.21215   0.04787   0.03321   0.03840   0.00000   0.02677   0.11746   0.03022   0.15974   0.10871   3.03031   1.93374   1.13228   1.63651   0.80413  
 10 281.4112   2196.535351  x:  0.09005   0.01719   0.15188   0.02783   0.00765   0.11155   0.06751   0.15079   0.07918   0.06801   0.05033   0.16084   0.02534   0.15693   0.20798   0.07409   0.03332   0.03298   0.00000   0.06441   0.13778   0.05188   0.17012   0.10867   3.47431   1.89000   1.11168   1.65841   0.74626  
 11 521.1034   2185.483024  x:  0.09786   0.02510   0.17522   0.03995   0.06015   0.12481   0.07528   0.17877   0.08811   0.06893   0.04377   0.18014   0.01946   0.18435   0.19748   0.09336   0.01728   0.03691   0.00000   0.06668   0.16562   0.05690   0.19391   0.11648   4.20879   1.81969   1.07879   1.69166   0.62491  
 12 1413.6425   2180.341548  x:  0.08689   0.01881   0.18299   0.03446   0.06392   0.10498   0.04439   0.18332   0.06065   0.06897   0.03340   0.17801   0.02320   0.16270   0.20124   0.07571   0.04363   0.03186   0.00000   0.05131   0.20780   0.02979   0.18079   0.10551   4.46828   1.80129   1.07010   1.69406   0.57287  
 13 306.9369   2179.533858  x:  0.08613   0.01525   0.18193   0.03906   0.06293   0.10138   0.03673   0.18069   0.05397   0.06921   0.04034   0.17465   0.02505   0.15540   0.20276   0.06068   0.03408   0.04024   0.00000   0.05487   0.21842   0.03596   0.17323   0.10475   4.51049   1.80289   1.06948   1.68900   0.56385  
 14 100.2418   2179.317082  x:  0.08686   0.01482   0.18108   0.03709   0.06299   0.10188   0.03784   0.18036   0.05371   0.06926   0.04406   0.17324   0.02461   0.15295   0.20329   0.05600   0.02842   0.03315   0.00000   0.05434   0.22277   0.03626   0.17032   0.10548   4.52171   1.80699   1.06976   1.68343   0.56233  
 15 43.1390   2178.993240  x:  0.08940   0.01632   0.17876   0.03157   0.06121   0.10474   0.04321   0.18161   0.05818   0.06891   0.04485   0.17104   0.02288   0.15125   0.20307   0.05569   0.02578   0.03824   0.00000   0.04965   0.23223   0.03345   0.16683   0.10802   4.54030   1.82564   1.07138   1.66081   0.56351  
 16 26.6872   2178.399318  x:  0.09220   0.01716   0.17454   0.04371   0.05726   0.10602   0.04524   0.18217   0.06285   0.06928   0.04208   0.16860   0.02342   0.15338   0.20073   0.05755   0.02916   0.03602   0.00000   0.04455   0.24246   0.03612   0.16555   0.11082   4.57648   1.86837   1.07523   1.60939   0.56682  
 17 77.4562   2177.449403  x:  0.08879   0.01561   0.17328   0.03709   0.06394   0.10083   0.03755   0.17927   0.05706   0.07140   0.04332   0.17118   0.02420   0.16034   0.20205   0.05640   0.03055   0.03558   0.00000   0.05297   0.23111   0.03350   0.17488   0.10741   4.63178   1.93860   1.08198   1.52502   0.57029  
 18 85.5120   2177.331059  x:  0.08718   0.01585   0.17944   0.03807   0.06385   0.10110   0.04097   0.18227   0.05277   0.06810   0.04209   0.17383   0.02403   0.15578   0.20187   0.05733   0.02946   0.03589   0.00000   0.05297   0.22726   0.03426   0.17298   0.10580   4.63796   1.94608   1.08245   1.51715   0.57117  
 19 19.4436   2177.225769  x:  0.08754   0.01561   0.18629   0.03757   0.06373   0.10160   0.03724   0.18504   0.05713   0.06917   0.04157   0.17624   0.02490   0.15050   0.20186   0.05820   0.02916   0.03559   0.00000   0.05280   0.22380   0.03568   0.16988   0.10616   4.64252   1.95071   1.08233   1.51405   0.57206  
 20 13.4570   2176.593654  x:  0.09599   0.01245   0.19737   0.03583   0.06490   0.09777   0.04311   0.18431   0.05131   0.08530   0.04351   0.17543   0.02459   0.15083   0.20162   0.05519   0.03730   0.03568   0.00000   0.05449   0.22153   0.03865   0.16429   0.11461   4.66430   1.96409   1.07912   1.52284   0.57759  
 21  5.5810   2164.879590  x:  0.10111   0.00000   0.24705   0.03988   0.06293   0.05179   0.03371   0.15843   0.05060   0.06421   0.03914   0.15251   0.02155   0.18945   0.19291   0.04310   0.02685   0.03607   0.00000   0.04979   0.22409   0.01370   0.15031   0.11973   4.95321   2.12280   1.04404   1.67097   0.65640  
 22 48.8110   2155.566005  x:  0.07421   0.00000   0.22144   0.04418   0.06073   0.01352   0.03768   0.20359   0.05358   0.09368   0.03554   0.16075   0.01797   0.17240   0.18200   0.02176   0.01880   0.03772   0.00000   0.04299   0.22736   0.00911   0.18091   0.09282   5.24563   2.26977   1.03222   1.81730   0.73809  
 23 283.2129   2153.281590  x:  0.09032   0.00000   0.19820   0.04473   0.06444   0.00818   0.02739   0.21368   0.04194   0.08877   0.02913   0.16698   0.01639   0.15278   0.17886   0.02761   0.01446   0.03719   0.00000   0.04551   0.22262   0.00580   0.18784   0.10893   5.31563   2.29773   1.04358   1.84851   0.75657  
 24 167.8605   2152.894716  x:  0.09414   0.00000   0.19630   0.04390   0.06571   0.00561   0.02785   0.21805   0.04366   0.08145   0.03189   0.16830   0.01605   0.15157   0.17857   0.02266   0.02033   0.03703   0.00000   0.04727   0.22184   0.00694   0.18991   0.11275   5.33111   2.30099   1.05163   1.85362   0.76076  
 25 75.6433   2151.210732  x:  0.09182   0.00000   0.20668   0.04480   0.06635   0.00193   0.02730   0.22611   0.04373   0.08582   0.03046   0.14978   0.01610   0.16323   0.17569   0.02385   0.01846   0.03751   0.00000   0.04756   0.21889   0.00491   0.18194   0.11042   5.38592   2.26918   1.15967   1.84553   0.77715  
 26 31.9222   2150.942098  x:  0.09306   0.00000   0.21430   0.04537   0.06451   0.00120   0.02926   0.21629   0.04517   0.08664   0.03096   0.15041   0.01596   0.15589   0.17613   0.02377   0.01716   0.03780   0.00000   0.04550   0.22348   0.00565   0.19740   0.11166   5.39468   2.25671   1.16675   1.83763   0.78057  
 27  9.2672   2148.896684  x:  0.09922   0.00000   0.22132   0.04595   0.06511   0.00699   0.02858   0.23055   0.04559   0.08380   0.03024   0.11997   0.01438   0.14920   0.17194   0.02361   0.01676   0.03808   0.00000   0.04600   0.22177   0.00868   0.21604   0.11783   5.45748   2.13739   1.16480   1.75281   0.80175  
 28 15.4160   2142.304938  x:  0.10974   0.00000   0.21812   0.05034   0.06112   0.01172   0.03475   0.22787   0.05311   0.08290   0.03020   0.17837   0.00785   0.16546   0.16191   0.02019   0.01144   0.03984   0.00000   0.04227   0.23078   0.00886   0.20986   0.12835   5.65401   1.77396   1.16530   1.49605   0.86919  
 29 207.8536   2135.609558  x:  0.11340   0.00000   0.19813   0.05128   0.06323   0.00539   0.03420   0.27194   0.05382   0.08176   0.02114   0.18204   0.00530   0.18912   0.14140   0.04522   0.00361   0.03885   0.00000   0.04419   0.21456   0.03004   0.18973   0.13201   5.95408   1.75305   1.10344   1.49896   0.94065  
 30  1.4834   2131.373025  x:  0.11812   0.00000   0.19701   0.05053   0.06141   0.00746   0.04026   0.29563   0.05959   0.07831   0.02048   0.20982   0.00221   0.20201   0.12280   0.06720   0.01928   0.03777   0.00000   0.03913   0.20823   0.03597   0.20263   0.13672   6.28648   1.99931   1.26263   1.73062   1.00274  
 31  3.4071   2129.113826  x:  0.12110   0.00000   0.20665   0.04932   0.05988   0.00384   0.04206   0.31193   0.06221   0.07519   0.02489   0.19543   0.00273   0.21398   0.11001   0.07367   0.02418   0.03732   0.00000   0.03665   0.20608   0.03391   0.20937   0.13970   6.45951   1.74038   1.05389   1.50532   1.02155  
 32  2.3348   2123.808137  x:  0.13364   0.00000   0.24499   0.04503   0.04804   0.00858   0.04645   0.32923   0.06804   0.06302   0.04525   0.21294   0.00258   0.23668   0.06684   0.07105   0.01584   0.03604   0.00000   0.03329   0.21039   0.02775   0.25399   0.15224   7.20274   1.99197   1.10809   1.69107   1.07317  
 33  1.6608   2121.905763  x:  0.13359   0.00000   0.24652   0.04406   0.04451   0.00895   0.04424   0.33074   0.06325   0.07110   0.04099   0.21388   0.00000   0.23843   0.05370   0.06730   0.01549   0.03676   0.00000   0.03604   0.21648   0.02835   0.25686   0.15218   7.42658   1.96621   1.08962   1.66636   1.08761  
 34  0.6100   2119.467896  x:  0.12735   0.00000   0.23733   0.03865   0.03840   0.00990   0.03721   0.32370   0.05044   0.07452   0.02884   0.21415   0.00000   0.23229   0.03004   0.05494   0.01369   0.03701   0.00000   0.04264   0.22861   0.02959   0.25243   0.14594   7.94003   1.89034   1.07952   1.61338   1.10195  
 35  0.6158   2119.467299  x:  0.12734   0.00000   0.23732   0.03865   0.03839   0.00990   0.03720   0.32368   0.05043   0.07453   0.02883   0.21414   0.00040   0.23228   0.03004   0.05494   0.01369   0.03700   0.00000   0.04264   0.22861   0.02959   0.25242   0.14593   7.94022   1.89031   1.07952   1.61336   1.10194  
 36  0.5496   2118.723570  x:  0.11799   0.00000   0.22419   0.03623   0.03926   0.00968   0.03591   0.30286   0.05040   0.08218   0.02930   0.20977   0.00200   0.21764   0.04187   0.05155   0.01286   0.03684   0.00000   0.04709   0.22753   0.02913   0.23599   0.13658   8.02322   1.87424   1.08658   1.60107   1.07497  
 37  0.5365   2117.999910  x:  0.11372   0.00000   0.21835   0.03698   0.03607   0.00870   0.04149   0.28957   0.05973   0.07964   0.03388   0.20418   0.00275   0.20953   0.03292   0.05416   0.01193   0.03613   0.00000   0.04668   0.21714   0.02596   0.22453   0.13231   8.54524   1.87088   1.05536   1.60416   1.06313  
 38  0.3038   2117.575319  x:  0.11668   0.00000   0.22550   0.03848   0.03973   0.00871   0.03869   0.27862   0.05569   0.07422   0.03076   0.20421   0.00267   0.20827   0.03318   0.05754   0.01334   0.03673   0.00000   0.03854   0.21016   0.02837   0.22459   0.13526   8.95671   1.89979   1.07573   1.63312   1.05412  
 39  0.2338   2117.410321  x:  0.12033   0.00000   0.22113   0.03841   0.04264   0.00877   0.03982   0.27757   0.05441   0.07306   0.03232   0.20376   0.00217   0.21024   0.03464   0.05695   0.01362   0.03702   0.00000   0.04444   0.21045   0.02910   0.23076   0.13891   9.30350   1.90910   1.08350   1.64468   1.05795  
 40  0.1750   2117.281040  x:  0.12099   0.00000   0.21977   0.03855   0.03973   0.00902   0.03949   0.27899   0.05587   0.07736   0.03101   0.20306   0.00173   0.21248   0.03561   0.05521   0.01405   0.03671   0.00000   0.04175   0.21822   0.02927   0.23389   0.13958   9.71275   1.89551   1.07101   1.63553   1.06450  
 41  0.2318   2117.240329  x:  0.11968   0.00000   0.22424   0.03822   0.03907   0.00912   0.03966   0.28503   0.05637   0.07592   0.03194   0.20422   0.00171   0.21438   0.03596   0.05582   0.01390   0.03664   0.00000   0.04190   0.21377   0.02910   0.23240   0.13827   9.89458   1.89345   1.07396   1.63269   1.07118  
 42  0.1040   2117.235924  x:  0.11906   0.00000   0.22346   0.03829   0.03925   0.00904   0.03965   0.28582   0.05561   0.07558   0.03139   0.20434   0.00181   0.21377   0.03648   0.05540   0.01369   0.03668   0.00000   0.04215   0.21428   0.02893   0.23124   0.13765   9.92186   1.89546   1.07189   1.63350   1.07213  
 43  0.0214   2117.234922  x:  0.11903   0.00000   0.22327   0.03843   0.03946   0.00908   0.03947   0.28621   0.05555   0.07587   0.03152   0.20472   0.00182   0.21357   0.03645   0.05570   0.01353   0.03667   0.00000   0.04210   0.21475   0.02870   0.23133   0.13761   9.92667   1.89637   1.07367   1.63536   1.07365  
 44  0.0037   2117.234699  x:  0.11914   0.00000   0.22344   0.03842   0.03950   0.00905   0.03944   0.28617   0.05562   0.07582   0.03140   0.20466   0.00181   0.21363   0.03642   0.05590   0.01353   0.03669   0.00000   0.04212   0.21467   0.02856   0.23133   0.13773   9.92721   1.89548   1.07257   1.63436   1.07410  
 45  0.0015   2117.234661  x:  0.11920   0.00000   0.22344   0.03840   0.03945   0.00904   0.03943   0.28602   0.05556   0.07582   0.03142   0.20461   0.00182   0.21368   0.03643   0.05590   0.01352   0.03669   0.00000   0.04213   0.21465   0.02853   0.23121   0.13778   9.92825   1.89576   1.07287   1.63439   1.07425  
 46  0.0007   2117.234657  x:  0.11920   0.00000   0.22340   0.03840   0.03944   0.00902   0.03943   0.28605   0.05557   0.07582   0.03143   0.20460   0.00182   0.21370   0.03644   0.05590   0.01352   0.03669   0.00000   0.04213   0.21465   0.02853   0.23123   0.13779   9.92806   1.89579   1.07287   1.63451   1.07440  
 47  0.0002   2117.234655  x:  0.11919   0.00000   0.22341   0.03840   0.03944   0.00902   0.03943   0.28603   0.05557   0.07582   0.03142   0.20461   0.00182   0.21369   0.03644   0.05589   0.01352   0.03669   0.00000   0.04213   0.21463   0.02853   0.23125   0.13778   9.92795   1.89583   1.07291   1.63452   1.07448  
 48  0.0001   2117.234655  x:  0.11919   0.00000   0.22341   0.03840   0.03944   0.00902   0.03944   0.28603   0.05557   0.07582   0.03142   0.20461   0.00182   0.21369   0.03644   0.05589   0.01352   0.03669   0.00000   0.04213   0.21464   0.02853   0.23124   0.13778   9.92803   1.89582   1.07290   1.63450   1.07449  
 49  0.0001   2117.234655  x:  0.11919   0.00000   0.22341   0.03840   0.03944   0.00902   0.03944   0.28603   0.05557   0.07582   0.03142   0.20461   0.00182   0.21369   0.03644   0.05589   0.01352   0.03669   0.00000   0.04213   0.21464   0.02853   0.23124   0.13778   9.92806   1.89581   1.07290   1.63450   1.07449  
 50  0.0000   2117.234655  x:  0.11919   0.00000   0.22341   0.03840   0.03944   0.00902   0.03944   0.28603   0.05557   0.07582   0.03142   0.20461   0.00182   0.21369   0.03644   0.05589   0.01352   0.03669   0.00000   0.04213   0.21464   0.02853   0.23124   0.13778   9.92805   1.89582   1.07290   1.63450   1.07449  
 51  0.0000   2117.234655  x:  0.11919   0.00000   0.22341   0.03840   0.03944   0.00902   0.03944   0.28603   0.05557   0.07582   0.03142   0.20461   0.00182   0.21369   0.03644   0.05589   0.01352   0.03669   0.00000   0.04213   0.21464   0.02853   0.23124   0.13778   9.92804   1.89582   1.07290   1.63450   1.07450  
 52  0.0000   2117.234655  x:  0.11919   0.00000   0.22341   0.03840   0.03944   0.00902   0.03944   0.28603   0.05557   0.07582   0.03142   0.20461   0.00182   0.21369   0.03644   0.05589   0.01352   0.03669   0.00000   0.04213   0.21464   0.02853   0.23124   0.13778   9.92805   1.89582   1.07290   1.63450   1.07450  
 53  0.0000   2117.234655  x:  0.11919   0.00000   0.22341   0.03840   0.03944   0.00902   0.03944   0.28603   0.05557   0.07582   0.03142   0.20461   0.00182   0.21369   0.03644   0.05589   0.01352   0.03669   0.00000   0.04213   0.21464   0.02853   0.23124   0.13778   9.92805   1.89582   1.07290   1.63450   1.07450  
 54  0.0000   2117.234655  x:  0.11919   0.00000   0.22341   0.03840   0.03944   0.00902   0.03944   0.28603   0.05557   0.07582   0.03142   0.20461   0.00182   0.21369   0.03644   0.05589   0.01352   0.03669   0.00000   0.04213   0.21464   0.02853   0.23124   0.13778   9.92805   1.89582   1.07290   1.63450   1.07450  