

TREE # 1

  0  0.0000   2137.279617  x:  0.00000   0.03448   0.07622   0.02608   0.08560   0.09227   0.04783   0.05619   0.09875   0.02817   0.11177   0.02772   0.04302   0.02099   0.03062   0.08204   0.07690   0.03460   0.07179   0.06214   0.10225   0.08402   0.06065   2.00000   1.90190   1.40228   1.33437   0.40000  
  1 99.0000   2137.271882  x:  0.00000   0.03448   0.07622   0.02608   0.08560   0.09227   0.04783   0.05619   0.09875   0.02817   0.11177   0.02772   0.04303   0.02099   0.03063   0.08204   0.07690   0.03460   0.07179   0.06214   0.10225   0.08402   0.06065   2.00000   1.90190   1.40228   1.33437   0.40000  
  2 1067.0766   2123.936143  x:  0.00000   0.01699   0.06203   0.02084   0.06769   0.08423   0.04601   0.05278   0.09831   0.02209   0.12567   0.01989   0.06665   0.02052   0.04389   0.07646   0.06932   0.02665   0.06922   0.07143   0.09341   0.09704   0.08286   2.00329   1.90167   1.40080   1.33620   0.41294  
  3 542.6846   2104.855803  x:  0.00000   0.01721   0.02700   0.01257   0.02169   0.06520   0.04287   0.04634   0.09731   0.01233   0.15321   0.00000   0.05075   0.01588   0.03704   0.06339   0.05198   0.01171   0.06281   0.08431   0.07083   0.11989   0.09142   2.01140   1.90088   1.39661   1.34065   0.44418  
  4 473.1465   2100.442798  x:  0.00000   0.01701   0.01595   0.01495   0.00321   0.05878   0.04263   0.04535   0.09695   0.01589   0.16235   0.00898   0.04704   0.01689   0.03545   0.05952   0.04699   0.01586   0.06090   0.08788   0.06389   0.12777   0.09350   2.01512   1.90063   1.39457   1.34262   0.45668  
  5 589.6561   2097.982300  x:  0.00000   0.01634   0.01348   0.02528   0.01375   0.04857   0.04529   0.04622   0.09625   0.02196   0.18028   0.00834   0.04099   0.02160   0.03923   0.05417   0.04128   0.02672   0.05850   0.08987   0.05142   0.14149   0.09311   2.02561   1.90020   1.38868   1.34811   0.48724  
  6 169.8135   2095.682771  x:  0.00000   0.01601   0.03978   0.02910   0.00866   0.04455   0.04968   0.04849   0.09574   0.01869   0.19987   0.00981   0.04035   0.02104   0.03787   0.05324   0.04486   0.02920   0.05901   0.08351   0.04559   0.15468   0.08920   2.04538   1.89975   1.37771   1.35790   0.53527  
  7 183.8207   2092.423045  x:  0.00000   0.01568   0.03324   0.01740   0.01434   0.05981   0.05154   0.05001   0.09520   0.02477   0.21227   0.01711   0.03775   0.01783   0.03770   0.06222   0.05747   0.02080   0.06432   0.06626   0.06264   0.15824   0.09060   2.08640   1.89929   1.35608   1.37661   0.61341  
  8 148.2804   2090.463723  x:  0.00000   0.01623   0.02755   0.02544   0.01039   0.06737   0.04683   0.05227   0.09557   0.01376   0.19994   0.01077   0.04040   0.02817   0.03611   0.06768   0.06037   0.02897   0.06660   0.06923   0.07130   0.14444   0.09049   2.12454   1.89928   1.33781   1.39180   0.66182  
  9 135.3414   2088.706728  x:  0.00000   0.01677   0.02908   0.02799   0.00656   0.06679   0.04224   0.05136   0.09606   0.02518   0.17761   0.00359   0.04515   0.02356   0.03694   0.06695   0.05639   0.02930   0.06661   0.07947   0.07134   0.12582   0.08791   2.16956   1.89942   1.31779   1.40815   0.70481  
 10 199.1546   2087.296624  x:  0.00000   0.01794   0.02901   0.02547   0.01102   0.06145   0.04051   0.04863   0.09632   0.02033   0.15620   0.01121   0.04874   0.01706   0.03607   0.06288   0.04930   0.02392   0.06448   0.08881   0.06615   0.11164   0.08531   2.21236   1.89954   1.29990   1.42265   0.73801  
 11 301.2602   2086.512962  x:  0.00000   0.01848   0.02772   0.01834   0.00975   0.05647   0.04712   0.04708   0.09599   0.01986   0.14382   0.01146   0.05064   0.02404   0.04233   0.06007   0.04843   0.02302   0.06155   0.08266   0.06026   0.10953   0.07937   2.24620   1.89960   1.28849   1.43182   0.74693  
 12 98.3752   2085.440701  x:  0.00000   0.01851   0.02373   0.02039   0.00949   0.05213   0.05241   0.04846   0.09528   0.01943   0.13410   0.00900   0.05612   0.02039   0.03547   0.05709   0.05061   0.02529   0.05955   0.06802   0.05245   0.11204   0.08139   2.30291   1.89948   1.27213   1.44514   0.74798  
 13 121.8320   2083.085730  x:  0.00000   0.01770   0.02359   0.02966   0.00687   0.05244   0.04835   0.05144   0.09409   0.01632   0.13296   0.00950   0.04558   0.01232   0.04874   0.05661   0.05409   0.02297   0.06173   0.05760   0.04717   0.11806   0.08864   2.44872   1.89889   1.23389   1.47658   0.73530  
 14 198.3905   2076.489117  x:  0.00000   0.01600   0.02857   0.03292   0.00935   0.05720   0.03277   0.05181   0.09184   0.02312   0.15311   0.01337   0.03764   0.03003   0.04014   0.05759   0.05664   0.00844   0.06680   0.06218   0.04291   0.13788   0.09740   2.86503   1.89715   1.12808   1.56371   0.69192  
 15 783.8948   2071.642696  x:  0.00000   0.01496   0.03080   0.01462   0.01117   0.06184   0.03154   0.04603   0.09095   0.02113   0.17800   0.01092   0.03458   0.02423   0.03538   0.05828   0.05441   0.02819   0.06968   0.07534   0.05086   0.15288   0.09608   3.21895   1.89581   1.04139   1.63547   0.65413  
 16 1591.1238   2070.320566  x:  0.00000   0.01495   0.02819   0.02228   0.01024   0.06081   0.04843   0.04614   0.09222   0.02034   0.18929   0.01019   0.03792   0.02046   0.03562   0.05919   0.05009   0.02421   0.06615   0.08072   0.06175   0.15197   0.08871   3.31358   1.89571   1.02519   1.65035   0.64499  
 17 338.4208   2069.488557  x:  0.00000   0.01446   0.03057   0.02011   0.01027   0.05085   0.05189   0.04792   0.09499   0.02106   0.19794   0.01042   0.03394   0.02261   0.03421   0.06032   0.04747   0.02496   0.05595   0.07691   0.06865   0.13927   0.09741   3.37281   1.89634   1.03776   1.64617   0.64470  
 18 73.9647   2067.383800  x:  0.00000   0.01515   0.02606   0.01990   0.01042   0.04344   0.03848   0.05009   0.09862   0.01970   0.21350   0.01106   0.04316   0.02000   0.03704   0.05975   0.05196   0.02455   0.05386   0.07008   0.06629   0.12355   0.08231   3.53136   1.89951   1.10397   1.61455   0.65187  
 19 118.8250   2063.019034  x:  0.00000   0.01485   0.02762   0.01760   0.01050   0.06755   0.05645   0.04566   0.09967   0.02061   0.21650   0.01193   0.03911   0.02188   0.03446   0.05703   0.05383   0.02681   0.06961   0.07883   0.04940   0.11876   0.08888   3.88768   1.90769   1.26972   1.53114   0.67477  
 20 360.6165   2061.159543  x:  0.00000   0.01479   0.03087   0.01877   0.01121   0.06156   0.05244   0.04770   0.09583   0.02142   0.19873   0.01072   0.03635   0.02181   0.03301   0.06128   0.04653   0.02733   0.06526   0.08416   0.07002   0.14840   0.08909   4.03668   1.91197   1.34125   1.49234   0.68658  
 21 238.4195   2061.046379  x:  0.00000   0.01482   0.03016   0.01887   0.01143   0.05872   0.05355   0.04725   0.09594   0.02144   0.19772   0.01070   0.03579   0.02135   0.03294   0.06223   0.05453   0.02715   0.06347   0.08781   0.06990   0.14980   0.08957   4.04176   1.91338   1.34190   1.48891   0.68718  
 22 12.9284   2053.761756  x:  0.00000   0.01937   0.02640   0.01496   0.01054   0.05519   0.05417   0.06118   0.10963   0.02128   0.20562   0.00975   0.04418   0.01812   0.03764   0.10272   0.04531   0.02613   0.06060   0.08944   0.05177   0.15126   0.09701   4.16094   2.05262   1.20102   1.23120   0.71219  
 23  7.8358   2050.665896  x:  0.00000   0.02110   0.02767   0.02142   0.01010   0.05607   0.04992   0.03525   0.09896   0.02099   0.21019   0.00870   0.04602   0.02119   0.03964   0.06756   0.04948   0.02624   0.06328   0.08291   0.06448   0.14806   0.10252   4.20413   2.09700   1.15297   1.14408   0.72172  
 24 146.6651   2049.804558  x:  0.00000   0.02168   0.02729   0.01899   0.00992   0.05842   0.04991   0.05034   0.09348   0.02080   0.21122   0.00854   0.04671   0.02197   0.04037   0.04940   0.05186   0.02624   0.06346   0.08469   0.06818   0.14713   0.10370   4.21488   2.10209   1.14533   1.13066   0.72404  
 25 58.4398   2028.531825  x:  0.00000   0.03475   0.02191   0.01812   0.00699   0.05052   0.05161   0.04768   0.03035   0.02000   0.22117   0.00683   0.07011   0.02018   0.05284   0.06161   0.04763   0.02562   0.06282   0.08775   0.05859   0.14118   0.12185   4.35998   1.92168   1.23260   1.29827   0.75413  
 26 17.5593   2001.231518  x:  0.00000   0.05875   0.01342   0.01917   0.00229   0.04828   0.04827   0.03669   0.10882   0.01902   0.22784   0.00312   0.11024   0.02020   0.07653   0.03807   0.04462   0.02526   0.06464   0.09117   0.05356   0.15335   0.15726   4.62762   1.58125   1.39889   1.61961   0.81088  
 27 921.6337   2000.997268  x:  0.00000   0.05890   0.01365   0.01984   0.00222   0.05489   0.04687   0.03555   0.10878   0.01904   0.22807   0.00318   0.11074   0.01959   0.07702   0.03727   0.04454   0.02542   0.05395   0.09138   0.05172   0.15449   0.15664   4.62938   1.59675   1.40448   1.63015   0.81103  
 28 17.4394   1995.933526  x:  0.00000   0.06127   0.01233   0.02069   0.00177   0.04695   0.04759   0.03140   0.11698   0.01845   0.23377   0.00271   0.11298   0.02036   0.07869   0.02828   0.04329   0.02533   0.06683   0.09273   0.05717   0.16225   0.16484   4.67400   2.17318   1.59108   1.98335   0.80948  
 29 49.4504   1987.351363  x:  0.00000   0.07528   0.01986   0.02090   0.01455   0.05260   0.04326   0.05659   0.12914   0.02048   0.23410   0.00391   0.14010   0.01930   0.08993   0.08991   0.04229   0.02374   0.05746   0.09812   0.04653   0.16797   0.18971   5.19492   2.41918   1.68538   2.12104   0.85457  
 30  0.7986   1978.897507  x:  0.00000   0.09084   0.01977   0.01394   0.01230   0.04753   0.04415   0.05019   0.12180   0.01804   0.23232   0.00000   0.16615   0.01714   0.09808   0.08075   0.04133   0.01845   0.05508   0.09959   0.03850   0.16613   0.20657   5.79891   2.25895   1.59681   1.94430   0.93946  
 31  0.6087   1978.897507  x:  0.00000   0.09084   0.01977   0.01394   0.01230   0.04753   0.04415   0.05019   0.12180   0.01804   0.23232   0.00000   0.16615   0.01714   0.09808   0.08075   0.04133   0.01845   0.05508   0.09959   0.03850   0.16613   0.20657   5.79891   2.25895   1.59681   1.94430   0.93946  
 32  1.2450   1975.146110  x:  0.00000   0.11816   0.01873   0.01771   0.00000   0.04839   0.04421   0.04788   0.11672   0.01876   0.23212   0.00697   0.16946   0.01848   0.09792   0.07390   0.04285   0.01802   0.05634   0.09829   0.04210   0.16693   0.20912   5.79920   2.25921   1.59641   1.94354   0.93946  
 33 220.5174   1970.316276  x:  0.00000   0.18564   0.01622   0.02668   0.00601   0.05101   0.04492   0.04224   0.10391   0.02042   0.23149   0.02151   0.17784   0.02160   0.09751   0.05667   0.04656   0.01704   0.05948   0.09501   0.05079   0.16870   0.21543   5.79994   2.25985   1.59541   1.94160   0.93947  
 34 979.8690   1968.133813  x:  0.00000   0.20841   0.01929   0.01722   0.00534   0.05050   0.04472   0.04162   0.09730   0.01761   0.22851   0.00000   0.18445   0.01818   0.09731   0.05095   0.04514   0.01964   0.06053   0.09307   0.04774   0.16638   0.21696   5.80064   2.26041   1.59487   1.93947   0.93966  
 35 132.3275   1967.906633  x:  0.00000   0.21165   0.01840   0.01472   0.00544   0.04914   0.04436   0.04586   0.09498   0.01958   0.22434   0.00045   0.19243   0.01931   0.09741   0.05454   0.04266   0.01655   0.06011   0.09250   0.04235   0.16313   0.21696   5.80156   2.26097   1.59426   1.93674   0.93979  
 36 34.5310   1967.784376  x:  0.00000   0.21272   0.01864   0.01738   0.00545   0.04864   0.04428   0.04762   0.09383   0.01832   0.22006   0.00043   0.19989   0.01926   0.09775   0.05691   0.04221   0.01953   0.05967   0.09195   0.04003   0.15987   0.21660   5.80259   2.26155   1.59363   1.93368   0.93997  
 37 43.9446   1967.645009  x:  0.00000   0.21208   0.01921   0.01662   0.00545   0.04948   0.04471   0.04450   0.09402   0.01725   0.21237   0.00103   0.21184   0.01813   0.09875   0.05713   0.04449   0.01835   0.05909   0.09114   0.04327   0.15452   0.21531   5.80483   2.26267   1.59235   1.92710   0.94038  
 38 32.2194   1967.622399  x:  0.00000   0.21184   0.01871   0.01734   0.00541   0.04967   0.04469   0.04412   0.09456   0.01891   0.21095   0.00032   0.21357   0.01876   0.09889   0.05629   0.04442   0.01838   0.05921   0.09125   0.04386   0.15383   0.21485   5.80557   2.26298   1.59194   1.92500   0.94053  
 39 21.8887   1967.593205  x:  0.00000   0.21153   0.01794   0.01663   0.00543   0.04970   0.04442   0.04434   0.09600   0.01873   0.20914   0.00090   0.21482   0.01922   0.09878   0.05346   0.04308   0.01918   0.06000   0.09186   0.04345   0.15394   0.21372   5.80754   2.26372   1.59088   1.91950   0.94094  
 40 14.5142   1967.561117  x:  0.00000   0.21161   0.01920   0.01778   0.00542   0.04963   0.04432   0.04505   0.09733   0.01802   0.20764   0.00069   0.21508   0.01914   0.09859   0.05191   0.04269   0.01778   0.06080   0.09236   0.04287   0.15472   0.21234   5.81053   2.26473   1.58926   1.91128   0.94157  
 41 23.9213   1967.387334  x:  0.00000   0.21395   0.02004   0.01653   0.00551   0.04931   0.04502   0.04612   0.10064   0.01941   0.20276   0.00103   0.21275   0.01840   0.09797   0.05512   0.04669   0.01905   0.06261   0.09321   0.04228   0.16046   0.20569   5.82971   2.27074   1.57882   1.85931   0.94566  
 42 39.8436   1967.299497  x:  0.00000   0.21448   0.01732   0.01723   0.00549   0.04949   0.04498   0.04545   0.10006   0.01764   0.20220   0.00016   0.21150   0.01945   0.09814   0.05688   0.04562   0.01816   0.06143   0.09301   0.04324   0.16197   0.20402   5.83972   2.27339   1.57333   1.83286   0.94779  
 43 92.6810   1967.191788  x:  0.00000   0.21402   0.01931   0.01730   0.00553   0.04992   0.04452   0.04377   0.09675   0.01854   0.20413   0.00081   0.21040   0.01904   0.09878   0.05728   0.04164   0.01866   0.05847   0.09215   0.04435   0.16177   0.20457   5.85301   2.27607   1.56595   1.79899   0.95054  
 44 90.1253   1967.103064  x:  0.00000   0.21237   0.01823   0.01766   0.00549   0.05001   0.04458   0.04514   0.09369   0.01893   0.20936   0.00100   0.21064   0.01780   0.09953   0.05443   0.04446   0.01839   0.05868   0.09186   0.04322   0.15846   0.20928   5.86531   2.27672   1.55881   1.77052   0.95297  
 45 47.0970   1967.077052  x:  0.00000   0.21219   0.01908   0.01723   0.00549   0.04991   0.04480   0.04527   0.09421   0.01849   0.21152   0.00093   0.21113   0.02001   0.09967   0.05452   0.04496   0.01861   0.05991   0.09212   0.04343   0.15719   0.21165   5.86957   2.27605   1.55620   1.76214   0.95373  
 46 34.2478   1967.054654  x:  0.00000   0.21262   0.01882   0.01736   0.00550   0.04978   0.04496   0.04479   0.09680   0.01860   0.21361   0.00078   0.21198   0.01893   0.09941   0.05565   0.04386   0.01857   0.06166   0.09243   0.04372   0.15637   0.21445   5.87418   2.27385   1.55320   1.75545   0.95443  
 47 18.6526   1967.027755  x:  0.00000   0.21308   0.01891   0.01718   0.00551   0.05003   0.04426   0.04508   0.09970   0.01854   0.21450   0.00056   0.21326   0.01893   0.09853   0.05559   0.04443   0.01860   0.05832   0.09285   0.04336   0.15767   0.21690   5.88273   2.26614   1.54733   1.74891   0.95527  
 48  9.1291   1966.819764  x:  0.00000   0.21160   0.01882   0.01728   0.00542   0.04990   0.04741   0.04544   0.09698   0.01859   0.21305   0.00000   0.21726   0.01894   0.09777   0.05509   0.04404   0.01860   0.05933   0.09335   0.04424   0.16680   0.22156   5.94056   2.20834   1.50768   1.71434   0.95989  
 49 22.6276   1966.819764  x:  0.00000   0.21160   0.01882   0.01728   0.00542   0.04990   0.04741   0.04544   0.09698   0.01859   0.21305   0.00000   0.21726   0.01894   0.09777   0.05509   0.04404   0.01860   0.05933   0.09335   0.04424   0.16680   0.22156   5.94056   2.20834   1.50768   1.71434   0.95989  
 50 121.4299   1966.776959  x:  0.00000   0.21417   0.01836   0.01800   0.00605   0.04994   0.04497   0.04476   0.09631   0.01890   0.21329   0.00188   0.21635   0.01936   0.09836   0.05484   0.04425   0.01808   0.06003   0.09287   0.04433   0.16484   0.22051   5.94108   2.20758   1.50751   1.71464   0.95973  
 51 17.1514   1966.735073  x:  0.00000   0.21749   0.01813   0.01834   0.00497   0.05001   0.04262   0.04407   0.09552   0.01904   0.21353   0.00118   0.21509   0.01963   0.09907   0.05455   0.04444   0.01796   0.06078   0.09225   0.04432   0.16220   0.21909   5.94179   2.20655   1.50729   1.71505   0.95954  
 52 41.8001   1966.716323  x:  0.00000   0.21943   0.01824   0.01821   0.00580   0.05010   0.04209   0.04387   0.09516   0.01896   0.21364   0.00037   0.21437   0.01961   0.09942   0.05442   0.04448   0.01818   0.06106   0.09194   0.04426   0.16067   0.21825   5.94226   2.20587   1.50713   1.71532   0.95942  
 53 40.6507   1966.682623  x:  0.00000   0.22404   0.01906   0.01705   0.00559   0.05038   0.04382   0.04424   0.09470   0.01841   0.21381   0.00120   0.21282   0.01910   0.09992   0.05428   0.04431   0.01905   0.06113   0.09142   0.04405   0.15732   0.21618   5.94362   2.20392   1.50667   1.71611   0.95908  
 54 23.8135   1966.670739  x:  0.00000   0.22588   0.01862   0.01772   0.00556   0.05032   0.04509   0.04479   0.09485   0.01876   0.21373   0.00112   0.21233   0.01930   0.09988   0.05439   0.04417   0.01811   0.06075   0.09147   0.04402   0.15621   0.21529   5.94449   2.20269   1.50638   1.71659   0.95889  
 55 15.0355   1966.663500  x:  0.00000   0.22695   0.01801   0.01793   0.00557   0.04982   0.04507   0.04487   0.09563   0.01894   0.21329   0.00113   0.21244   0.01965   0.09927   0.05476   0.04425   0.01889   0.06001   0.09206   0.04414   0.15628   0.21461   5.94607   2.20052   1.50586   1.71741   0.95858  
 56  6.0278   1966.649009  x:  0.00000   0.22868   0.01882   0.01748   0.00559   0.04919   0.04443   0.04460   0.09710   0.01879   0.21218   0.00109   0.21301   0.01925   0.09797   0.05525   0.04434   0.01822   0.05903   0.09323   0.04430   0.15703   0.21335   5.95012   2.19501   1.50455   1.71944   0.95780  
 57 15.4490   1966.620891  x:  0.00000   0.23011   0.01812   0.01809   0.00555   0.05101   0.04445   0.04451   0.09718   0.01798   0.21019   0.00094   0.21450   0.01808   0.09727   0.05479   0.04411   0.01835   0.06054   0.09379   0.04432   0.15891   0.21193   5.95986   2.18205   1.50140   1.72399   0.95601  
 58 15.8581   1966.591676  x:  0.00000   0.23071   0.01879   0.01764   0.00553   0.05193   0.04476   0.04453   0.09629   0.01952   0.20856   0.00080   0.21592   0.01946   0.09751   0.05429   0.04400   0.01855   0.06179   0.09356   0.04441   0.16039   0.21106   5.97078   2.16777   1.49787   1.72881   0.95404  
 59 52.3896   1966.554762  x:  0.00000   0.22988   0.01823   0.01690   0.00556   0.05003   0.04490   0.04488   0.09451   0.01804   0.20780   0.00072   0.21698   0.02059   0.09900   0.05404   0.04426   0.01804   0.06134   0.09196   0.04412   0.16069   0.21119   5.98522   2.14952   1.49325   1.73447   0.95155  
 60 44.0569   1966.528974  x:  0.00000   0.22861   0.01877   0.01792   0.00555   0.04872   0.04481   0.04508   0.09374   0.01871   0.20809   0.00074   0.21714   0.01914   0.10003   0.05415   0.04436   0.01850   0.06036   0.09073   0.04367   0.15996   0.21191   5.99588   2.13657   1.48985   1.73809   0.94982  
 61 57.7471   1966.504345  x:  0.00000   0.22641   0.01792   0.01700   0.00555   0.05012   0.04460   0.04433   0.09482   0.01930   0.20996   0.00079   0.21599   0.01866   0.10018   0.05491   0.04401   0.01821   0.05933   0.09078   0.04378   0.15763   0.21358   6.00707   2.12431   1.48628   1.74051   0.94826  
 62 27.1034   1966.491228  x:  0.00000   0.22516   0.01869   0.01775   0.00552   0.05083   0.04452   0.04439   0.09566   0.01856   0.21131   0.00082   0.21496   0.01942   0.09982   0.05513   0.04398   0.01839   0.05937   0.09137   0.04401   0.15626   0.21463   6.01360   2.11781   1.48421   1.74128   0.94746  
 63 35.6725   1966.479996  x:  0.00000   0.22441   0.01850   0.01744   0.00554   0.04982   0.04455   0.04514   0.09602   0.01876   0.21272   0.00083   0.21335   0.01928   0.09865   0.05428   0.04443   0.01835   0.06093   0.09256   0.04402   0.15572   0.21542   6.02030   2.11277   1.48206   1.74046   0.94695  
 64 13.2558   1966.453782  x:  0.00000   0.22477   0.01849   0.01775   0.00553   0.04938   0.04506   0.04336   0.09401   0.01872   0.21478   0.00075   0.20917   0.01935   0.09691   0.05396   0.04303   0.01839   0.06045   0.09299   0.04450   0.15829   0.21581   6.04005   2.10329   1.47574   1.73293   0.94640  
 65  9.4351   1966.408770  x:  0.00000   0.22567   0.01855   0.01739   0.00552   0.05096   0.04435   0.04563   0.09310   0.01875   0.21653   0.00067   0.20456   0.01925   0.09706   0.05528   0.04543   0.01832   0.05924   0.09231   0.04439   0.16218   0.21582   6.07643   2.08782   1.46404   1.71738   0.94578  
 66 37.9118   1966.274466  x:  0.00000   0.22695   0.01858   0.01731   0.00554   0.04981   0.04424   0.04596   0.09939   0.01872   0.21615   0.00052   0.20338   0.01949   0.10318   0.05546   0.04226   0.01839   0.06145   0.09077   0.04332   0.16529   0.21500   6.18770   2.04442   1.42853   1.66715   0.94469  
 67 56.3813   1966.146794  x:  0.00000   0.22698   0.01854   0.01784   0.00552   0.05000   0.04573   0.04263   0.09901   0.01873   0.21389   0.00030   0.20896   0.01942   0.10272   0.05290   0.04660   0.01833   0.06071   0.09167   0.04461   0.16239   0.21450   6.29462   2.00428   1.39503   1.61872   0.94415  
 68 123.8143   1966.075908  x:  0.00000   0.22671   0.01859   0.01742   0.00553   0.05049   0.04448   0.04527   0.09568   0.01875   0.21233   0.00025   0.21386   0.01933   0.09941   0.05411   0.04411   0.01839   0.06008   0.09268   0.04439   0.15918   0.21443   6.35446   1.98265   1.37688   1.59215   0.94421  
 69 121.4043   1966.072303  x:  0.00000   0.22685   0.01859   0.01747   0.00553   0.05027   0.04470   0.04487   0.09560   0.01875   0.21248   0.00024   0.21419   0.01937   0.09897   0.05535   0.04437   0.01836   0.06074   0.09233   0.04403   0.15911   0.21456   6.35835   1.98220   1.37659   1.59159   0.94470  
 70  5.8999   1966.030765  x:  0.00000   0.22953   0.01860   0.01739   0.00553   0.05028   0.04463   0.04532   0.09709   0.01873   0.21615   0.00010   0.21719   0.01955   0.09663   0.05433   0.04421   0.01839   0.06092   0.08821   0.04539   0.16002   0.21686   6.41271   1.98545   1.38144   1.59522   0.95610  
 71  6.2130   1965.931622  x:  0.00000   0.23270   0.01862   0.01744   0.00554   0.05076   0.04458   0.04490   0.09612   0.01871   0.22025   0.00011   0.22050   0.01989   0.09883   0.05346   0.04432   0.01840   0.05986   0.09181   0.04075   0.16108   0.21953   6.54399   1.99516   1.39445   1.60586   0.98318  
 72 66.8620   1965.844046  x:  0.00000   0.23244   0.01868   0.01738   0.00555   0.05009   0.04480   0.04523   0.09459   0.01874   0.21945   0.00017   0.22025   0.01885   0.10197   0.05569   0.04420   0.01837   0.06050   0.09525   0.04579   0.16063   0.21918   6.66428   2.00498   1.40665   1.61622   1.00660  
 73 141.1737   1965.727354  x:  0.00000   0.22621   0.01869   0.01740   0.00557   0.05026   0.04463   0.04504   0.09556   0.01871   0.21018   0.00085   0.21368   0.01943   0.09915   0.05471   0.04425   0.01839   0.06052   0.09219   0.04421   0.15749   0.21364   6.82154   2.01982   1.42257   1.63064   1.03263  
 74 94.3515   1965.439956  x:  0.00000   0.22484   0.01859   0.01754   0.00549   0.05019   0.04465   0.04488   0.09520   0.01873   0.21491   0.00036   0.21632   0.01926   0.09892   0.05473   0.04420   0.01836   0.06037   0.09231   0.04432   0.15756   0.21118   7.23574   2.10174   1.44005   1.69040   0.97594  
 75 12.4806   1965.430121  x:  0.00000   0.22639   0.01858   0.01754   0.00549   0.05019   0.04468   0.04487   0.09523   0.01874   0.21222   0.00036   0.21548   0.01925   0.09885   0.05473   0.04420   0.01836   0.06036   0.09238   0.04434   0.15737   0.21541   7.24992   2.10420   1.44166   1.69200   0.97347  
 76  9.6476   1965.426696  x:  0.00000   0.22651   0.01859   0.01754   0.00549   0.05021   0.04471   0.04491   0.09529   0.01875   0.21248   0.00034   0.21577   0.01926   0.09893   0.05476   0.04423   0.01837   0.06040   0.09241   0.04433   0.15749   0.21531   7.25634   2.10248   1.44953   1.68957   0.97019  
 77  0.9028   1965.407245  x:  0.00000   0.22702   0.01859   0.01752   0.00550   0.05019   0.04471   0.04480   0.09581   0.01872   0.21320   0.00036   0.21466   0.01934   0.09938   0.05459   0.04426   0.01835   0.06045   0.09211   0.04413   0.15846   0.21568   7.41590   2.07693   1.43689   1.67612   0.97937  
 78  0.1376   1965.407007  x:  0.00000   0.22701   0.01859   0.01751   0.00549   0.05021   0.04470   0.04483   0.09565   0.01872   0.21317   0.00034   0.21494   0.01932   0.09926   0.05464   0.04424   0.01836   0.06044   0.09220   0.04418   0.15827   0.21563   7.42799   2.07777   1.43621   1.67550   0.97834  
 79  0.0115   1965.407006  x:  0.00000   0.22701   0.01859   0.01752   0.00549   0.05021   0.04470   0.04483   0.09566   0.01872   0.21316   0.00034   0.21496   0.01932   0.09926   0.05464   0.04425   0.01836   0.06044   0.09219   0.04418   0.15828   0.21562   7.42863   2.07783   1.43629   1.67555   0.97841  
 80  0.0006   1965.407006  x:  0.00000   0.22701   0.01859   0.01752   0.00549   0.05020   0.04470   0.04483   0.09566   0.01872   0.21316   0.00034   0.21496   0.01932   0.09926   0.05464   0.04425   0.01836   0.06044   0.09219   0.04418   0.15828   0.21562   7.42868   2.07784   1.43630   1.67556   0.97841  
 81  0.0000   1965.407006  x:  0.00000   0.22701   0.01859   0.01752   0.00549   0.05020   0.04470   0.04483   0.09566   0.01872   0.21316   0.00034   0.21496   0.01932   0.09926   0.05464   0.04425   0.01836   0.06044   0.09219   0.04418   0.15828   0.21562   7.42868   2.07784   1.43630   1.67556   0.97841  
 82  0.0000   1965.407006  x:  0.00000   0.22701   0.01859   0.01752   0.00549   0.05020   0.04470   0.04483   0.09566   0.01872   0.21316   0.00034   0.21496   0.01932   0.09926   0.05464   0.04425   0.01836   0.06044   0.09219   0.04418   0.15828   0.21562   7.42868   2.07784   1.43630   1.67556   0.97841  
 83  0.0000   1965.407006  x:  0.00000   0.22701   0.01859   0.01752   0.00549   0.05020   0.04470   0.04483   0.09566   0.01872   0.21316   0.00034   0.21496   0.01932   0.09926   0.05464   0.04425   0.01836   0.06044   0.09219   0.04418   0.15828   0.21562   7.42868   2.07784   1.43630   1.67556   0.97841  
check convergence!


TREE # 2

  0  0.0000   1999.412616  x:  0.21351   0.00352   0.20697   0.06404   0.06555   0.01284   0.11940   0.03372   0.06882   0.04308   0.04808   0.04455   0.00000   0.24822   0.07348   0.02256   0.02606   0.07367   0.03312   0.04572   0.03479   0.05349   0.05153   7.42868   1.88945   1.38516   1.49749   0.97841  
  1 99.0000   1999.410666  x:  0.21351   0.00352   0.20697   0.06405   0.06555   0.01284   0.11940   0.03373   0.06882   0.04308   0.04808   0.04455   0.00000   0.24822   0.07348   0.02256   0.02606   0.07367   0.03312   0.04572   0.03478   0.05349   0.05153   7.42868   1.88945   1.38516   1.49749   0.97841  
  2 411.1733   1994.576103  x:  0.21745   0.00568   0.20527   0.08623   0.06122   0.00000   0.11591   0.02873   0.06653   0.04569   0.04656   0.03131   0.00000   0.24840   0.09658   0.02088   0.02201   0.07937   0.02469   0.04521   0.01404   0.05219   0.04894   7.42866   1.89039   1.38377   1.49866   0.97831  
  3 423.1359   1991.025656  x:  0.21922   0.00788   0.20402   0.09718   0.05884   0.00162   0.11392   0.02164   0.06533   0.04653   0.04582   0.02442   0.00000   0.24817   0.10793   0.02036   0.02031   0.08216   0.02052   0.04508   0.00298   0.05158   0.04767   7.42865   1.89090   1.38302   1.49931   0.97826  
  4 1425.0413   1990.399211  x:  0.21953   0.01053   0.20113   0.10345   0.05661   0.00213   0.11150   0.01930   0.06444   0.04617   0.04551   0.02027   0.00000   0.24655   0.11498   0.02129   0.02109   0.08371   0.01926   0.04572   0.00942   0.05169   0.04726   7.42863   1.89144   1.38222   1.50009   0.97821  
  5 149.5001   1989.187457  x:  0.21401   0.02726   0.18095   0.11041   0.04824   0.00230   0.09924   0.02403   0.06243   0.03941   0.04616   0.01951   0.00000   0.23289   0.12624   0.02866   0.03146   0.08481   0.02486   0.05056   0.00838   0.05338   0.04763   7.42856   1.89400   1.37853   1.50417   0.97816  
  6 88.2617   1988.228949  x:  0.20390   0.03814   0.15459   0.11491   0.04536   0.00250   0.08777   0.02540   0.06146   0.04536   0.04655   0.02729   0.00000   0.21356   0.13458   0.02137   0.02591   0.08430   0.02194   0.04989   0.00926   0.05387   0.04802   7.42844   1.89754   1.37362   1.51007   0.97835  
  7 88.5718   1987.871382  x:  0.19563   0.03759   0.14204   0.11578   0.04961   0.00235   0.08897   0.02600   0.06261   0.04433   0.04605   0.02032   0.00000   0.20146   0.13537   0.02285   0.02224   0.08332   0.02150   0.04759   0.00904   0.05294   0.04784   7.42833   1.90007   1.37022   1.51470   0.97875  
  8 53.0188   1987.690083  x:  0.18880   0.03164   0.13731   0.11998   0.05057   0.00225   0.09459   0.02470   0.06320   0.04390   0.04578   0.02301   0.00000   0.19268   0.13788   0.02349   0.02583   0.08377   0.02259   0.04708   0.00897   0.05220   0.04737   7.42819   1.90296   1.36638   1.52032   0.97940  
  9 33.4084   1987.602155  x:  0.18476   0.02948   0.13960   0.11996   0.04639   0.00230   0.09527   0.02474   0.06232   0.04277   0.04660   0.02179   0.00000   0.18855   0.13780   0.02175   0.02476   0.08384   0.02250   0.04988   0.00884   0.05373   0.04819   7.42799   1.90671   1.36170   1.52778   0.98039  
 10 15.1529   1987.433662  x:  0.17988   0.02915   0.14652   0.11933   0.04693   0.00231   0.09187   0.02490   0.06097   0.04542   0.04626   0.02250   0.00000   0.18414   0.13834   0.02643   0.02404   0.08400   0.01985   0.05021   0.00879   0.05425   0.04791   7.42742   1.91709   1.34925   1.54843   0.98315  
 11 25.5052   1987.160502  x:  0.17775   0.03092   0.15338   0.11943   0.05177   0.00231   0.08821   0.02516   0.06157   0.04384   0.04498   0.02184   0.00000   0.18279   0.13947   0.02152   0.02541   0.08405   0.02377   0.04711   0.00894   0.05220   0.04641   7.42642   1.93527   1.32867   1.58403   0.98785  
 12 59.8334   1986.749945  x:  0.18548   0.03218   0.14818   0.11945   0.04800   0.00240   0.09525   0.02585   0.06512   0.04125   0.04659   0.02335   0.00000   0.19105   0.13755   0.02272   0.02328   0.08281   0.02118   0.04335   0.00916   0.05060   0.04774   7.42480   1.96513   1.29949   1.63983   0.99490  
 13 57.3166   1986.595441  x:  0.18967   0.02949   0.14358   0.11855   0.04837   0.00236   0.09637   0.02534   0.06355   0.04599   0.04580   0.02147   0.00000   0.19523   0.13621   0.02274   0.02471   0.08289   0.02306   0.04738   0.00886   0.05202   0.04754   7.42416   1.97710   1.29086   1.66052   0.99725  
 14 63.2742   1986.497644  x:  0.19229   0.02435   0.14043   0.11789   0.05001   0.00234   0.09333   0.02483   0.06013   0.04263   0.04476   0.02217   0.00000   0.19743   0.13567   0.02271   0.02489   0.08377   0.02106   0.04935   0.00877   0.05345   0.04636   7.42375   1.98516   1.29058   1.67144   0.99790  
 15 24.1001   1986.280732  x:  0.19505   0.01586   0.13851   0.11844   0.04623   0.00240   0.08675   0.02400   0.06048   0.04319   0.04749   0.02127   0.00000   0.19819   0.13451   0.02422   0.02495   0.08427   0.02415   0.04459   0.00855   0.05163   0.04684   7.42284   2.00450   1.30401   1.68989   0.99704  
 16 17.5267   1984.437467  x:  0.21290   0.00000   0.14311   0.13595   0.04809   0.00261   0.08464   0.02832   0.08018   0.04581   0.03624   0.01734   0.00000   0.19051   0.12631   0.01811   0.03539   0.08235   0.00961   0.05245   0.00891   0.04819   0.05496   7.40883   2.30391   1.56056   1.94747   0.97515  
 17 61.8662   1984.437467  x:  0.21290   0.00000   0.14311   0.13595   0.04809   0.00261   0.08464   0.02832   0.08018   0.04581   0.03624   0.01734   0.00000   0.19051   0.12631   0.01811   0.03539   0.08235   0.00961   0.05245   0.00891   0.04819   0.05496   7.40883   2.30391   1.56056   1.94747   0.97515  
 18 593.9697   1975.709822  x:  0.21370   0.00231   0.14521   0.14189   0.05071   0.05452   0.08750   0.05747   0.07677   0.04951   0.03923   0.01823   0.00000   0.19286   0.13512   0.01799   0.02929   0.08456   0.01682   0.05074   0.00378   0.04844   0.05233   7.40883   2.30388   1.56035   1.94722   0.97516  
 19 689.9975   1970.872509  x:  0.21605   0.00497   0.15138   0.16041   0.04774   0.04206   0.09074   0.09298   0.06812   0.05198   0.04581   0.01875   0.00000   0.20043   0.16370   0.01819   0.01099   0.09106   0.01857   0.04437   0.01867   0.04962   0.04509   7.40882   2.30366   1.56001   1.94600   0.97532  
 20 188.7453   1967.801117  x:  0.21795   0.00000   0.15658   0.17881   0.04406   0.02965   0.09262   0.11744   0.06030   0.05378   0.04835   0.01825   0.00000   0.20750   0.19027   0.02027   0.01997   0.09628   0.01986   0.04049   0.00252   0.04990   0.04019   7.40881   2.30338   1.55985   1.94434   0.97551  
 21 229.1516   1967.801117  x:  0.21795   0.00000   0.15658   0.17881   0.04406   0.02965   0.09262   0.11744   0.06030   0.05378   0.04835   0.01825   0.00000   0.20750   0.19027   0.02027   0.01997   0.09628   0.01986   0.04049   0.00252   0.04990   0.04019   7.40881   2.30338   1.55985   1.94434   0.97551  
 22 89.5224   1967.500616  x:  0.21796   0.00062   0.15668   0.17956   0.04395   0.02825   0.09250   0.11665   0.06034   0.05372   0.04788   0.01823   0.00000   0.20769   0.19100   0.01984   0.01957   0.09621   0.01948   0.04090   0.00714   0.04996   0.04076   7.40881   2.30335   1.55987   1.94418   0.97551  
 23 159.9579   1966.964419  x:  0.21801   0.00567   0.15728   0.18497   0.04323   0.01866   0.09165   0.11097   0.06058   0.05340   0.04472   0.01812   0.00000   0.20905   0.19631   0.01727   0.01717   0.09570   0.01684   0.04355   0.00664   0.04992   0.04408   7.40881   2.30312   1.56004   1.94297   0.97554  
 24 81.2431   1966.672950  x:  0.21787   0.00078   0.15748   0.19053   0.04311   0.01439   0.09117   0.10531   0.06044   0.05358   0.04265   0.01823   0.00000   0.21034   0.20210   0.01805   0.01793   0.09522   0.01665   0.04537   0.00633   0.04979   0.04602   7.40882   2.30284   1.56026   1.94150   0.97562  
 25 71.8386   1966.338770  x:  0.21756   0.00156   0.15815   0.20305   0.04434   0.01945   0.09115   0.09437   0.05963   0.05462   0.04106   0.01840   0.00000   0.21310   0.21468   0.01944   0.01932   0.09439   0.01778   0.04705   0.00628   0.04946   0.04759   7.40883   2.30212   1.56078   1.93787   0.97574  
 26 63.0833   1966.261521  x:  0.21719   0.00061   0.15801   0.20715   0.04443   0.01993   0.09140   0.09343   0.05976   0.05459   0.04349   0.01816   0.00000   0.21368   0.21898   0.01753   0.01740   0.09443   0.01699   0.04512   0.00626   0.04944   0.04566   7.40884   2.30168   1.56112   1.93574   0.97580  
 27 30.6764   1966.217202  x:  0.21669   0.00126   0.15771   0.21029   0.04421   0.01870   0.09166   0.09477   0.06009   0.05434   0.04529   0.01820   0.00000   0.21382   0.22233   0.01873   0.01846   0.09467   0.01754   0.04338   0.00635   0.04959   0.04372   7.40886   2.30114   1.56152   1.93319   0.97585  
 28 25.9220   1966.168416  x:  0.21534   0.00109   0.15655   0.21442   0.04378   0.01909   0.09204   0.10079   0.06043   0.05403   0.04346   0.01837   0.00000   0.21300   0.22697   0.01809   0.01827   0.09534   0.01829   0.04398   0.00630   0.05019   0.04418   7.40891   2.29967   1.56259   1.92637   0.97598  
 29 14.5581   1966.153394  x:  0.21478   0.00105   0.15610   0.21506   0.04370   0.01939   0.09182   0.10179   0.06026   0.05411   0.04369   0.01807   0.00000   0.21233   0.22774   0.01893   0.01819   0.09537   0.01669   0.04428   0.00631   0.04991   0.04475   7.40894   2.29881   1.56317   1.92257   0.97606  
 30 13.0077   1966.079526  x:  0.21178   0.00131   0.15390   0.21561   0.04345   0.01929   0.08974   0.10204   0.05902   0.05489   0.04688   0.01875   0.00000   0.20779   0.22876   0.01830   0.01871   0.09490   0.01761   0.04618   0.00631   0.04784   0.04668   7.40916   2.29276   1.56704   1.89672   0.97661  
 31 20.0828   1965.967915  x:  0.20872   0.00156   0.15223   0.21516   0.04365   0.01927   0.08894   0.09987   0.05947   0.05495   0.04429   0.01654   0.00000   0.20277   0.22866   0.01884   0.01787   0.09462   0.01840   0.04435   0.00637   0.04929   0.04487   7.40949   2.28277   1.57269   1.85555   0.97760  
 32 55.6866   1965.925914  x:  0.20832   0.00157   0.15235   0.21489   0.04382   0.01938   0.08960   0.09908   0.06012   0.05475   0.04329   0.01908   0.00000   0.20203   0.22841   0.01867   0.01821   0.09481   0.01757   0.04362   0.00639   0.05024   0.04414   7.40963   2.27851   1.57460   1.83895   0.97808  
 33 83.5282   1965.852605  x:  0.21133   0.00133   0.15590   0.21438   0.04421   0.01943   0.09394   0.09910   0.06201   0.05371   0.04466   0.01807   0.00000   0.20653   0.22744   0.01764   0.01980   0.09623   0.01701   0.04515   0.00635   0.05125   0.04483   7.40985   2.26976   1.57621   1.80930   0.97926  
 34 36.2047   1965.820861  x:  0.21336   0.00123   0.15773   0.21420   0.04429   0.01929   0.09489   0.09954   0.06180   0.05393   0.04499   0.01852   0.00000   0.20957   0.22698   0.01906   0.01789   0.09659   0.01786   0.04546   0.00634   0.05062   0.04517   7.40994   2.26550   1.57616   1.79651   0.97988  
 35 48.3026   1965.795222  x:  0.21573   0.00114   0.15905   0.21413   0.04417   0.01924   0.09322   0.10038   0.05995   0.05514   0.04413   0.01840   0.00000   0.21307   0.22658   0.01854   0.01852   0.09615   0.01767   0.04430   0.00637   0.04911   0.04503   7.41001   2.26102   1.57462   1.78608   0.98055  
 36 22.9611   1965.779649  x:  0.21710   0.00110   0.15859   0.21421   0.04386   0.01947   0.09046   0.10072   0.06014   0.05485   0.04464   0.01843   0.00000   0.21489   0.22635   0.01862   0.01851   0.09531   0.01762   0.04492   0.00634   0.05112   0.04484   7.41004   2.25638   1.57076   1.77994   0.98124  
 37  9.4045   1965.728900  x:  0.21873   0.00110   0.15468   0.21463   0.04376   0.01994   0.08883   0.10046   0.06392   0.05248   0.04414   0.01844   0.00000   0.21629   0.22584   0.01862   0.01854   0.09500   0.01762   0.04484   0.00637   0.04839   0.04464   7.41012   2.23556   1.54974   1.76095   0.98414  
 38 11.7531   1965.566905  x:  0.21952   0.00123   0.14793   0.21559   0.04426   0.01929   0.09300   0.09965   0.06088   0.05549   0.04464   0.01837   0.00000   0.21535   0.22515   0.01858   0.01856   0.09666   0.01782   0.04344   0.00631   0.05060   0.04641   7.41034   2.16590   1.47864   1.70202   0.99337  
 39 54.5363   1965.504877  x:  0.21755   0.00110   0.15200   0.21545   0.04414   0.01925   0.09305   0.09979   0.05925   0.05465   0.04422   0.01838   0.00000   0.21322   0.22582   0.01855   0.01856   0.09606   0.01730   0.04633   0.00635   0.04993   0.04308   7.41044   2.13770   1.45125   1.67984   0.99638  
 40 58.6115   1965.470008  x:  0.21532   0.00089   0.15735   0.21505   0.04409   0.01948   0.09175   0.10010   0.06054   0.05411   0.04443   0.01838   0.00000   0.21148   0.22669   0.01855   0.01857   0.09530   0.01758   0.04461   0.00629   0.05007   0.04499   7.41052   2.12040   1.43611   1.66760   0.99750  
 41 40.3099   1965.463095  x:  0.21449   0.00090   0.15756   0.21468   0.04409   0.01946   0.09131   0.10008   0.06158   0.05571   0.04443   0.01835   0.00000   0.21195   0.22697   0.01855   0.01857   0.09625   0.01751   0.04495   0.00629   0.05002   0.04467   7.41059   2.11394   1.43515   1.66616   0.99596  
 42  4.0717   1965.436031  x:  0.21211   0.00089   0.15676   0.21352   0.04395   0.01955   0.09109   0.09982   0.06046   0.05405   0.04441   0.01838   0.00000   0.21410   0.22783   0.01856   0.01856   0.09779   0.01752   0.04475   0.00627   0.05011   0.04491   7.41094   2.08542   1.43399   1.66170   0.98783  
 43 12.7693   1965.424676  x:  0.21315   0.00084   0.15655   0.21404   0.04425   0.01945   0.09201   0.10011   0.06077   0.05460   0.04444   0.01838   0.00000   0.21358   0.22763   0.01856   0.01856   0.09498   0.01749   0.04486   0.00626   0.05009   0.04486   7.41111   2.07297   1.43388   1.66003   0.98395  
 44 12.9188   1965.421507  x:  0.21497   0.00078   0.15688   0.21498   0.04373   0.01951   0.09181   0.10009   0.06076   0.05457   0.04443   0.01838   0.00000   0.21223   0.22712   0.01857   0.01856   0.09566   0.01749   0.04484   0.00625   0.05009   0.04487   7.41117   2.06940   1.43389   1.65961   0.98254  
 45  3.8430   1965.421283  x:  0.21512   0.00077   0.15692   0.21507   0.04408   0.01948   0.09174   0.10011   0.06075   0.05454   0.04444   0.01838   0.00000   0.21211   0.22707   0.01857   0.01856   0.09576   0.01749   0.04485   0.00625   0.05010   0.04487   7.41119   2.06918   1.43387   1.65958   0.98238  
 46  1.3735   1965.420630  x:  0.21485   0.00072   0.15699   0.21555   0.04406   0.01947   0.09175   0.10010   0.06074   0.05454   0.04444   0.01838   0.00000   0.21232   0.22654   0.01857   0.01855   0.09575   0.01750   0.04484   0.00624   0.05010   0.04487   7.41154   2.07008   1.43278   1.65939   0.97865  
 47  0.2140   1965.420331  x:  0.21516   0.00073   0.15697   0.21503   0.04408   0.01947   0.09177   0.10008   0.06074   0.05454   0.04443   0.01837   0.00000   0.21223   0.22707   0.01857   0.01855   0.09575   0.01750   0.04484   0.00623   0.05010   0.04487   7.41174   2.07053   1.43231   1.65937   0.97704  
 48  0.7487   1965.408287  x:  0.21563   0.00025   0.15829   0.21493   0.04418   0.01932   0.09217   0.09923   0.06042   0.05464   0.04421   0.01836   0.00000   0.21315   0.22695   0.01875   0.01862   0.09563   0.01753   0.04481   0.00577   0.05021   0.04470   7.42590   2.07912   1.43647   1.67898   0.97806  
 49  0.0495   1965.407049  x:  0.21568   0.00035   0.15843   0.21501   0.04419   0.01928   0.09224   0.09917   0.06042   0.05464   0.04422   0.01835   0.00000   0.21327   0.22706   0.01871   0.01857   0.09566   0.01750   0.04486   0.00551   0.05022   0.04471   7.43007   2.07820   1.43667   1.67594   0.97834  
 50  0.0043   1965.407007  x:  0.21563   0.00033   0.15829   0.21496   0.04418   0.01931   0.09220   0.09925   0.06044   0.05464   0.04425   0.01836   0.00000   0.21317   0.22701   0.01872   0.01860   0.09566   0.01751   0.04484   0.00549   0.05020   0.04470   7.42912   2.07776   1.43624   1.67545   0.97842  
 51  0.0013   1965.407006  x:  0.21562   0.00034   0.15827   0.21496   0.04418   0.01932   0.09219   0.09926   0.06044   0.05464   0.04425   0.01836   0.00000   0.21316   0.22701   0.01872   0.01859   0.09566   0.01751   0.04483   0.00549   0.05020   0.04470   7.42878   2.07782   1.43628   1.67555   0.97841  
 52  0.0004   1965.407006  x:  0.21562   0.00034   0.15828   0.21496   0.04418   0.01932   0.09219   0.09926   0.06044   0.05464   0.04425   0.01836   0.00000   0.21316   0.22701   0.01872   0.01859   0.09566   0.01752   0.04483   0.00549   0.05021   0.04470   7.42868   2.07784   1.43630   1.67556   0.97841  
 53  0.0001   1965.407006  x:  0.21562   0.00034   0.15828   0.21496   0.04418   0.01932   0.09219   0.09926   0.06044   0.05464   0.04425   0.01836   0.00000   0.21316   0.22701   0.01872   0.01859   0.09566   0.01752   0.04483   0.00549   0.05021   0.04470   7.42866   2.07784   1.43630   1.67556   0.97841  