

TREE # 1

  0  0.0000   2169.752232  x:  0.00000   0.07537   0.05605   0.03576   0.06792   0.08750   0.04037   0.06067   0.09924   0.02941   0.14711   0.02212   0.05081   0.00946   0.02569   0.06666   0.08503   0.04766   0.07501   0.07434   0.08789   0.13758   0.11385   2.00000   1.91130   1.15033   1.23402   0.40000  
  1 99.0000   2151.198341  x:  0.19399   0.11507   0.04861   0.03492   0.05410   0.08526   0.02848   0.05976   0.10171   0.01912   0.15797   0.02251   0.07970   0.02518   0.02157   0.05983   0.09451   0.04093   0.07377   0.08581   0.07635   0.15039   0.13061   2.00463   1.91099   1.14916   1.23605   0.41112  
  2 1853.2059   2127.956949  x:  0.18705   0.14953   0.03913   0.03499   0.03060   0.08198   0.01083   0.05849   0.10510   0.00000   0.17035   0.01370   0.10702   0.02023   0.01809   0.04935   0.10739   0.03082   0.07223   0.09948   0.05610   0.16695   0.15127   2.01293   1.91030   1.14778   1.23917   0.42848  
  3 395.2902   2120.080263  x:  0.18267   0.17295   0.04853   0.04316   0.00562   0.07993   0.04671   0.05795   0.10559   0.00000   0.18028   0.00387   0.11518   0.02920   0.03210   0.04295   0.11546   0.03059   0.07235   0.10424   0.02758   0.18253   0.16889   2.02798   1.90914   1.14542   1.24438   0.45347  
  4 304.6231   2118.076751  x:  0.18075   0.18398   0.05255   0.04543   0.02205   0.07936   0.05748   0.05827   0.10552   0.00000   0.18517   0.00251   0.11747   0.03118   0.03434   0.04099   0.11870   0.03153   0.07258   0.10489   0.01288   0.19102   0.17865   2.03968   1.90819   1.14385   1.24824   0.47030  
  5 232.1788   2114.602418  x:  0.17822   0.19823   0.06028   0.03732   0.02616   0.07921   0.06686   0.05970   0.10250   0.00000   0.19292   0.01865   0.10684   0.03184   0.02420   0.04589   0.11801   0.03949   0.07574   0.09267   0.03780   0.21121   0.20309   2.09806   1.90299   1.13776   1.26639   0.53802  
  6 111.8121   2109.912750  x:  0.18229   0.18365   0.05716   0.03740   0.02181   0.08075   0.05710   0.05919   0.09992   0.00000   0.19166   0.00000   0.08310   0.01982   0.02011   0.05226   0.10810   0.03455   0.07469   0.08559   0.03092   0.21728   0.20545   2.18445   1.89561   1.13117   1.29076   0.61213  
  7 154.1564   2105.057495  x:  0.18309   0.14549   0.04920   0.04497   0.01720   0.08212   0.03415   0.05772   0.09959   0.00000   0.18443   0.01605   0.08730   0.04105   0.04250   0.05099   0.09864   0.02904   0.07169   0.09323   0.01719   0.21204   0.19317   2.33583   1.88384   1.12128   1.33031   0.71218  
  8 264.4699   2101.012408  x:  0.18365   0.13230   0.05547   0.04384   0.01988   0.08003   0.04075   0.05812   0.10350   0.00000   0.17720   0.00316   0.12016   0.03639   0.03484   0.03650   0.11201   0.04453   0.07104   0.10312   0.02550   0.18709   0.16071   2.48733   1.87464   1.11451   1.36340   0.76461  
  9 182.0056   2097.530266  x:  0.18338   0.14927   0.05677   0.03972   0.01669   0.07882   0.04985   0.05839   0.10545   0.00000   0.17134   0.02315   0.12507   0.02151   0.02388   0.04621   0.11824   0.03419   0.07289   0.10300   0.01474   0.15945   0.13533   2.64063   1.86818   1.11081   1.38999   0.77579  
 10 196.7845   2092.803857  x:  0.18019   0.18343   0.04947   0.04221   0.02262   0.07850   0.05127   0.05795   0.10628   0.00000   0.16900   0.01242   0.11558   0.03561   0.03664   0.04877   0.12004   0.01537   0.07533   0.10082   0.02851   0.13772   0.12662   2.87463   1.86158   1.10773   1.42369   0.75805  
 11 290.0578   2085.079767  x:  0.17641   0.22844   0.03432   0.04645   0.02047   0.07968   0.03675   0.05703   0.10491   0.00000   0.16361   0.00524   0.09009   0.05202   0.04831   0.05164   0.11230   0.06555   0.07563   0.09494   0.02261   0.12542   0.14166   3.38333   1.85039   1.10391   1.48989   0.68921  
 12 689.7381   2071.300594  x:  0.17717   0.21035   0.08219   0.04281   0.01835   0.08210   0.03440   0.05939   0.09860   0.00000   0.15756   0.00477   0.09534   0.04412   0.03355   0.02800   0.09149   0.04706   0.06658   0.08665   0.01941   0.19330   0.19778   4.17011   1.83997   1.10359   1.57756   0.55041  
 13 641.0445   2068.864271  x:  0.17789   0.19098   0.06834   0.04006   0.02040   0.08002   0.04441   0.05767   0.09979   0.00000   0.17034   0.00000   0.10392   0.04002   0.03334   0.05929   0.10881   0.04311   0.07380   0.09552   0.02347   0.21340   0.21370   4.32819   1.84320   1.10627   1.58531   0.52279  
 14 291.5307   2067.679162  x:  0.17900   0.17987   0.04436   0.04240   0.02143   0.07831   0.05523   0.05775   0.10220   0.00000   0.18687   0.00000   0.09826   0.03373   0.03023   0.04571   0.11774   0.03947   0.07594   0.09614   0.02546   0.21871   0.21760   4.38584   1.85146   1.11117   1.57440   0.51582  
 15 94.0883   2066.289852  x:  0.17934   0.17568   0.05727   0.03621   0.02079   0.07922   0.04956   0.06034   0.10572   0.00000   0.23215   0.00000   0.09439   0.03144   0.03604   0.04629   0.11419   0.04165   0.07068   0.09952   0.02570   0.21446   0.21113   4.47627   1.89781   1.13505   1.49384   0.52267  
 16 36.4846   2065.535235  x:  0.17870   0.17598   0.05759   0.05106   0.02022   0.08028   0.04853   0.05654   0.10222   0.00000   0.23368   0.00000   0.09882   0.03621   0.02701   0.04964   0.11039   0.04140   0.07447   0.09410   0.02563   0.21488   0.21011   4.52744   1.92833   1.14918   1.43959   0.52943  
 17 87.2895   2064.425134  x:  0.17863   0.17870   0.05077   0.03938   0.02055   0.08074   0.05121   0.05773   0.09692   0.00000   0.20524   0.00000   0.10335   0.03492   0.03164   0.04870   0.11074   0.04094   0.07914   0.09207   0.02444   0.21972   0.21292   4.59937   1.97495   1.16801   1.35600   0.54157  
 18 99.5605   2064.260793  x:  0.17882   0.17949   0.05230   0.04286   0.02073   0.07992   0.05094   0.05926   0.10253   0.00000   0.19812   0.00000   0.09968   0.03346   0.03187   0.04853   0.11488   0.04099   0.07481   0.09803   0.02593   0.22043   0.21447   4.60919   1.98237   1.16879   1.34335   0.54387  
 19 35.0858   2064.203013  x:  0.17858   0.17874   0.05243   0.04045   0.02047   0.07977   0.05095   0.05657   0.10549   0.00000   0.19756   0.00000   0.09888   0.03648   0.02919   0.04848   0.11641   0.04051   0.07322   0.09742   0.02487   0.21950   0.21550   4.61258   1.98476   1.16384   1.34128   0.54428  
 20  5.9750   2063.605343  x:  0.17855   0.17553   0.05342   0.04211   0.01968   0.08002   0.04833   0.05933   0.11252   0.00000   0.19887   0.00000   0.10370   0.03188   0.03316   0.04802   0.11865   0.03924   0.07544   0.08785   0.02378   0.21090   0.22535   4.64155   2.00682   1.09708   1.32860   0.54876  
 21 13.6638   2063.074816  x:  0.17780   0.17635   0.05220   0.04119   0.01955   0.07872   0.04908   0.05786   0.10055   0.00000   0.20117   0.00000   0.10253   0.03211   0.02942   0.04717   0.11361   0.03871   0.07556   0.10084   0.02435   0.21156   0.22442   4.66677   2.02209   1.04292   1.31905   0.55318  
 22 53.7206   2062.455281  x:  0.17685   0.18221   0.04966   0.04254   0.01909   0.07682   0.04554   0.05569   0.09829   0.00000   0.20283   0.00000   0.10213   0.03243   0.03309   0.04822   0.11957   0.04060   0.06710   0.09366   0.02447   0.23404   0.20209   4.69447   2.02042   1.01539   1.31308   0.55960  
 23 17.0073   2061.218458  x:  0.17476   0.18721   0.04955   0.04026   0.01739   0.08168   0.04110   0.06590   0.11638   0.00000   0.20509   0.00000   0.10041   0.03780   0.02876   0.04614   0.11664   0.04103   0.09099   0.09903   0.02161   0.25319   0.18582   4.75405   1.99623   0.99896   1.30548   0.57566  
 24 26.8791   2053.129510  x:  0.16758   0.19663   0.04458   0.04227   0.01491   0.07846   0.03123   0.02835   0.13571   0.00000   0.21388   0.00000   0.12106   0.01717   0.03931   0.04189   0.10298   0.03753   0.09505   0.11226   0.02132   0.26195   0.19787   5.07089   1.83610   0.97737   1.27129   0.66856  
 25 85.0759   2042.678855  x:  0.15443   0.20161   0.03117   0.03954   0.00653   0.06868   0.01521   0.06211   0.12989   0.00000   0.22869   0.00000   0.15126   0.01982   0.02504   0.04307   0.10796   0.02659   0.06327   0.11635   0.00951   0.25969   0.22769   5.55256   1.59439   0.95246   1.22190   0.80716  
 26 818.1204   2042.125779  x:  0.15408   0.20079   0.03607   0.04022   0.00539   0.07543   0.01037   0.06022   0.12190   0.00000   0.22913   0.00000   0.14796   0.02024   0.02546   0.04002   0.12152   0.02591   0.06806   0.11611   0.00780   0.25809   0.22984   5.57621   1.58542   0.95292   1.22159   0.81421  
 27 78.7917   2041.940583  x:  0.15371   0.20164   0.03418   0.04013   0.00538   0.08837   0.01135   0.06059   0.12247   0.00000   0.22892   0.00000   0.14970   0.01969   0.02512   0.04049   0.12051   0.02571   0.06454   0.11705   0.00819   0.25869   0.23009   5.58463   1.60255   0.96074   1.23441   0.81671  
 28 11.4461   2039.125718  x:  0.14919   0.20775   0.03125   0.03952   0.00426   0.07417   0.00714   0.06246   0.12184   0.00000   0.22204   0.00000   0.15584   0.01855   0.02299   0.03781   0.12229   0.02359   0.06490   0.12099   0.00700   0.26536   0.23208   5.71499   1.95371   1.11854   1.48720   0.85450  
 29 44.8944   2034.953332  x:  0.13640   0.22939   0.04074   0.03893   0.01225   0.06974   0.01874   0.06378   0.10308   0.00000   0.21934   0.00000   0.16301   0.02123   0.01729   0.02542   0.15570   0.02133   0.07642   0.12640   0.01460   0.26409   0.24724   6.10142   2.03353   1.19382   1.56689   0.91444  
 30  1.0827   2029.657248  x:  0.10743   0.27979   0.04066   0.03743   0.01939   0.08202   0.00550   0.06265   0.11319   0.00000   0.21412   0.00000   0.18569   0.02659   0.02576   0.04027   0.14462   0.03073   0.07194   0.13275   0.02409   0.26589   0.25736   6.91052   1.96657   1.16486   1.48354   0.96190  
 31  0.9541   2024.242527  x:  0.05262   0.35615   0.03285   0.03551   0.01452   0.08017   0.02665   0.05448   0.11699   0.00000   0.20728   0.00000   0.21272   0.02253   0.02760   0.04592   0.14139   0.03139   0.07820   0.13609   0.01288   0.26346   0.27529   8.44579   1.94403   1.11745   1.39045   1.01717  
 32  1.3584   2024.240940  x:  0.05250   0.35632   0.03284   0.03550   0.01451   0.08016   0.02670   0.05447   0.11700   0.00049   0.20727   0.00000   0.21277   0.02252   0.02760   0.04594   0.14138   0.03139   0.07821   0.13609   0.01286   0.26345   0.27532   8.44914   1.94397   1.11734   1.39025   1.01729  
 33 41.5770   2020.375485  x:  0.01626   0.36321   0.03475   0.04181   0.01330   0.07352   0.02069   0.05139   0.11157   0.00291   0.22961   0.00000   0.20737   0.01753   0.01443   0.02959   0.13201   0.01824   0.06965   0.12983   0.01614   0.25622   0.26232   9.39915   1.86592   1.05579   1.38353   1.00873  
 34  0.7254   2018.097490  x:  0.00000   0.35137   0.03318   0.04148   0.01339   0.07051   0.01732   0.05180   0.10570   0.00505   0.24186   0.00000   0.19242   0.01965   0.02355   0.02599   0.13409   0.02225   0.07185   0.12394   0.01600   0.25046   0.24823   9.77021   1.88911   1.07510   1.44780   0.98274  
 35  0.5033   2016.483997  x:  0.00318   0.30430   0.03512   0.03937   0.01318   0.07333   0.01182   0.05561   0.10436   0.00406   0.25118   0.00000   0.16364   0.02347   0.02231   0.03780   0.13485   0.02513   0.07567   0.11797   0.01576   0.24665   0.23032   9.76006   1.95152   1.11745   1.52494   0.92469  
 36  0.1620   2016.166441  x:  0.00177   0.29022   0.03078   0.03755   0.01239   0.07632   0.01121   0.05747   0.11058   0.00603   0.24212   0.00000   0.15777   0.01869   0.02363   0.03572   0.13591   0.02453   0.07594   0.11980   0.01558   0.24668   0.23291   9.91010   1.95556   1.10962   1.50545   0.91601  
 37  0.1512   2016.032693  x:  0.00541   0.28236   0.03195   0.03745   0.01141   0.07643   0.01275   0.05762   0.11345   0.00495   0.23292   0.00000   0.15856   0.02088   0.02285   0.03529   0.13643   0.02529   0.07285   0.12279   0.01483   0.24697   0.23888   9.93652   1.95508   1.10621   1.48802   0.92041  
 38  0.0340   2015.979330  x:  0.00293   0.27883   0.03251   0.03893   0.01146   0.07547   0.01289   0.05731   0.11126   0.00496   0.23196   0.00000   0.16042   0.02094   0.02176   0.03588   0.13596   0.02488   0.07268   0.12392   0.01515   0.24868   0.24063  10.12569   1.94398   1.10020   1.48353   0.92870  
 39  0.1462   2015.934741  x:  0.00546   0.27232   0.03244   0.03979   0.01179   0.07480   0.01268   0.05728   0.10909   0.00500   0.23352   0.00000   0.16109   0.01967   0.02219   0.03529   0.13559   0.02464   0.07359   0.12426   0.01562   0.25096   0.24073  10.23664   1.93532   1.09651   1.48325   0.93360  
 40  0.1322   2015.880218  x:  0.00499   0.27247   0.03183   0.03771   0.01237   0.07605   0.01277   0.05627   0.11037   0.00565   0.23629   0.00000   0.16310   0.02157   0.02232   0.03448   0.13371   0.02523   0.07484   0.12298   0.01503   0.25207   0.23888  10.52024   1.93961   1.09751   1.48904   0.93984  
 41  0.1371   2015.841655  x:  0.00511   0.27550   0.03358   0.03751   0.01243   0.07586   0.01300   0.05647   0.11156   0.00463   0.23494   0.00000   0.16354   0.02010   0.02339   0.03510   0.13377   0.02562   0.07399   0.12198   0.01516   0.25063   0.23808  10.75475   1.94917   1.10107   1.49309   0.94184  
 42  0.1726   2015.814018  x:  0.00561   0.27761   0.03193   0.03888   0.01200   0.07533   0.01284   0.05647   0.11075   0.00508   0.23315   0.00000   0.16154   0.02053   0.02293   0.03535   0.13574   0.02551   0.07347   0.12154   0.01532   0.24827   0.23806  10.94517   1.95037   1.10100   1.49138   0.94062  
 43  0.1498   2015.808829  x:  0.00575   0.27832   0.03240   0.03848   0.01188   0.07570   0.01261   0.05687   0.11089   0.00490   0.23342   0.00000   0.16087   0.02068   0.02260   0.03526   0.13541   0.02484   0.07379   0.12240   0.01529   0.24812   0.23810  10.99574   1.94613   1.09974   1.49236   0.93915  
 44  0.0402   2015.808279  x:  0.00573   0.27895   0.03239   0.03847   0.01187   0.07564   0.01268   0.05701   0.11088   0.00498   0.23373   0.00000   0.16103   0.02059   0.02252   0.03531   0.13537   0.02501   0.07382   0.12280   0.01518   0.24832   0.23828  11.00195   1.94530   1.09955   1.49200   0.93894  
 45  0.0060   2015.808182  x:  0.00572   0.27885   0.03239   0.03849   0.01188   0.07559   0.01265   0.05707   0.11086   0.00496   0.23381   0.00000   0.16097   0.02063   0.02258   0.03529   0.13544   0.02503   0.07374   0.12290   0.01516   0.24852   0.23838  11.00251   1.94537   1.09957   1.49169   0.93821  
 46  0.0007   2015.808163  x:  0.00571   0.27889   0.03237   0.03848   0.01188   0.07562   0.01265   0.05705   0.11085   0.00496   0.23378   0.00000   0.16105   0.02063   0.02259   0.03529   0.13546   0.02502   0.07379   0.12287   0.01518   0.24861   0.23847  11.00320   1.94538   1.09960   1.49183   0.93792  
 47  0.0005   2015.808159  x:  0.00571   0.27887   0.03238   0.03848   0.01188   0.07561   0.01265   0.05705   0.11085   0.00496   0.23379   0.00000   0.16107   0.02063   0.02258   0.03529   0.13545   0.02502   0.07377   0.12284   0.01518   0.24859   0.23847  11.00343   1.94542   1.09964   1.49193   0.93774  
 48  0.0002   2015.808159  x:  0.00572   0.27887   0.03238   0.03848   0.01188   0.07561   0.01265   0.05704   0.11085   0.00496   0.23378   0.00000   0.16108   0.02063   0.02258   0.03529   0.13545   0.02502   0.07377   0.12285   0.01517   0.24857   0.23847  11.00326   1.94542   1.09964   1.49191   0.93772  
 49  0.0001   2015.808159  x:  0.00572   0.27887   0.03238   0.03848   0.01188   0.07561   0.01265   0.05705   0.11085   0.00496   0.23378   0.00000   0.16108   0.02063   0.02258   0.03529   0.13545   0.02502   0.07377   0.12285   0.01517   0.24857   0.23846  11.00319   1.94540   1.09964   1.49189   0.93771  
 50  0.0001   2015.808159  x:  0.00572   0.27887   0.03238   0.03848   0.01188   0.07561   0.01265   0.05705   0.11085   0.00496   0.23378   0.00000   0.16108   0.02063   0.02258   0.03529   0.13545   0.02502   0.07377   0.12285   0.01517   0.24857   0.23846  11.00322   1.94541   1.09964   1.49190   0.93771  
 51  0.0000   2015.808159  x:  0.00572   0.27887   0.03238   0.03848   0.01188   0.07561   0.01265   0.05705   0.11085   0.00496   0.23378   0.00000   0.16108   0.02063   0.02258   0.03529   0.13545   0.02502   0.07377   0.12285   0.01517   0.24857   0.23846  11.00323   1.94541   1.09964   1.49190   0.93771  
 52  0.0000   2015.808159  x:  0.00572   0.27887   0.03238   0.03848   0.01188   0.07561   0.01265   0.05705   0.11085   0.00496   0.23378   0.00000   0.16108   0.02063   0.02258   0.03529   0.13545   0.02502   0.07377   0.12285   0.01517   0.24857   0.23846  11.00323   1.94541   1.09964   1.49190   0.93771  
 53  0.0000   2015.808159  x:  0.00572   0.27887   0.03238   0.03848   0.01188   0.07561   0.01265   0.05705   0.11085   0.00496   0.23378   0.00000   0.16108   0.02063   0.02258   0.03529   0.13545   0.02502   0.07377   0.12285   0.01517   0.24857   0.23846  11.00323   1.94541   1.09964   1.49190   0.93771  

TREE # 2

  0  0.0000   2057.062364  x:  0.19828   0.01794   0.22117   0.05546   0.04387   0.00000   0.10910   0.01906   0.07407   0.03167   0.07275   0.07707   0.02834   0.21301   0.10833   0.02531   0.01594   0.07073   0.05560   0.05638   0.04186   0.06095   0.04168  11.00323   1.78611   1.06448   1.34846   0.93771  
  1 99.0000   2049.525981  x:  0.19950   0.01687   0.22212   0.06314   0.04280   0.05298   0.11040   0.02082   0.07401   0.03275   0.07691   0.07397   0.02685   0.21380   0.11446   0.02234   0.01935   0.07397   0.05395   0.05647   0.03806   0.06218   0.03793  11.00323   1.78629   1.06421   1.34866   0.93774  
  2 1549.3306   2027.164933  x:  0.20831   0.00849   0.22849   0.10698   0.02602   0.05064   0.11627   0.01736   0.07183   0.03891   0.10677   0.04899   0.01617   0.21900   0.15848   0.00000   0.03704   0.09568   0.04204   0.05706   0.01010   0.07088   0.01025  11.00320   1.78758   1.06236   1.35027   0.93766  
  3 372.5767   2023.368506  x:  0.21499   0.00176   0.23317   0.12979   0.01372   0.04944   0.11996   0.02141   0.07144   0.03898   0.12248   0.02821   0.01636   0.22213   0.18922   0.03026   0.04201   0.10607   0.03701   0.05742   0.00873   0.07543   0.01118  11.00318   1.78880   1.06068   1.35183   0.93754  
  4 343.2551   2022.180160  x:  0.21804   0.00000   0.23499   0.13542   0.01343   0.04922   0.12091   0.02326   0.07207   0.03711   0.12560   0.02335   0.01514   0.22311   0.19988   0.02818   0.03641   0.10779   0.03667   0.05747   0.01764   0.07593   0.01703  11.00316   1.78946   1.05983   1.35276   0.93751  
  5 155.3818   2021.440947  x:  0.22315   0.00000   0.23782   0.13758   0.01584   0.04918   0.12149   0.02561   0.07389   0.03304   0.12506   0.02608   0.01527   0.22412   0.21375   0.02893   0.02225   0.10607   0.03893   0.05709   0.01389   0.07460   0.01775  11.00314   1.79080   1.05818   1.35477   0.93744  
  6 84.7423   2021.139351  x:  0.22994   0.00000   0.24107   0.13395   0.01362   0.04937   0.12131   0.02266   0.07560   0.03312   0.11950   0.03050   0.01366   0.22472   0.22748   0.02907   0.02454   0.10093   0.04287   0.05707   0.01612   0.07182   0.01577  11.00311   1.79314   1.05552   1.35832   0.93731  
  7 39.1020   2021.036577  x:  0.23344   0.00000   0.24252   0.13042   0.01550   0.04936   0.12102   0.02383   0.07578   0.03391   0.11610   0.02791   0.01287   0.22485   0.23254   0.02830   0.02662   0.09848   0.04211   0.05705   0.01421   0.07134   0.01762  11.00308   1.79489   1.05373   1.36102   0.93721  
  8 33.2518   2020.999866  x:  0.23526   0.00000   0.24320   0.12791   0.01448   0.04949   0.12075   0.02390   0.07500   0.03444   0.11504   0.02627   0.01304   0.22495   0.23353   0.02817   0.02560   0.09828   0.04016   0.05712   0.01463   0.07216   0.01614  11.00306   1.79660   1.05219   1.36362   0.93711  
  9 16.5572   2020.942243  x:  0.23919   0.00000   0.24457   0.12554   0.01463   0.04954   0.12028   0.02327   0.07296   0.03409   0.11656   0.02834   0.01309   0.22542   0.23393   0.02838   0.02604   0.10109   0.03805   0.05711   0.01439   0.07467   0.01725  11.00299   1.80228   1.04746   1.37218   0.93677  
 10 13.5088   2020.863177  x:  0.24345   0.00000   0.24604   0.12494   0.01641   0.04945   0.11997   0.02412   0.07256   0.03368   0.11882   0.02715   0.01258   0.22607   0.23233   0.02898   0.02635   0.10350   0.04121   0.05696   0.01499   0.07467   0.01546  11.00287   1.81209   1.04013   1.38673   0.93613  
 11 26.5169   2020.787615  x:  0.24564   0.00000   0.24691   0.12644   0.01364   0.04948   0.12003   0.02330   0.07372   0.03454   0.11988   0.02593   0.01233   0.22670   0.23026   0.02887   0.02561   0.10336   0.04261   0.05683   0.01374   0.07270   0.01708  11.00274   1.82230   1.03354   1.40152   0.93542  
 12 44.2165   2020.702006  x:  0.24497   0.00000   0.24693   0.13135   0.01424   0.04923   0.12059   0.02413   0.07597   0.03434   0.11948   0.02686   0.01293   0.22720   0.22935   0.02953   0.02617   0.10051   0.03877   0.05700   0.01436   0.07054   0.01627  11.00259   1.83513   1.02748   1.41940   0.93444  
 13 37.3744   2020.632103  x:  0.23877   0.00000   0.24502   0.13402   0.01399   0.04920   0.12090   0.02303   0.07431   0.03200   0.11696   0.02609   0.01169   0.22639   0.23150   0.02995   0.02632   0.09880   0.03942   0.05675   0.01405   0.07429   0.01623  11.00246   1.84721   1.02693   1.43446   0.93332  
 14 19.2329   2020.579016  x:  0.23301   0.00000   0.24311   0.13442   0.01368   0.04908   0.12101   0.02483   0.07317   0.03508   0.11635   0.02684   0.01216   0.22545   0.23472   0.03005   0.02613   0.09965   0.04029   0.05668   0.01410   0.07538   0.01625  11.00236   1.85720   1.02920   1.44593   0.93234  
 15 30.6843   2020.505680  x:  0.22647   0.00000   0.24053   0.13203   0.01435   0.04917   0.12028   0.02300   0.07363   0.03421   0.11832   0.02600   0.01297   0.22382   0.23944   0.03038   0.02633   0.10287   0.03937   0.05690   0.01388   0.07170   0.01612  11.00221   1.87160   1.03708   1.46060   0.93088  
 16 26.0873   2020.441806  x:  0.22630   0.00000   0.23966   0.13113   0.01265   0.04908   0.12017   0.02554   0.07521   0.03267   0.12078   0.02644   0.00971   0.22278   0.24104   0.03086   0.02680   0.10288   0.03869   0.05685   0.01369   0.07154   0.01589  11.00207   1.88501   1.04935   1.47189   0.92955  
 17 20.4066   2020.204816  x:  0.23418   0.00000   0.23942   0.13486   0.01334   0.04888   0.12067   0.02312   0.07837   0.03478   0.12706   0.02517   0.01200   0.22189   0.24489   0.03253   0.02701   0.09978   0.03878   0.05660   0.01329   0.07650   0.01554  11.00153   1.93735   1.10262   1.51290   0.92474  
 18 54.5370   2020.111141  x:  0.23832   0.00000   0.24126   0.13926   0.01259   0.04866   0.12188   0.02406   0.07301   0.03396   0.12327   0.02508   0.01220   0.22335   0.24534   0.03319   0.02728   0.10289   0.03858   0.05726   0.01309   0.07361   0.01544  11.00131   1.95797   1.12370   1.52738   0.92343  
 19 41.2470   2020.102077  x:  0.23829   0.00000   0.24222   0.13971   0.01306   0.04865   0.12190   0.02340   0.07374   0.03467   0.12225   0.02505   0.01087   0.22419   0.24527   0.03363   0.02696   0.10408   0.03829   0.05694   0.01313   0.07371   0.01540  11.00127   1.96021   1.12530   1.52797   0.92375  
 20  7.3656   2020.092277  x:  0.23755   0.00000   0.24423   0.13970   0.01268   0.04860   0.12185   0.02385   0.07526   0.03415   0.12141   0.02501   0.01156   0.22629   0.24537   0.03348   0.02727   0.10527   0.03838   0.05677   0.01307   0.07433   0.01539  11.00121   1.96307   1.12618   1.52724   0.92492  
 21  5.2216   2020.070401  x:  0.23536   0.00000   0.24860   0.13930   0.01299   0.04858   0.12174   0.02367   0.07394   0.03447   0.12335   0.02491   0.01077   0.23064   0.24586   0.03371   0.02728   0.10385   0.03834   0.05786   0.01300   0.07410   0.01536  11.00103   1.97009   1.12612   1.52274   0.92919  
 22  5.3580   2020.050190  x:  0.23537   0.00000   0.24840   0.13967   0.01295   0.04852   0.12197   0.02372   0.07327   0.03446   0.12406   0.02482   0.01084   0.23040   0.24659   0.03377   0.02742   0.10359   0.03816   0.05458   0.01302   0.07382   0.01526  11.00082   1.97624   1.12452   1.51694   0.93402  
 23  5.5125   2019.989897  x:  0.23730   0.00000   0.24404   0.14159   0.01270   0.04832   0.12253   0.02372   0.07411   0.03453   0.12402   0.02458   0.01101   0.22591   0.24888   0.03399   0.02754   0.10498   0.03806   0.05712   0.01278   0.07436   0.01515  11.00018   1.99392   1.11851   1.49854   0.94900  
 24 17.2118   2019.930870  x:  0.23809   0.00000   0.24235   0.14405   0.01232   0.04816   0.11389   0.02417   0.07375   0.03470   0.12441   0.02438   0.01066   0.22746   0.25102   0.03397   0.02768   0.10529   0.03793   0.05704   0.01269   0.07450   0.01504  10.99946   1.98349   1.11478   1.49389   0.95203  
 25  1.1121   2019.361950  x:  0.24170   0.00000   0.23571   0.15370   0.01081   0.04623   0.12407   0.02416   0.07395   0.03521   0.13241   0.02233   0.00765   0.23856   0.27079   0.03308   0.02932   0.10985   0.03657   0.05714   0.01155   0.07636   0.01379  10.99222   1.86396   1.07784   1.45546   0.97308  
 26 14.8295   2019.250763  x:  0.23981   0.00000   0.24879   0.15671   0.01038   0.04585   0.12327   0.02434   0.07395   0.03525   0.13381   0.02195   0.00836   0.22550   0.27325   0.03240   0.02967   0.11069   0.03634   0.05714   0.01141   0.07673   0.01362  10.99088   1.84601   1.07093   1.44730   0.96964  
 27 10.4229   2018.750002  x:  0.24120   0.00000   0.24639   0.16037   0.01010   0.04456   0.12347   0.02453   0.07387   0.03526   0.13663   0.02157   0.00797   0.22948   0.28061   0.02671   0.03034   0.11200   0.03627   0.05704   0.01137   0.07713   0.01338  10.98586   1.84445   1.04483   1.40501   0.87496  
 28  3.5251   2016.895481  x:  0.24185   0.00000   0.24803   0.16150   0.01074   0.04132   0.12358   0.02467   0.07439   0.03435   0.13729   0.02271   0.00656   0.23102   0.28614   0.00414   0.03079   0.11156   0.03810   0.05699   0.01296   0.07654   0.01416  10.96956   1.87273   1.05664   1.43135   0.89154  
 29  0.9079   2016.478682  x:  0.24095   0.00000   0.24821   0.16659   0.01318   0.03801   0.12385   0.02198   0.07400   0.03503   0.13695   0.02598   0.00453   0.23275   0.28708   0.00601   0.03229   0.11231   0.03848   0.05711   0.01200   0.07573   0.01171  10.98180   1.95727   1.11393   1.50314   0.94789  
 30  0.1179   2016.360435  x:  0.23990   0.00000   0.24781   0.16780   0.01351   0.03517   0.12344   0.02188   0.07392   0.03535   0.13673   0.02591   0.00460   0.23362   0.28590   0.00289   0.03344   0.11199   0.03858   0.05711   0.01143   0.07561   0.01214  10.99123   1.96666   1.11937   1.51101   0.95359  
 31  0.0240   2015.954995  x:  0.23646   0.00000   0.24547   0.17073   0.01408   0.02327   0.12168   0.02267   0.07377   0.03649   0.13592   0.02446   0.00666   0.23528   0.27797   0.00451   0.03607   0.11103   0.03806   0.05706   0.01005   0.07554   0.01455  11.04663   1.96229   1.11537   1.50862   0.94959  
 32  0.0338   2015.834467  x:  0.23750   0.00000   0.24728   0.16606   0.01489   0.01978   0.12233   0.02267   0.07386   0.03585   0.13569   0.02473   0.00644   0.23408   0.27682   0.00455   0.03445   0.11066   0.03836   0.05704   0.01226   0.07560   0.01230  11.04983   1.94599   1.10150   1.49343   0.93861  
 33  0.0310   2015.810392  x:  0.23867   0.00000   0.24863   0.16197   0.01528   0.02108   0.12295   0.02257   0.07386   0.03526   0.13551   0.02508   0.00583   0.23342   0.27814   0.00494   0.03262   0.11072   0.03856   0.05704   0.01205   0.07558   0.01249  11.03300   1.94216   1.09747   1.48914   0.93580  
 34  0.0227   2015.808343  x:  0.23860   0.00000   0.24869   0.16119   0.01524   0.02057   0.12293   0.02256   0.07380   0.03524   0.13545   0.02506   0.00571   0.23367   0.27862   0.00497   0.03234   0.11081   0.03850   0.05705   0.01185   0.07559   0.01269  11.02504   1.94477   1.09896   1.49126   0.93741  
 35  0.0100   2015.808193  x:  0.23846   0.00000   0.24857   0.16108   0.01516   0.02064   0.12285   0.02259   0.07377   0.03529   0.13545   0.02501   0.00571   0.23382   0.27885   0.00497   0.03236   0.11085   0.03847   0.05705   0.01188   0.07562   0.01265  11.01695   1.94563   1.09972   1.49210   0.93799  
 36  0.0077   2015.808164  x:  0.23844   0.00000   0.24855   0.16106   0.01518   0.02063   0.12284   0.02258   0.07377   0.03530   0.13546   0.02502   0.00571   0.23378   0.27894   0.00496   0.03240   0.11086   0.03849   0.05704   0.01188   0.07562   0.01266  11.00690   1.94535   1.09965   1.49191   0.93776  
 37  0.0050   2015.808159  x:  0.23846   0.00000   0.24857   0.16107   0.01518   0.02063   0.12285   0.02258   0.07377   0.03529   0.13545   0.02502   0.00572   0.23377   0.27889   0.00496   0.03238   0.11085   0.03848   0.05705   0.01188   0.07561   0.01265  11.00363   1.94539   1.09962   1.49188   0.93769  
 38  0.0025   2015.808159  x:  0.23846   0.00000   0.24857   0.16108   0.01517   0.02063   0.12285   0.02258   0.07377   0.03529   0.13545   0.02502   0.00572   0.23378   0.27887   0.00496   0.03238   0.11085   0.03848   0.05705   0.01188   0.07561   0.01265  11.00325   1.94541   1.09964   1.49190   0.93771  
 39  0.0004   2015.808159  x:  0.23846   0.00000   0.24857   0.16108   0.01517   0.02063   0.12285   0.02258   0.07377   0.03529   0.13545   0.02502   0.00572   0.23378   0.27887   0.00496   0.03238   0.11085   0.03848   0.05705   0.01188   0.07561   0.01265  11.00323   1.94541   1.09964   1.49190   0.93771  
 40  0.0000   2015.808159  x:  0.23846   0.00000   0.24857   0.16108   0.01517   0.02063   0.12285   0.02258   0.07377   0.03529   0.13545   0.02502   0.00572   0.23378   0.27887   0.00496   0.03238   0.11085   0.03848   0.05705   0.01188   0.07561   0.01265  11.00323   1.94541   1.09964   1.49190   0.93771  