

TREE # 1

  0  0.0000   2277.683828  x:  0.20925   0.02571   0.03211   0.02495   0.05815   0.02188   0.05666   0.08536   0.02661   0.17168   0.20925   0.02571   0.03211   0.02495   0.05815   0.02188   0.05666   0.08536   0.02661   0.17168   0.21568   8.40433   1.57514   1.35759   1.28414   1.00000  
  1 99.0000   2228.122614  x:  0.21875   0.01079   0.02254   0.07029   0.06144   0.00000   0.16820   0.10421   0.03354   0.17143   0.22089   0.06312   0.03235   0.03261   0.16310   0.00621   0.04405   0.08165   0.03360   0.16254   0.23411   8.40401   1.57418   1.35539   1.28731   1.00085  
  2 704.5201   2225.899106  x:  0.22090   0.00868   0.02129   0.07582   0.06243   0.01790   0.18376   0.10776   0.03437   0.17132   0.22348   0.06736   0.03221   0.03372   0.17802   0.00674   0.04139   0.08070   0.03415   0.16041   0.23817   8.40393   1.57397   1.35489   1.28804   1.00106  
  3 999.1066   2223.581673  x:  0.23199   0.01194   0.02307   0.06345   0.06341   0.01710   0.19116   0.11969   0.03276   0.17026   0.23635   0.05684   0.03010   0.03356   0.18801   0.03270   0.03078   0.07511   0.02872   0.14892   0.25805   8.40348   1.57295   1.35235   1.29160   1.00225  
  4 143.4417   2220.690730  x:  0.25215   0.01039   0.02296   0.04129   0.06414   0.01760   0.19381   0.13507   0.03067   0.16757   0.25958   0.04077   0.03059   0.02623   0.19526   0.01846   0.02803   0.06768   0.02879   0.12774   0.29317   8.40254   1.57088   1.34725   1.29880   1.00464  
  5 140.4195   2219.492662  x:  0.26843   0.01849   0.02643   0.04661   0.06378   0.01757   0.18824   0.14093   0.03331   0.16385   0.27782   0.04500   0.03161   0.03572   0.19295   0.01538   0.03539   0.06741   0.03418   0.11237   0.32024   8.40155   1.56888   1.34206   1.30592   1.00702  
  6 101.5302   2218.918314  x:  0.27803   0.01001   0.02143   0.05411   0.06324   0.01716   0.18339   0.13882   0.03121   0.16011   0.28822   0.05074   0.03091   0.03472   0.18868   0.01597   0.03240   0.07050   0.03304   0.10683   0.33539   8.40069   1.56736   1.33782   1.31163   1.00894  
  7 74.8649   2218.801081  x:  0.28092   0.01112   0.02407   0.05640   0.06325   0.01716   0.18345   0.13514   0.03336   0.15779   0.29114   0.05088   0.03073   0.03116   0.18797   0.01548   0.03083   0.07199   0.03063   0.10897   0.33941   8.40008   1.56651   1.33506   1.31516   1.01013  
  8 30.2414   2218.696450  x:  0.28387   0.01044   0.02364   0.05478   0.06342   0.01717   0.18538   0.12843   0.03342   0.15430   0.29408   0.04957   0.03120   0.03166   0.18807   0.01648   0.03406   0.07293   0.03088   0.11468   0.34308   8.39882   1.56492   1.32961   1.32201   1.01249  
  9 24.2414   2218.653545  x:  0.28447   0.01218   0.02267   0.05380   0.06334   0.01721   0.18590   0.12625   0.03218   0.15325   0.29462   0.04998   0.03069   0.03305   0.18773   0.01577   0.03155   0.07244   0.03209   0.11644   0.34357   8.39777   1.56373   1.32547   1.32718   1.01431  
 10 18.3068   2218.508367  x:  0.28272   0.01039   0.02504   0.05323   0.06271   0.01717   0.18672   0.12698   0.03209   0.15370   0.29231   0.05192   0.03138   0.03335   0.18630   0.01573   0.03157   0.06748   0.03083   0.11400   0.33990   8.39148   1.55711   1.30289   1.35536   1.02454  
 11 16.4283   2218.451683  x:  0.28175   0.01160   0.02238   0.05403   0.06295   0.01713   0.18666   0.12847   0.03326   0.15429   0.29119   0.05058   0.03057   0.03195   0.18649   0.01603   0.03246   0.06940   0.03107   0.11259   0.33821   8.38858   1.55434   1.29376   1.36682   1.02886  
 12 39.8121   2218.439273  x:  0.28145   0.01123   0.02327   0.05425   0.06318   0.01712   0.18631   0.12914   0.03249   0.15453   0.29094   0.04972   0.03089   0.03233   0.18705   0.01595   0.03221   0.07163   0.03143   0.11246   0.33784   8.38753   1.55363   1.29180   1.36938   1.03001  
 13 12.7790   2218.436110  x:  0.28129   0.01105   0.02327   0.05372   0.06311   0.01712   0.18544   0.12954   0.03300   0.15465   0.29097   0.05029   0.03069   0.03265   0.18793   0.01584   0.03212   0.07206   0.03109   0.11298   0.33793   8.38619   1.55328   1.29175   1.36976   1.03070  
 14  2.4542   2218.430753  x:  0.28097   0.01130   0.02322   0.05393   0.06303   0.01711   0.18405   0.12998   0.03232   0.15487   0.29109   0.05062   0.03097   0.03204   0.18936   0.01591   0.03238   0.07166   0.03125   0.11385   0.33822   8.38277   1.55254   1.29215   1.37006   1.03226  
 15  4.3610   2218.418191  x:  0.28017   0.01079   0.02317   0.05518   0.06318   0.01707   0.18291   0.12982   0.03278   0.15524   0.29121   0.04902   0.03054   0.03274   0.19057   0.01563   0.03206   0.07052   0.03137   0.11445   0.33872   8.37318   1.55072   1.29376   1.37018   1.03626  
 16  7.4893   2218.337289  x:  0.27608   0.01057   0.02304   0.05415   0.06376   0.01700   0.18474   0.12741   0.03438   0.15639   0.29108   0.04964   0.03294   0.03208   0.19040   0.01575   0.03136   0.07109   0.03322   0.11258   0.34091   8.30654   1.53933   1.30514   1.36945   1.06247  
 17 21.1625   2218.285528  x:  0.27459   0.01125   0.02329   0.05372   0.06350   0.01702   0.18672   0.12692   0.03247   0.15648   0.29086   0.05029   0.03036   0.03220   0.18972   0.01515   0.03245   0.07179   0.03133   0.11177   0.34180   8.26450   1.53280   1.31179   1.36877   1.07811  
 18 106.8359   2218.245301  x:  0.27813   0.01137   0.02252   0.05437   0.06205   0.01701   0.18849   0.13074   0.03239   0.15439   0.29047   0.04994   0.03200   0.03287   0.18795   0.01452   0.03233   0.07178   0.03013   0.11415   0.34025   8.22988   1.53081   1.31421   1.36752   1.08653  
 19 24.4870   2218.210708  x:  0.28194   0.01051   0.02327   0.05443   0.06234   0.01696   0.18939   0.13315   0.03298   0.15290   0.29015   0.05025   0.03038   0.03207   0.18712   0.01461   0.03232   0.07154   0.03244   0.11558   0.33836   8.19957   1.53042   1.31509   1.36618   1.09201  
 20 56.0868   2218.092299  x:  0.29389   0.01083   0.02283   0.05410   0.06856   0.01677   0.18863   0.13066   0.03264   0.15239   0.28918   0.05048   0.03114   0.03235   0.19084   0.01378   0.03241   0.07107   0.03128   0.11236   0.33115   8.09256   1.53523   1.31242   1.36047   1.10195  
 21 42.2468   2217.946378  x:  0.30110   0.01077   0.02297   0.05369   0.06053   0.01687   0.18839   0.12623   0.03286   0.15400   0.28935   0.04964   0.03097   0.03202   0.19555   0.01332   0.03248   0.07161   0.03210   0.10826   0.32645   7.96457   1.54322   1.30680   1.35378   1.10857  
 22 102.2277   2217.276663  x:  0.28390   0.00971   0.02236   0.05478   0.06322   0.01636   0.19753   0.12961   0.03285   0.16029   0.29810   0.05090   0.03122   0.03161   0.19715   0.00893   0.03311   0.07152   0.03238   0.11318   0.33760   7.37443   1.58480   1.27283   1.32737   1.11177  
 23 99.4017   2217.129078  x:  0.27947   0.00954   0.02232   0.05476   0.06305   0.01626   0.19700   0.12964   0.03290   0.14570   0.29168   0.05055   0.03134   0.03152   0.20107   0.00812   0.03312   0.07130   0.03287   0.10898   0.34067   7.24330   1.58283   1.27352   1.32920   1.09943  
 24 47.8407   2216.777549  x:  0.28691   0.00924   0.02195   0.05499   0.06292   0.01601   0.20114   0.12894   0.03304   0.15487   0.28103   0.05079   0.03151   0.03139   0.20349   0.00610   0.03327   0.07122   0.03342   0.11100   0.34633   6.93042   1.55428   1.29160   1.35030   1.04597  
 25 52.0343   2216.717131  x:  0.28486   0.00921   0.02191   0.05495   0.06295   0.01597   0.20173   0.12921   0.03306   0.15337   0.29340   0.05086   0.03155   0.03131   0.20424   0.00584   0.03333   0.07121   0.03333   0.11017   0.33859   6.87559   1.54751   1.29640   1.35515   1.03507  
 26 22.1613   2216.306220  x:  0.28114   0.00972   0.02175   0.05745   0.06331   0.01471   0.20981   0.12976   0.03322   0.15446   0.29101   0.05270   0.03152   0.03213   0.21097   0.01182   0.03340   0.07146   0.03315   0.11186   0.33787   6.60640   1.57717   1.32756   1.38822   1.00368  
 27  0.5356   2216.237900  x:  0.28103   0.00970   0.02179   0.05785   0.06331   0.01443   0.21121   0.12969   0.03322   0.15436   0.29057   0.05293   0.03151   0.03231   0.21229   0.01239   0.03325   0.07126   0.03322   0.11205   0.33794   6.61656   1.52702   1.28887   1.34744   0.99574  
 28  0.9226   2215.639960  x:  0.27825   0.01089   0.02190   0.06178   0.06340   0.01030   0.22903   0.13145   0.03328   0.15460   0.29089   0.05593   0.03090   0.03385   0.22729   0.01210   0.03252   0.07153   0.03244   0.11306   0.34023   7.38061   1.55990   1.30186   1.36222   0.99809  
 29  0.6483   2215.449176  x:  0.28272   0.01000   0.02139   0.06289   0.06337   0.00709   0.23674   0.13128   0.03346   0.15417   0.29235   0.05643   0.03110   0.03339   0.23444   0.01072   0.03263   0.07167   0.03261   0.11189   0.34027   7.14638   1.55575   1.29773   1.35365   1.03106  
 30  0.1841   2215.409923  x:  0.28260   0.00997   0.02138   0.06170   0.06344   0.00609   0.23458   0.13087   0.03345   0.15406   0.29236   0.05540   0.03137   0.03290   0.23257   0.00982   0.03294   0.07148   0.03296   0.11144   0.34077   7.07052   1.55139   1.30304   1.36140   1.01210  
 31  0.0555   2215.401208  x:  0.28167   0.01023   0.02161   0.06118   0.06334   0.00611   0.23126   0.13085   0.03334   0.15429   0.29211   0.05507   0.03123   0.03306   0.22949   0.00990   0.03281   0.07145   0.03279   0.11190   0.33997   7.09325   1.55094   1.30022   1.35854   1.01454  
 32  0.0162   2215.400461  x:  0.28182   0.01013   0.02157   0.06136   0.06334   0.00588   0.23123   0.13084   0.03336   0.15424   0.29203   0.05520   0.03122   0.03306   0.22950   0.01000   0.03280   0.07150   0.03276   0.11189   0.33998   7.09946   1.55174   1.30008   1.35828   1.01566  
 33  0.0070   2215.400415  x:  0.28190   0.01013   0.02156   0.06143   0.06334   0.00590   0.23114   0.13081   0.03336   0.15422   0.29199   0.05525   0.03124   0.03304   0.22944   0.01005   0.03283   0.07151   0.03278   0.11186   0.33998   7.09786   1.55215   1.30047   1.35863   1.01563  
 34  0.0016   2215.400414  x:  0.28187   0.01014   0.02156   0.06144   0.06334   0.00590   0.23113   0.13081   0.03336   0.15422   0.29199   0.05525   0.03124   0.03305   0.22944   0.01005   0.03283   0.07151   0.03278   0.11186   0.33997   7.09715   1.55213   1.30047   1.35864   1.01558  
 35  0.0007   2215.400414  x:  0.28187   0.01013   0.02156   0.06144   0.06334   0.00590   0.23113   0.13081   0.03336   0.15422   0.29199   0.05525   0.03124   0.03305   0.22944   0.01005   0.03283   0.07151   0.03278   0.11186   0.33997   7.09718   1.55211   1.30047   1.35864   1.01558  
 36  0.0000   2215.400414  x:  0.28187   0.01013   0.02156   0.06144   0.06334   0.00590   0.23113   0.13081   0.03336   0.15422   0.29199   0.05525   0.03124   0.03305   0.22944   0.01005   0.03283   0.07151   0.03278   0.11186   0.33997   7.09720   1.55211   1.30046   1.35864   1.01558  
 37  0.0000   2215.400414  x:  0.28187   0.01013   0.02156   0.06144   0.06334   0.00590   0.23113   0.13081   0.03336   0.15422   0.29199   0.05525   0.03124   0.03305   0.22944   0.01005   0.03283   0.07151   0.03278   0.11186   0.33997   7.09720   1.55211   1.30046   1.35864   1.01558  
 38  0.0000   2215.400414  x:  0.28187   0.01013   0.02156   0.06144   0.06334   0.00590   0.23113   0.13081   0.03336   0.15422   0.29199   0.05525   0.03124   0.03305   0.22944   0.01005   0.03283   0.07151   0.03278   0.11186   0.33997   7.09720   1.55211   1.30046   1.35864   1.01558  