

TREE # 1

  0  0.0000   2261.382490  x:  0.04807   0.00000   0.09840   0.01994   0.08563   0.07532   0.05893   0.05592   0.09140   0.05651   0.07313   0.10703   0.02983   0.05073   0.01186   0.07932   0.06398   0.04776   0.06510   0.05063   0.11507   0.06311   0.07840   0.06669   2.00000   1.86740   1.15952   1.67111   0.40000  
  1 99.0000   2232.313945  x:  0.07864   0.19957   0.12923   0.04732   0.07632   0.05674   0.07987   0.04302   0.08543   0.08725   0.06559   0.12871   0.03470   0.12523   0.00000   0.06994   0.04709   0.05871   0.05980   0.05125   0.12164   0.06555   0.10291   0.09726   2.00701   1.86550   1.15861   1.67250   0.42268  
  2 1243.4239   2223.457254  x:  0.09623   0.20520   0.15830   0.04889   0.06094   0.03122   0.09616   0.02685   0.07826   0.10960   0.05022   0.14595   0.02068   0.16599   0.08252   0.05814   0.02529   0.06613   0.05382   0.05204   0.13123   0.06675   0.11723   0.11485   2.01820   1.86238   1.15829   1.67407   0.45344  
  3 463.3229   2210.925924  x:  0.10964   0.18356   0.18645   0.04585   0.04225   0.01241   0.10793   0.02104   0.07278   0.12723   0.03212   0.16032   0.00000   0.19765   0.06315   0.04566   0.01797   0.06985   0.05023   0.05174   0.13998   0.06226   0.12750   0.12826   2.03432   1.85800   1.15851   1.67567   0.49038  
  4 265.7286   2203.304076  x:  0.12995   0.15574   0.22685   0.04656   0.02432   0.04941   0.12317   0.02589   0.06805   0.15160   0.01903   0.17971   0.00000   0.24617   0.04773   0.03582   0.02535   0.07396   0.04806   0.05268   0.15234   0.05839   0.14271   0.14857   2.06247   1.85072   1.15877   1.67824   0.54785  
  5 468.6915   2198.865069  x:  0.14221   0.13420   0.25542   0.05388   0.04938   0.05467   0.12909   0.02450   0.07087   0.16524   0.05228   0.19019   0.00000   0.28446   0.03621   0.04774   0.02585   0.07305   0.05166   0.05357   0.15945   0.05927   0.15134   0.16083   2.09477   1.84275   1.15960   1.68047   0.60023  
  6 245.6776   2194.335758  x:  0.13098   0.13362   0.25665   0.04904   0.05775   0.05153   0.10189   0.03899   0.08897   0.14172   0.03257   0.17173   0.00000   0.31943   0.03726   0.07610   0.02470   0.05848   0.05959   0.05232   0.14595   0.07498   0.14000   0.14960   2.18593   1.82173   1.16539   1.68316   0.68551  
  7 87.3864   2190.293515  x:  0.11576   0.13663   0.24345   0.05124   0.04800   0.05505   0.08822   0.01684   0.08484   0.11904   0.04163   0.15022   0.00000   0.33356   0.03835   0.06805   0.03116   0.06821   0.05198   0.05320   0.13302   0.07085   0.12600   0.13438   2.28695   1.80007   1.17106   1.68529   0.75740  
  8 172.3974   2187.660742  x:  0.10531   0.14071   0.22589   0.05352   0.04387   0.05331   0.09411   0.03747   0.07494   0.10939   0.05322   0.13620   0.00000   0.33268   0.04110   0.05049   0.02483   0.07635   0.04699   0.05291   0.12762   0.06081   0.11685   0.12393   2.38362   1.78086   1.17516   1.68692   0.81151  
  9 257.7653   2181.892732  x:  0.10276   0.15186   0.17561   0.04602   0.06706   0.05509   0.12967   0.02796   0.06349   0.12901   0.03863   0.13557   0.00000   0.28533   0.04437   0.03708   0.02963   0.06481   0.06834   0.05127   0.14133   0.05008   0.11635   0.12138   2.62681   1.73831   1.18030   1.68972   0.89889  
 10 184.7804   2176.097253  x:  0.11366   0.15997   0.15091   0.05228   0.04555   0.05652   0.14003   0.02573   0.07466   0.14515   0.04616   0.15862   0.00000   0.21479   0.04435   0.06112   0.01771   0.06841   0.04767   0.05783   0.15538   0.06763   0.13028   0.13228   2.89359   1.69742   1.18093   1.69078   0.95787  
 11 276.4734   2173.493094  x:  0.12067   0.16503   0.16670   0.05332   0.04132   0.04566   0.12889   0.03400   0.07944   0.14519   0.04953   0.17496   0.00000   0.18045   0.04952   0.05695   0.04596   0.07297   0.04707   0.05393   0.15535   0.07035   0.14056   0.13929   3.05208   1.67778   1.17753   1.68957   0.96936  
 12 264.2075   2168.894960  x:  0.12737   0.16636   0.20757   0.04993   0.05239   0.05311   0.09917   0.03125   0.07773   0.13532   0.04691   0.19341   0.00000   0.15192   0.04903   0.03797   0.02429   0.07388   0.05822   0.04541   0.14643   0.06319   0.15234   0.14599   3.29414   1.65494   1.16694   1.68450   0.95209  
 13 270.7332   2160.372866  x:  0.12473   0.14930   0.25643   0.04146   0.05616   0.05273   0.10640   0.03092   0.04576   0.12514   0.04002   0.19540   0.00000   0.19660   0.04577   0.06231   0.02391   0.06248   0.05065   0.08594   0.13804   0.04317   0.15350   0.14335   3.81590   1.62297   1.13134   1.66628   0.83861  
 14 248.5179   2151.951233  x:  0.11967   0.12051   0.28303   0.05401   0.05106   0.05204   0.13229   0.02717   0.08961   0.13360   0.04177   0.17854   0.00000   0.27359   0.03919   0.04651   0.02381   0.06616   0.05589   0.07436   0.14011   0.07061   0.14284   0.13829   4.37413   1.59677   1.08764   1.64393   0.70023  
 15 619.3822   2150.575386  x:  0.12504   0.11575   0.27649   0.05216   0.04726   0.05145   0.12260   0.02818   0.08191   0.14145   0.04349   0.17298   0.00000   0.28834   0.03875   0.05464   0.02483   0.06844   0.05396   0.04698   0.14712   0.06651   0.14053   0.14366   4.45009   1.59878   1.07841   1.63882   0.68124  
 16 138.3528   2150.161021  x:  0.13274   0.11256   0.26436   0.05294   0.04945   0.05042   0.10635   0.03014   0.08121   0.14798   0.04307   0.17101   0.00000   0.29539   0.03849   0.04958   0.02562   0.07099   0.05304   0.05295   0.15215   0.06648   0.14078   0.15136   4.47468   1.60844   1.07026   1.63417   0.67726  
 17 37.3762   2149.792076  x:  0.13748   0.10960   0.25490   0.05331   0.04400   0.04966   0.10685   0.02998   0.08246   0.13932   0.04685   0.17840   0.00000   0.29811   0.03884   0.04819   0.02580   0.06414   0.05868   0.05254   0.14596   0.06368   0.14583   0.15610   4.49495   1.64088   1.05117   1.62198   0.68210  
 18 15.8387   2149.404299  x:  0.13727   0.10676   0.25102   0.05218   0.05097   0.04988   0.11059   0.02984   0.08260   0.13332   0.04230   0.18428   0.00000   0.29773   0.03855   0.04846   0.02640   0.07101   0.05172   0.05002   0.14160   0.06474   0.14875   0.15589   4.51556   1.68025   1.03047   1.60733   0.68944  
 19 48.7155   2148.971209  x:  0.12773   0.10553   0.25944   0.05246   0.04776   0.04995   0.10960   0.02982   0.07951   0.14335   0.04319   0.17955   0.00000   0.29160   0.03891   0.05099   0.02556   0.07384   0.05724   0.05220   0.14850   0.06828   0.14350   0.14635   4.53687   1.72608   1.01400   1.59063   0.69940  
 20 31.7192   2148.788182  x:  0.12677   0.10474   0.26371   0.05242   0.04809   0.05012   0.10955   0.02928   0.08193   0.14698   0.04352   0.17434   0.00000   0.28878   0.03938   0.04922   0.02579   0.06588   0.05081   0.05189   0.15086   0.06578   0.14077   0.14539   4.54464   1.74207   1.01417   1.58546   0.70282  
 21 24.9344   2148.089857  x:  0.14006   0.09595   0.27168   0.05172   0.04709   0.04962   0.11657   0.02855   0.08804   0.14430   0.04202   0.15190   0.00000   0.28135   0.04001   0.05393   0.02491   0.07150   0.05393   0.05421   0.14979   0.05857   0.13499   0.15868   4.57045   1.78702   1.04899   1.57700   0.71032  
 22 16.3498   2146.796901  x:  0.14632   0.07601   0.27218   0.05283   0.04833   0.04924   0.11959   0.02830   0.07054   0.13982   0.04295   0.14855   0.00000   0.28040   0.03929   0.04838   0.02559   0.06564   0.05333   0.05251   0.14705   0.08286   0.13478   0.16494   4.61704   1.85929   1.12695   1.57412   0.72065  
 23 49.0052   2144.005187  x:  0.12750   0.03593   0.25751   0.04991   0.04757   0.04882   0.11033   0.02930   0.08214   0.14597   0.04344   0.18724   0.00000   0.29246   0.04100   0.04953   0.02608   0.07114   0.05367   0.05167   0.15217   0.06602   0.14678   0.14612   4.71030   1.99276   1.28205   1.59087   0.73926  
 24 95.0405   2142.009091  x:  0.12434   0.00849   0.25725   0.06099   0.04773   0.04750   0.11037   0.02873   0.07977   0.14322   0.04005   0.17250   0.00000   0.28971   0.04138   0.05015   0.02595   0.07000   0.05346   0.05076   0.15669   0.06532   0.16878   0.14296   4.75970   2.03479   1.28572   1.69202   0.75290  
 25 19.7002   2141.594572  x:  0.12527   0.00358   0.25749   0.05064   0.04699   0.04765   0.11102   0.02864   0.08062   0.14326   0.04248   0.17198   0.01170   0.28941   0.04144   0.04939   0.02580   0.07035   0.05293   0.05119   0.15695   0.06717   0.16632   0.14389   4.77134   2.04345   1.28455   1.71719   0.75631  
 26 71.6966   2141.389774  x:  0.12694   0.00155   0.25786   0.04362   0.04653   0.04782   0.11164   0.02859   0.08124   0.14334   0.04414   0.17463   0.00691   0.28918   0.04150   0.04891   0.02571   0.07059   0.05264   0.05155   0.15660   0.06835   0.15817   0.14555   4.77717   2.04684   1.28274   1.73026   0.75815  
 27 42.0462   2141.290220  x:  0.12859   0.00018   0.25824   0.04832   0.04682   0.04769   0.11192   0.02851   0.08065   0.14268   0.04289   0.17902   0.00894   0.28863   0.04158   0.04928   0.02573   0.07029   0.05288   0.05141   0.15650   0.06761   0.14750   0.14721   4.78004   2.04735   1.28117   1.73565   0.75918  
 28 16.9267   2140.652574  x:  0.12950   0.00232   0.25903   0.04654   0.04688   0.04694   0.11330   0.02805   0.08116   0.12234   0.04263   0.18163   0.00936   0.28809   0.03935   0.04741   0.02542   0.06983   0.05320   0.05180   0.18661   0.06808   0.14285   0.14812   4.81092   2.02833   1.26801   1.73557   0.77105  
 29  1.6233   2128.636837  x:  0.13191   0.01707   0.24659   0.04040   0.03842   0.03408   0.11228   0.02375   0.07929   0.14669   0.03685   0.18088   0.01552   0.26404   0.00000   0.05028   0.02578   0.06957   0.05150   0.05004   0.14752   0.07049   0.10692   0.15052   5.31124   1.69407   1.04451   1.71062   0.96449  
 30 33.9357   2127.934451  x:  0.13043   0.01191   0.24373   0.04234   0.03811   0.03219   0.11222   0.02363   0.07900   0.14230   0.03564   0.17778   0.01541   0.26078   0.00000   0.04988   0.02601   0.06910   0.05210   0.05056   0.15241   0.07041   0.12072   0.14905   5.36688   1.55680   0.97579   1.56836   0.98078  
 31  2.6468   2124.550979  x:  0.11197   0.00942   0.23514   0.04771   0.03640   0.01927   0.10796   0.02446   0.07777   0.13741   0.02807   0.17336   0.01235   0.23362   0.00000   0.05234   0.02582   0.06678   0.05171   0.05333   0.15325   0.06598   0.15898   0.13057   6.01956   1.73005   1.09819   1.75584   1.07353  
 32  1.5936   2122.317223  x:  0.11292   0.00669   0.24056   0.04033   0.04084   0.02556   0.10905   0.02599   0.07372   0.13309   0.03636   0.18318   0.01442   0.21104   0.00000   0.04629   0.01781   0.06661   0.05225   0.05453   0.14955   0.06469   0.14188   0.13151   6.92816   1.73059   1.12763   1.64959   1.11870  
 33  0.5437   2122.310640  x:  0.11292   0.00668   0.24058   0.04031   0.04085   0.02558   0.10906   0.02600   0.07371   0.13308   0.03639   0.18321   0.01443   0.21096   0.00081   0.04627   0.01778   0.06661   0.05225   0.05454   0.14954   0.06469   0.14183   0.13152   6.93128   1.73059   1.12773   1.64923   1.11885  
 34 68.6674   2121.224781  x:  0.11893   0.00761   0.23849   0.04150   0.04351   0.02263   0.10955   0.02810   0.07284   0.13253   0.03650   0.17909   0.01493   0.21352   0.00043   0.04828   0.03074   0.06661   0.05366   0.05282   0.14964   0.06520   0.12978   0.13753   7.75219   1.71411   1.09533   1.68479   1.12950  
 35  0.6060   2120.815988  x:  0.11789   0.00727   0.23843   0.04457   0.04194   0.02671   0.10823   0.02620   0.07446   0.13440   0.03513   0.17674   0.01395   0.22102   0.00000   0.04947   0.02647   0.06768   0.05300   0.05248   0.15025   0.06451   0.13767   0.13648   8.16355   1.72243   1.08533   1.73120   1.12078  
 36  0.4017   2120.678665  x:  0.11642   0.00633   0.23905   0.04370   0.04012   0.02607   0.10865   0.02626   0.07604   0.13546   0.03390   0.17971   0.01460   0.22342   0.00000   0.05050   0.02388   0.06729   0.05288   0.05401   0.15052   0.06588   0.13970   0.13501   8.53358   1.71938   1.09011   1.70464   1.10589  
 37  0.2833   2120.666057  x:  0.11718   0.00670   0.23910   0.04357   0.04078   0.02543   0.10940   0.02660   0.07538   0.13546   0.03474   0.17932   0.01413   0.22229   0.00000   0.04920   0.02445   0.06721   0.05277   0.05344   0.15108   0.06596   0.13961   0.13577   8.59855   1.71875   1.09011   1.70439   1.09889  
 38  0.0506   2120.664665  x:  0.11706   0.00689   0.23906   0.04354   0.04105   0.02543   0.10914   0.02651   0.07536   0.13529   0.03442   0.17931   0.01422   0.22165   0.00000   0.04958   0.02449   0.06717   0.05291   0.05338   0.15079   0.06581   0.13946   0.13564   8.60263   1.71744   1.08963   1.70469   1.09509  
 39  0.0048   2120.664352  x:  0.11693   0.00694   0.23880   0.04362   0.04082   0.02545   0.10900   0.02648   0.07540   0.13520   0.03458   0.17922   0.01419   0.22158   0.00000   0.04959   0.02449   0.06725   0.05289   0.05339   0.15083   0.06578   0.13958   0.13552   8.59558   1.71721   1.08970   1.70492   1.09325  
 40  0.0068   2120.664309  x:  0.11695   0.00693   0.23865   0.04361   0.04088   0.02547   0.10901   0.02648   0.07542   0.13519   0.03456   0.17916   0.01417   0.22157   0.00000   0.04955   0.02447   0.06723   0.05287   0.05341   0.15086   0.06586   0.13961   0.13554   8.58979   1.71718   1.08968   1.70482   1.09282  
 41  0.0052   2120.664307  x:  0.11695   0.00693   0.23865   0.04361   0.04088   0.02546   0.10904   0.02649   0.07543   0.13521   0.03456   0.17916   0.01418   0.22155   0.00000   0.04955   0.02447   0.06723   0.05287   0.05340   0.15084   0.06585   0.13958   0.13554   8.58873   1.71715   1.08967   1.70477   1.09280  
 42  0.0010   2120.664307  x:  0.11695   0.00693   0.23864   0.04361   0.04088   0.02546   0.10903   0.02649   0.07543   0.13521   0.03456   0.17916   0.01418   0.22156   0.00000   0.04955   0.02447   0.06723   0.05287   0.05340   0.15085   0.06585   0.13958   0.13554   8.58877   1.71717   1.08968   1.70479   1.09279  
 43  0.0000   2120.664307  x:  0.11695   0.00693   0.23865   0.04361   0.04088   0.02546   0.10903   0.02649   0.07543   0.13521   0.03456   0.17916   0.01418   0.22155   0.00000   0.04955   0.02447   0.06723   0.05287   0.05340   0.15085   0.06585   0.13958   0.13554   8.58879   1.71717   1.08968   1.70480   1.09278  
 44  0.0000   2120.664307  x:  0.11695   0.00693   0.23865   0.04361   0.04088   0.02546   0.10903   0.02649   0.07543   0.13521   0.03456   0.17916   0.01418   0.22155   0.00000   0.04955   0.02447   0.06723   0.05287   0.05340   0.15085   0.06585   0.13958   0.13554   8.58879   1.71717   1.08968   1.70480   1.09278  
 45  0.0000   2120.664307  x:  0.11695   0.00693   0.23865   0.04361   0.04088   0.02546   0.10903   0.02649   0.07543   0.13521   0.03456   0.17916   0.01418   0.22155   0.00000   0.04955   0.02447   0.06723   0.05287   0.05340   0.15085   0.06585   0.13958   0.13554   8.58878   1.71717   1.08968   1.70480   1.09278  