

TREE # 1

  0  0.0000   2084.612776  x:  0.20925   0.02571   0.03211   0.02495   0.05815   0.02188   0.05666   0.08536   0.02661   0.17168   0.20925   0.02571   0.03211   0.02495   0.05815   0.02188   0.05666   0.08536   0.02661   0.17168   0.21568   8.40433   1.70736   0.94690   1.69566   1.00000  
  1 99.0000   2065.125634  x:  0.21139   0.02512   0.06763   0.01853   0.09493   0.04685   0.06163   0.10818   0.01122   0.16406   0.20936   0.00335   0.04736   0.07793   0.08983   0.01880   0.07901   0.11038   0.01112   0.16985   0.21695   8.40421   1.70855   0.94728   1.69665   1.00102  
  2 435.3551   2064.093839  x:  0.21246   0.02518   0.07095   0.01817   0.10219   0.04558   0.06256   0.11486   0.01143   0.16047   0.20957   0.01653   0.04787   0.07993   0.09608   0.01835   0.08318   0.11789   0.01396   0.16902   0.21754   8.40415   1.70912   0.94765   1.69713   1.00151  
  3 197.3934   2061.896000  x:  0.21682   0.02518   0.07001   0.01995   0.11847   0.02866   0.06400   0.13507   0.01831   0.14625   0.21058   0.01091   0.04267   0.06551   0.10973   0.01820   0.09159   0.14024   0.01948   0.16574   0.21984   8.40389   1.71141   0.94960   1.69908   1.00350  
  4 127.6195   2061.506859  x:  0.21874   0.02387   0.06770   0.01954   0.12077   0.03031   0.06300   0.13984   0.01186   0.14041   0.21103   0.01125   0.04185   0.05858   0.11088   0.01884   0.09185   0.14556   0.01475   0.16427   0.22088   8.40374   1.71271   0.95088   1.70020   1.00462  
  5 65.8601   2061.403740  x:  0.22067   0.02519   0.06667   0.01907   0.12053   0.03482   0.06192   0.14177   0.01419   0.13555   0.21165   0.01116   0.04295   0.05691   0.10971   0.01886   0.09068   0.14782   0.01456   0.16290   0.22188   8.40356   1.71433   0.95246   1.70162   1.00600  
  6 30.1122   2061.334988  x:  0.22328   0.02493   0.06614   0.01917   0.11898   0.03478   0.06152   0.14276   0.01273   0.13012   0.21263   0.01073   0.04408   0.05869   0.10748   0.01872   0.08897   0.14911   0.01713   0.16111   0.22325   8.40324   1.71708   0.95505   1.70404   1.00831  
  7 23.1291   2061.283042  x:  0.22580   0.02475   0.06642   0.01932   0.11749   0.03289   0.06177   0.14303   0.01348   0.12612   0.21358   0.01120   0.04414   0.06077   0.10581   0.01873   0.08795   0.14957   0.01493   0.15952   0.22455   8.40286   1.72039   0.95806   1.70694   1.01103  
  8 28.7023   2061.171127  x:  0.23228   0.02506   0.07014   0.01895   0.11636   0.03387   0.06381   0.14090   0.01321   0.12469   0.21662   0.01117   0.03923   0.05983   0.10660   0.01882   0.09017   0.14742   0.01548   0.15638   0.22782   8.40121   1.73490   0.97037   1.71975   1.02254  
  9 15.4530   2060.969033  x:  0.24107   0.02398   0.06992   0.01990   0.11733   0.03307   0.06346   0.13796   0.01338   0.12773   0.22096   0.01111   0.04608   0.05720   0.10971   0.01848   0.09331   0.14439   0.01536   0.15343   0.23212   8.39764   1.76627   0.99586   1.74753   1.04673  
 10 51.2178   2060.783169  x:  0.24192   0.02666   0.06483   0.01655   0.11994   0.03248   0.06040   0.13908   0.01294   0.13171   0.22140   0.01108   0.04436   0.05983   0.11021   0.02033   0.09092   0.14502   0.01530   0.15535   0.23220   8.39411   1.79715   1.01910   1.77499   1.06917  
 11 60.0280   2060.645145  x:  0.23979   0.02655   0.06259   0.02083   0.12151   0.03339   0.05936   0.14070   0.01293   0.13400   0.22032   0.01113   0.04208   0.06153   0.10943   0.01826   0.08831   0.14639   0.01503   0.15797   0.23081   8.39127   1.82205   1.03687   1.79718   1.08655  
 12 132.4174   2060.461231  x:  0.23116   0.02208   0.06660   0.01875   0.12052   0.03385   0.06250   0.14295   0.01393   0.13377   0.21595   0.01099   0.04274   0.06006   0.10612   0.01818   0.08599   0.14878   0.01533   0.16242   0.22610   8.38738   1.85584   1.05841   1.82742   1.10810  
 13 77.3143   2060.399668  x:  0.22676   0.02536   0.06856   0.01964   0.11909   0.03331   0.06329   0.14318   0.01309   0.13235   0.21376   0.01096   0.04382   0.05923   0.10544   0.01940   0.08711   0.14907   0.01528   0.16324   0.22391   8.38592   1.86827   1.06492   1.83867   1.11487  
 14 59.0222   2060.368036  x:  0.22381   0.02565   0.06786   0.01892   0.11797   0.03317   0.06210   0.14241   0.01302   0.13044   0.21234   0.01096   0.04365   0.05936   0.10637   0.01753   0.08948   0.14841   0.01523   0.16232   0.22264   8.38505   1.87546   1.06670   1.84533   1.11711  
 15 23.0565   2060.346340  x:  0.22180   0.02456   0.06692   0.01945   0.11747   0.03345   0.06121   0.14165   0.01336   0.12896   0.21140   0.01096   0.04327   0.05980   0.10747   0.01891   0.09102   0.14776   0.01533   0.16113   0.22187   8.38434   1.88106   1.06708   1.85063   1.11797  
 16 29.3827   2060.290708  x:  0.21990   0.02497   0.06598   0.01928   0.11982   0.03353   0.06389   0.14014   0.01327   0.12796   0.21081   0.01093   0.04344   0.05965   0.10950   0.01864   0.08753   0.14628   0.01530   0.15623   0.22185   8.38179   1.89943   1.06141   1.86887   1.11436  
 17 11.3593   2060.220934  x:  0.22182   0.02468   0.06856   0.01935   0.11997   0.03305   0.05997   0.14123   0.01323   0.12965   0.21186   0.01089   0.04324   0.05923   0.10656   0.01870   0.08786   0.14709   0.01523   0.15582   0.22301   8.37811   1.92418   1.05213   1.89399   1.10608  
 18 22.3706   2060.197417  x:  0.22365   0.02473   0.06682   0.01928   0.11851   0.03352   0.06234   0.14194   0.01321   0.12980   0.21240   0.01084   0.04331   0.05978   0.10616   0.01869   0.08973   0.14770   0.01516   0.15851   0.22325   8.37661   1.93272   1.04980   1.90295   1.10159  
 19 16.6239   2060.185916  x:  0.22487   0.02473   0.06733   0.01929   0.11764   0.03342   0.06177   0.14145   0.01319   0.12875   0.21226   0.01084   0.04334   0.05963   0.10847   0.01867   0.08850   0.14730   0.01517   0.16101   0.22264   8.37535   1.93656   1.05186   1.90755   1.09609  
 20  5.0584   2060.147160  x:  0.22606   0.02474   0.06724   0.01932   0.12061   0.03328   0.06184   0.14044   0.01323   0.12807   0.21118   0.01083   0.04335   0.05956   0.10651   0.01869   0.08941   0.14649   0.01519   0.16082   0.22055   8.36973   1.94822   1.06735   1.92310   1.06988  
 21  7.1507   2060.135430  x:  0.22494   0.02469   0.06728   0.01932   0.11836   0.03343   0.06195   0.14179   0.01324   0.12957   0.21180   0.01080   0.04336   0.05981   0.10729   0.01867   0.08914   0.14762   0.01514   0.15903   0.22170   8.36764   1.95156   1.07253   1.92782   1.06159  
 22  9.5543   2060.133935  x:  0.22392   0.02468   0.06730   0.01932   0.11866   0.03341   0.06194   0.14166   0.01325   0.12928   0.21259   0.01080   0.04337   0.05978   0.10724   0.01868   0.08917   0.14743   0.01513   0.15955   0.22319   8.36678   1.95178   1.07308   1.92840   1.06078  
 23  1.2691   2060.061458  x:  0.22510   0.02468   0.06816   0.01915   0.11943   0.03376   0.06195   0.13718   0.01297   0.12964   0.20743   0.00964   0.04347   0.06100   0.10798   0.01863   0.08964   0.15229   0.01479   0.15925   0.22682   8.24644   1.93707   1.07585   1.94870   1.06449  
 24  0.4727   2059.988066  x:  0.22539   0.02442   0.06914   0.01900   0.12052   0.03410   0.06199   0.14344   0.01276   0.12886   0.20971   0.00858   0.04375   0.06210   0.10885   0.01859   0.09019   0.14670   0.01441   0.15853   0.22480   8.12539   1.92472   1.07853   1.96633   1.06811  
 25 54.2134   2059.960856  x:  0.22451   0.02444   0.06945   0.01893   0.12083   0.03426   0.06200   0.14130   0.01264   0.12862   0.21627   0.00814   0.04376   0.06257   0.10911   0.01859   0.09034   0.14914   0.01417   0.15817   0.22073   8.07920   1.92642   1.07956   1.96628   1.06874  
 26 14.8884   2059.851746  x:  0.22596   0.02440   0.07073   0.01873   0.12224   0.03484   0.06212   0.14234   0.01224   0.12862   0.21286   0.00644   0.04407   0.06436   0.11027   0.01856   0.09104   0.14892   0.01372   0.15797   0.22388   7.89752   1.95641   1.08396   1.94135   1.06824  
 27 15.3167   2059.843245  x:  0.22543   0.02440   0.07124   0.01875   0.12254   0.03517   0.06211   0.14256   0.01241   0.12900   0.21281   0.00701   0.04428   0.06550   0.11038   0.01850   0.09102   0.14825   0.01369   0.15847   0.22338   7.92452   1.95631   1.08098   1.93148   1.06481  
 28  0.0322   2059.842026  x:  0.22523   0.02440   0.07143   0.01875   0.12289   0.03519   0.06211   0.14295   0.01247   0.12896   0.21276   0.00682   0.04436   0.06590   0.11060   0.01848   0.09112   0.14863   0.01385   0.15861   0.22324   7.93947   1.95370   1.07958   1.92995   1.06361  
 29  0.0149   2059.841917  x:  0.22529   0.02439   0.07148   0.01874   0.12297   0.03520   0.06212   0.14303   0.01242   0.12890   0.21277   0.00683   0.04436   0.06594   0.11068   0.01848   0.09118   0.14878   0.01376   0.15856   0.22331   7.94313   1.95343   1.07963   1.93027   1.06397  
 30  0.0039   2059.841910  x:  0.22531   0.02439   0.07149   0.01874   0.12300   0.03519   0.06212   0.14304   0.01242   0.12890   0.21278   0.00684   0.04435   0.06594   0.11071   0.01848   0.09120   0.14879   0.01378   0.15854   0.22333   7.94366   1.95364   1.07979   1.93049   1.06416  
 31  0.0006   2059.841910  x:  0.22531   0.02439   0.07149   0.01874   0.12300   0.03519   0.06212   0.14304   0.01242   0.12890   0.21278   0.00684   0.04435   0.06594   0.11071   0.01848   0.09120   0.14879   0.01378   0.15854   0.22333   7.94351   1.95368   1.07981   1.93051   1.06414  
 32  0.0002   2059.841910  x:  0.22531   0.02439   0.07149   0.01874   0.12300   0.03519   0.06212   0.14304   0.01242   0.12890   0.21278   0.00684   0.04435   0.06594   0.11071   0.01848   0.09120   0.14879   0.01378   0.15854   0.22332   7.94350   1.95368   1.07980   1.93051   1.06414  