

TREE # 1

  0  0.0000   2169.231386  x:  0.00000   0.02747   0.07718   0.02812   0.08955   0.09599   0.04828   0.05691   0.09771   0.03609   0.10607   0.02292   0.03745   0.02188   0.02940   0.08086   0.07684   0.03641   0.07012   0.05611   0.10133   0.08720   0.06390   2.00000   1.64970   1.19694   1.36102   0.40000  
  1 99.0000   2169.223624  x:  0.00000   0.02747   0.07718   0.02812   0.08955   0.09599   0.04828   0.05691   0.09771   0.03609   0.10607   0.02291   0.03745   0.02189   0.02940   0.08086   0.07684   0.03640   0.07012   0.05611   0.10133   0.08720   0.06390   2.00000   1.64970   1.19694   1.36102   0.40000  
  2 1162.8689   2152.533055  x:  0.00000   0.00963   0.06611   0.03713   0.07328   0.09304   0.04334   0.05366   0.09651   0.04674   0.11638   0.00000   0.08020   0.03573   0.04116   0.06735   0.06733   0.02942   0.06608   0.07041   0.08771   0.10219   0.09658   2.00399   1.64680   1.19650   1.36869   0.42292  
  3 659.0972   2126.669279  x:  0.00000   0.01031   0.03231   0.05096   0.01787   0.08402   0.03052   0.04474   0.09227   0.05508   0.14136   0.00000   0.05828   0.01212   0.04996   0.02282   0.03788   0.01305   0.05411   0.09948   0.03998   0.13310   0.12728   2.01696   1.63182   1.20048   1.40601   0.50284  
  4 408.5431   2121.739670  x:  0.00000   0.01017   0.02626   0.05235   0.00551   0.08186   0.03039   0.04461   0.09139   0.05431   0.15032   0.00000   0.04658   0.02700   0.04993   0.01609   0.03317   0.01967   0.05237   0.10529   0.02790   0.14268   0.13374   2.02186   1.62667   1.20169   1.41916   0.52843  
  5 612.7502   2111.950038  x:  0.00000   0.00951   0.02254   0.05448   0.02919   0.07713   0.03517   0.04974   0.08954   0.05136   0.18129   0.00000   0.02551   0.03612   0.04825   0.02003   0.02989   0.02932   0.05169   0.11753   0.00790   0.17476   0.15960   2.03785   1.61168   1.20430   1.45841   0.60300  
  6 469.9409   2095.416679  x:  0.00000   0.00852   0.02209   0.05536   0.04149   0.07234   0.03986   0.05438   0.08791   0.04816   0.22123   0.00000   0.00000   0.04387   0.04584   0.02458   0.02971   0.03717   0.05180   0.13003   0.02312   0.21571   0.19343   2.05812   1.59368   1.20692   1.50599   0.69263  
  7 1566.3507   2095.416679  x:  0.00000   0.00852   0.02209   0.05536   0.04149   0.07234   0.03986   0.05438   0.08791   0.04816   0.22123   0.00000   0.00000   0.04387   0.04584   0.02458   0.02971   0.03717   0.05180   0.13003   0.02312   0.21571   0.19343   2.05812   1.59368   1.20692   1.50599   0.69263  
  8 1277.9484   2072.460186  x:  0.00000   0.12147   0.07176   0.04159   0.00000   0.08491   0.03497   0.04776   0.09493   0.06988   0.27105   0.00000   0.04150   0.05304   0.05083   0.04155   0.07270   0.00884   0.06471   0.11129   0.06956   0.26631   0.27701   2.07760   1.59414   1.19608   1.51157   0.70983  
  9 349.1569   2070.308955  x:  0.00000   0.13521   0.07754   0.04007   0.00335   0.08647   0.03454   0.04713   0.09576   0.07243   0.27702   0.00000   0.04740   0.05413   0.05143   0.04347   0.07771   0.00630   0.06622   0.10895   0.07495   0.27237   0.28713   2.08008   1.59420   1.19471   1.51227   0.71202  
 10 2590.8510   2065.814043  x:  0.00000   0.16371   0.08434   0.03896   0.00427   0.08917   0.03468   0.04772   0.09694   0.07577   0.28749   0.00000   0.07372   0.05567   0.05252   0.04475   0.08382   0.03013   0.06807   0.10320   0.08094   0.28291   0.30708   2.08739   1.59447   1.19107   1.51414   0.71836  
 11 655.0874   2058.178606  x:  0.00000   0.20916   0.06724   0.04967   0.00160   0.08928   0.04025   0.05729   0.09535   0.06875   0.28962   0.00000   0.14850   0.05271   0.05164   0.02836   0.06750   0.01348   0.06315   0.09152   0.06142   0.28450   0.32885   2.11106   1.59550   1.18115   1.51899   0.73845  
 12 223.3905   2053.986057  x:  0.00000   0.27038   0.04382   0.04104   0.00187   0.08709   0.02949   0.04921   0.09168   0.06071   0.27070   0.00000   0.14738   0.05076   0.05264   0.04474   0.04843   0.01401   0.06385   0.08997   0.03197   0.26438   0.33984   2.15321   1.59684   1.16579   1.52611   0.77272  
 13 106.6131   2049.443613  x:  0.00000   0.35281   0.03184   0.05440   0.00184   0.08254   0.06003   0.05445   0.08925   0.05923   0.22237   0.00000   0.13444   0.05323   0.05089   0.02768   0.04471   0.01854   0.05918   0.09493   0.03660   0.21372   0.34043   2.23653   1.59918   1.13739   1.53911   0.83660  
 14 157.6599   2044.353496  x:  0.00000   0.41508   0.05885   0.05462   0.00165   0.08478   0.03838   0.06165   0.09012   0.06519   0.15404   0.00000   0.15360   0.05211   0.05017   0.02479   0.05772   0.01714   0.06004   0.09937   0.04977   0.14317   0.31711   2.34839   1.60152   1.10329   1.55469   0.91606  
 15 212.4218   2043.137537  x:  0.00000   0.41609   0.05663   0.04834   0.00127   0.08709   0.05156   0.05289   0.09314   0.06359   0.14648   0.00000   0.16386   0.05405   0.05228   0.04199   0.06322   0.01492   0.06454   0.09630   0.05739   0.13848   0.30275   2.39974   1.60135   1.09279   1.55960   0.94486  
 16 83.6755   2038.380400  x:  0.00000   0.40121   0.04309   0.03254   0.00151   0.09771   0.04384   0.03500   0.10185   0.06116   0.16783   0.00000   0.16057   0.05564   0.05362   0.02254   0.07313   0.01510   0.06559   0.08291   0.06638   0.17334   0.25841   2.62559   1.59830   1.05622   1.57665   1.05804  
 17 122.9028   2033.038399  x:  0.00000   0.37450   0.04110   0.05470   0.00133   0.10286   0.03447   0.06375   0.10685   0.06422   0.20688   0.00000   0.14810   0.05484   0.05417   0.03552   0.07423   0.01603   0.06636   0.07691   0.06581   0.22493   0.21066   2.93993   1.59288   1.01046   1.59831   1.20947  
 18 567.9323   2029.209772  x:  0.00000   0.33683   0.07776   0.04815   0.00137   0.08560   0.04879   0.05840   0.09184   0.07078   0.23290   0.00000   0.14407   0.05086   0.05075   0.03529   0.05614   0.01643   0.06026   0.10469   0.04430   0.24691   0.21771   3.17305   1.58557   0.99200   1.60854   1.30807  
 19 255.8016   2024.872970  x:  0.00000   0.26253   0.06796   0.06025   0.00159   0.07584   0.03670   0.05145   0.07919   0.04961   0.24352   0.00000   0.13732   0.05981   0.05184   0.03850   0.05603   0.01628   0.06759   0.10841   0.05714   0.23286   0.30298   3.45539   1.57003   1.00585   1.60679   1.39594  
 20 150.0370   2023.011256  x:  0.00000   0.23072   0.05984   0.04671   0.00146   0.08749   0.04105   0.06454   0.09049   0.06826   0.24358   0.00000   0.13257   0.05099   0.05120   0.03911   0.06042   0.01609   0.06426   0.09883   0.05009   0.22202   0.34262   3.58425   1.56164   1.02296   1.60138   1.42373  
 21 193.8479   2022.318730  x:  0.00000   0.23077   0.06412   0.05901   0.00146   0.09228   0.04143   0.05371   0.10110   0.07423   0.23968   0.00000   0.13174   0.05279   0.05396   0.03967   0.05987   0.01635   0.06000   0.09311   0.04335   0.22195   0.34442   3.64368   1.55683   1.04656   1.59138   1.41307  
 22 48.6139   2018.909820  x:  0.00000   0.26114   0.07043   0.04843   0.00146   0.08622   0.04325   0.06555   0.10779   0.05926   0.21873   0.00000   0.13485   0.06314   0.05174   0.03700   0.04875   0.01675   0.06390   0.09202   0.04842   0.23339   0.32029   3.96433   1.53196   1.19354   1.52615   1.30944  
 23 106.5912   2017.900752  x:  0.00000   0.27107   0.06152   0.05255   0.00145   0.08440   0.04191   0.06202   0.09104   0.06544   0.21862   0.00000   0.13809   0.04801   0.05157   0.03753   0.06270   0.01644   0.06432   0.10112   0.04793   0.23215   0.31142   4.06021   1.52896   1.22772   1.50974   1.26942  
 24 137.5748   2017.170816  x:  0.00000   0.27637   0.05591   0.05220   0.00137   0.09211   0.03993   0.06072   0.08055   0.07689   0.23082   0.00000   0.14032   0.06045   0.05492   0.03816   0.05680   0.01600   0.06063   0.10551   0.05239   0.21701   0.30574   4.13920   1.53958   1.22444   1.50791   1.21542  
 25 47.0822   2015.286287  x:  0.00000   0.28770   0.05801   0.05237   0.00144   0.08979   0.04158   0.05881   0.09236   0.06782   0.25862   0.00000   0.14022   0.05141   0.04608   0.03670   0.05380   0.01641   0.06752   0.10051   0.05154   0.17961   0.29855   4.33893   1.57635   1.18935   1.51413   1.06252  
 26 123.3969   2014.659311  x:  0.00000   0.28918   0.05861   0.04999   0.00147   0.08486   0.04267   0.06197   0.09336   0.06246   0.24976   0.00000   0.13981   0.05381   0.06082   0.03591   0.06111   0.01635   0.06089   0.09843   0.04579   0.18152   0.30067   4.41068   1.59081   1.16986   1.52044   1.00412  
 27 98.0696   2013.898534  x:  0.00000   0.28855   0.05680   0.05104   0.00149   0.08548   0.04180   0.06078   0.08960   0.06680   0.21948   0.00000   0.13984   0.05517   0.05046   0.03691   0.05840   0.01637   0.05965   0.09659   0.04635   0.20049   0.30772   4.49362   1.60756   1.14218   1.53190   0.93436  
 28 89.8251   2013.856328  x:  0.00000   0.28851   0.05661   0.05147   0.00147   0.08750   0.04173   0.06067   0.09044   0.06727   0.21751   0.00000   0.13994   0.05346   0.05315   0.03625   0.05628   0.01637   0.06312   0.09874   0.04719   0.20185   0.30822   4.49811   1.60763   1.14080   1.53350   0.93087  
 29 15.0151   2013.757423  x:  0.00000   0.28854   0.05511   0.05137   0.00145   0.09175   0.04129   0.06094   0.09426   0.06447   0.21690   0.00000   0.14079   0.05417   0.05138   0.03666   0.05801   0.01628   0.06035   0.10626   0.04684   0.20189   0.30795   4.50585   1.59903   1.14119   1.54531   0.92866  
 30  3.3877   2012.935991  x:  0.00000   0.28600   0.05305   0.05150   0.00153   0.08355   0.04050   0.06035   0.09131   0.06829   0.21363   0.00000   0.14232   0.05468   0.05226   0.03517   0.05621   0.01640   0.06353   0.10016   0.04528   0.19502   0.29985   4.56618   1.52446   1.14809   1.64441   0.91852  
 31 21.4022   2012.755197  x:  0.00000   0.28501   0.05619   0.05144   0.00152   0.09100   0.04171   0.06028   0.08549   0.06315   0.21241   0.00000   0.14158   0.05040   0.05310   0.03562   0.05347   0.01669   0.05951   0.09550   0.04582   0.19394   0.29863   4.57832   1.52115   1.14888   1.65330   0.92066  
 32 11.9957   2009.999397  x:  0.00000   0.26664   0.05663   0.05273   0.00151   0.10269   0.04531   0.06254   0.07424   0.05505   0.19299   0.00000   0.14625   0.06235   0.04730   0.02918   0.06287   0.01722   0.07825   0.09326   0.02286   0.18433   0.28240   4.74410   1.56815   1.15309   1.68887   0.98088  
 33 16.4470   2001.902040  x:  0.00000   0.21443   0.03422   0.05164   0.00217   0.07689   0.03356   0.05780   0.08222   0.05699   0.13677   0.00000   0.16663   0.04639   0.05135   0.02846   0.03921   0.01830   0.05694   0.10230   0.02688   0.16006   0.23591   5.23791   1.71717   1.16389   1.78441   1.16372  
 34 341.9909   2001.214223  x:  0.00000   0.21099   0.03332   0.05185   0.00228   0.07839   0.03418   0.05712   0.08449   0.05617   0.13524   0.00000   0.16958   0.04796   0.05100   0.02812   0.03872   0.01885   0.05705   0.10244   0.02618   0.15368   0.22946   5.30250   1.55652   1.04711   1.62180   1.16080  
 35  3.1492   1999.436168  x:  0.00000   0.20178   0.03771   0.05162   0.00292   0.08297   0.03910   0.05533   0.08762   0.05409   0.16202   0.00000   0.17775   0.05258   0.05046   0.02867   0.04490   0.02209   0.06141   0.10003   0.03399   0.13892   0.18993   5.61408   1.61348   1.08089   1.62788   1.18281  
 36  0.6400   1997.853156  x:  0.00000   0.22206   0.04232   0.05023   0.00453   0.08811   0.04242   0.05818   0.09821   0.06580   0.14851   0.00000   0.19074   0.05240   0.05138   0.03181   0.04722   0.02810   0.05892   0.09601   0.03381   0.14911   0.21625   6.29330   1.62953   1.08687   1.57637   1.22612  
 37  0.3798   1997.124231  x:  0.00000   0.21726   0.03427   0.05020   0.00595   0.08259   0.03834   0.05888   0.09356   0.06081   0.16140   0.00000   0.19993   0.04767   0.05092   0.02917   0.04290   0.03007   0.05846   0.09861   0.03076   0.14779   0.21353   6.85384   1.63187   1.09576   1.63015   1.24669  
 38  0.3850   1996.928196  x:  0.00000   0.21985   0.03866   0.05064   0.00671   0.08339   0.03792   0.05730   0.08992   0.05626   0.15244   0.00000   0.20309   0.05145   0.05078   0.02873   0.04415   0.03012   0.06074   0.09789   0.03242   0.14986   0.20898   7.07633   1.61321   1.08622   1.63322   1.25265  
 39  0.2326   1996.786706  x:  0.00000   0.21967   0.03835   0.05064   0.00783   0.08456   0.03908   0.05471   0.08911   0.05939   0.15731   0.00000   0.20182   0.05384   0.05170   0.03042   0.04567   0.02834   0.05973   0.09785   0.03188   0.14606   0.21817   7.30169   1.59838   1.07212   1.61134   1.25035  
 40  0.1170   1996.643153  x:  0.00000   0.22602   0.03812   0.04945   0.00926   0.08363   0.03903   0.05442   0.09158   0.05968   0.15613   0.00000   0.19764   0.05150   0.05123   0.02955   0.04399   0.02463   0.05918   0.09873   0.03090   0.15044   0.21093   7.44764   1.61289   1.08309   1.61477   1.24657  
 41  0.0717   1996.587025  x:  0.00000   0.21841   0.03696   0.04919   0.00989   0.08406   0.03859   0.05546   0.09176   0.05817   0.15569   0.00000   0.19347   0.05116   0.05083   0.02925   0.04499   0.02319   0.06058   0.09786   0.03267   0.15153   0.21385   7.42526   1.62065   1.08628   1.62716   1.24996  
 42  0.0261   1996.522492  x:  0.00000   0.21772   0.03957   0.04938   0.01081   0.08313   0.03700   0.05608   0.09125   0.05821   0.15622   0.00000   0.19079   0.05099   0.05152   0.02992   0.04392   0.02304   0.05953   0.09770   0.03237   0.14544   0.21179   7.27314   1.61318   1.08116   1.62855   1.25550  
 43  0.0688   1996.417069  x:  0.00000   0.22094   0.03651   0.05065   0.01283   0.08384   0.03876   0.05603   0.08959   0.05944   0.15509   0.00000   0.19110   0.05201   0.05138   0.03041   0.04588   0.02440   0.06003   0.09916   0.03250   0.14770   0.20794   7.05236   1.59939   1.07744   1.61357   1.26001  
 44  0.0955   1996.344417  x:  0.00000   0.21777   0.03859   0.04974   0.01502   0.08377   0.03907   0.05478   0.09133   0.05858   0.15782   0.00000   0.19436   0.05156   0.05085   0.02951   0.04402   0.02505   0.06000   0.09884   0.03157   0.15214   0.21285   7.04420   1.60935   1.08161   1.61372   1.25640  
 45  0.0118   1996.321119  x:  0.00000   0.22095   0.03744   0.04892   0.01621   0.08369   0.03818   0.05430   0.09149   0.05835   0.15514   0.00000   0.19712   0.05147   0.05095   0.02928   0.04452   0.02489   0.06000   0.09791   0.03175   0.14833   0.21338   7.07895   1.61615   1.08507   1.61976   1.24960  
 46  0.0372   1996.318282  x:  0.00000   0.21970   0.03747   0.04885   0.01662   0.08357   0.03809   0.05421   0.09134   0.05866   0.15541   0.00000   0.19757   0.05146   0.05116   0.02960   0.04457   0.02474   0.05984   0.09804   0.03197   0.14878   0.21232   7.06648   1.61203   1.08204   1.61844   1.24650  
 47  0.0124   1996.318114  x:  0.00000   0.21983   0.03752   0.04894   0.01667   0.08369   0.03819   0.05433   0.09139   0.05861   0.15550   0.00000   0.19766   0.05147   0.05113   0.02953   0.04453   0.02472   0.05993   0.09811   0.03200   0.14866   0.21241   7.06278   1.61190   1.08206   1.61850   1.24517  
 48  0.0037   1996.318101  x:  0.00000   0.21981   0.03752   0.04897   0.01667   0.08365   0.03818   0.05436   0.09140   0.05861   0.15548   0.00000   0.19768   0.05146   0.05113   0.02954   0.04457   0.02472   0.05990   0.09811   0.03198   0.14869   0.21242   7.06359   1.61208   1.08221   1.61858   1.24479  
 49  0.0009   1996.318100  x:  0.00000   0.21981   0.03752   0.04897   0.01666   0.08365   0.03818   0.05436   0.09139   0.05862   0.15547   0.00000   0.19768   0.05146   0.05112   0.02954   0.04455   0.02472   0.05990   0.09811   0.03198   0.14869   0.21242   7.06387   1.61210   1.08220   1.61859   1.24470  
 50  0.0003   1996.318100  x:  0.00000   0.21981   0.03752   0.04897   0.01666   0.08365   0.03818   0.05436   0.09139   0.05862   0.15547   0.00000   0.19768   0.05146   0.05113   0.02954   0.04455   0.02473   0.05990   0.09811   0.03198   0.14868   0.21242   7.06384   1.61208   1.08218   1.61858   1.24468  
 51  0.0000   1996.318100  x:  0.00000   0.21981   0.03752   0.04897   0.01666   0.08365   0.03818   0.05436   0.09140   0.05862   0.15547   0.00000   0.19768   0.05146   0.05112   0.02954   0.04455   0.02473   0.05990   0.09811   0.03198   0.14869   0.21241   7.06383   1.61209   1.08219   1.61858   1.24467  
 52  0.0000   1996.318100  x:  0.00000   0.21981   0.03752   0.04897   0.01666   0.08365   0.03818   0.05436   0.09140   0.05862   0.15548   0.00000   0.19768   0.05146   0.05112   0.02954   0.04455   0.02473   0.05990   0.09811   0.03198   0.14869   0.21242   7.06383   1.61209   1.08219   1.61858   1.24467  
 53  0.0000   1996.318100  x:  0.00000   0.21981   0.03752   0.04897   0.01666   0.08365   0.03818   0.05436   0.09140   0.05862   0.15548   0.00000   0.19768   0.05146   0.05112   0.02954   0.04455   0.02473   0.05990   0.09811   0.03198   0.14869   0.21242   7.06383   1.61209   1.08219   1.61858   1.24467  

TREE # 2

  0  0.0000   2046.520980  x:  0.18981   0.00000   0.19721   0.03470   0.05016   0.01853   0.09485   0.02527   0.06200   0.03687   0.04614   0.06386   0.02582   0.19834   0.03521   0.04647   0.03079   0.05674   0.04808   0.04662   0.06075   0.06396   0.05702   7.06383   1.48500   1.04895   1.46867   1.24467  
  1 99.0000   2046.519245  x:  0.18981   0.00000   0.19721   0.03470   0.05016   0.01854   0.09485   0.02527   0.06200   0.03687   0.04614   0.06386   0.02581   0.19834   0.03521   0.04647   0.03079   0.05674   0.04808   0.04662   0.06075   0.06396   0.05702   7.06383   1.48500   1.04895   1.46867   1.24467  
  2 559.3893   2034.600159  x:  0.19560   0.00000   0.19838   0.06306   0.04566   0.00426   0.09568   0.02756   0.06138   0.03395   0.04555   0.05217   0.00657   0.20021   0.06000   0.05062   0.03338   0.06504   0.04790   0.04791   0.04911   0.06873   0.05105   7.06368   1.48607   1.04822   1.46940   1.24440  
  3 708.0585   2031.445523  x:  0.19520   0.00000   0.19672   0.07031   0.04473   0.00500   0.09579   0.02319   0.06122   0.03329   0.04547   0.04879   0.00000   0.19871   0.06171   0.05088   0.03316   0.06588   0.04798   0.04824   0.04562   0.06964   0.04955   7.06358   1.48652   1.04811   1.46954   1.24428  
  4 601.8789   2025.021413  x:  0.17435   0.00000   0.16396   0.10250   0.04178   0.00512   0.09603   0.04005   0.06083   0.03436   0.04564   0.02094   0.00000   0.16642   0.06306   0.04793   0.02730   0.06286   0.04950   0.05110   0.01360   0.07299   0.04066   7.06229   1.49174   1.04735   1.47085   1.24299  
  5 238.6198   2020.498982  x:  0.14366   0.00000   0.11737   0.12180   0.04191   0.00539   0.09726   0.03904   0.06030   0.03540   0.04628   0.02295   0.00000   0.12043   0.09637   0.04939   0.03482   0.06299   0.05328   0.05665   0.00921   0.07476   0.03966   7.06036   1.49935   1.04646   1.47300   1.24122  
  6 196.1053   2020.184368  x:  0.14132   0.00000   0.11276   0.12770   0.04157   0.00544   0.09754   0.04094   0.06023   0.03461   0.04600   0.02222   0.00000   0.11600   0.09677   0.04981   0.03252   0.06474   0.05305   0.05646   0.01644   0.07533   0.03995   7.05990   1.50110   1.04626   1.47360   1.24084  
  7 85.4721   2020.096646  x:  0.14123   0.00000   0.11151   0.13037   0.04180   0.00547   0.09791   0.04193   0.06025   0.03384   0.04570   0.02617   0.00000   0.11488   0.09584   0.05047   0.03083   0.06698   0.05164   0.05451   0.01580   0.07520   0.04125   7.05927   1.50339   1.04603   1.47445   1.24036  
  8 28.3609   2020.008574  x:  0.14194   0.00000   0.11069   0.13008   0.04316   0.00548   0.09888   0.04184   0.06040   0.03363   0.04522   0.02431   0.00000   0.11419   0.09549   0.05136   0.03312   0.06967   0.04880   0.05069   0.01590   0.07396   0.04388   7.05682   1.51212   1.04534   1.47778   1.23858  
  9 13.5077   2019.236905  x:  0.14910   0.00000   0.11128   0.12554   0.04388   0.00564   0.10426   0.04060   0.06071   0.03674   0.04632   0.02286   0.00000   0.11503   0.10062   0.04925   0.02464   0.06898   0.04321   0.04883   0.01637   0.07030   0.03941   7.02833   1.61163   1.03852   1.51649   1.21813  
 10 31.5886   2018.346454  x:  0.15452   0.00000   0.11428   0.12723   0.04021   0.00605   0.10596   0.04365   0.06001   0.03456   0.04617   0.02686   0.00000   0.11802   0.09707   0.04895   0.03482   0.06738   0.04872   0.05358   0.01726   0.07204   0.03658   6.99201   1.73558   1.03194   1.56600   1.19234  
 11 261.8821   2018.102373  x:  0.15115   0.00000   0.11701   0.12647   0.03930   0.00623   0.10079   0.04370   0.05924   0.03187   0.04458   0.02548   0.00000   0.12042   0.09848   0.05122   0.03209   0.06708   0.05275   0.05481   0.01643   0.07545   0.04412   6.98149   1.76640   1.03407   1.58070   1.18553  
 12 83.0454   2017.899285  x:  0.14385   0.00000   0.12057   0.12693   0.04044   0.00641   0.09125   0.04394   0.05929   0.03481   0.04478   0.02584   0.00000   0.12374   0.09934   0.05076   0.03255   0.06957   0.05134   0.05217   0.01693   0.07730   0.04095   6.97136   1.78471   1.04518   1.59571   1.18047  
 13 31.4630   2017.387584  x:  0.14071   0.00000   0.12348   0.12720   0.03833   0.00670   0.09008   0.04509   0.05981   0.02463   0.04615   0.02590   0.00000   0.12712   0.10135   0.04994   0.03329   0.06783   0.04571   0.05371   0.01724   0.07195   0.03913   6.94325   1.81372   1.09164   1.63888   1.16973  
 14 34.6920   2015.966879  x:  0.14704   0.00000   0.12834   0.13203   0.03504   0.00732   0.09979   0.04758   0.06186   0.03722   0.04514   0.02701   0.00000   0.13336   0.10434   0.05306   0.03445   0.06693   0.04703   0.05864   0.01751   0.06557   0.04632   6.85298   1.89794   1.24374   1.77801   1.13722  
 15 219.6416   2015.398095  x:  0.15631   0.00000   0.12724   0.12848   0.04186   0.00749   0.10314   0.04770   0.05974   0.03387   0.04430   0.02644   0.00000   0.13182   0.10543   0.05212   0.03320   0.07123   0.05435   0.05416   0.01731   0.07692   0.04210   6.81744   1.92775   1.30064   1.83235   1.12636  
 16 178.2341   2015.294010  x:  0.16158   0.00000   0.12595   0.12692   0.03634   0.00761   0.09897   0.04758   0.05912   0.03411   0.04496   0.02639   0.00000   0.12938   0.10550   0.05233   0.03337   0.07099   0.05274   0.05286   0.01740   0.07960   0.04213   6.81028   1.92941   1.30530   1.84222   1.12767  
 17 20.4177   2015.082098  x:  0.17001   0.00000   0.12503   0.12809   0.04172   0.00775   0.09020   0.04789   0.06001   0.03404   0.04386   0.02674   0.00000   0.12664   0.10571   0.05257   0.03381   0.06938   0.05084   0.05675   0.01739   0.07708   0.04330   6.79293   1.92537   1.30244   1.86357   1.13763  
 18 17.7435   2013.863083  x:  0.17081   0.00000   0.12860   0.12798   0.03739   0.00821   0.09123   0.04860   0.06150   0.03211   0.04680   0.02620   0.00000   0.13186   0.10935   0.05101   0.03233   0.07503   0.06230   0.04966   0.01764   0.06569   0.04122   6.68838   1.88730   1.26157   1.98339   1.20870  
 19 45.5214   2013.211480  x:  0.16608   0.00000   0.13206   0.12827   0.03766   0.00835   0.09966   0.04924   0.05936   0.03310   0.04266   0.02690   0.00000   0.13683   0.11040   0.05296   0.03371   0.07229   0.05113   0.05333   0.01809   0.07722   0.04148   6.63212   1.86640   1.23906   2.04241   1.24684  
 20 142.7831   2013.057068  x:  0.16656   0.00000   0.13387   0.12938   0.03917   0.00843   0.10034   0.04963   0.05824   0.03351   0.05195   0.02695   0.00000   0.13701   0.11097   0.05144   0.03410   0.07251   0.04991   0.05418   0.01818   0.07917   0.04384   6.61681   1.86224   1.23690   2.03527   1.25426  
 21 10.1977   2007.129068  x:  0.19503   0.00000   0.17835   0.13881   0.03792   0.01213   0.10433   0.05897   0.05555   0.03265   0.04371   0.02835   0.00000   0.14149   0.13712   0.05553   0.03543   0.08302   0.04737   0.05115   0.02134   0.07658   0.04139   6.05588   1.71814   1.18456   1.62922   1.50518  
 22 52.4215   2006.615918  x:  0.19917   0.00000   0.16168   0.13857   0.03770   0.01252   0.10244   0.05969   0.06636   0.03203   0.04573   0.02823   0.00000   0.16106   0.13905   0.05769   0.03540   0.08430   0.04688   0.05188   0.02143   0.07896   0.04124   6.00701   1.70281   1.17779   1.59315   1.51971  
 23 72.9803   2006.490398  x:  0.20037   0.00000   0.15616   0.13904   0.03784   0.01259   0.10150   0.05997   0.05813   0.03249   0.04491   0.02838   0.00000   0.16744   0.13978   0.05561   0.03562   0.08410   0.04673   0.05171   0.02155   0.07766   0.04180   5.99657   1.69710   1.17448   1.58544   1.51678  
 24 25.2110   2005.295031  x:  0.20576   0.00000   0.16180   0.13997   0.03924   0.01345   0.10087   0.06159   0.05255   0.03179   0.04999   0.02837   0.00000   0.17050   0.14379   0.07691   0.03479   0.08061   0.04603   0.04814   0.02251   0.07430   0.03607   5.91443   1.59196   1.09933   1.52741   1.34252  
 25 13.5782   2004.183511  x:  0.21069   0.00000   0.16934   0.14142   0.03705   0.01424   0.10089   0.06279   0.05836   0.03116   0.04617   0.02863   0.00000   0.17172   0.14966   0.06023   0.03547   0.08714   0.04374   0.05017   0.02287   0.07483   0.03998   5.84346   1.49873   1.03259   1.47710   1.18654  
 26 267.9208   2004.174136  x:  0.21081   0.00000   0.16946   0.14215   0.03731   0.01425   0.10086   0.06291   0.05872   0.03116   0.04604   0.02886   0.00000   0.17186   0.15005   0.05963   0.03568   0.08508   0.04393   0.04860   0.02305   0.07504   0.04027   5.84585   1.49881   1.03256   1.47738   1.18632  
 27  1.8066   1999.711805  x:  0.21734   0.00000   0.15789   0.18026   0.03162   0.01872   0.10031   0.06663   0.06126   0.02855   0.04225   0.02295   0.00000   0.17345   0.18826   0.05546   0.03702   0.09319   0.05106   0.05464   0.01765   0.08594   0.03631   7.53114   1.66900   1.10093   1.73055   1.23759  
 28  5.7426   1998.129216  x:  0.21360   0.00000   0.15228   0.19735   0.03677   0.02475   0.10121   0.06431   0.05951   0.03114   0.04688   0.02432   0.00000   0.15573   0.22049   0.06149   0.03854   0.09010   0.05030   0.05596   0.01454   0.08591   0.03998   7.47554   1.58683   1.07177   1.54372   1.28617  
 29  0.1190   1997.323620  x:  0.21123   0.00000   0.14234   0.20008   0.03273   0.03075   0.09861   0.05851   0.05892   0.03049   0.04440   0.02549   0.00000   0.14925   0.24268   0.05884   0.03894   0.09033   0.04793   0.05428   0.01522   0.08446   0.03803   6.91097   1.60503   1.08759   1.64306   1.21679  
 30  0.3312   1996.988846  x:  0.21299   0.00000   0.14567   0.19551   0.03207   0.03581   0.09866   0.05145   0.06055   0.02869   0.04348   0.02482   0.00000   0.15058   0.24909   0.05625   0.03763   0.09309   0.04969   0.05411   0.01800   0.08190   0.03819   7.01375   1.61027   1.06844   1.60090   1.27482  
 31  0.0575   1996.705246  x:  0.21456   0.00000   0.14760   0.19230   0.03453   0.04100   0.09946   0.04771   0.05995   0.02955   0.04651   0.02414   0.00000   0.15638   0.24035   0.06324   0.03615   0.09175   0.04917   0.05423   0.01836   0.08270   0.03824   7.17288   1.62023   1.09809   1.62121   1.22904  
 32  0.0686   1996.374221  x:  0.21247   0.00000   0.15098   0.19483   0.03128   0.04749   0.09930   0.05006   0.05920   0.03081   0.04450   0.02470   0.00000   0.15903   0.21923   0.05716   0.03603   0.09039   0.04778   0.05500   0.01597   0.08528   0.03825   7.10780   1.61124   1.08719   1.62927   1.24579  
 33  0.0294   1996.325864  x:  0.21192   0.00000   0.14928   0.19748   0.03229   0.05009   0.09815   0.05034   0.06014   0.02938   0.04441   0.02465   0.00000   0.15613   0.21859   0.05900   0.03713   0.09083   0.04956   0.05445   0.01615   0.08382   0.03791   7.03867   1.61307   1.07824   1.61657   1.24215  
 34  0.0523   1996.319182  x:  0.21236   0.00000   0.14873   0.19824   0.03200   0.05110   0.09806   0.05062   0.05993   0.02944   0.04456   0.02476   0.00000   0.15540   0.21938   0.05857   0.03768   0.09146   0.04894   0.05431   0.01663   0.08359   0.03826   7.05183   1.61091   1.08303   1.61713   1.24579  
 35  0.0111   1996.318314  x:  0.21248   0.00000   0.14863   0.19816   0.03193   0.05136   0.09814   0.05100   0.05988   0.02957   0.04458   0.02473   0.00000   0.15550   0.21955   0.05864   0.03762   0.09146   0.04890   0.05435   0.01671   0.08363   0.03817   7.06601   1.61241   1.08187   1.61899   1.24401  
 36  0.0096   1996.318125  x:  0.21248   0.00000   0.14864   0.19785   0.03200   0.05144   0.09813   0.05112   0.05992   0.02954   0.04453   0.02472   0.00000   0.15543   0.21983   0.05860   0.03750   0.09140   0.04902   0.05437   0.01668   0.08366   0.03816   7.06522   1.61200   1.08225   1.61875   1.24481  
 37  0.0008   1996.318102  x:  0.21244   0.00000   0.14867   0.19771   0.03197   0.05146   0.09811   0.05112   0.05990   0.02954   0.04456   0.02473   0.00000   0.15545   0.21982   0.05863   0.03750   0.09139   0.04896   0.05436   0.01667   0.08366   0.03818   7.06376   1.61209   1.08216   1.61852   1.24470  
 38  0.0012   1996.318100  x:  0.21242   0.00000   0.14868   0.19768   0.03199   0.05146   0.09811   0.05112   0.05990   0.02954   0.04455   0.02473   0.00000   0.15547   0.21980   0.05862   0.03752   0.09140   0.04897   0.05436   0.01666   0.08365   0.03818   7.06373   1.61209   1.08219   1.61859   1.24466  
 39  0.0001   1996.318100  x:  0.21242   0.00000   0.14868   0.19768   0.03198   0.05146   0.09811   0.05112   0.05990   0.02954   0.04455   0.02473   0.00000   0.15547   0.21981   0.05862   0.03752   0.09140   0.04897   0.05436   0.01666   0.08365   0.03818   7.06381   1.61209   1.08219   1.61858   1.24467  
 40  0.0001   1996.318100  x:  0.21242   0.00000   0.14869   0.19768   0.03198   0.05146   0.09811   0.05112   0.05990   0.02954   0.04455   0.02473   0.00000   0.15547   0.21981   0.05862   0.03752   0.09140   0.04897   0.05436   0.01666   0.08365   0.03818   7.06384   1.61209   1.08219   1.61858   1.24467  
 41  0.0000   1996.318100  x:  0.21242   0.00000   0.14869   0.19768   0.03198   0.05146   0.09811   0.05112   0.05990   0.02954   0.04455   0.02473   0.00000   0.15548   0.21981   0.05862   0.03752   0.09140   0.04897   0.05436   0.01666   0.08365   0.03818   7.06383   1.61209   1.08219   1.61858   1.24467  
 42  0.0000   1996.318100  x:  0.21242   0.00000   0.14869   0.19768   0.03198   0.05146   0.09811   0.05112   0.05990   0.02954   0.04455   0.02473   0.00000   0.15548   0.21981   0.05862   0.03752   0.09140   0.04897   0.05436   0.01666   0.08365   0.03818   7.06383   1.61209   1.08219   1.61858   1.24467  