

TREE # 1

  0  0.0000   2181.283143  x:  0.00216   0.05025   0.04752   0.03700   0.06417   0.07909   0.04787   0.07228   0.10707   0.04765   0.15199   0.00000   0.08830   0.02311   0.02018   0.06736   0.07822   0.03303   0.07925   0.09101   0.07996   0.13028   0.14197   2.00000   1.33535   1.02565   1.22951   0.40000  
  1 99.0000   2181.280635  x:  0.00216   0.05025   0.04752   0.03700   0.06417   0.07909   0.04787   0.07228   0.10707   0.04765   0.15199   0.00000   0.08831   0.02311   0.02018   0.06736   0.07822   0.03303   0.07925   0.09101   0.07996   0.13028   0.14197   2.00000   1.33535   1.02565   1.22951   0.40000  
  2 656.2957   2162.129525  x:  0.00000   0.08620   0.03564   0.04944   0.04952   0.07882   0.03507   0.07755   0.10959   0.04766   0.15772   0.00000   0.11435   0.02870   0.02780   0.05983   0.07528   0.03159   0.08255   0.10362   0.06725   0.13498   0.15504   2.00507   1.33534   1.02416   1.23125   0.41778  
  3 713.0827   2153.300060  x:  0.00048   0.06832   0.01840   0.04094   0.02101   0.08013   0.01615   0.08300   0.11207   0.04460   0.16837   0.00000   0.13506   0.01971   0.01263   0.04638   0.07099   0.03324   0.08621   0.11525   0.04047   0.13948   0.17376   2.01871   1.33519   1.02102   1.23530   0.45691  
  4 253.7746   2150.754470  x:  0.00072   0.05556   0.02170   0.03741   0.01507   0.08150   0.02085   0.08513   0.11316   0.04334   0.17476   0.00000   0.14089   0.02380   0.02888   0.04285   0.06936   0.03361   0.08715   0.12001   0.02730   0.14189   0.18429   2.03076   1.33522   1.01834   1.23869   0.48594  
  5 220.1497   2147.023221  x:  0.00052   0.05120   0.03733   0.03983   0.03905   0.08416   0.03191   0.08779   0.11424   0.04363   0.18837   0.00000   0.14278   0.02745   0.01868   0.04186   0.06760   0.03419   0.08678   0.12396   0.02068   0.14718   0.20561   2.06689   1.33559   1.01082   1.24814   0.56127  
  6 187.8064   2142.866810  x:  0.00017   0.05553   0.03769   0.03384   0.03511   0.08480   0.03108   0.08410   0.11330   0.04740   0.20166   0.00000   0.12306   0.02012   0.02282   0.05138   0.07004   0.03356   0.08367   0.11725   0.05939   0.15110   0.22247   2.12980   1.33648   0.99957   1.26279   0.66795  
  7 232.8342   2141.052650  x:  0.00005   0.05747   0.03201   0.04826   0.02727   0.08224   0.02938   0.07898   0.11089   0.04621   0.19802   0.00000   0.10342   0.03110   0.01981   0.05602   0.07343   0.03287   0.08164   0.10674   0.05432   0.14845   0.21149   2.17021   1.33755   0.99480   1.26978   0.70616  
  8 131.0914   2139.969360  x:  0.00000   0.06112   0.03037   0.04579   0.02847   0.08095   0.02911   0.07776   0.10944   0.04665   0.19379   0.00000   0.10082   0.02715   0.02126   0.05570   0.07438   0.03261   0.08216   0.10317   0.04937   0.14664   0.20195   2.19140   1.33830   0.99303   1.27269   0.71721  
  9 128.4125   2137.064215  x:  0.00031   0.05763   0.03184   0.04078   0.02929   0.07918   0.02732   0.07933   0.10736   0.04632   0.16919   0.00000   0.12536   0.03793   0.01904   0.05578   0.07433   0.03347   0.08281   0.10444   0.05671   0.13729   0.15292   2.31334   1.34321   0.98541   1.28684   0.75109  
 10 159.1588   2134.087220  x:  0.00045   0.05304   0.03893   0.06179   0.02440   0.08635   0.03350   0.08500   0.11413   0.04130   0.15337   0.00000   0.12635   0.01893   0.02043   0.04830   0.06926   0.03222   0.08491   0.11821   0.06192   0.13137   0.14875   2.47631   1.35056   0.98037   1.30136   0.75201  
 11 128.6940   2122.542823  x:  0.00056   0.06430   0.04211   0.03405   0.02074   0.10467   0.03193   0.09492   0.13239   0.05204   0.12749   0.00000   0.09819   0.03937   0.01394   0.04263   0.05850   0.03649   0.08341   0.15377   0.05762   0.12257   0.19788   3.19579   1.38386   0.96545   1.35947   0.71307  
 12 435.9034   2114.658107  x:  0.00059   0.05291   0.02567   0.04136   0.04242   0.09431   0.01048   0.08465   0.12735   0.04512   0.15825   0.00000   0.11192   0.03805   0.02514   0.06031   0.07533   0.03177   0.08194   0.13812   0.05606   0.13463   0.22774   3.65971   1.40548   0.96136   1.39308   0.67971  
 13 707.9571   2111.379272  x:  0.00027   0.05372   0.01590   0.04149   0.03670   0.08359   0.03375   0.07670   0.11959   0.04134   0.18549   0.00000   0.12620   0.03598   0.02015   0.06719   0.08323   0.03098   0.08110   0.11987   0.05590   0.14604   0.24068   3.90253   1.41669   0.96221   1.40856   0.66097  
 14 967.6733   2110.011818  x:  0.00000   0.05638   0.03365   0.04159   0.02707   0.07723   0.03227   0.07466   0.11373   0.04437   0.20241   0.00000   0.13012   0.03471   0.01726   0.06520   0.08219   0.03263   0.08134   0.10777   0.05487   0.15296   0.24159   3.99134   1.42053   0.96615   1.41168   0.65373  
 15 335.8475   2110.011818  x:  0.00000   0.05638   0.03365   0.04159   0.02707   0.07723   0.03227   0.07466   0.11373   0.04437   0.20241   0.00000   0.13012   0.03471   0.01726   0.06520   0.08219   0.03263   0.08134   0.10777   0.05487   0.15296   0.24159   3.99134   1.42053   0.96615   1.41168   0.65373  
 16 69.1010   2105.103022  x:  0.04522   0.07358   0.03004   0.04658   0.02473   0.07745   0.02800   0.07720   0.11387   0.04551   0.20259   0.00000   0.13539   0.03345   0.02298   0.06139   0.08017   0.03183   0.08291   0.11129   0.05066   0.15361   0.24123   3.99193   1.42046   0.96673   1.41133   0.65643  
 17 672.7990   2097.274220  x:  0.03449   0.12442   0.01450   0.06182   0.01663   0.07899   0.01028   0.08784   0.11539   0.04692   0.19990   0.00000   0.15981   0.02828   0.03563   0.04380   0.07101   0.02934   0.08939   0.12658   0.03160   0.15544   0.23799   3.99492   1.42014   0.96976   1.40962   0.66958  
 18 218.3051   2095.480641  x:  0.03105   0.14587   0.01801   0.06573   0.02184   0.08005   0.02722   0.09238   0.11618   0.04757   0.19732   0.00000   0.17399   0.02869   0.03664   0.03715   0.06697   0.03015   0.09196   0.13385   0.02647   0.15545   0.23566   3.99716   1.41990   0.97201   1.40832   0.67905  
 19 212.5272   2094.280121  x:  0.02983   0.16010   0.02868   0.06100   0.02520   0.08039   0.02292   0.09362   0.11705   0.04700   0.19151   0.00000   0.19292   0.03550   0.02778   0.04126   0.06589   0.03367   0.09285   0.13962   0.03851   0.15288   0.23145   4.00186   1.41928   0.97674   1.40552   0.69762  
 20 89.9740   2093.314411  x:  0.03057   0.15994   0.02215   0.04955   0.01852   0.08034   0.02607   0.09072   0.11678   0.04324   0.18217   0.00000   0.21150   0.03237   0.02324   0.04734   0.06985   0.03011   0.09156   0.14102   0.03719   0.14672   0.22554   4.01077   1.41818   0.98537   1.40035   0.72975  
 21 66.4832   2092.390596  x:  0.03137   0.15110   0.02177   0.04893   0.02890   0.08009   0.02275   0.08716   0.11632   0.04449   0.17141   0.00000   0.22809   0.02810   0.03253   0.04985   0.07346   0.03046   0.08871   0.14026   0.03194   0.13922   0.21904   4.02459   1.41677   0.99776   1.39267   0.77569  
 22 106.7076   2091.541325  x:  0.03234   0.13994   0.02392   0.06368   0.02114   0.08033   0.02336   0.08693   0.11691   0.04918   0.16642   0.00000   0.23333   0.03098   0.03092   0.04289   0.07078   0.03417   0.08626   0.13786   0.03127   0.13612   0.21592   4.04213   1.41552   1.01133   1.38358   0.82657  
 23 93.2280   2090.799688  x:  0.03247   0.13897   0.01861   0.06432   0.02648   0.08055   0.02315   0.09340   0.11706   0.04604   0.17402   0.00000   0.22053   0.03388   0.02736   0.03825   0.06421   0.02710   0.09067   0.13569   0.03582   0.14277   0.21952   4.06498   1.41505   1.02455   1.37331   0.87910  
 24 66.2914   2090.104993  x:  0.03148   0.14431   0.02324   0.05766   0.02321   0.08083   0.02332   0.09714   0.11764   0.04505   0.18544   0.00000   0.20125   0.03302   0.03111   0.04156   0.06413   0.03445   0.09645   0.13462   0.03348   0.15168   0.22549   4.09166   1.41515   1.03703   1.36260   0.93208  
 25 122.5876   2089.963099  x:  0.03094   0.14799   0.02506   0.05869   0.02327   0.08091   0.02326   0.09327   0.11749   0.04830   0.18809   0.00000   0.19604   0.03203   0.02968   0.04261   0.06979   0.03078   0.09376   0.13609   0.03307   0.15238   0.22752   4.10161   1.41594   1.03806   1.36027   0.94187  
 26 33.3891   2089.883841  x:  0.03067   0.15003   0.02202   0.05986   0.02433   0.08083   0.02396   0.08962   0.11712   0.04737   0.18902   0.00000   0.19352   0.03263   0.02951   0.04315   0.07125   0.03335   0.09026   0.13805   0.03475   0.15138   0.22896   4.11233   1.41720   1.03683   1.35891   0.94574  
 27 22.7125   2089.648959  x:  0.03060   0.15087   0.02532   0.05886   0.02346   0.08023   0.02339   0.08458   0.11713   0.04291   0.18893   0.00000   0.19025   0.03090   0.03005   0.04282   0.06406   0.03163   0.08433   0.14329   0.03368   0.14614   0.23266   4.15964   1.42303   1.02790   1.35492   0.95159  
 28 26.5568   2088.511202  x:  0.03068   0.14770   0.02121   0.05583   0.02431   0.08018   0.02345   0.09512   0.11789   0.05710   0.18502   0.00000   0.18728   0.03121   0.02764   0.04772   0.05934   0.03302   0.08712   0.15566   0.03242   0.13138   0.24492   4.42068   1.45334   0.97787   1.33568   0.97149  
 29 93.8931   2087.228001  x:  0.03043   0.14519   0.02456   0.05976   0.02164   0.08102   0.02371   0.10087   0.11785   0.04335   0.18144   0.00000   0.19201   0.03067   0.03286   0.04098   0.07432   0.03118   0.09508   0.15311   0.03769   0.13553   0.24954   4.71647   1.48253   0.92800   1.31563   0.98910  
 30 291.7730   2086.356375  x:  0.03060   0.14706   0.02421   0.05983   0.02556   0.08085   0.02160   0.09271   0.11603   0.04314   0.18190   0.00000   0.19769   0.03235   0.02463   0.04044   0.07186   0.03435   0.09492   0.13724   0.02906   0.15081   0.24284   4.91571   1.49400   0.90705   1.30465   0.99583  
 31 227.5773   2085.800451  x:  0.02962   0.14979   0.02274   0.05860   0.02292   0.08055   0.02358   0.08658   0.11518   0.04918   0.18356   0.00000   0.20114   0.03492   0.03199   0.04285   0.06619   0.03145   0.09261   0.12646   0.03399   0.16026   0.23457   5.05216   1.49663   0.90097   1.29886   0.99770  
 32 289.3431   2084.547797  x:  0.02935   0.15159   0.02317   0.05682   0.02340   0.07942   0.02341   0.09195   0.11717   0.05165   0.19058   0.00000   0.19868   0.02042   0.02970   0.03776   0.06621   0.03460   0.08725   0.12639   0.04055   0.15818   0.21053   5.34339   1.47795   0.92615   1.29515   0.98959  
 33 139.0280   2082.844697  x:  0.02897   0.15204   0.02392   0.05761   0.02327   0.07928   0.02293   0.09942   0.11988   0.04617   0.19918   0.00000   0.19414   0.03479   0.03080   0.04178   0.07070   0.03214   0.08381   0.13440   0.03333   0.15069   0.18152   5.78537   1.44341   0.97298   1.29258   0.97479  
 34 707.3825   2081.293116  x:  0.02854   0.15033   0.02274   0.06476   0.02393   0.08490   0.02356   0.08510   0.11671   0.04490   0.19337   0.00000   0.20186   0.03182   0.02979   0.04798   0.06841   0.03118   0.10575   0.14026   0.03480   0.15057   0.20832   6.18723   1.40013   1.02813   1.29997   0.95906  
 35 254.2048   2080.857029  x:  0.02858   0.15007   0.02317   0.05765   0.02367   0.08155   0.02283   0.08798   0.11687   0.04752   0.18818   0.00000   0.20571   0.03562   0.03103   0.03901   0.07076   0.03225   0.09840   0.13765   0.03418   0.15334   0.22516   6.29563   1.38638   1.04346   1.30662   0.95549  
 36 150.1353   2080.771937  x:  0.02837   0.15108   0.02333   0.05994   0.02361   0.08075   0.02310   0.09252   0.11793   0.04613   0.18640   0.00000   0.20648   0.03430   0.03090   0.04321   0.07067   0.03182   0.09368   0.13483   0.03399   0.15446   0.22957   6.31758   1.38301   1.04562   1.31174   0.95571  
 37 38.5274   2080.652426  x:  0.02829   0.15188   0.02327   0.05920   0.02370   0.08712   0.02291   0.09214   0.11990   0.04614   0.18481   0.00000   0.20410   0.03465   0.03085   0.04224   0.07054   0.03185   0.09373   0.13364   0.03414   0.15380   0.22797   6.35084   1.37586   1.04031   1.34792   0.96338  
 38  9.3412   2080.596972  x:  0.02822   0.15187   0.02323   0.05961   0.02365   0.08097   0.02302   0.09135   0.11864   0.04616   0.18542   0.00000   0.20366   0.03466   0.03076   0.04226   0.07051   0.03178   0.09530   0.13432   0.03425   0.15383   0.22689   6.36597   1.37365   1.03809   1.36569   0.96713  
 39 27.2879   2080.582698  x:  0.02825   0.15075   0.02334   0.05969   0.02350   0.08171   0.02295   0.09184   0.11584   0.04625   0.18870   0.00000   0.20561   0.03446   0.03086   0.04249   0.07053   0.03178   0.09442   0.13571   0.03411   0.15480   0.22737   6.37084   1.37811   1.04021   1.37087   0.96771  
 40  3.5930   2080.528009  x:  0.02817   0.14996   0.02306   0.05972   0.02359   0.08111   0.02286   0.09102   0.12184   0.04623   0.19304   0.00000   0.20837   0.03451   0.03093   0.04239   0.07072   0.03176   0.09455   0.13546   0.03392   0.15454   0.22889   6.39177   1.40636   1.05489   1.39050   0.96870  
 41  6.7239   2080.452585  x:  0.02779   0.15229   0.02341   0.05958   0.02339   0.08125   0.02279   0.09156   0.11716   0.04590   0.18689   0.00000   0.20540   0.03484   0.03075   0.04194   0.07074   0.03172   0.09538   0.13307   0.03416   0.15325   0.22857   6.42121   1.44667   1.07641   1.41628   0.96971  
 42 22.7605   2080.446018  x:  0.02784   0.15174   0.02332   0.05957   0.02336   0.08126   0.02278   0.09162   0.11769   0.04606   0.18523   0.00000   0.20503   0.03463   0.03076   0.04219   0.07060   0.03170   0.09505   0.13520   0.03418   0.15562   0.22816   6.42433   1.44866   1.07736   1.41745   0.96991  
 43  2.7413   2078.503699  x:  0.01217   0.17176   0.01987   0.05952   0.02104   0.08193   0.01815   0.09426   0.11892   0.04729   0.18303   0.00000   0.21807   0.02989   0.03071   0.04211   0.06814   0.03161   0.09212   0.14710   0.03333   0.14108   0.23312   7.54778   1.43999   1.01072   1.35692   1.08185  
 44  1.5790   2078.249237  x:  0.00730   0.16428   0.02148   0.05980   0.02232   0.08144   0.01835   0.09293   0.11802   0.04573   0.18785   0.00000   0.21522   0.03068   0.03093   0.04117   0.06817   0.03126   0.09476   0.14042   0.03371   0.15250   0.23080   7.86353   1.44351   1.02541   1.36422   1.07663  
 45  0.1799   2078.204835  x:  0.00700   0.15843   0.02122   0.05938   0.02208   0.08168   0.01954   0.09315   0.11819   0.04672   0.18895   0.00000   0.21264   0.03120   0.03020   0.04182   0.06914   0.03162   0.09389   0.14022   0.03386   0.14840   0.23042   7.85056   1.43693   1.02098   1.36221   1.06182  
 46  0.0162   2078.201819  x:  0.00695   0.15799   0.02162   0.05911   0.02215   0.08162   0.01927   0.09310   0.11821   0.04636   0.18801   0.00000   0.21269   0.03109   0.03006   0.04190   0.06877   0.03158   0.09343   0.14108   0.03394   0.14801   0.23073   7.81698   1.43837   1.01920   1.36236   1.05998  
 47  0.0268   2078.201163  x:  0.00686   0.15791   0.02139   0.05909   0.02208   0.08160   0.01930   0.09296   0.11819   0.04638   0.18804   0.00000   0.21269   0.03104   0.03005   0.04192   0.06872   0.03159   0.09356   0.14103   0.03394   0.14839   0.23089   7.78871   1.43902   1.01975   1.36277   1.05971  
 48  0.0163   2078.201058  x:  0.00680   0.15794   0.02147   0.05912   0.02211   0.08162   0.01927   0.09302   0.11818   0.04640   0.18821   0.00000   0.21270   0.03107   0.03006   0.04189   0.06880   0.03157   0.09359   0.14091   0.03392   0.14829   0.23087   7.78177   1.43846   1.01993   1.36263   1.05988  
 49  0.0055   2078.201055  x:  0.00681   0.15795   0.02146   0.05913   0.02211   0.08162   0.01928   0.09303   0.11819   0.04640   0.18818   0.00000   0.21271   0.03107   0.03006   0.04189   0.06879   0.03158   0.09356   0.14094   0.03392   0.14828   0.23083   7.78122   1.43835   1.01993   1.36260   1.06002  
 50  0.0005   2078.201054  x:  0.00681   0.15794   0.02146   0.05913   0.02211   0.08162   0.01928   0.09303   0.11819   0.04640   0.18818   0.00000   0.21271   0.03107   0.03006   0.04189   0.06879   0.03158   0.09357   0.14094   0.03392   0.14828   0.23082   7.78138   1.43838   1.01994   1.36261   1.06007  
 51  0.0001   2078.201054  x:  0.00681   0.15794   0.02147   0.05913   0.02211   0.08162   0.01928   0.09303   0.11819   0.04640   0.18818   0.00000   0.21271   0.03107   0.03006   0.04189   0.06879   0.03158   0.09357   0.14094   0.03392   0.14828   0.23082   7.78134   1.43838   1.01995   1.36261   1.06007  
 52  0.0000   2078.201054  x:  0.00681   0.15794   0.02147   0.05913   0.02211   0.08162   0.01928   0.09303   0.11819   0.04640   0.18818   0.00000   0.21271   0.03107   0.03006   0.04189   0.06879   0.03158   0.09357   0.14094   0.03392   0.14828   0.23083   7.78135   1.43838   1.01994   1.36261   1.06007  

TREE # 2

  0  0.0000   2106.347739  x:  0.18446   0.00000   0.17166   0.09085   0.03970   0.02343   0.11776   0.01341   0.07711   0.04169   0.06151   0.05704   0.03954   0.18271   0.05029   0.04598   0.01948   0.07655   0.05453   0.06787   0.05369   0.05503   0.05553   7.78135   1.33473   0.99144   1.24711   1.06007  
  1 99.0000   2106.346780  x:  0.18446   0.00000   0.17166   0.09085   0.03970   0.02343   0.11776   0.01341   0.07711   0.04169   0.06151   0.05704   0.03954   0.18271   0.05029   0.04598   0.01948   0.07655   0.05453   0.06787   0.05369   0.05503   0.05553   7.78135   1.33473   0.99144   1.24711   1.06007  
  2 406.9698   2101.827342  x:  0.18796   0.00000   0.17071   0.10425   0.03835   0.02419   0.12053   0.00320   0.07969   0.04135   0.06281   0.05087   0.03203   0.18360   0.06145   0.04652   0.01951   0.08322   0.05583   0.07181   0.04568   0.05985   0.04626   7.78133   1.33512   0.99083   1.24778   1.05999  
  3 468.1427   2097.263076  x:  0.19503   0.00000   0.16545   0.12701   0.03568   0.01736   0.12627   0.00522   0.08453   0.03922   0.06444   0.03782   0.01235   0.18329   0.04696   0.04445   0.01947   0.09170   0.05647   0.07834   0.02698   0.06517   0.02343   7.78126   1.33601   0.98912   1.24974   1.05976  
  4 271.8544   2097.063560  x:  0.19826   0.00000   0.16194   0.12868   0.03667   0.02246   0.12794   0.00494   0.08450   0.04015   0.06424   0.03665   0.01389   0.18271   0.04552   0.04338   0.02183   0.08990   0.05572   0.07902   0.02500   0.06383   0.02139   7.78122   1.33662   0.98799   1.25104   1.05960  
  5 47.7836   2096.825469  x:  0.20695   0.00000   0.15228   0.13071   0.03773   0.01914   0.13194   0.00505   0.08471   0.04047   0.06368   0.03558   0.01589   0.18100   0.04726   0.04154   0.02389   0.08463   0.05393   0.08045   0.02339   0.06090   0.02180   7.78107   1.33855   0.98452   1.25509   1.05911  
  6 40.5745   2096.710002  x:  0.21256   0.00000   0.14595   0.13109   0.03729   0.02045   0.13391   0.00498   0.08436   0.04066   0.06363   0.03670   0.01280   0.17952   0.04726   0.04236   0.02154   0.08339   0.05398   0.08090   0.02543   0.06153   0.02338   7.78093   1.34046   0.98132   1.25894   1.05860  
  7 34.4161   2096.636768  x:  0.21617   0.00000   0.14254   0.13000   0.03621   0.02011   0.13397   0.00505   0.08378   0.04016   0.06391   0.03792   0.01487   0.17816   0.04687   0.04419   0.02144   0.08614   0.05563   0.07986   0.02633   0.06363   0.02181   7.78072   1.34311   0.97720   1.26415   1.05789  
  8 20.1275   2096.512311  x:  0.21924   0.00000   0.14211   0.12677   0.03726   0.02025   0.13152   0.00506   0.08292   0.04008   0.06410   0.03684   0.01320   0.17600   0.04742   0.04235   0.02300   0.09055   0.05607   0.07729   0.02356   0.06350   0.02364   7.78016   1.35012   0.96719   1.27755   1.05595  
  9 20.0450   2096.290583  x:  0.22039   0.00000   0.14687   0.12688   0.03776   0.02046   0.12772   0.00510   0.08373   0.04035   0.06388   0.03445   0.01389   0.17446   0.04829   0.04089   0.01946   0.09020   0.05363   0.07801   0.02597   0.06083   0.02046   7.77898   1.36453   0.94849   1.30427   1.05184  
 10 40.5831   2096.116400  x:  0.21873   0.00000   0.15122   0.13080   0.03641   0.02053   0.12714   0.00523   0.08519   0.03983   0.06377   0.03604   0.01393   0.17516   0.04752   0.04341   0.02298   0.08727   0.05330   0.08060   0.02651   0.06254   0.02275   7.77793   1.37694   0.93471   1.32632   1.04817  
 11 63.6211   2096.033392  x:  0.21530   0.00000   0.15107   0.13099   0.03691   0.02076   0.12963   0.00523   0.08468   0.03947   0.06362   0.03829   0.01448   0.17723   0.04786   0.04308   0.02090   0.08499   0.05539   0.08052   0.02327   0.06371   0.02268   7.77735   1.38314   0.93182   1.33580   1.04614  
 12 25.2598   2095.901745  x:  0.20800   0.00000   0.14780   0.12999   0.03757   0.02044   0.13526   0.00521   0.08304   0.03974   0.06357   0.03742   0.01270   0.18159   0.04898   0.04181   0.02302   0.08449   0.05754   0.07933   0.02544   0.06376   0.02048   7.77626   1.39363   0.93287   1.34956   1.04245  
 13 27.1901   2095.737345  x:  0.20128   0.00000   0.14332   0.13142   0.03624   0.02076   0.13964   0.00525   0.08259   0.04063   0.06392   0.03331   0.01485   0.18543   0.04858   0.04276   0.02140   0.08814   0.05502   0.07953   0.02556   0.06320   0.02345   7.77478   1.40694   0.93950   1.36503   1.03760  
 14 37.9239   2095.300266  x:  0.19574   0.00000   0.13767   0.13352   0.03637   0.02098   0.13726   0.00545   0.08477   0.04074   0.06397   0.04125   0.01364   0.18601   0.05077   0.04463   0.02233   0.09286   0.04617   0.08083   0.02381   0.05965   0.02122   7.77059   1.44187   0.96937   1.40114   1.02463  
 15 40.6298   2093.769598  x:  0.19592   0.00000   0.13293   0.14400   0.03975   0.02267   0.11990   0.00641   0.09149   0.03775   0.06323   0.03891   0.01549   0.17730   0.05490   0.03693   0.02247   0.09131   0.05750   0.08637   0.02632   0.06514   0.02295   7.75512   1.56652   1.08744   1.52586   0.97883  
 16 136.5563   2093.211206  x:  0.20258   0.00000   0.13994   0.14081   0.03669   0.02288   0.12214   0.00653   0.08794   0.04016   0.06399   0.03278   0.01316   0.17401   0.05754   0.04693   0.02287   0.08558   0.05800   0.08229   0.02287   0.06579   0.02097   7.74942   1.60968   1.12966   1.56838   0.96447  
 17 139.2022   2092.852031  x:  0.21395   0.00000   0.15277   0.14133   0.03506   0.02290   0.13501   0.00667   0.08339   0.04038   0.06556   0.03524   0.01406   0.17536   0.05729   0.04206   0.02262   0.08867   0.05517   0.08097   0.02447   0.06795   0.02165   7.74560   1.63408   1.15411   1.59178   0.95945  
 18 58.9620   2092.732945  x:  0.21789   0.00000   0.15548   0.14030   0.04009   0.02273   0.13754   0.00668   0.08553   0.04025   0.06336   0.03550   0.01398   0.17984   0.05690   0.04481   0.02234   0.09141   0.05733   0.08387   0.02482   0.06566   0.02214   7.74412   1.63803   1.15783   1.59472   0.96331  
 19 13.4992   2092.303113  x:  0.22596   0.00000   0.15679   0.13478   0.03164   0.02413   0.13494   0.00686   0.09317   0.04028   0.06173   0.03504   0.01283   0.19726   0.05834   0.04305   0.02288   0.09244   0.05938   0.08824   0.02336   0.06435   0.02152   7.73857   1.64256   1.16081   1.59408   0.98836  
 20 16.6483   2091.391261  x:  0.23411   0.00000   0.15556   0.13781   0.03970   0.02433   0.12586   0.00756   0.09237   0.03969   0.07107   0.03240   0.01273   0.21954   0.06093   0.04312   0.02281   0.08988   0.05164   0.08355   0.02413   0.07704   0.02059   7.72602   1.64635   1.16049   1.58523   1.04943  
 21 49.2969   2089.298593  x:  0.23156   0.00000   0.15406   0.16651   0.03542   0.02533   0.12161   0.00954   0.07138   0.04171   0.06587   0.03633   0.01264   0.21400   0.06925   0.04623   0.02188   0.09622   0.06100   0.07381   0.02561   0.06408   0.02300   7.69780   1.64523   1.14998   1.55487   1.18627  
 22 71.2641   2086.940469  x:  0.21457   0.00000   0.15283   0.16764   0.03588   0.02834   0.14168   0.01069   0.08823   0.04287   0.06178   0.03313   0.01258   0.16798   0.08126   0.04572   0.02227   0.10171   0.05850   0.08583   0.02445   0.07509   0.02134   7.66626   1.63627   1.13258   1.51469   1.33078  
 23 116.7147   2086.755465  x:  0.21400   0.00000   0.15274   0.16739   0.03552   0.02906   0.14281   0.01086   0.08847   0.03942   0.07234   0.03319   0.01239   0.16618   0.08217   0.04660   0.02235   0.10249   0.06071   0.08926   0.02418   0.07144   0.02160   7.66402   1.62935   1.12829   1.50835   1.32967  
 24 15.9582   2083.422723  x:  0.21876   0.00000   0.15008   0.18144   0.03564   0.02726   0.13877   0.01310   0.08371   0.07460   0.08221   0.03600   0.01148   0.17653   0.09558   0.04588   0.02222   0.11399   0.06548   0.10444   0.02315   0.07828   0.02103   7.62695   1.42747   1.01541   1.35459   1.15073  
 25 26.0130   2081.013700  x:  0.22258   0.00000   0.14865   0.19270   0.03465   0.03376   0.13956   0.01561   0.08653   0.04444   0.06985   0.03153   0.01063   0.18491   0.10677   0.04805   0.02173   0.11812   0.06028   0.09700   0.02359   0.08134   0.02096   7.60332   1.29671   0.94212   1.25414   1.03148  
 26 268.1212   2080.978712  x:  0.22282   0.00000   0.14886   0.19428   0.03475   0.03383   0.14031   0.01556   0.09064   0.04536   0.07085   0.03195   0.01075   0.18503   0.10674   0.04818   0.02149   0.11812   0.06099   0.09270   0.02403   0.08038   0.02129   7.60302   1.29581   0.94071   1.25189   1.02940  
 27 11.4290   2080.935252  x:  0.22338   0.00000   0.14895   0.19432   0.03476   0.03387   0.14022   0.01562   0.09040   0.04518   0.07077   0.03190   0.01070   0.18553   0.10697   0.04813   0.02151   0.11824   0.06090   0.09305   0.02392   0.08052   0.02118   7.60411   1.31507   0.93517   1.23753   1.02440  
 28  2.0238   2079.216901  x:  0.23308   0.00000   0.15072   0.21292   0.03366   0.03595   0.14461   0.01898   0.09637   0.03499   0.06657   0.02946   0.00729   0.19073   0.12608   0.04745   0.02128   0.12154   0.05886   0.09028   0.02100   0.08401   0.01811   7.72310   1.47236   1.03977   1.40186   1.04881  
 29  0.4166   2078.556543  x:  0.23182   0.00000   0.14934   0.21942   0.03390   0.03430   0.14289   0.02283   0.09437   0.04947   0.06955   0.03228   0.00792   0.18576   0.14548   0.04632   0.02164   0.12139   0.05918   0.09650   0.02238   0.08446   0.01966   7.80425   1.46794   1.03972   1.39075   1.06616  
 30  0.0640   2078.276354  x:  0.22965   0.00000   0.14749   0.21890   0.03409   0.03378   0.14078   0.02616   0.09377   0.04097   0.06867   0.03239   0.00746   0.18559   0.15845   0.04642   0.02166   0.11890   0.05875   0.09370   0.02274   0.08211   0.01993   7.80201   1.42752   1.01269   1.34679   1.06827  
 31  0.0477   2078.229483  x:  0.23128   0.00000   0.14808   0.21532   0.03403   0.03211   0.14049   0.02721   0.09338   0.04200   0.06913   0.03104   0.00644   0.18879   0.16085   0.04630   0.02151   0.11790   0.05920   0.09310   0.02176   0.08139   0.01897   7.78122   1.43595   1.01857   1.36151   1.05197  
 32  0.0253   2078.216792  x:  0.23120   0.00000   0.14842   0.21211   0.03401   0.03112   0.14099   0.02785   0.09348   0.04200   0.06877   0.03155   0.00665   0.18893   0.16112   0.04640   0.02142   0.11754   0.05912   0.09280   0.02217   0.08136   0.01932   7.78060   1.44083   1.02141   1.36551   1.06358  
 33  0.0099   2078.209590  x:  0.23042   0.00000   0.14797   0.21115   0.03399   0.03051   0.14146   0.02857   0.09350   0.04214   0.06873   0.03176   0.00668   0.18712   0.15961   0.04640   0.02147   0.11855   0.05910   0.09311   0.02210   0.08179   0.01928   7.78220   1.43681   1.01886   1.36059   1.05775  
 34  0.0031   2078.203200  x:  0.23080   0.00000   0.14836   0.21258   0.03399   0.03070   0.14124   0.02950   0.09384   0.04186   0.06889   0.03124   0.00709   0.18839   0.15792   0.04635   0.02146   0.11898   0.05922   0.09305   0.02215   0.08178   0.01932   7.78259   1.43777   1.01967   1.36161   1.05986  
 35  0.0015   2078.201323  x:  0.23089   0.00000   0.14831   0.21305   0.03393   0.03090   0.14091   0.02995   0.09362   0.04183   0.06881   0.03166   0.00672   0.18838   0.15789   0.04640   0.02145   0.11850   0.05915   0.09301   0.02211   0.08165   0.01927   7.78158   1.43865   1.02005   1.36299   1.06055  
 36  0.0018   2078.201070  x:  0.23080   0.00000   0.14827   0.21281   0.03392   0.03101   0.14091   0.03007   0.09350   0.04191   0.06878   0.03158   0.00682   0.18818   0.15797   0.04640   0.02147   0.11818   0.05911   0.09302   0.02212   0.08160   0.01930   7.78174   1.43841   1.01997   1.36269   1.05996  
 37  0.0007   2078.201056  x:  0.23082   0.00000   0.14828   0.21274   0.03393   0.03106   0.14095   0.03006   0.09356   0.04190   0.06879   0.03158   0.00681   0.18817   0.15793   0.04640   0.02147   0.11817   0.05912   0.09303   0.02210   0.08162   0.01928   7.78138   1.43835   1.01993   1.36254   1.06016  
 38  0.0004   2078.201054  x:  0.23083   0.00000   0.14828   0.21272   0.03392   0.03107   0.14094   0.03006   0.09357   0.04189   0.06879   0.03158   0.00681   0.18818   0.15793   0.04640   0.02147   0.11818   0.05913   0.09303   0.02211   0.08162   0.01928   7.78131   1.43838   1.01994   1.36260   1.06006  
 39  0.0001   2078.201054  x:  0.23083   0.00000   0.14828   0.21271   0.03392   0.03107   0.14093   0.03006   0.09357   0.04189   0.06879   0.03158   0.00681   0.18818   0.15794   0.04640   0.02147   0.11819   0.05913   0.09303   0.02211   0.08162   0.01928   7.78135   1.43838   1.01994   1.36262   1.06008  
 40  0.0000   2078.201054  x:  0.23083   0.00000   0.14828   0.21271   0.03392   0.03107   0.14093   0.03006   0.09357   0.04189   0.06879   0.03158   0.00681   0.18818   0.15794   0.04640   0.02147   0.11819   0.05913   0.09303   0.02211   0.08162   0.01928   7.78135   1.43838   1.01994   1.36261   1.06007  
 41  0.0000   2078.201054  x:  0.23083   0.00000   0.14828   0.21271   0.03392   0.03107   0.14094   0.03006   0.09357   0.04189   0.06879   0.03158   0.00681   0.18818   0.15794   0.04640   0.02147   0.11819   0.05913   0.09303   0.02211   0.08162   0.01928   7.78135   1.43838   1.01994   1.36261   1.06007  
 42  0.0000   2078.201054  x:  0.23083   0.00000   0.14828   0.21271   0.03392   0.03107   0.14094   0.03006   0.09357   0.04189   0.06879   0.03158   0.00681   0.18818   0.15794   0.04640   0.02147   0.11819   0.05913   0.09303   0.02211   0.08162   0.01928   7.78135   1.43838   1.01994   1.36261   1.06007  