

TREE # 1

  0  0.0000   1969.688529  x:  0.05853   0.00000   0.08730   0.01931   0.06841   0.06730   0.04518   0.04543   0.08897   0.04433   0.06257   0.15224   0.00958   0.04462   0.03729   0.06656   0.06330   0.03971   0.05324   0.04927   0.09254   0.04139   0.11737   0.07715   2.00000   1.70799   1.05099   1.33068   0.40000  
  1 99.0000   1969.686488  x:  0.05853   0.00000   0.08730   0.01931   0.06841   0.06730   0.04518   0.04543   0.08897   0.04433   0.06257   0.15224   0.00958   0.04462   0.03729   0.06656   0.06330   0.03971   0.05324   0.04927   0.09254   0.04139   0.11737   0.07715   2.00000   1.70799   1.05099   1.33068   0.40000  
  2 588.0882   1960.705490  x:  0.06212   0.00000   0.09427   0.01343   0.05995   0.05891   0.04384   0.04144   0.08688   0.04710   0.05893   0.15809   0.00000   0.04075   0.03901   0.06176   0.05825   0.04098   0.04639   0.04944   0.09024   0.03488   0.12245   0.08074   2.00243   1.70751   1.05110   1.33085   0.40577  
  3 640.3426   1948.834882  x:  0.05638   0.00000   0.07635   0.01599   0.01579   0.01770   0.04624   0.03759   0.08192   0.03016   0.04887   0.17379   0.00000   0.04376   0.02120   0.04555   0.04174   0.03663   0.02003   0.04994   0.08268   0.01691   0.12638   0.07497   2.01693   1.70483   1.05097   1.33207   0.43214  
  4 351.9747   1947.623925  x:  0.05449   0.00000   0.07065   0.01934   0.00904   0.01099   0.04727   0.03868   0.08153   0.03342   0.04811   0.17586   0.00000   0.04316   0.02927   0.04361   0.03992   0.03658   0.01773   0.04999   0.08163   0.01764   0.12529   0.07307   2.02192   1.70398   1.05066   1.33262   0.43942  
  5 199.7852   1945.755198  x:  0.05323   0.00000   0.06077   0.02851   0.02018   0.01045   0.05006   0.04138   0.07928   0.04256   0.04450   0.18724   0.00000   0.04249   0.02929   0.03460   0.03261   0.03909   0.01330   0.05027   0.07614   0.01893   0.12417   0.07176   2.04818   1.69957   1.04901   1.33558   0.47649  
  6 109.0029   1942.322866  x:  0.05632   0.00000   0.06193   0.04619   0.01155   0.02727   0.05376   0.04729   0.07664   0.03655   0.04300   0.20776   0.00000   0.04204   0.03208   0.02929   0.03118   0.04118   0.03069   0.05052   0.06793   0.02491   0.12254   0.07471   2.11701   1.68822   1.04463   1.34331   0.56391  
  7 238.8231   1938.878162  x:  0.05851   0.00000   0.07499   0.05944   0.01787   0.01229   0.05122   0.04960   0.08010   0.03363   0.05297   0.21006   0.00000   0.04283   0.03025   0.05413   0.04816   0.03425   0.03200   0.04979   0.07365   0.02723   0.12172   0.07674   2.19844   1.67516   1.04015   1.35180   0.64436  
  8 228.0203   1936.636680  x:  0.05609   0.00000   0.07336   0.05748   0.00982   0.02354   0.04491   0.04420   0.08539   0.04324   0.05826   0.18988   0.00000   0.04407   0.02586   0.06336   0.05504   0.04016   0.01979   0.04888   0.08614   0.02064   0.12281   0.07418   2.26735   1.66462   1.03789   1.35751   0.68355  
  9 159.3924   1934.408952  x:  0.05516   0.00000   0.07037   0.04643   0.01508   0.02595   0.04131   0.03638   0.08881   0.03068   0.05715   0.16347   0.00000   0.04565   0.03524   0.05947   0.05275   0.04272   0.01486   0.04866   0.09570   0.01550   0.12458   0.07308   2.34569   1.65307   1.03638   1.36283   0.71078  
 10 234.3006   1931.186052  x:  0.05469   0.00000   0.07027   0.02390   0.01501   0.01618   0.04333   0.03150   0.09138   0.03575   0.05239   0.12732   0.00000   0.04858   0.02979   0.04682   0.04556   0.03798   0.02929   0.04925   0.10381   0.02512   0.12357   0.07235   2.47238   1.63509   1.03471   1.37017   0.73505  
 11 325.9085   1925.983310  x:  0.04997   0.00000   0.07729   0.00261   0.01469   0.01802   0.05139   0.05028   0.09060   0.03552   0.05186   0.12995   0.00000   0.05202   0.03120   0.04400   0.04343   0.03432   0.02298   0.04988   0.10268   0.02576   0.11158   0.06725   2.64855   1.61200   1.03329   1.37762   0.72950  
 12 219.8405   1912.711238  x:  0.05518   0.00000   0.11950   0.03026   0.01264   0.01534   0.06680   0.08494   0.08432   0.03784   0.04255   0.13058   0.00000   0.06129   0.03156   0.02102   0.02586   0.03737   0.00766   0.05196   0.09711   0.01568   0.09045   0.07091   3.36095   1.52006   1.02952   1.40494   0.67313  
 13 1158.7724   1902.935677  x:  0.05830   0.00000   0.10879   0.03053   0.01475   0.01096   0.06145   0.08237   0.07831   0.04103   0.03653   0.15167   0.00000   0.06347   0.03155   0.03006   0.02561   0.04920   0.02165   0.05143   0.08825   0.00238   0.10636   0.07320   3.74111   1.47316   1.02762   1.41717   0.63812  
 14 1411.5135   1890.749166  x:  0.06871   0.00000   0.08552   0.02882   0.01538   0.00587   0.04202   0.06375   0.06493   0.03903   0.02455   0.20289   0.00000   0.06719   0.02986   0.04968   0.02572   0.07640   0.02806   0.04968   0.06930   0.02295   0.15073   0.08184   4.54444   1.37511   1.02379   1.44189   0.56287  
 15 8010.6085   1885.135968  x:  0.07549   0.00000   0.07175   0.02802   0.01543   0.01367   0.04254   0.03360   0.06590   0.04324   0.05185   0.22722   0.00000   0.06783   0.03302   0.03977   0.03217   0.04264   0.02646   0.05060   0.06025   0.02263   0.16654   0.08801   4.81737   1.34950   1.02131   1.44477   0.53676  
 16 771.4006   1884.349477  x:  0.07502   0.00000   0.07122   0.02813   0.01583   0.01444   0.04422   0.02526   0.07610   0.04408   0.04190   0.23647   0.00000   0.06822   0.03357   0.03580   0.03806   0.03746   0.02734   0.04989   0.07162   0.02264   0.16417   0.08744   4.85390   1.35982   1.01793   1.43647   0.53408  
 17 81.7844   1882.557958  x:  0.08211   0.00000   0.06824   0.02660   0.01584   0.01025   0.03789   0.03104   0.09325   0.04285   0.05606   0.24508   0.00000   0.06872   0.03237   0.02941   0.03077   0.04539   0.03045   0.05068   0.08418   0.02349   0.16682   0.09420   4.93781   1.43535   0.99959   1.38366   0.53316  
 18 59.2216   1879.683512  x:  0.08352   0.00000   0.06934   0.02784   0.01504   0.01472   0.04713   0.02798   0.08680   0.04439   0.04681   0.24094   0.00000   0.07107   0.03385   0.04318   0.02113   0.03742   0.02695   0.05149   0.07228   0.02344   0.17646   0.09507   5.06913   1.57058   0.96854   1.28921   0.53452  
 19 210.2942   1878.768775  x:  0.08178   0.00000   0.07094   0.02762   0.01532   0.01379   0.04614   0.02699   0.07718   0.04479   0.04478   0.23834   0.00000   0.07226   0.03389   0.03650   0.03568   0.04034   0.02549   0.05126   0.06378   0.02305   0.17861   0.09314   5.11320   1.61788   0.95853   1.25654   0.53538  
 20 250.7409   1878.632223  x:  0.07883   0.00000   0.07278   0.02776   0.01561   0.01383   0.04060   0.02553   0.07130   0.04504   0.04532   0.23949   0.00000   0.07286   0.03409   0.03584   0.03424   0.03926   0.02652   0.04967   0.06617   0.02310   0.17690   0.09015   5.11718   1.62370   0.95890   1.25368   0.53574  
 21 24.7933   1878.352868  x:  0.08002   0.00000   0.07317   0.02704   0.01561   0.01315   0.04654   0.02115   0.06474   0.04489   0.04801   0.24072   0.00000   0.07372   0.03398   0.03650   0.03371   0.04331   0.02673   0.05260   0.07083   0.02333   0.17446   0.09114   5.11314   1.63095   0.97064   1.25863   0.53791  
 22  6.0489   1875.885108  x:  0.09743   0.00000   0.07012   0.02532   0.01462   0.01497   0.04438   0.03178   0.04908   0.04691   0.04114   0.23896   0.00000   0.07976   0.03546   0.03410   0.03775   0.03468   0.02222   0.05690   0.08429   0.02229   0.18846   0.10678   5.06614   1.69115   1.08447   1.31312   0.55892  
 23 52.7766   1870.302648  x:  0.09802   0.00000   0.09245   0.02048   0.01475   0.01378   0.03686   0.01795   0.07187   0.05130   0.04036   0.23597   0.00000   0.09909   0.03882   0.03079   0.03364   0.04157   0.01842   0.04499   0.05897   0.02163   0.20584   0.10332   4.95577   1.82577   1.33488   1.44257   0.60682  
 24 276.8503   1869.879537  x:  0.09169   0.00000   0.09755   0.02129   0.01517   0.01401   0.03834   0.01983   0.07347   0.05165   0.04116   0.23638   0.00000   0.10081   0.03947   0.02823   0.03311   0.04114   0.01865   0.05670   0.06105   0.02184   0.21876   0.09666   4.94586   1.83450   1.33722   1.45767   0.60975  
 25 33.7325   1868.803271  x:  0.09009   0.00000   0.10222   0.02105   0.01516   0.01367   0.04738   0.02211   0.06984   0.05201   0.04310   0.23641   0.00000   0.10390   0.04009   0.02367   0.03278   0.04153   0.01735   0.04114   0.06672   0.02180   0.23740   0.09427   4.91898   1.85066   1.29811   1.50566   0.61454  
 26 32.2757   1866.309504  x:  0.10335   0.00000   0.10356   0.01656   0.01367   0.01270   0.03692   0.01542   0.06531   0.05364   0.03784   0.23490   0.00000   0.11111   0.04049   0.02172   0.03143   0.03979   0.01267   0.04993   0.05983   0.02034   0.23681   0.10566   4.85452   1.88463   1.18558   1.62066   0.62504  
 27 125.8040   1862.267803  x:  0.11336   0.00000   0.11635   0.01205   0.01332   0.01247   0.03548   0.01662   0.06795   0.05702   0.03732   0.23439   0.00000   0.12501   0.04333   0.02000   0.02846   0.04355   0.00940   0.04954   0.07121   0.01953   0.24734   0.11272   4.75395   1.53794   0.97928   1.26246   0.66948  
 28  7.2808   1855.133844  x:  0.11977   0.00000   0.13912   0.00730   0.01449   0.01817   0.02919   0.03124   0.07412   0.06797   0.03713   0.26375   0.00000   0.14469   0.05375   0.05365   0.03420   0.06159   0.01626   0.04928   0.08497   0.02158   0.21200   0.11515   5.43363   1.64696   0.99434   1.39982   0.78941  
 29  1.0260   1849.939300  x:  0.11995   0.00000   0.15597   0.00078   0.01137   0.00822   0.04404   0.02717   0.07106   0.07152   0.04646   0.28709   0.00000   0.15256   0.05612   0.04672   0.03094   0.05080   0.02085   0.05190   0.06799   0.02002   0.20240   0.11355   6.32565   1.60263   1.07213   1.31807   0.89330  
 30  0.9855   1847.951166  x:  0.11263   0.00000   0.16766   0.01432   0.01063   0.00980   0.04703   0.02524   0.06737   0.07162   0.04445   0.30228   0.00000   0.15218   0.05849   0.03848   0.02986   0.04404   0.02037   0.05231   0.05980   0.01822   0.20295   0.10620   7.21518   1.59497   1.08992   1.30864   0.95017  
 31  1.1469   1845.650327  x:  0.11445   0.00000   0.17170   0.01085   0.01152   0.01724   0.03696   0.02470   0.06605   0.07082   0.03194   0.30852   0.00000   0.15097   0.06078   0.02764   0.02988   0.05034   0.01133   0.05065   0.06565   0.01471   0.21064   0.10767   8.04899   1.62587   1.06569   1.39050   0.97861  
 32  0.8337   1844.644926  x:  0.11815   0.00000   0.17359   0.00663   0.01352   0.01348   0.03271   0.02362   0.06764   0.07167   0.04249   0.30225   0.00000   0.15030   0.06139   0.02642   0.02927   0.04931   0.01493   0.05015   0.07138   0.01264   0.20513   0.11142   8.68467   1.56268   0.98563   1.36398   1.00293  
 33  0.4741   1843.965552  x:  0.11845   0.00000   0.17381   0.00294   0.01316   0.01147   0.03689   0.02412   0.07082   0.07156   0.04256   0.29050   0.00000   0.14859   0.06082   0.03324   0.03063   0.05109   0.01187   0.05014   0.07429   0.01046   0.20413   0.11212   9.25766   1.56746   1.02300   1.36252   1.01638  
 34  0.5100   1843.653641  x:  0.11681   0.00000   0.17431   0.00378   0.01270   0.01168   0.03896   0.02466   0.06978   0.07075   0.03713   0.28039   0.00000   0.14772   0.06070   0.03064   0.02934   0.05183   0.01660   0.05082   0.07060   0.01012   0.20121   0.11085   9.61965   1.57884   1.04369   1.35261   1.01173  
 35  0.3538   1843.462255  x:  0.11415   0.00000   0.17210   0.00558   0.01178   0.01148   0.03842   0.02512   0.06814   0.06933   0.03850   0.27199   0.00000   0.14673   0.05939   0.03126   0.02959   0.05046   0.01411   0.05070   0.06802   0.00978   0.20687   0.10856  10.03917   1.60336   1.04078   1.37252   1.00049  
 36  0.3019   1843.347281  x:  0.11497   0.00000   0.17069   0.00461   0.01310   0.01318   0.03606   0.02477   0.06911   0.06920   0.03846   0.26809   0.00000   0.14926   0.05949   0.03107   0.02979   0.05104   0.01418   0.05074   0.07058   0.01040   0.20604   0.10907  10.45271   1.58111   1.02458   1.36116   0.98538  
 37  0.2516   1843.297400  x:  0.11611   0.00000   0.17006   0.00487   0.01266   0.01210   0.03784   0.02461   0.06983   0.06950   0.03913   0.27163   0.00000   0.15290   0.05906   0.03120   0.03002   0.04992   0.01457   0.05077   0.07115   0.01144   0.20273   0.10967  10.60096   1.58212   1.02806   1.36685   0.97570  
 38  0.0848   1843.288769  x:  0.11575   0.00000   0.17029   0.00468   0.01246   0.01215   0.03728   0.02472   0.06903   0.06953   0.03879   0.27280   0.00000   0.15470   0.05895   0.03093   0.02965   0.05022   0.01419   0.05068   0.07003   0.01162   0.20289   0.10902  10.63473   1.58334   1.03021   1.36423   0.97329  
 39  0.0285   1843.287820  x:  0.11556   0.00000   0.17027   0.00469   0.01260   0.01221   0.03752   0.02476   0.06906   0.06954   0.03865   0.27315   0.00000   0.15537   0.05890   0.03108   0.02978   0.05033   0.01415   0.05072   0.07018   0.01162   0.20341   0.10872  10.62366   1.58337   1.02926   1.36362   0.97317  
 40  0.0079   1843.287318  x:  0.11558   0.00000   0.17003   0.00467   0.01257   0.01215   0.03736   0.02481   0.06920   0.06945   0.03873   0.27313   0.00000   0.15588   0.05875   0.03101   0.02985   0.05030   0.01422   0.05076   0.07029   0.01152   0.20340   0.10867  10.61361   1.58395   1.03017   1.36466   0.97359  
 41  0.0054   1843.287186  x:  0.11560   0.00000   0.16993   0.00469   0.01256   0.01219   0.03743   0.02479   0.06911   0.06939   0.03873   0.27288   0.00000   0.15602   0.05870   0.03104   0.02977   0.05030   0.01423   0.05071   0.07019   0.01146   0.20323   0.10867  10.61015   1.58332   1.02959   1.36421   0.97368  
 42  0.0027   1843.287177  x:  0.11560   0.00000   0.16990   0.00470   0.01258   0.01220   0.03742   0.02478   0.06912   0.06939   0.03874   0.27286   0.00000   0.15603   0.05870   0.03103   0.02977   0.05029   0.01422   0.05072   0.07021   0.01146   0.20319   0.10867  10.60957   1.58352   1.02980   1.36421   0.97366  
 43  0.0006   1843.287175  x:  0.11561   0.00000   0.16988   0.00469   0.01257   0.01219   0.03743   0.02477   0.06912   0.06940   0.03873   0.27282   0.00000   0.15604   0.05871   0.03102   0.02978   0.05028   0.01421   0.05073   0.07022   0.01147   0.20318   0.10868  10.60915   1.58360   1.02974   1.36422   0.97369  
 44  0.0002   1843.287173  x:  0.11560   0.00000   0.16988   0.00469   0.01257   0.01219   0.03742   0.02477   0.06912   0.06940   0.03873   0.27280   0.00000   0.15605   0.05872   0.03103   0.02977   0.05029   0.01421   0.05072   0.07022   0.01147   0.20318   0.10867  10.60837   1.58353   1.02975   1.36420   0.97375  
 45  0.0005   1843.287173  x:  0.11560   0.00000   0.16988   0.00469   0.01257   0.01219   0.03742   0.02478   0.06912   0.06940   0.03873   0.27280   0.00000   0.15605   0.05872   0.03102   0.02977   0.05029   0.01421   0.05072   0.07022   0.01147   0.20318   0.10867  10.60860   1.58353   1.02975   1.36422   0.97377  
 46  0.0002   1843.287173  x:  0.11560   0.00000   0.16988   0.00469   0.01257   0.01219   0.03742   0.02478   0.06912   0.06940   0.03873   0.27280   0.00000   0.15605   0.05873   0.03102   0.02977   0.05029   0.01421   0.05072   0.07022   0.01147   0.20318   0.10867  10.60880   1.58353   1.02975   1.36422   0.97378  
 47  0.0001   1843.287173  x:  0.11560   0.00000   0.16988   0.00469   0.01257   0.01219   0.03742   0.02477   0.06912   0.06940   0.03873   0.27280   0.00000   0.15605   0.05873   0.03102   0.02977   0.05029   0.01421   0.05072   0.07022   0.01147   0.20318   0.10867  10.60880   1.58353   1.02975   1.36422   0.97378  
 48  0.0000   1843.287173  x:  0.11560   0.00000   0.16987   0.00469   0.01257   0.01219   0.03742   0.02478   0.06912   0.06940   0.03873   0.27280   0.00000   0.15605   0.05873   0.03102   0.02977   0.05029   0.01421   0.05072   0.07022   0.01147   0.20318   0.10867  10.60879   1.58353   1.02975   1.36422   0.97378  
 49  0.0000   1843.287173  x:  0.11560   0.00000   0.16987   0.00469   0.01257   0.01219   0.03742   0.02478   0.06912   0.06940   0.03873   0.27280   0.00000   0.15605   0.05873   0.03102   0.02977   0.05029   0.01421   0.05072   0.07022   0.01147   0.20318   0.10867  10.60878   1.58353   1.02975   1.36422   0.97378  
 50  0.0000   1843.287173  x:  0.11560   0.00000   0.16987   0.00469   0.01257   0.01219   0.03742   0.02478   0.06912   0.06940   0.03873   0.27280   0.00000   0.15605   0.05873   0.03102   0.02977   0.05029   0.01421   0.05072   0.07022   0.01147   0.20318   0.10867  10.60878   1.58353   1.02975   1.36422   0.97378  
 51  0.0000   1843.287173  x:  0.11560   0.00000   0.16987   0.00469   0.01257   0.01219   0.03742   0.02478   0.06912   0.06940   0.03873   0.27280   0.00000   0.15605   0.05873   0.03102   0.02977   0.05029   0.01421   0.05072   0.07022   0.01147   0.20318   0.10867  10.60878   1.58353   1.02975   1.36422   0.97378  