

TREE # 1

  0  0.0000   2190.850477  x:  0.04573   0.00000   0.08787   0.01526   0.06798   0.06620   0.05840   0.04820   0.08849   0.07527   0.07075   0.14072   0.01482   0.07312   0.01482   0.06706   0.05798   0.04725   0.06760   0.07459   0.13040   0.05236   0.10779   0.06435   2.00000   1.61258   0.96741   1.45317   0.40000  
  1 99.0000   2165.638446  x:  0.06915   0.12292   0.12042   0.03640   0.05105   0.02523   0.07744   0.02463   0.08611   0.10625   0.04827   0.17853   0.01060   0.16786   0.04149   0.04705   0.05100   0.07849   0.04876   0.08179   0.14664   0.02708   0.14518   0.08777   2.01321   1.61224   0.96825   1.45523   0.45462  
  2 538.7164   2156.486597  x:  0.07108   0.10397   0.12853   0.02664   0.04509   0.00923   0.08070   0.02600   0.08560   0.11434   0.03677   0.19335   0.00000   0.18719   0.03216   0.03891   0.04985   0.08022   0.04245   0.08298   0.15390   0.01026   0.15910   0.08970   2.02385   1.61176   0.96993   1.45623   0.48804  
  3 241.8645   2145.555543  x:  0.07709   0.05507   0.15032   0.01519   0.03609   0.03063   0.08769   0.02652   0.08641   0.13464   0.01525   0.23121   0.02065   0.24083   0.01999   0.02934   0.04820   0.08508   0.03293   0.08570   0.17169   0.01420   0.19524   0.09571   2.05539   1.61057   0.97451   1.45931   0.57994  
  4 460.4743   2136.446007  x:  0.08072   0.00000   0.16973   0.03821   0.04004   0.03040   0.09140   0.02495   0.08816   0.15051   0.04604   0.26654   0.02085   0.29277   0.03135   0.03743   0.04875   0.08852   0.03835   0.08746   0.18737   0.02588   0.22607   0.09934   2.09345   1.60934   0.98025   1.46276   0.67783  
  5 510.0215   2131.608239  x:  0.06914   0.00000   0.16187   0.01816   0.05905   0.03799   0.07750   0.02945   0.08863   0.13551   0.04126   0.27052   0.00224   0.29486   0.03393   0.05855   0.05418   0.07477   0.06326   0.08201   0.18241   0.03354   0.21793   0.08776   2.14356   1.60811   0.98980   1.46562   0.75569  
  6 110.8079   2125.599340  x:  0.05568   0.00000   0.13827   0.03849   0.05944   0.03818   0.06349   0.02330   0.08751   0.10093   0.03892   0.25670   0.01139   0.26240   0.01571   0.05399   0.05152   0.05879   0.05527   0.07670   0.16484   0.02520   0.18841   0.07430   2.23622   1.60654   1.00711   1.47046   0.86883  
  7 177.1738   2121.259771  x:  0.05890   0.00000   0.12050   0.03286   0.04988   0.03543   0.07006   0.03409   0.08645   0.08393   0.04012   0.23783   0.01825   0.21940   0.04358   0.04317   0.04932   0.06503   0.04004   0.07853   0.15178   0.02440   0.16017   0.07752   2.33084   1.60612   1.02287   1.47582   0.96811  
  8 303.3547   2118.378646  x:  0.07036   0.00000   0.11983   0.02487   0.04749   0.03358   0.07951   0.02033   0.08695   0.10188   0.04707   0.21750   0.02037   0.18103   0.03448   0.04293   0.05134   0.07925   0.04742   0.08285   0.14746   0.02644   0.14498   0.08898   2.40451   1.60776   1.03234   1.48035   1.01815  
  9 180.1049   2117.397652  x:  0.07250   0.00000   0.12532   0.02913   0.04902   0.03288   0.08144   0.03581   0.08695   0.11256   0.04553   0.20667   0.01956   0.16630   0.02725   0.04496   0.05103   0.08017   0.04749   0.08383   0.14971   0.02853   0.14534   0.09112   2.44550   1.61003   1.03571   1.48305   1.02756  
 10 117.9163   2114.721415  x:  0.06551   0.00000   0.14600   0.03474   0.05070   0.02939   0.07381   0.02688   0.08786   0.12563   0.03431   0.18405   0.01373   0.14732   0.03717   0.04697   0.04770   0.06563   0.03690   0.08245   0.16545   0.03740   0.16554   0.08413   2.58774   1.62034   1.04395   1.49304   1.03108  
 11 112.7867   2107.840532  x:  0.05774   0.00000   0.16536   0.02376   0.03905   0.02519   0.07117   0.03109   0.09058   0.10254   0.04788   0.16406   0.02838   0.15799   0.03687   0.02233   0.05277   0.07121   0.06601   0.08000   0.18539   0.02982   0.19729   0.07636   3.01492   1.65485   1.06366   1.52371   1.00159  
 12 216.3526   2097.617259  x:  0.07439   0.00000   0.16032   0.02361   0.04222   0.02931   0.08758   0.02884   0.09125   0.07025   0.04646   0.18358   0.03159   0.19734   0.02784   0.07420   0.05352   0.09392   0.04981   0.08466   0.19486   0.01112   0.21295   0.09301   3.75423   1.71592   1.09486   1.57760   0.94527  
 13 696.8511   2088.353153  x:  0.07842   0.00000   0.12098   0.03319   0.05892   0.02688   0.08707   0.02851   0.08693   0.10648   0.03661   0.24040   0.00976   0.24588   0.02364   0.05047   0.04922   0.09243   0.03783   0.08408   0.16884   0.04177   0.18474   0.09704   4.40150   1.77069   1.11844   1.62521   0.89137  
 14 697.1368   2087.070399  x:  0.07669   0.00000   0.12630   0.03423   0.05011   0.03444   0.08244   0.02954   0.08708   0.12338   0.03933   0.25770   0.01481   0.24729   0.03187   0.05353   0.05000   0.07708   0.04279   0.08524   0.15963   0.02362   0.17143   0.09531   4.48367   1.77876   1.11691   1.63184   0.88306  
 15 137.8348   2086.948988  x:  0.07480   0.00000   0.13272   0.03074   0.04943   0.03295   0.08198   0.02988   0.08808   0.12241   0.04235   0.26362   0.01598   0.24440   0.03025   0.05371   0.05033   0.07679   0.03935   0.08468   0.15801   0.02555   0.16808   0.09342   4.49137   1.78060   1.11215   1.63302   0.88132  
 16 21.7566   2086.865891  x:  0.07428   0.00000   0.13775   0.03304   0.04998   0.03184   0.08290   0.02948   0.08859   0.11974   0.03936   0.27086   0.01586   0.23959   0.03090   0.05307   0.04985   0.07887   0.04198   0.08448   0.15811   0.02678   0.16645   0.09290   4.49743   1.78299   1.10372   1.63448   0.88151  
 17 18.0343   2086.783715  x:  0.07565   0.00000   0.13485   0.03248   0.05241   0.03395   0.08182   0.02938   0.08789   0.11843   0.04080   0.27605   0.01481   0.23346   0.03068   0.05073   0.05083   0.07792   0.04109   0.08471   0.16086   0.02514   0.16964   0.09427   4.50352   1.78716   1.08649   1.63663   0.88141  
 18 11.8774   2086.731281  x:  0.07512   0.00000   0.13119   0.03176   0.04908   0.03207   0.08174   0.02959   0.08733   0.11899   0.04085   0.27671   0.01593   0.23189   0.03029   0.05242   0.04961   0.07706   0.04189   0.08439   0.16124   0.02660   0.17146   0.09374   4.50792   1.79005   1.07304   1.63799   0.88224  
 19 16.9362   2086.670860  x:  0.07305   0.00000   0.13143   0.03229   0.05012   0.03240   0.08297   0.02940   0.08897   0.12039   0.04028   0.27100   0.01584   0.23563   0.03073   0.05289   0.05120   0.07892   0.04112   0.08411   0.15827   0.02547   0.16987   0.09167   4.51434   1.79296   1.05544   1.63894   0.88532  
 20 10.8088   2086.644496  x:  0.07477   0.00000   0.13318   0.03218   0.05059   0.03253   0.08210   0.02941   0.08802   0.11971   0.04033   0.26808   0.01531   0.23797   0.03060   0.05251   0.04888   0.07774   0.04127   0.08413   0.15735   0.02569   0.16799   0.09339   4.51754   1.79345   1.04880   1.63865   0.88683  
 21 10.3879   2086.626376  x:  0.07586   0.00000   0.13381   0.03246   0.05000   0.03186   0.08134   0.02944   0.08694   0.11930   0.03988   0.26724   0.01537   0.23884   0.03054   0.05250   0.05151   0.07671   0.04128   0.08449   0.15804   0.02643   0.16672   0.09448   4.52017   1.79243   1.04652   1.63733   0.88763  
 22  4.4917   2086.151016  x:  0.07247   0.00000   0.13193   0.03130   0.05225   0.02962   0.08061   0.02920   0.08655   0.12248   0.03990   0.26563   0.01788   0.24104   0.03064   0.05249   0.04923   0.07854   0.04142   0.08360   0.18199   0.02461   0.15170   0.09109   4.59271   1.74708   1.02167   1.58754   0.90006  
 23  6.2513   2084.409722  x:  0.07286   0.00000   0.13467   0.03073   0.04308   0.03346   0.08746   0.02770   0.09598   0.12146   0.04065   0.26492   0.00422   0.23378   0.02784   0.04947   0.05046   0.07363   0.04305   0.08561   0.17382   0.02555   0.15994   0.09148   4.83802   1.59131   0.94833   1.42094   0.93981  
 24 81.5565   2083.771716  x:  0.07386   0.00000   0.13535   0.02834   0.05221   0.02501   0.08413   0.02758   0.09352   0.12380   0.03938   0.26555   0.01241   0.23014   0.02953   0.04999   0.05091   0.07322   0.04457   0.08538   0.16447   0.02364   0.16759   0.09248   4.93748   1.52930   0.92016   1.35653   0.95703  
 25 287.6849   2083.642112  x:  0.07254   0.00000   0.13620   0.02850   0.05070   0.02641   0.07864   0.02762   0.08591   0.12491   0.03970   0.26553   0.01095   0.22925   0.02984   0.05051   0.05081   0.07884   0.04402   0.08389   0.16238   0.02270   0.16907   0.09116   4.95623   1.52035   0.91706   1.35120   0.96059  
 26 29.5472   2082.135476  x:  0.06774   0.00000   0.13875   0.02550   0.05462   0.02369   0.09686   0.02558   0.06738   0.12599   0.04051   0.25996   0.00871   0.22356   0.02810   0.04814   0.05129   0.07038   0.04608   0.08179   0.16094   0.02057   0.17061   0.08636   5.16010   1.49098   0.93251   1.44883   1.00243  
 27 12.5442   2080.258296  x:  0.07182   0.00000   0.13883   0.02329   0.05228   0.01652   0.07537   0.02621   0.09042   0.12910   0.03823   0.25375   0.00679   0.21688   0.02791   0.04707   0.05160   0.07488   0.04777   0.08273   0.16082   0.01899   0.17170   0.09043   5.41898   1.46627   0.95601   1.57334   1.05773  
 28 230.0917   2077.086146  x:  0.06688   0.00000   0.14211   0.01845   0.05454   0.00727   0.07034   0.02448   0.08782   0.13216   0.03674   0.24172   0.00343   0.20387   0.02639   0.04420   0.05023   0.07385   0.05124   0.10549   0.15708   0.01606   0.17459   0.08550   5.83867   1.69758   1.04820   1.62534   1.16031  
 29 30.2598   2076.556739  x:  0.06968   0.00000   0.14274   0.01817   0.05414   0.00603   0.07184   0.02416   0.08967   0.13359   0.03645   0.23991   0.00307   0.20158   0.02676   0.04379   0.05240   0.07304   0.05143   0.08199   0.15675   0.01471   0.17509   0.08829   5.90461   1.73555   1.06313   1.63236   1.17669  
 30 105.0059   2075.525147  x:  0.07031   0.00000   0.14497   0.02020   0.05259   0.01381   0.07393   0.02473   0.09090   0.13410   0.03637   0.23629   0.00000   0.20249   0.02718   0.04216   0.05249   0.07327   0.05078   0.07871   0.16013   0.01011   0.17914   0.08892   6.08793   1.79524   1.08910   1.65058   1.20839  
 31  0.7300   2075.525147  x:  0.07031   0.00000   0.14497   0.02020   0.05259   0.01381   0.07393   0.02473   0.09090   0.13410   0.03637   0.23629   0.00000   0.20249   0.02718   0.04216   0.05249   0.07327   0.05078   0.07871   0.16013   0.01011   0.17914   0.08892   6.08793   1.79524   1.08910   1.65058   1.20839  
 32  0.6737   2075.094608  x:  0.07045   0.00000   0.14547   0.02330   0.05062   0.01404   0.07559   0.02785   0.09067   0.13241   0.03510   0.23670   0.00373   0.20442   0.02745   0.04233   0.05191   0.07381   0.04831   0.08006   0.16139   0.01835   0.18039   0.08906   6.08825   1.79532   1.08894   1.65062   1.20858  
 33 81.3467   2074.907875  x:  0.07061   0.00000   0.14656   0.02557   0.04671   0.01385   0.07876   0.03030   0.09024   0.12829   0.03245   0.23769   0.00567   0.20820   0.02664   0.04151   0.05074   0.07494   0.04381   0.08289   0.16467   0.01528   0.18272   0.08922   6.08910   1.79553   1.08858   1.65066   1.20903  
 34 36.7038   2074.835504  x:  0.07067   0.00000   0.14761   0.02457   0.04546   0.01404   0.08037   0.02900   0.09011   0.12461   0.03206   0.23871   0.00257   0.21189   0.02748   0.04169   0.05042   0.07563   0.04309   0.08462   0.16770   0.01606   0.18464   0.08927   6.09018   1.79579   1.08816   1.65071   1.20957  
 35 24.5376   2074.797703  x:  0.07070   0.00000   0.14857   0.02381   0.04647   0.01397   0.08064   0.02786   0.09013   0.12188   0.03331   0.23973   0.00389   0.21564   0.02727   0.04183   0.05063   0.07579   0.04467   0.08516   0.17026   0.01591   0.18669   0.08931   6.09155   1.79610   1.08766   1.65075   1.21026  
 36 19.7553   2074.785231  x:  0.07066   0.00000   0.14887   0.02460   0.04757   0.01421   0.08005   0.02899   0.09015   0.12134   0.03351   0.24029   0.00314   0.21755   0.02688   0.04179   0.05084   0.07549   0.04528   0.08466   0.17122   0.01572   0.18758   0.08927   6.09273   1.79634   1.08731   1.65076   1.21085  
 37 11.2399   2074.777507  x:  0.07060   0.00000   0.14887   0.02428   0.04776   0.01348   0.07903   0.02899   0.09012   0.12190   0.03270   0.24081   0.00309   0.21929   0.02695   0.04174   0.05090   0.07500   0.04483   0.08366   0.17157   0.01575   0.18826   0.08921   6.09466   1.79669   1.08683   1.65073   1.21179  
 38  6.8081   2074.772929  x:  0.07057   0.00000   0.14882   0.02420   0.04757   0.01427   0.07858   0.02873   0.09016   0.12252   0.03248   0.24113   0.00317   0.22034   0.02705   0.04173   0.05089   0.07481   0.04453   0.08317   0.17158   0.01571   0.18862   0.08918   6.09641   1.79700   1.08642   1.65071   1.21265  
 39 10.3514   2074.760645  x:  0.07056   0.00000   0.14856   0.02492   0.04634   0.01397   0.07872   0.02835   0.09029   0.12444   0.03384   0.24183   0.00288   0.22252   0.02720   0.04187   0.05078   0.07507   0.04453   0.08298   0.17086   0.01555   0.18908   0.08917   6.10312   1.79812   1.08497   1.65059   1.21587  
 40  9.5181   2074.738504  x:  0.07065   0.00000   0.14797   0.02334   0.04624   0.01399   0.08010   0.02957   0.09037   0.12631   0.03363   0.24256   0.00277   0.22464   0.02678   0.04197   0.05078   0.07581   0.04531   0.08401   0.16926   0.01554   0.18918   0.08926   6.11711   1.80030   1.08224   1.65031   1.22246  
 41 18.4863   2074.686799  x:  0.07083   0.00000   0.14708   0.02502   0.04895   0.01375   0.08168   0.02785   0.09032   0.12673   0.03149   0.24319   0.00274   0.22613   0.02711   0.04190   0.05087   0.07622   0.04546   0.08608   0.16654   0.01539   0.18848   0.08944   6.15233   1.80542   1.07610   1.64954   1.23869  
 42 38.1701   2074.537508  x:  0.07065   0.00000   0.14711   0.02377   0.04941   0.01387   0.07922   0.02896   0.08986   0.12068   0.03435   0.24266   0.00306   0.22351   0.02813   0.04175   0.05052   0.07386   0.04220   0.08545   0.16391   0.01530   0.18576   0.08926   6.25768   1.81956   1.06019   1.64707   1.28588  
 43 72.2014   2074.466721  x:  0.07049   0.00000   0.14783   0.02447   0.04613   0.01381   0.07813   0.02863   0.08978   0.11910   0.03244   0.24178   0.00297   0.22069   0.02640   0.04189   0.05068   0.07435   0.04540   0.08338   0.16587   0.01555   0.18537   0.08910   6.30853   1.82534   1.05449   1.64593   1.30736  
 44 98.3020   2074.405513  x:  0.07050   0.00000   0.14951   0.02441   0.04709   0.01364   0.07948   0.02913   0.09056   0.12241   0.03237   0.24029   0.00324   0.21689   0.02881   0.04191   0.05083   0.07643   0.04527   0.08218   0.17243   0.01532   0.18730   0.08911   6.35553   1.82816   1.05401   1.64510   1.32397  
 45 44.2449   2074.371799  x:  0.07057   0.00000   0.15007   0.02411   0.04789   0.01364   0.07981   0.02837   0.09074   0.12428   0.03298   0.23965   0.00282   0.21546   0.02596   0.04142   0.05072   0.07610   0.04400   0.08290   0.17507   0.01585   0.18856   0.08918   6.38171   1.82849   1.05606   1.64475   1.33152  
 46 50.8732   2074.258487  x:  0.07090   0.00000   0.14935   0.02431   0.04674   0.01368   0.07805   0.02883   0.08953   0.12622   0.03276   0.23901   0.00273   0.21493   0.02717   0.04159   0.05043   0.07014   0.04573   0.08834   0.17630   0.01561   0.19203   0.08951   6.47551   1.82474   1.07213   1.64415   1.35139  
 47 43.2442   2074.007369  x:  0.07096   0.00000   0.14699   0.02437   0.04741   0.01381   0.07752   0.02892   0.08970   0.12264   0.03304   0.24003   0.00246   0.21844   0.02719   0.04236   0.05112   0.07753   0.04488   0.08478   0.17053   0.01538   0.19428   0.08957   6.69168   1.81311   1.11276   1.64405   1.39008  
 48 111.0269   2073.957529  x:  0.07102   0.00000   0.14925   0.02437   0.04754   0.01375   0.08154   0.02874   0.09135   0.12243   0.03293   0.24139   0.00263   0.22001   0.02727   0.04130   0.05035   0.07455   0.04523   0.08182   0.17062   0.01543   0.19014   0.08963   6.73543   1.81100   1.11757   1.64570   1.39282  
 49 38.2103   2073.879500  x:  0.07101   0.00000   0.15344   0.02449   0.04742   0.01368   0.08006   0.02892   0.09151   0.12348   0.03255   0.24391   0.00320   0.22217   0.02689   0.04474   0.05268   0.07502   0.04464   0.08364   0.17289   0.01521   0.18153   0.08961   6.80700   1.80854   1.11878   1.65112   1.38891  
 50 36.6476   2073.774769  x:  0.07095   0.00000   0.15496   0.02440   0.04749   0.01370   0.07694   0.02899   0.09019   0.12429   0.03264   0.24558   0.00345   0.22333   0.02748   0.03940   0.04975   0.07728   0.04537   0.08582   0.17455   0.01557   0.17641   0.08956   6.90225   1.80619   1.11644   1.65951   1.37894  
 51 79.8162   2073.170565  x:  0.07095   0.00000   0.14396   0.02450   0.04802   0.01395   0.07969   0.02868   0.08630   0.12292   0.03304   0.24548   0.00360   0.21983   0.02672   0.04461   0.04577   0.07558   0.04514   0.08294   0.17429   0.01521   0.18446   0.08955   7.47390   1.79667   1.08961   1.71177   1.30372  
 52 134.8130   2073.077592  x:  0.07100   0.00000   0.14425   0.02452   0.04717   0.01390   0.07997   0.02867   0.08889   0.12252   0.03303   0.24449   0.00346   0.21922   0.02706   0.04140   0.05211   0.07512   0.04477   0.08320   0.17288   0.01534   0.18714   0.08961   7.56323   1.79623   1.08544   1.71859   1.29126  
 53 194.2383   2073.040345  x:  0.07104   0.00000   0.14924   0.02453   0.04718   0.01370   0.07889   0.02880   0.09296   0.12251   0.03254   0.24226   0.00330   0.21919   0.02705   0.04205   0.05059   0.07542   0.04486   0.08397   0.17027   0.01524   0.18960   0.08965   7.59900   1.79894   1.08441   1.71726   1.28483  
 54 30.3860   2072.998451  x:  0.07079   0.00000   0.15360   0.02451   0.04739   0.01378   0.07972   0.02867   0.08820   0.12297   0.03252   0.23915   0.00324   0.22001   0.02714   0.04192   0.05117   0.07544   0.04482   0.08330   0.16859   0.01520   0.19055   0.08939   7.63931   1.80725   1.08478   1.70801   1.27526  
 55 17.9377   2072.914844  x:  0.07115   0.00000   0.14836   0.02456   0.04732   0.01377   0.07954   0.02868   0.09078   0.12278   0.03266   0.23779   0.00362   0.22166   0.02718   0.04199   0.05100   0.07543   0.04482   0.08370   0.17104   0.01522   0.18780   0.08975   7.72092   1.82870   1.08696   1.68173   1.25388  
 56 28.9740   2072.907508  x:  0.07066   0.00000   0.14886   0.02456   0.04733   0.01377   0.07957   0.02867   0.09069   0.12279   0.03263   0.24209   0.00364   0.22013   0.02719   0.04197   0.05100   0.07545   0.04482   0.08376   0.17076   0.01525   0.18865   0.08927   7.72847   1.83041   1.08701   1.67872   1.25197  
 57  5.4982   2072.907162  x:  0.07109   0.00000   0.14892   0.02456   0.04732   0.01377   0.07954   0.02867   0.09065   0.12279   0.03263   0.24232   0.00363   0.22005   0.02719   0.04197   0.05101   0.07546   0.04482   0.08372   0.17074   0.01525   0.18871   0.08970   7.72895   1.83029   1.08691   1.67844   1.25192  
 58  1.1365   2072.896292  x:  0.07102   0.00000   0.14903   0.02456   0.04738   0.01378   0.07960   0.02864   0.09063   0.12295   0.03266   0.24221   0.00358   0.22032   0.02721   0.04198   0.05101   0.07546   0.04485   0.08387   0.17086   0.01523   0.18884   0.08963   7.75678   1.80655   1.07503   1.65641   1.25488  
 59  0.5812   2072.848394  x:  0.07112   0.00000   0.14943   0.02441   0.04738   0.01371   0.07956   0.02854   0.09077   0.12328   0.03259   0.24246   0.00350   0.22024   0.02715   0.04185   0.05104   0.07528   0.04499   0.08417   0.17146   0.01498   0.18876   0.08972   7.98178   1.82163   1.08590   1.66364   1.29736  
 60  0.3358   2072.845862  x:  0.07112   0.00000   0.14939   0.02442   0.04743   0.01372   0.07945   0.02855   0.09062   0.12326   0.03262   0.24258   0.00357   0.22028   0.02718   0.04188   0.05090   0.07530   0.04499   0.08417   0.17144   0.01499   0.18828   0.08972   8.03872   1.81985   1.08462   1.66661   1.29203  
 61  0.0499   2072.845854  x:  0.07112   0.00000   0.14938   0.02443   0.04742   0.01372   0.07946   0.02856   0.09063   0.12326   0.03261   0.24258   0.00358   0.22028   0.02718   0.04188   0.05089   0.07531   0.04498   0.08416   0.17143   0.01499   0.18832   0.08972   8.04045   1.82004   1.08468   1.66634   1.29191  
 62  0.0017   2072.845854  x:  0.07112   0.00000   0.14938   0.02443   0.04742   0.01372   0.07946   0.02856   0.09063   0.12326   0.03261   0.24258   0.00358   0.22028   0.02718   0.04188   0.05089   0.07531   0.04498   0.08416   0.17143   0.01500   0.18833   0.08972   8.04048   1.82004   1.08469   1.66635   1.29192  
 63  0.0000   2072.845854  x:  0.07112   0.00000   0.14938   0.02443   0.04742   0.01372   0.07946   0.02856   0.09063   0.12325   0.03261   0.24258   0.00358   0.22028   0.02718   0.04188   0.05089   0.07531   0.04498   0.08416   0.17143   0.01500   0.18833   0.08972   8.04048   1.82004   1.08469   1.66635   1.29192  
 64  0.0000   2072.845854  x:  0.07112   0.00000   0.14938   0.02443   0.04742   0.01372   0.07946   0.02856   0.09063   0.12325   0.03261   0.24258   0.00358   0.22028   0.02718   0.04188   0.05089   0.07531   0.04498   0.08416   0.17143   0.01500   0.18833   0.08972   8.04048   1.82004   1.08469   1.66635   1.29192  