

TREE # 1

  0  0.0000   2154.240509  x:  0.05831   0.01526   0.13728   0.00000   0.07450   0.08125   0.04279   0.04105   0.07360   0.08293   0.06675   0.12798   0.01885   0.07260   0.05081   0.05503   0.06525   0.04187   0.05000   0.05249   0.10187   0.05611   0.10729   0.07693   2.00000   1.54970   1.03934   1.55442   0.40000  
  1 99.0000   2154.239690  x:  0.05831   0.01526   0.13728   0.00000   0.07450   0.08125   0.04279   0.04105   0.07360   0.08293   0.06675   0.12798   0.01885   0.07260   0.05081   0.05503   0.06525   0.04187   0.05000   0.05249   0.10187   0.05611   0.10729   0.07693   2.00000   1.54970   1.03934   1.55442   0.40000  
  2 373.0153   2150.180814  x:  0.05931   0.01369   0.14382   0.00000   0.06847   0.08041   0.04241   0.03753   0.06668   0.08774   0.06008   0.13431   0.00459   0.07310   0.05099   0.04310   0.06304   0.04272   0.04566   0.05344   0.10233   0.05593   0.11267   0.07793   2.00483   1.54882   1.03993   1.55452   0.41319  
  3 336.0780   2143.648842  x:  0.05004   0.01630   0.15973   0.00000   0.05135   0.08083   0.04437   0.03398   0.04788   0.08885   0.04204   0.14663   0.00872   0.05579   0.04688   0.00819   0.05930   0.04498   0.03693   0.05615   0.10391   0.04431   0.11618   0.06866   2.02097   1.54579   1.04218   1.55473   0.45096  
  4 339.4539   2140.922273  x:  0.04490   0.01569   0.17305   0.00000   0.04019   0.08449   0.04707   0.04226   0.04261   0.07793   0.03280   0.14904   0.00981   0.05951   0.04864   0.02342   0.06358   0.04989   0.03495   0.06349   0.10796   0.05303   0.10331   0.06351   2.05344   1.54006   1.04640   1.55537   0.50581  
  5 107.3922   2137.817535  x:  0.05459   0.01488   0.18031   0.00000   0.05401   0.08932   0.04665   0.05016   0.05922   0.07522   0.04974   0.14012   0.01013   0.05927   0.04710   0.01886   0.06878   0.04607   0.04493   0.06095   0.11030   0.04589   0.08934   0.07319   2.11541   1.52963   1.05464   1.55630   0.58324  
  6 147.7075   2136.017544  x:  0.04361   0.01757   0.16658   0.00000   0.06382   0.08887   0.04404   0.04767   0.06481   0.08207   0.05515   0.12753   0.01036   0.05788   0.04831   0.02170   0.06819   0.04205   0.04711   0.05345   0.10768   0.05233   0.10506   0.06220   2.17191   1.52104   1.06225   1.55660   0.61843  
  7 111.2227   2133.553641  x:  0.05171   0.02008   0.13081   0.00000   0.06235   0.08418   0.04496   0.03862   0.05691   0.07518   0.04820   0.11722   0.01012   0.05539   0.04641   0.02925   0.06320   0.04637   0.04329   0.05246   0.10109   0.04208   0.11325   0.07028   2.28029   1.50629   1.07601   1.55664   0.64036  
  8 116.7163   2129.122131  x:  0.04934   0.01742   0.10063   0.00000   0.05898   0.07950   0.04832   0.03744   0.05087   0.07727   0.05180   0.12811   0.00975   0.06433   0.04659   0.01306   0.05937   0.04263   0.04440   0.05877   0.09532   0.05959   0.08999   0.06786   2.51288   1.47755   1.10262   1.55670   0.63967  
  9 193.6041   2112.492360  x:  0.04876   0.01781   0.15498   0.00000   0.05256   0.07525   0.04327   0.04843   0.05593   0.10593   0.06838   0.18250   0.01054   0.05231   0.05884   0.03646   0.06512   0.05188   0.03715   0.07243   0.10254   0.03926   0.09946   0.06707   3.56832   1.35559   1.21229   1.55790   0.58151  
 10 512.7987   2107.455912  x:  0.05276   0.01462   0.18574   0.00000   0.05378   0.08613   0.04510   0.04812   0.05966   0.07462   0.05270   0.16589   0.00961   0.06387   0.04148   0.02437   0.06791   0.04723   0.04227   0.05639   0.10929   0.05141   0.11276   0.07101   3.84877   1.33229   1.23081   1.55864   0.55988  
 11 511.2516   2106.202792  x:  0.05417   0.01090   0.19584   0.00000   0.05464   0.09090   0.04518   0.04418   0.05851   0.08029   0.03888   0.14283   0.00979   0.06447   0.05513   0.02044   0.06761   0.04551   0.04245   0.05445   0.11220   0.05175   0.10494   0.07240   3.92257   1.33813   1.22201   1.55960   0.55395  
 12 136.4008   2105.330078  x:  0.05468   0.02098   0.20223   0.00000   0.05087   0.09150   0.04452   0.03982   0.05490   0.08849   0.04117   0.12771   0.00926   0.06729   0.04571   0.02014   0.06563   0.04771   0.03984   0.06110   0.11322   0.05294   0.10043   0.07289   3.97798   1.35849   1.19701   1.56140   0.55187  
 13 81.9476   2102.723652  x:  0.05401   0.00428   0.20566   0.00000   0.04618   0.08664   0.04522   0.03882   0.05159   0.08289   0.05330   0.12447   0.01018   0.06364   0.04546   0.01943   0.06162   0.04872   0.03670   0.06691   0.11170   0.05448   0.10537   0.07216   4.12720   1.43983   1.09854   1.56819   0.55194  
 14 121.5021   2100.970837  x:  0.05445   0.01749   0.20537   0.00000   0.04934   0.08392   0.04602   0.04142   0.05332   0.07540   0.05139   0.13458   0.00906   0.06494   0.05551   0.01815   0.06142   0.04659   0.03864   0.06244   0.11040   0.05430   0.10835   0.07255   4.25136   1.51062   1.01312   1.57397   0.55270  
 15 455.7042   2100.457801  x:  0.05366   0.01488   0.20299   0.00000   0.05315   0.08592   0.04496   0.04293   0.05588   0.08115   0.04178   0.14096   0.00925   0.06662   0.04809   0.02073   0.06463   0.04616   0.04125   0.05630   0.11095   0.05114   0.10588   0.07174   4.28302   1.53000   0.99131   1.57533   0.55334  
 16 116.1451   2100.403202  x:  0.05484   0.01516   0.20211   0.00000   0.05178   0.08905   0.04375   0.04196   0.05659   0.08191   0.04160   0.14182   0.00929   0.06363   0.04780   0.02106   0.06634   0.04573   0.04124   0.05580   0.11208   0.05341   0.10612   0.07292   4.28528   1.53315   0.99186   1.57508   0.55360  
 17  8.8534   2100.192746  x:  0.05387   0.01496   0.19927   0.00000   0.04784   0.09993   0.04272   0.03934   0.05764   0.08201   0.04391   0.14341   0.00924   0.06758   0.04940   0.02010   0.07046   0.04562   0.04047   0.05650   0.11628   0.05024   0.10764   0.07191   4.29153   1.54732   1.00038   1.57343   0.55495  
 18 13.0728   2098.966342  x:  0.05646   0.01469   0.19838   0.00000   0.06292   0.11247   0.05490   0.04589   0.05151   0.08507   0.04214   0.14809   0.00946   0.06780   0.04970   0.01871   0.06342   0.05277   0.03559   0.06307   0.12211   0.05367   0.11363   0.07425   4.32359   1.63289   1.06299   1.56466   0.56481  
 19 31.0648   2096.347334  x:  0.05900   0.01471   0.20590   0.00000   0.05595   0.09020   0.03592   0.04089   0.05180   0.08610   0.03900   0.15342   0.01008   0.07141   0.04969   0.02237   0.05319   0.04092   0.04201   0.05511   0.11380   0.05335   0.11311   0.07630   4.38466   1.79453   1.18566   1.55509   0.58572  
 20 131.5606   2095.677778  x:  0.05976   0.01488   0.20733   0.00000   0.04938   0.07810   0.04443   0.03728   0.05827   0.08838   0.03841   0.15297   0.01012   0.07212   0.05046   0.02033   0.06506   0.04765   0.04345   0.05098   0.10880   0.05482   0.11458   0.07692   4.40017   1.83045   1.21370   1.56047   0.59102  
 21 93.0197   2094.579234  x:  0.06149   0.01457   0.20700   0.00000   0.05425   0.07094   0.04024   0.04004   0.06103   0.08798   0.03299   0.15305   0.01020   0.07418   0.04982   0.01722   0.08156   0.03814   0.03162   0.06335   0.10360   0.05494   0.11942   0.07842   4.42097   1.85218   1.23444   1.60553   0.59865  
 22 27.0455   2089.331366  x:  0.06750   0.01330   0.20960   0.00000   0.06066   0.06820   0.01853   0.03838   0.04272   0.09457   0.03432   0.16091   0.01114   0.08263   0.05438   0.01147   0.08732   0.05919   0.03861   0.06016   0.09560   0.06007   0.12914   0.08338   4.51199   1.91822   1.30644   1.84027   0.63372  
 23 121.0707   2082.511442  x:  0.07813   0.01253   0.21597   0.00000   0.04851   0.06958   0.04181   0.02182   0.03218   0.11226   0.03722   0.17750   0.01299   0.09152   0.05620   0.01834   0.06274   0.03819   0.04204   0.04513   0.09254   0.06281   0.14152   0.09248   4.64412   2.00796   1.40683   2.18457   0.68653  
 24 682.8476   2081.212307  x:  0.07970   0.01258   0.21376   0.00000   0.03939   0.06873   0.04160   0.02691   0.04903   0.11548   0.03248   0.17925   0.01315   0.09332   0.05630   0.01587   0.04711   0.04219   0.03757   0.04677   0.09713   0.06383   0.14551   0.09375   4.66877   2.02279   1.42395   2.24665   0.69614  
 25 250.9087   2081.085802  x:  0.07935   0.01245   0.21349   0.00000   0.04129   0.06571   0.04116   0.02262   0.05017   0.11463   0.03226   0.18020   0.01323   0.09325   0.05626   0.01591   0.04654   0.04306   0.03627   0.04720   0.10413   0.06413   0.14483   0.09337   4.67090   2.02038   1.42237   2.24589   0.69724  
 26 15.6712   2080.847956  x:  0.08032   0.01255   0.21143   0.00000   0.03957   0.06062   0.04100   0.02746   0.04701   0.11616   0.03340   0.17910   0.01320   0.09380   0.05639   0.01520   0.04817   0.04162   0.03612   0.04506   0.11594   0.06413   0.14619   0.09429   4.67499   2.01020   1.41470   2.23454   0.69908  
 27 24.0597   2076.364969  x:  0.08850   0.00862   0.20969   0.00000   0.03356   0.05543   0.04308   0.02482   0.04327   0.12903   0.02599   0.18363   0.01416   0.10082   0.05922   0.00997   0.04744   0.03821   0.07235   0.08049   0.12279   0.06795   0.17103   0.10130   4.75429   1.74329   1.20754   1.89387   0.74007  
 28 43.6067   2069.754395  x:  0.09728   0.00512   0.21334   0.00000   0.03270   0.05873   0.03793   0.02247   0.03741   0.14139   0.03529   0.18934   0.01583   0.11190   0.06303   0.00675   0.04343   0.04541   0.03585   0.06841   0.10853   0.07403   0.17782   0.10867   4.84986   1.41831   0.95531   1.47682   0.78983  
 29 627.7686   2065.776158  x:  0.10292   0.00201   0.21609   0.00000   0.04600   0.07302   0.03758   0.02534   0.04391   0.14834   0.03330   0.20013   0.01832   0.12294   0.06371   0.01295   0.05641   0.05073   0.01597   0.06054   0.10764   0.07833   0.18836   0.11322   5.25258   1.51562   1.05277   1.57742   0.85361  
 30  0.6368   2064.069227  x:  0.10597   0.00043   0.22130   0.00000   0.05331   0.07953   0.03858   0.02600   0.04810   0.15263   0.03336   0.20810   0.02020   0.13083   0.06311   0.01530   0.05993   0.05077   0.03608   0.06031   0.10921   0.08121   0.19990   0.11555   5.64579   1.57194   1.11166   1.61653   0.90697  
 31  0.7963   2062.458909  x:  0.10911   0.00301   0.23559   0.00000   0.04321   0.07231   0.03710   0.02243   0.04514   0.15633   0.03237   0.21606   0.02219   0.14185   0.05877   0.00910   0.04978   0.04860   0.03074   0.05276   0.10378   0.08395   0.20664   0.11755   6.29353   1.60926   1.15779   1.65423   0.98297  
 32  0.5470   2061.780324  x:  0.10841   0.00212   0.23390   0.00000   0.04147   0.06737   0.03640   0.02501   0.04380   0.15655   0.03452   0.21838   0.02390   0.14617   0.05785   0.01639   0.05000   0.04821   0.02835   0.05888   0.10743   0.08367   0.20852   0.11656   6.70100   1.52817   1.10010   1.57544   1.01818  
 33  0.3954   2061.384848  x:  0.10461   0.00046   0.23030   0.00000   0.04425   0.07134   0.03822   0.02692   0.04383   0.15115   0.03299   0.21651   0.02454   0.14642   0.05818   0.01058   0.05541   0.05041   0.02640   0.06226   0.11277   0.08239   0.20415   0.11298   7.01161   1.51307   1.08200   1.58236   1.03545  
 34  0.3039   2061.107616  x:  0.09958   0.00100   0.22505   0.00000   0.04276   0.07026   0.03780   0.02478   0.04465   0.14482   0.03420   0.21260   0.02512   0.14329   0.05994   0.01215   0.05324   0.04843   0.02718   0.06001   0.10668   0.08023   0.19451   0.10843   7.32613   1.56360   1.10407   1.62920   1.04000  
 35  0.2045   2061.050375  x:  0.09963   0.00234   0.22205   0.00000   0.04379   0.07148   0.03768   0.02507   0.04372   0.14479   0.03256   0.21107   0.02519   0.14164   0.06030   0.01214   0.05216   0.04906   0.02809   0.05900   0.10740   0.08048   0.19226   0.10859   7.42734   1.54506   1.10385   1.60202   1.03784  
 36  0.0824   2061.019757  x:  0.10099   0.00238   0.21936   0.00000   0.04361   0.07078   0.03775   0.02505   0.04448   0.14693   0.03492   0.21117   0.02524   0.14010   0.06006   0.01170   0.05273   0.04921   0.02836   0.05983   0.10760   0.08150   0.19170   0.10996   7.50602   1.53809   1.10557   1.60144   1.03232  
 37  0.0496   2061.003663  x:  0.10234   0.00172   0.21847   0.00000   0.04320   0.07066   0.03770   0.02502   0.04418   0.14858   0.03366   0.21134   0.02517   0.13896   0.05966   0.01206   0.05254   0.04921   0.02829   0.05938   0.10760   0.08185   0.19179   0.11129   7.55716   1.54279   1.10311   1.60840   1.02568  
 38  0.0403   2061.000601  x:  0.10249   0.00197   0.21947   0.00000   0.04370   0.07070   0.03777   0.02503   0.04421   0.14858   0.03365   0.21132   0.02505   0.13863   0.05972   0.01184   0.05260   0.04902   0.02801   0.05962   0.10731   0.08169   0.19203   0.11146   7.57187   1.54690   1.10301   1.60769   1.02211  
 39  0.0104   2060.999174  x:  0.10241   0.00188   0.22030   0.00000   0.04354   0.07105   0.03772   0.02492   0.04422   0.14839   0.03370   0.21149   0.02494   0.13859   0.05981   0.01196   0.05264   0.04897   0.02790   0.05955   0.10754   0.08132   0.19249   0.11139   7.58510   1.54390   1.10319   1.60775   1.01954  
 40  0.0075   2060.998902  x:  0.10232   0.00178   0.22044   0.00000   0.04360   0.07078   0.03775   0.02500   0.04423   0.14830   0.03371   0.21164   0.02491   0.13865   0.05985   0.01196   0.05260   0.04914   0.02796   0.05953   0.10745   0.08123   0.19267   0.11131   7.58926   1.54389   1.10325   1.60745   1.01899  
 41  0.0039   2060.998828  x:  0.10227   0.00180   0.22034   0.00000   0.04352   0.07082   0.03773   0.02501   0.04425   0.14829   0.03372   0.21173   0.02487   0.13871   0.05984   0.01194   0.05263   0.04910   0.02804   0.05950   0.10752   0.08122   0.19281   0.11126   7.59087   1.54428   1.10305   1.60723   1.01879  
 42  0.0012   2060.998803  x:  0.10224   0.00183   0.22025   0.00000   0.04356   0.07082   0.03774   0.02501   0.04423   0.14831   0.03372   0.21177   0.02484   0.13877   0.05983   0.01194   0.05257   0.04908   0.02804   0.05951   0.10750   0.08125   0.19289   0.11123   7.59122   1.54413   1.10302   1.60755   1.01870  
 43  0.0003   2060.998791  x:  0.10223   0.00182   0.22020   0.00000   0.04356   0.07081   0.03774   0.02499   0.04423   0.14833   0.03371   0.21176   0.02481   0.13881   0.05983   0.01194   0.05261   0.04909   0.02801   0.05951   0.10746   0.08127   0.19292   0.11122   7.59117   1.54404   1.10304   1.60733   1.01864  
 44  0.0002   2060.998786  x:  0.10222   0.00182   0.22020   0.00000   0.04356   0.07082   0.03774   0.02500   0.04422   0.14832   0.03372   0.21172   0.02479   0.13883   0.05983   0.01195   0.05260   0.04909   0.02801   0.05951   0.10749   0.08129   0.19290   0.11122   7.59104   1.54419   1.10311   1.60741   1.01861  
 45  0.0002   2060.998784  x:  0.10223   0.00182   0.22023   0.00000   0.04356   0.07082   0.03774   0.02500   0.04424   0.14832   0.03371   0.21170   0.02477   0.13884   0.05983   0.01195   0.05261   0.04909   0.02802   0.05951   0.10749   0.08129   0.19288   0.11122   7.59115   1.54413   1.10307   1.60741   1.01862  
 46  0.0001   2060.998784  x:  0.10224   0.00182   0.22023   0.00000   0.04355   0.07082   0.03774   0.02500   0.04423   0.14832   0.03371   0.21171   0.02477   0.13884   0.05983   0.01195   0.05260   0.04909   0.02802   0.05951   0.10748   0.08129   0.19287   0.11123   7.59138   1.54413   1.10307   1.60739   1.01866  
 47  0.0001   2060.998784  x:  0.10224   0.00182   0.22023   0.00000   0.04356   0.07082   0.03774   0.02500   0.04423   0.14832   0.03371   0.21172   0.02477   0.13884   0.05983   0.01195   0.05261   0.04909   0.02802   0.05951   0.10749   0.08128   0.19287   0.11123   7.59137   1.54413   1.10307   1.60739   1.01867  
 48  0.0000   2060.998784  x:  0.10224   0.00182   0.22023   0.00000   0.04356   0.07082   0.03774   0.02500   0.04423   0.14832   0.03371   0.21172   0.02477   0.13884   0.05983   0.01195   0.05261   0.04909   0.02802   0.05951   0.10749   0.08128   0.19287   0.11123   7.59133   1.54413   1.10307   1.60740   1.01867  
 49  0.0000   2060.998784  x:  0.10224   0.00182   0.22023   0.00000   0.04356   0.07082   0.03774   0.02500   0.04423   0.14832   0.03371   0.21172   0.02476   0.13884   0.05983   0.01195   0.05260   0.04909   0.02802   0.05951   0.10749   0.08128   0.19287   0.11123   7.59131   1.54413   1.10307   1.60739   1.01867  
 50  0.0000   2060.998784  x:  0.10224   0.00182   0.22023   0.00000   0.04356   0.07082   0.03774   0.02500   0.04423   0.14832   0.03371   0.21172   0.02476   0.13884   0.05983   0.01195   0.05260   0.04909   0.02802   0.05951   0.10749   0.08128   0.19287   0.11123   7.59133   1.54413   1.10307   1.60740   1.01867  
 51  0.0000   2060.998784  x:  0.10224   0.00182   0.22023   0.00000   0.04356   0.07082   0.03774   0.02500   0.04423   0.14832   0.03371   0.21172   0.02476   0.13884   0.05983   0.01195   0.05260   0.04909   0.02802   0.05951   0.10749   0.08128   0.19287   0.11123   7.59133   1.54413   1.10307   1.60740   1.01867  