

TREE # 1

  0  0.0000   2321.570831  x:  0.20925   0.02571   0.03211   0.02495   0.05815   0.02188   0.05666   0.08536   0.02661   0.17168   0.20925   0.02571   0.03211   0.02495   0.05815   0.02188   0.05666   0.08536   0.02661   0.17168   0.21568   8.40433   1.59886   1.07716   1.37555   1.00000  
  1 99.0000   2252.582463  x:  0.20037   0.01487   0.06987   0.05789   0.12903   0.05309   0.07878   0.13573   0.03043   0.16225   0.19837   0.08658   0.22392   0.03469   0.08997   0.03606   0.06923   0.15032   0.16448   0.16265   0.22623   8.40463   1.59771   1.06952   1.38263   0.99908  
  2 953.1206   2245.896737  x:  0.18651   0.01181   0.06375   0.04223   0.14654   0.02791   0.08236   0.16671   0.03088   0.14815   0.16483   0.06349   0.22835   0.02149   0.10240   0.01319   0.06860   0.17021   0.16603   0.14854   0.24100   8.40528   1.59588   1.05764   1.39300   0.99740  
  3 148.7796   2242.980926  x:  0.17453   0.01468   0.05977   0.03523   0.15808   0.02017   0.08337   0.18879   0.03063   0.13647   0.13271   0.04352   0.22612   0.02444   0.10971   0.03255   0.06845   0.18519   0.16454   0.13679   0.25361   8.40595   1.59405   1.04567   1.40332   0.99567  
  4 248.4231   2241.167174  x:  0.16487   0.01410   0.05897   0.04117   0.16395   0.03913   0.08229   0.20239   0.02998   0.12839   0.10233   0.03348   0.21865   0.03082   0.11143   0.03014   0.06780   0.19636   0.16252   0.12848   0.26391   8.40670   1.59209   1.03281   1.41418   0.99376  
  5 176.1421   2239.867090  x:  0.15754   0.01343   0.06154   0.04933   0.16162   0.03388   0.07979   0.20573   0.03067   0.12710   0.06948   0.05350   0.20548   0.03439   0.10514   0.02973   0.06551   0.20662   0.16706   0.12661   0.27283   8.40799   1.58894   1.01223   1.43102   0.99057  
  6 80.5564   2239.025548  x:  0.15487   0.01498   0.06443   0.04207   0.15588   0.03713   0.07860   0.19862   0.03016   0.13438   0.05506   0.04985   0.19424   0.02513   0.09912   0.03120   0.06645   0.21276   0.18915   0.13536   0.27723   8.41012   1.58374   0.98181   1.45542   0.98553  
  7 48.1415   2238.651121  x:  0.15394   0.01147   0.06270   0.04187   0.15375   0.03427   0.07939   0.19472   0.03075   0.13706   0.05384   0.04526   0.18879   0.03381   0.09948   0.02925   0.06752   0.21497   0.20022   0.13841   0.27820   8.41166   1.57998   0.96226   1.47115   0.98201  
  8 70.7653   2238.480866  x:  0.15374   0.01704   0.06094   0.04502   0.15385   0.03313   0.08010   0.19371   0.03119   0.13661   0.05654   0.04432   0.18676   0.03510   0.10193   0.02814   0.06658   0.21544   0.20308   0.13760   0.27768   8.41283   1.57717   0.94975   1.48133   0.97949  
  9 53.7823   2238.186311  x:  0.15404   0.01333   0.05784   0.04913   0.15545   0.03369   0.08093   0.19301   0.03023   0.13337   0.06387   0.04598   0.18503   0.03059   0.10722   0.02995   0.06358   0.21478   0.20212   0.13313   0.27509   8.41539   1.57108   0.92613   1.50097   0.97425  
 10 60.6482   2237.989866  x:  0.15605   0.01403   0.06172   0.04252   0.15697   0.03535   0.07987   0.19326   0.03118   0.13059   0.06750   0.04896   0.18908   0.03216   0.10653   0.02948   0.06577   0.21211   0.19503   0.12990   0.27116   8.41807   1.56491   0.90834   1.51695   0.96925  
 11 36.9251   2237.908855  x:  0.15751   0.01379   0.06295   0.04529   0.15680   0.03380   0.07952   0.19295   0.02992   0.13118   0.06634   0.04628   0.19514   0.03152   0.10231   0.02930   0.06680   0.20916   0.18955   0.13147   0.26863   8.42018   1.56043   0.90148   1.52495   0.96592  
 12 20.6725   2237.892172  x:  0.15721   0.01379   0.06099   0.04493   0.15633   0.03406   0.07953   0.19298   0.03168   0.13207   0.06560   0.04631   0.19706   0.03154   0.10218   0.02932   0.06558   0.20801   0.18827   0.13268   0.26834   8.42136   1.55828   0.90102   1.52717   0.96440  
 13  9.3534   2237.881530  x:  0.15631   0.01402   0.06001   0.04429   0.15575   0.03429   0.07975   0.19316   0.03015   0.13283   0.06523   0.04674   0.19799   0.03185   0.10299   0.02924   0.06497   0.20699   0.18771   0.13353   0.26850   8.42287   1.55579   0.90174   1.52903   0.96266  
 14  8.0336   2237.860439  x:  0.15414   0.01383   0.06169   0.04481   0.15452   0.03420   0.08034   0.19386   0.03093   0.13360   0.06541   0.04686   0.19799   0.03152   0.10501   0.02931   0.06623   0.20488   0.18759   0.13420   0.26961   8.42788   1.54832   0.90549   1.53364   0.95734  
 15  8.0556   2237.838778  x:  0.15491   0.01388   0.06114   0.04473   0.15558   0.03414   0.07908   0.19403   0.03080   0.13234   0.06650   0.04691   0.19708   0.03159   0.10249   0.02926   0.06573   0.20489   0.18910   0.13286   0.27063   8.43515   1.53938   0.91069   1.53847   0.95066  
 16  8.8295   2237.831994  x:  0.15719   0.01391   0.06101   0.04466   0.15618   0.03424   0.08053   0.19321   0.03074   0.13239   0.06598   0.04696   0.19659   0.03157   0.10305   0.02928   0.06596   0.20647   0.18880   0.13303   0.27012   8.43918   1.53696   0.91204   1.53938   0.94833  
 17  4.4735   2237.825711  x:  0.15757   0.01387   0.06141   0.04479   0.15597   0.03413   0.07874   0.19271   0.03074   0.13292   0.06598   0.04674   0.19659   0.03161   0.10404   0.02926   0.06568   0.20869   0.18830   0.13346   0.26901   8.44575   1.53599   0.91222   1.53893   0.94630  
 18  3.2211   2237.800529  x:  0.15397   0.01390   0.06102   0.04467   0.15470   0.03431   0.08035   0.19261   0.03085   0.13360   0.06740   0.04683   0.19642   0.03152   0.10224   0.02926   0.06621   0.21333   0.18740   0.13375   0.26582   8.47767   1.53478   0.91049   1.53460   0.93913  
 19  7.2694   2237.659377  x:  0.15554   0.01374   0.06335   0.04455   0.15532   0.03387   0.08081   0.19222   0.03082   0.13154   0.06513   0.04681   0.19598   0.03175   0.10299   0.02870   0.06257   0.20572   0.19097   0.13440   0.26384   8.66553   1.53257   0.89679   1.50774   0.90698  
 20 20.8719   2237.617227  x:  0.15667   0.01381   0.06053   0.04482   0.15565   0.03402   0.07927   0.19206   0.03069   0.13248   0.06483   0.04764   0.19617   0.03113   0.10337   0.02866   0.06704   0.20390   0.19151   0.13390   0.26522   8.72343   1.53135   0.89289   1.50061   0.90011  
 21 75.9556   2237.505915  x:  0.15944   0.01365   0.06211   0.04479   0.15442   0.03410   0.07996   0.19103   0.03067   0.14051   0.06892   0.04783   0.19791   0.03122   0.10187   0.02840   0.06540   0.20603   0.18865   0.13167   0.27759   8.88228   1.52272   0.88627   1.49067   0.90485  
 22 30.5740   2237.238288  x:  0.15933   0.01359   0.06209   0.04457   0.15117   0.03395   0.07982   0.18322   0.03080   0.12931   0.07206   0.04910   0.20032   0.03063   0.10201   0.02746   0.06638   0.20779   0.18757   0.14165   0.28390   9.26202   1.49783   0.87728   1.47523   0.93498  
 23 85.7883   2236.938598  x:  0.15919   0.01347   0.06214   0.04467   0.15370   0.03356   0.07984   0.18277   0.03093   0.13709   0.06839   0.04982   0.19783   0.03027   0.10234   0.02645   0.06628   0.20120   0.19342   0.13547   0.26493   9.68775   1.47094   0.87226   1.46370   0.97533  
 24 142.6004   2236.917164  x:  0.16135   0.01336   0.06216   0.04491   0.15262   0.03386   0.07976   0.18824   0.03080   0.13760   0.06958   0.05046   0.19661   0.03036   0.10173   0.02659   0.06638   0.20114   0.19386   0.13815   0.26361   9.71905   1.47325   0.87368   1.46641   0.97729  
 25 16.2601   2236.759599  x:  0.16318   0.01337   0.06184   0.04457   0.14662   0.03362   0.07990   0.18485   0.03072   0.13637   0.07111   0.05046   0.20016   0.02994   0.10166   0.02585   0.06635   0.19940   0.19352   0.13501   0.26218   9.95773   1.53600   0.90799   1.52201   0.97973  
 26 11.4374   2236.733549  x:  0.16159   0.01336   0.06230   0.04469   0.15224   0.03358   0.07969   0.18362   0.03079   0.13768   0.07202   0.05096   0.19925   0.02995   0.10136   0.02581   0.06642   0.19878   0.19244   0.13773   0.26232   9.99731   1.54673   0.91368   1.53148   0.98002  
 27 34.6947   2236.685978  x:  0.15967   0.01338   0.06209   0.04489   0.15347   0.03340   0.07986   0.18765   0.03086   0.13580   0.07011   0.05098   0.19863   0.02965   0.10210   0.02460   0.06594   0.20321   0.19098   0.13633   0.26623  10.25401   1.54381   0.90992   1.53393   0.97645  
 28  0.2363   2236.683323  x:  0.15997   0.01336   0.06219   0.04479   0.15333   0.03354   0.07991   0.18701   0.03084   0.13610   0.07015   0.05085   0.19913   0.02963   0.10200   0.02478   0.06599   0.20256   0.19178   0.13676   0.26573  10.32338   1.54171   0.90867   1.53002   0.97455  
 29  0.0512   2236.682980  x:  0.15992   0.01338   0.06217   0.04488   0.15351   0.03352   0.07987   0.18719   0.03085   0.13607   0.07000   0.05084   0.19962   0.02977   0.10205   0.02495   0.06603   0.20275   0.19205   0.13659   0.26585  10.33004   1.54165   0.90868   1.53052   0.97503  
 30  0.0028   2236.682831  x:  0.15993   0.01336   0.06223   0.04484   0.15355   0.03354   0.07993   0.18721   0.03085   0.13606   0.06998   0.05085   0.20005   0.02970   0.10206   0.02488   0.06601   0.20277   0.19240   0.13669   0.26581  10.32276   1.54165   0.90872   1.53033   0.97501  
 31  0.0032   2236.682827  x:  0.15993   0.01336   0.06222   0.04486   0.15356   0.03354   0.07991   0.18722   0.03085   0.13608   0.06995   0.05088   0.20005   0.02970   0.10206   0.02486   0.06602   0.20277   0.19242   0.13667   0.26580  10.32276   1.54157   0.90869   1.53025   0.97493  
 32  0.0001   2236.682827  x:  0.15993   0.01336   0.06222   0.04486   0.15356   0.03354   0.07991   0.18722   0.03085   0.13608   0.06995   0.05089   0.20005   0.02970   0.10206   0.02486   0.06602   0.20277   0.19242   0.13667   0.26580  10.32275   1.54157   0.90869   1.53025   0.97493  
 33  0.0000   2236.682827  x:  0.15993   0.01336   0.06222   0.04486   0.15356   0.03354   0.07991   0.18722   0.03085   0.13608   0.06995   0.05089   0.20005   0.02970   0.10206   0.02486   0.06602   0.20277   0.19242   0.13667   0.26580  10.32275   1.54157   0.90869   1.53025   0.97493  
 34  0.0000   2236.682827  x:  0.15993   0.01336   0.06222   0.04486   0.15356   0.03354   0.07991   0.18722   0.03085   0.13608   0.06995   0.05089   0.20005   0.02970   0.10206   0.02486   0.06602   0.20277   0.19242   0.13667   0.26580  10.32275   1.54157   0.90869   1.53025   0.97493  