

TREE # 1

  0  0.0000   2300.591598  x:  0.07811   0.00794   0.11245   0.00091   0.09966   0.06261   0.06972   0.07061   0.08251   0.08979   0.08268   0.13439   0.00000   0.07855   0.02683   0.06234   0.06687   0.06082   0.05080   0.04965   0.11035   0.05529   0.13439   0.09674   2.00000   1.63253   1.03238   1.47048   0.40000  
  1 99.0000   2300.585253  x:  0.07812   0.00794   0.11245   0.00092   0.09966   0.06260   0.06972   0.07061   0.08251   0.08979   0.08268   0.13440   0.00000   0.07855   0.02683   0.06234   0.06687   0.06082   0.05080   0.04965   0.11035   0.05529   0.13439   0.09674   2.00000   1.63253   1.03238   1.47048   0.40000  
  2 920.0304   2278.653420  x:  0.09171   0.00000   0.13505   0.00002   0.08966   0.04659   0.08278   0.07107   0.07808   0.11998   0.08399   0.13994   0.00000   0.12472   0.04765   0.05452   0.05171   0.07567   0.03376   0.05950   0.11501   0.05327   0.14640   0.11033   2.01092   1.62990   1.03259   1.47268   0.41810  
  3 452.5239   2278.519247  x:  0.09179   0.00041   0.13526   0.00000   0.08954   0.04645   0.08282   0.07107   0.07806   0.12013   0.08395   0.14002   0.00000   0.12484   0.04750   0.05440   0.05152   0.07569   0.03367   0.05953   0.11504   0.05318   0.14650   0.11041   2.01111   1.62986   1.03260   1.47271   0.41834  
  4 262.0475   2277.816561  x:  0.09225   0.00000   0.13685   0.00001   0.08834   0.04540   0.08290   0.07101   0.07795   0.12074   0.08367   0.14036   0.00000   0.12460   0.04501   0.05322   0.04988   0.07544   0.03324   0.05959   0.11535   0.05214   0.14719   0.11087   2.01309   1.62939   1.03271   1.47302   0.42075  
  5 269.8527   2277.816561  x:  0.09225   0.00000   0.13685   0.00001   0.08834   0.04540   0.08290   0.07101   0.07795   0.12074   0.08367   0.14036   0.00000   0.12460   0.04501   0.05322   0.04988   0.07544   0.03324   0.05959   0.11535   0.05214   0.14719   0.11087   2.01309   1.62939   1.03271   1.47302   0.42075  
  6 109.8493   2270.964521  x:  0.09365   0.00367   0.14023   0.04008   0.08734   0.04354   0.08392   0.07113   0.07764   0.12408   0.08449   0.14117   0.00000   0.12828   0.04551   0.05196   0.04778   0.07653   0.03162   0.06043   0.11590   0.05143   0.14858   0.11228   2.01511   1.62890   1.03279   1.47341   0.42360  
  7 1033.2863   2266.972098  x:  0.09732   0.00000   0.14763   0.04014   0.08273   0.03858   0.08708   0.07092   0.07630   0.13159   0.08311   0.14314   0.00000   0.13821   0.04683   0.04849   0.04205   0.07942   0.02757   0.06267   0.11743   0.04944   0.15242   0.11594   2.02098   1.62750   1.03314   1.47439   0.43150  
  8 202.3986   2260.999302  x:  0.11100   0.05198   0.18376   0.03238   0.05965   0.03045   0.09684   0.06960   0.07312   0.16072   0.07457   0.15532   0.00000   0.17724   0.05171   0.03600   0.02570   0.08693   0.03328   0.06928   0.12394   0.04026   0.16847   0.12962   2.05997   1.61841   1.03604   1.48024   0.47483  
  9 312.5403   2257.507042  x:  0.11153   0.05122   0.20669   0.03210   0.04857   0.05643   0.09468   0.06804   0.07911   0.17435   0.06667   0.15332   0.00000   0.19256   0.05321   0.04998   0.06196   0.08144   0.03393   0.06720   0.12603   0.04363   0.17625   0.13015   2.12962   1.60307   1.04174   1.48843   0.52993  
 10 109.2303   2248.869789  x:  0.09288   0.04611   0.22303   0.03201   0.07560   0.04487   0.07768   0.06738   0.09003   0.16413   0.06787   0.13482   0.00000   0.17331   0.02498   0.04230   0.05046   0.06586   0.04189   0.04288   0.12491   0.04664   0.16994   0.11151   2.35948   1.55416   1.06290   1.51108   0.65967  
 11 144.9761   2241.985297  x:  0.08209   0.04550   0.21373   0.03209   0.08777   0.03266   0.07620   0.07137   0.08875   0.13911   0.07646   0.12233   0.00000   0.13857   0.07163   0.04412   0.03726   0.07270   0.04247   0.06452   0.12479   0.05158   0.15584   0.10071   2.61120   1.50351   1.08469   1.53383   0.77056  
 12 421.0246   2235.556738  x:  0.10418   0.04701   0.16350   0.03306   0.07299   0.05148   0.09983   0.07473   0.06995   0.11918   0.08513   0.13756   0.00000   0.12063   0.05191   0.04451   0.02945   0.09108   0.02960   0.07648   0.11677   0.04078   0.14490   0.12280   2.84794   1.46460   1.09993   1.55038   0.81599  
 13 240.9707   2230.081158  x:  0.11157   0.04485   0.11272   0.03414   0.06220   0.02830   0.09730   0.06950   0.06813   0.13009   0.08753   0.15792   0.00000   0.14151   0.05278   0.04247   0.04457   0.08627   0.04569   0.06942   0.11432   0.05576   0.14959   0.13019   3.07289   1.43905   1.10741   1.56065   0.79965  
 14 219.0575   2217.517552  x:  0.10305   0.04286   0.11440   0.03369   0.07370   0.06583   0.07365   0.07044   0.09166   0.16282   0.08416   0.19494   0.00000   0.17255   0.07092   0.04587   0.01849   0.06684   0.02791   0.05648   0.12658   0.04220   0.17696   0.12167   3.66213   1.39591   1.11255   1.57705   0.65475  
 15 291.7528   2208.900623  x:  0.09739   0.04098   0.16723   0.03316   0.07916   0.05034   0.08316   0.07623   0.08885   0.16840   0.07965   0.20085   0.00000   0.17297   0.05697   0.03212   0.04877   0.08316   0.03105   0.07294   0.13074   0.02724   0.18796   0.11601   4.10175   1.37465   1.10917   1.58503   0.53008  
 16 658.3776   2206.566077  x:  0.10172   0.04104   0.19088   0.03335   0.06628   0.04591   0.09132   0.07409   0.08016   0.16484   0.07306   0.18823   0.00000   0.17035   0.05102   0.04844   0.04184   0.08482   0.03305   0.06881   0.13097   0.05445   0.18576   0.12034   4.23083   1.37859   1.10101   1.58345   0.49345  
 17 282.0762   2205.362910  x:  0.10727   0.03972   0.19557   0.03407   0.04871   0.04367   0.08936   0.06718   0.07688   0.16223   0.06729   0.16434   0.00000   0.17025   0.05562   0.04832   0.03989   0.07620   0.03687   0.06003   0.12697   0.04329   0.17743   0.12589   4.29014   1.39871   1.08456   1.57516   0.48193  
 18 84.3941   2204.011025  x:  0.11374   0.04505   0.19011   0.03323   0.05893   0.04720   0.08938   0.06832   0.08348   0.16721   0.06659   0.13186   0.00000   0.18381   0.05398   0.04308   0.04045   0.07820   0.03167   0.06834   0.12297   0.04686   0.16551   0.13236   4.36359   1.45058   1.04513   1.55407   0.47842  
 19 70.8551   2202.823993  x:  0.10626   0.04323   0.18976   0.03305   0.05960   0.04641   0.09274   0.07441   0.07931   0.16706   0.07866   0.14035   0.00000   0.18776   0.05343   0.05407   0.03821   0.08674   0.03790   0.06421   0.12706   0.04082   0.16357   0.12488   4.43265   1.51937   0.99575   1.52471   0.48508  
 20 69.1929   2202.233420  x:  0.10397   0.04353   0.19107   0.03326   0.05692   0.04545   0.09111   0.06944   0.07688   0.16252   0.07324   0.15510   0.00000   0.18105   0.05366   0.04597   0.04021   0.08068   0.03065   0.06599   0.12737   0.04585   0.16776   0.12259   4.46673   1.55733   0.97183   1.50718   0.49026  
 21 75.7452   2202.139664  x:  0.10658   0.04167   0.19150   0.03360   0.05867   0.04595   0.09125   0.06886   0.07952   0.16255   0.06884   0.15785   0.00000   0.17772   0.05385   0.04595   0.03900   0.08047   0.03531   0.06753   0.12639   0.04575   0.17122   0.12520   4.47249   1.56451   0.97064   1.50298   0.49146  
 22 22.1153   2202.065787  x:  0.10868   0.04276   0.19138   0.03340   0.05911   0.04329   0.09061   0.07020   0.08224   0.16426   0.06912   0.15767   0.00000   0.17393   0.05428   0.04843   0.03997   0.08143   0.03256   0.06566   0.12429   0.04507   0.17586   0.12730   4.47732   1.57133   0.97679   1.49727   0.49256  
 23  9.8970   2201.882859  x:  0.10739   0.04196   0.19101   0.03337   0.05656   0.04579   0.09058   0.07036   0.07957   0.16821   0.07445   0.15450   0.00000   0.17123   0.05370   0.04498   0.03927   0.08152   0.03470   0.06729   0.12291   0.04713   0.18227   0.12601   4.48992   1.58924   1.00142   1.48109   0.49530  
 24 16.0361   2201.678691  x:  0.10548   0.04218   0.19060   0.03360   0.05925   0.04480   0.09310   0.06846   0.07623   0.16581   0.06816   0.15508   0.00000   0.17605   0.05325   0.04823   0.03935   0.08085   0.03360   0.06813   0.12699   0.04501   0.17796   0.12410   4.50397   1.60798   1.02948   1.46609   0.49844  
 25 26.3463   2201.550321  x:  0.10764   0.04113   0.19333   0.03368   0.05783   0.04522   0.09214   0.07102   0.08159   0.16116   0.06951   0.15859   0.00000   0.17916   0.05438   0.04544   0.03984   0.08237   0.03414   0.06546   0.12848   0.04650   0.17003   0.12625   4.51273   1.61775   1.04272   1.46296   0.50027  
 26 17.0149   2201.271961  x:  0.11102   0.04013   0.19720   0.03344   0.05814   0.04286   0.08612   0.06707   0.08220   0.16161   0.07603   0.16264   0.00000   0.17980   0.05188   0.05003   0.03926   0.07712   0.03448   0.07250   0.12510   0.04542   0.16271   0.12963   4.53140   1.63200   1.05446   1.47685   0.50434  
 27  9.4798   2198.179940  x:  0.11414   0.03250   0.20706   0.03356   0.06887   0.04265   0.09225   0.06924   0.06120   0.17829   0.07024   0.16892   0.00000   0.17332   0.06006   0.04406   0.03966   0.07904   0.03563   0.06019   0.09640   0.04734   0.14379   0.13275   4.73367   1.77118   1.14496   1.66718   0.54848  
 28 46.1045   2193.428723  x:  0.10457   0.02227   0.20373   0.03497   0.04333   0.03285   0.10207   0.06913   0.08258   0.17094   0.05915   0.15373   0.00000   0.16547   0.04708   0.04256   0.03478   0.08709   0.03255   0.07235   0.12479   0.04707   0.15629   0.12318   5.05505   1.98495   1.27914   1.97046   0.61877  
 29 297.2146   2192.679934  x:  0.11212   0.02066   0.20637   0.03492   0.05129   0.03271   0.10177   0.06328   0.07555   0.15333   0.06712   0.14887   0.00000   0.17204   0.05003   0.04072   0.03698   0.08542   0.03314   0.06730   0.13629   0.04673   0.17120   0.13072   5.10534   2.01278   1.29623   2.01197   0.62983  
 30 94.3593   2192.497722  x:  0.11206   0.02001   0.20679   0.03512   0.04999   0.03215   0.09680   0.07210   0.07227   0.14667   0.06491   0.14773   0.00000   0.17660   0.04919   0.04133   0.03633   0.08377   0.03328   0.06970   0.13203   0.04642   0.17539   0.13067   5.11793   2.00934   1.29429   2.01008   0.63268  
 31 13.3497   2191.184196  x:  0.10632   0.01728   0.21094   0.03560   0.04639   0.03199   0.09639   0.05717   0.07866   0.13275   0.06395   0.14390   0.00000   0.18950   0.04811   0.04333   0.03309   0.09758   0.03274   0.07096   0.10736   0.04600   0.18114   0.12493   5.20567   1.94284   1.25572   1.94652   0.65187  
 32 21.7980   2183.347216  x:  0.11640   0.00000   0.23499   0.03616   0.04578   0.02014   0.13111   0.06733   0.07749   0.14727   0.07232   0.12111   0.00000   0.18988   0.04770   0.04125   0.03184   0.07599   0.03386   0.07229   0.10848   0.04591   0.16196   0.13499   5.74255   1.50946   0.99959   1.52533   0.76941  
 33 178.7211   2182.593358  x:  0.12007   0.00000   0.23664   0.03634   0.04464   0.02035   0.11186   0.06500   0.06860   0.15421   0.06743   0.11811   0.00000   0.18546   0.04626   0.04003   0.03220   0.09106   0.03375   0.07096   0.11832   0.04711   0.15687   0.13866   5.80155   1.46203   0.97139   1.47901   0.78236  
 34 130.8762   2174.937626  x:  0.12588   0.00000   0.23095   0.03627   0.06067   0.05256   0.10435   0.07539   0.07392   0.19434   0.06940   0.16772   0.00000   0.21566   0.05286   0.03548   0.02950   0.09526   0.01772   0.07528   0.12865   0.04000   0.17387   0.14445   7.13821   1.55653   1.06143   1.58199   0.83868  
 35  0.9939   2171.679386  x:  0.12040   0.00000   0.23193   0.03639   0.06137   0.02896   0.09496   0.07126   0.07479   0.20570   0.07041   0.17290   0.00000   0.22960   0.05630   0.03563   0.02766   0.09512   0.03770   0.07113   0.13558   0.03251   0.18584   0.13896   8.34923   1.64980   1.11562   1.67377   0.83781  
 36  0.7468   2169.030931  x:  0.11798   0.00000   0.22808   0.03531   0.05121   0.02245   0.10725   0.06634   0.07872   0.20093   0.06999   0.15363   0.00000   0.24035   0.05489   0.03838   0.03279   0.08374   0.02437   0.06819   0.12943   0.04110   0.18739   0.13653   9.71327   1.50336   1.01997   1.53091   0.83123  
 37  0.7530   2168.022905  x:  0.12216   0.00000   0.22123   0.03456   0.04996   0.03896   0.10217   0.06948   0.07600   0.19555   0.06854   0.14351   0.00000   0.23747   0.05199   0.03761   0.02941   0.08618   0.02261   0.07068   0.12987   0.04254   0.17944   0.14071  10.55227   1.53600   1.02975   1.57045   0.81432  
 38  0.6187   2167.411885  x:  0.12319   0.00000   0.21836   0.03324   0.05696   0.03181   0.09576   0.07113   0.07438   0.18989   0.06817   0.15467   0.00000   0.22597   0.05055   0.03752   0.02864   0.09174   0.02342   0.07111   0.12983   0.04095   0.17451   0.14173  11.38139   1.59482   1.06751   1.63104   0.78821  
 39  0.6250   2167.253934  x:  0.12208   0.00000   0.21902   0.03249   0.05670   0.03157   0.10148   0.07049   0.07546   0.18769   0.07003   0.15697   0.00000   0.22105   0.05269   0.03827   0.03028   0.08965   0.02650   0.07030   0.12873   0.03980   0.17608   0.14061  11.78080   1.55268   1.04628   1.59238   0.78860  
 40  0.3730   2167.220708  x:  0.12135   0.00000   0.21929   0.03170   0.05527   0.03066   0.10134   0.06977   0.07536   0.18742   0.07019   0.15409   0.00000   0.21845   0.05345   0.03798   0.03059   0.08929   0.02452   0.07034   0.12911   0.04001   0.17776   0.13989  11.98730   1.55582   1.04665   1.59610   0.79210  
 41  0.1913   2167.212370  x:  0.12120   0.00000   0.22014   0.03102   0.05536   0.03136   0.10061   0.07009   0.07550   0.18811   0.06992   0.15388   0.00000   0.21802   0.05342   0.03810   0.02994   0.08977   0.02499   0.07114   0.12911   0.04051   0.17768   0.13974  12.07144   1.55719   1.04754   1.59633   0.79819  
 42  0.0528   2167.209707  x:  0.12121   0.00000   0.22015   0.03039   0.05564   0.03128   0.10091   0.07010   0.07555   0.18801   0.06995   0.15451   0.00000   0.21857   0.05321   0.03796   0.03037   0.08965   0.02487   0.07087   0.12932   0.04004   0.17725   0.13975  12.08659   1.56028   1.04938   1.59917   0.80070  
 43  0.0083   2167.208459  x:  0.12119   0.00000   0.21992   0.02987   0.05562   0.03114   0.10073   0.07005   0.07550   0.18782   0.07014   0.15447   0.00000   0.21893   0.05313   0.03805   0.03014   0.08957   0.02491   0.07064   0.12889   0.04017   0.17746   0.13973  12.05728   1.55803   1.04810   1.59734   0.80003  
 44  0.0133   2167.208227  x:  0.12126   0.00000   0.21976   0.02975   0.05557   0.03122   0.10074   0.07004   0.07550   0.18782   0.07009   0.15429   0.00000   0.21870   0.05319   0.03801   0.03023   0.08951   0.02495   0.07072   0.12908   0.04025   0.17741   0.13979  12.04268   1.55879   1.04846   1.59806   0.79929  
 45  0.0100   2167.208200  x:  0.12125   0.00000   0.21978   0.02973   0.05560   0.03122   0.10078   0.07007   0.07551   0.18784   0.07009   0.15435   0.00000   0.21859   0.05321   0.03803   0.03021   0.08956   0.02492   0.07078   0.12911   0.04021   0.17740   0.13978  12.04077   1.55849   1.04834   1.59780   0.79915  
 46  0.0016   2167.208198  x:  0.12124   0.00000   0.21981   0.02973   0.05560   0.03122   0.10077   0.07007   0.07551   0.18785   0.07010   0.15435   0.00000   0.21858   0.05322   0.03802   0.03021   0.08957   0.02493   0.07078   0.12911   0.04020   0.17740   0.13978  12.04009   1.55848   1.04833   1.59780   0.79916  
 47  0.0006   2167.208198  x:  0.12124   0.00000   0.21982   0.02973   0.05560   0.03122   0.10078   0.07007   0.07551   0.18785   0.07010   0.15435   0.00000   0.21859   0.05322   0.03802   0.03021   0.08958   0.02493   0.07078   0.12911   0.04020   0.17741   0.13978  12.03992   1.55849   1.04833   1.59781   0.79916  
 48  0.0002   2167.208198  x:  0.12124   0.00000   0.21982   0.02973   0.05560   0.03122   0.10078   0.07007   0.07551   0.18785   0.07010   0.15435   0.00000   0.21859   0.05322   0.03802   0.03021   0.08957   0.02493   0.07078   0.12911   0.04020   0.17740   0.13978  12.03997   1.55849   1.04833   1.59780   0.79915  
 49  0.0000   2167.208198  x:  0.12124   0.00000   0.21982   0.02973   0.05560   0.03122   0.10078   0.07007   0.07551   0.18785   0.07010   0.15435   0.00000   0.21859   0.05322   0.03802   0.03021   0.08957   0.02493   0.07078   0.12911   0.04020   0.17740   0.13978  12.04002   1.55849   1.04833   1.59781   0.79915  
 50  0.0000   2167.208198  x:  0.12124   0.00000   0.21982   0.02973   0.05560   0.03122   0.10078   0.07007   0.07551   0.18785   0.07010   0.15435   0.00000   0.21859   0.05322   0.03802   0.03021   0.08957   0.02493   0.07078   0.12911   0.04020   0.17740   0.13978  12.04002   1.55849   1.04833   1.59781   0.79915  