

TREE # 1

  0  0.0000   2012.573347  x:  0.01970   0.05202   0.02749   0.04858   0.04535   0.06030   0.03034   0.05695   0.12518   0.05764   0.16747   0.00000   0.05382   0.05729   0.02914   0.05746   0.06222   0.01566   0.05298   0.09218   0.06940   0.16441   0.15308   2.00000   1.78709   1.26378   1.41663   0.40000  
  1 99.0000   1997.614953  x:  0.03182   0.06684   0.01649   0.06874   0.03255   0.04967   0.02754   0.05550   0.12113   0.05276   0.17043   0.05006   0.07464   0.06112   0.03299   0.05136   0.05784   0.00000   0.04896   0.09745   0.06727   0.16948   0.15995   2.00341   1.78642   1.26256   1.41781   0.40801  
  2 692.7176   1983.952304  x:  0.03706   0.08455   0.00000   0.08998   0.01113   0.03254   0.02480   0.05325   0.11330   0.04304   0.17455   0.03912   0.09433   0.06469   0.03617   0.04222   0.05145   0.00000   0.04322   0.10505   0.06476   0.17649   0.16970   2.00940   1.78520   1.26050   1.41980   0.42111  
  3 412.9958   1979.577480  x:  0.03943   0.09293   0.00414   0.10006   0.00120   0.02435   0.02371   0.05221   0.10939   0.03825   0.17656   0.03431   0.10361   0.06637   0.03753   0.03793   0.04845   0.00000   0.04058   0.10869   0.06352   0.17992   0.17447   2.01248   1.78458   1.25944   1.42081   0.42774  
  4 1435.3342   1974.929489  x:  0.04353   0.10939   0.00961   0.11999   0.01225   0.00908   0.02264   0.05071   0.10023   0.02752   0.18081   0.02524   0.12191   0.06962   0.03962   0.02995   0.04278   0.00000   0.03582   0.11608   0.06083   0.18724   0.18462   2.01973   1.78313   1.25696   1.42317   0.44271  
  5 655.7938   1972.036974  x:  0.04444   0.12348   0.01266   0.13692   0.01683   0.03107   0.02564   0.05004   0.08684   0.01600   0.18554   0.01851   0.13793   0.07204   0.03899   0.02845   0.04045   0.00000   0.03526   0.12301   0.05778   0.19564   0.19624   2.03104   1.78093   1.25322   1.42664   0.46337  
  6 272.0586   1969.597625  x:  0.03562   0.12865   0.01313   0.14318   0.01748   0.03129   0.02886   0.05196   0.06554   0.03147   0.19065   0.01719   0.14494   0.07149   0.03197   0.04497   0.04920   0.00000   0.04525   0.12676   0.05506   0.20562   0.21008   2.05526   1.77636   1.24586   1.43334   0.49920  
  7 129.4153   1966.296834  x:  0.02063   0.11734   0.01193   0.12966   0.01531   0.02566   0.02290   0.05388   0.05557   0.01319   0.19557   0.02305   0.13592   0.06844   0.02955   0.04599   0.05404   0.00000   0.04613   0.12461   0.05393   0.21634   0.22587   2.10869   1.76656   1.23098   1.44675   0.56297  
  8 121.8703   1961.546916  x:  0.03140   0.10027   0.01091   0.10686   0.01444   0.02661   0.02714   0.05231   0.06664   0.02668   0.20257   0.02579   0.11796   0.06889   0.03941   0.02544   0.04573   0.00000   0.03378   0.11973   0.05169   0.23105   0.24960   2.21935   1.74678   1.20104   1.47330   0.68079  
  9 276.1898   1959.519736  x:  0.04610   0.10024   0.01066   0.10924   0.01439   0.02524   0.02614   0.04858   0.09067   0.02116   0.19970   0.02394   0.11194   0.07379   0.03768   0.04422   0.03792   0.00000   0.04171   0.11605   0.05543   0.22612   0.24466   2.29012   1.73506   1.18466   1.48729   0.72966  
 10 155.8722   1956.276115  x:  0.04211   0.10834   0.01058   0.12874   0.01478   0.02681   0.02240   0.05157   0.10878   0.02322   0.18392   0.02292   0.11149   0.07281   0.02358   0.03463   0.05910   0.00000   0.04118   0.11202   0.06222   0.19697   0.20384   2.42822   1.71367   1.15921   1.50825   0.77943  
 11 138.7741   1954.149448  x:  0.03305   0.11183   0.01049   0.13461   0.01464   0.02629   0.03142   0.05257   0.10391   0.02307   0.17246   0.02324   0.11524   0.06911   0.04416   0.03589   0.05614   0.00000   0.04278   0.11238   0.06142   0.17490   0.17098   2.53923   1.69734   1.14188   1.52186   0.80141  
 12 247.7275   1951.624765  x:  0.03934   0.11219   0.01064   0.12706   0.01479   0.02745   0.01970   0.05003   0.08311   0.02561   0.16581   0.02291   0.12135   0.06437   0.03653   0.03730   0.03552   0.00000   0.03830   0.11452   0.05741   0.16076   0.14982   2.66935   1.67968   1.12626   1.53277   0.80202  
 13 192.0218   1948.551363  x:  0.05780   0.11156   0.01010   0.11214   0.01343   0.02300   0.04225   0.04714   0.06405   0.01691   0.16457   0.02216   0.12868   0.06455   0.02322   0.03736   0.03729   0.00000   0.03644   0.11823   0.05743   0.15766   0.14731   2.87181   1.65405   1.10645   1.54473   0.77925  
 14 274.6875   1939.610852  x:  0.07884   0.11354   0.01118   0.09353   0.01464   0.02533   0.01845   0.05074   0.05093   0.01464   0.17513   0.01673   0.14520   0.07291   0.04628   0.03843   0.06814   0.00000   0.04679   0.12893   0.06415   0.18004   0.18376   3.46831   1.58172   1.05514   1.57209   0.68586  
 15 543.4369   1930.598366  x:  0.02968   0.10892   0.01103   0.11658   0.01495   0.02718   0.02828   0.05558   0.07573   0.02402   0.19493   0.02046   0.14529   0.06617   0.03456   0.04022   0.04102   0.00000   0.03906   0.12986   0.05589   0.21892   0.23290   4.04439   1.51667   1.01465   1.58832   0.58841  
 16 680.3543   1929.817802  x:  0.03050   0.11116   0.01084   0.12824   0.01489   0.02695   0.02809   0.04446   0.06870   0.02342   0.19895   0.02128   0.12654   0.07486   0.03568   0.03810   0.04119   0.00000   0.04099   0.12079   0.04675   0.22192   0.23457   4.09837   1.52003   1.02349   1.57399   0.58417  
 17 65.8522   1929.224421  x:  0.03393   0.11473   0.01073   0.13474   0.01456   0.02670   0.02870   0.05790   0.06333   0.02269   0.20297   0.02153   0.11422   0.07834   0.03670   0.03874   0.03853   0.00000   0.03887   0.11614   0.05262   0.22453   0.23405   4.14550   1.53212   1.04170   1.54716   0.58622  
 18 61.9309   1927.146564  x:  0.03383   0.11901   0.01084   0.13001   0.01497   0.02712   0.02839   0.04872   0.07005   0.02338   0.21282   0.02117   0.11926   0.06112   0.03735   0.03984   0.04131   0.00000   0.03928   0.12389   0.05950   0.23211   0.22806   4.31044   1.59401   1.12560   1.42334   0.60635  
 19 88.9262   1926.800554  x:  0.03126   0.11427   0.01089   0.12687   0.01495   0.02717   0.02836   0.05292   0.07292   0.02376   0.20911   0.02065   0.12708   0.07330   0.03607   0.03951   0.04143   0.00000   0.04015   0.12440   0.05113   0.23025   0.22886   4.33922   1.60730   1.13942   1.40070   0.61038  
 20 63.2112   1926.735248  x:  0.03071   0.11154   0.01091   0.12838   0.01499   0.02726   0.02844   0.05122   0.07185   0.02405   0.20231   0.02049   0.12877   0.07447   0.03624   0.03940   0.04070   0.00000   0.03974   0.12196   0.05468   0.22696   0.23372   4.34506   1.61364   1.13883   1.39686   0.61093  
 21 11.4612   1926.689425  x:  0.03167   0.11171   0.01090   0.12922   0.01494   0.02718   0.02838   0.05258   0.07189   0.02379   0.19722   0.02035   0.12835   0.07131   0.03642   0.03943   0.04088   0.00000   0.04012   0.12110   0.05186   0.22414   0.23776   4.34941   1.62041   1.13625   1.39483   0.61114  
 22 13.2052   1926.599797  x:  0.02954   0.11782   0.01083   0.12649   0.01490   0.02713   0.02841   0.05177   0.07243   0.02401   0.19589   0.02086   0.12521   0.07347   0.03610   0.03985   0.04057   0.00000   0.03853   0.12558   0.05189   0.22128   0.24025   4.35893   1.64021   1.12513   1.39375   0.61130  
 23  8.6275   1926.477121  x:  0.02982   0.11536   0.01074   0.12781   0.01476   0.02690   0.02853   0.05219   0.07217   0.02388   0.20109   0.02053   0.12619   0.07361   0.03568   0.03701   0.03940   0.00000   0.04368   0.12510   0.05255   0.22258   0.23800   4.37249   1.66842   1.10934   1.39456   0.61159  
 24 19.2884   1926.393476  x:  0.03069   0.11219   0.01074   0.12959   0.01473   0.02687   0.02824   0.05201   0.07194   0.02371   0.20475   0.01999   0.12793   0.07322   0.03625   0.03919   0.04095   0.00000   0.03946   0.12276   0.05166   0.22478   0.23550   4.38169   1.68627   1.10016   1.39610   0.61191  
 25 37.6855   1926.102723  x:  0.02991   0.12009   0.01060   0.12574   0.01455   0.02658   0.02832   0.05179   0.07289   0.02369   0.19283   0.01911   0.13081   0.07383   0.03613   0.03831   0.04071   0.00000   0.04010   0.11299   0.05157   0.24265   0.22829   4.41638   1.71473   1.11155   1.42246   0.61721  
 26  5.1479   1925.053193  x:  0.03440   0.10829   0.00983   0.13718   0.01338   0.02500   0.02758   0.05150   0.07308   0.02278   0.17487   0.01625   0.12547   0.07602   0.03596   0.03752   0.04190   0.00000   0.03932   0.13784   0.05130   0.26020   0.22151   4.54572   1.80182   1.17304   1.52629   0.63860  
 27 39.9637   1922.354705  x:  0.03261   0.11829   0.00822   0.13885   0.01101   0.02179   0.02638   0.05102   0.07938   0.02231   0.20518   0.00802   0.14026   0.07716   0.03639   0.03452   0.04279   0.00000   0.03825   0.12268   0.05083   0.21766   0.24223   4.88106   2.00713   1.34086   1.79131   0.69618  
 28 111.1418   1918.150325  x:  0.03606   0.12543   0.00621   0.14794   0.00830   0.01806   0.02527   0.05102   0.08262   0.02074   0.20145   0.00000   0.14185   0.07846   0.03705   0.03135   0.04434   0.00000   0.03739   0.12421   0.05278   0.22106   0.24061   5.17575   1.84480   1.22920   1.65616   0.76202  
 29  5.2637   1913.695438  x:  0.03228   0.12879   0.00173   0.15059   0.00214   0.01402   0.02388   0.05155   0.07609   0.02232   0.19949   0.00000   0.14686   0.07482   0.03412   0.03375   0.04189   0.00000   0.03598   0.12817   0.05061   0.23097   0.23548   6.22684   1.53450   1.02590   1.40437   0.85841  
 30  1.1114   1911.047186  x:  0.03117   0.12854   0.00378   0.13878   0.00572   0.02456   0.02306   0.05352   0.07288   0.02332   0.19800   0.00000   0.13798   0.07501   0.03265   0.03313   0.04956   0.00000   0.04079   0.12602   0.05614   0.21794   0.22832   7.69674   1.69059   1.13633   1.55026   0.89399  
 31  0.6728   1910.262270  x:  0.03487   0.12369   0.00279   0.13402   0.00358   0.02042   0.02798   0.05168   0.07000   0.01817   0.19807   0.00000   0.13819   0.07458   0.03418   0.03572   0.04391   0.00000   0.03703   0.12789   0.05290   0.22251   0.22680   8.52156   1.64369   1.08651   1.51609   0.89152  
 32  0.4943   1910.039205  x:  0.03350   0.12293   0.00376   0.13625   0.00431   0.01916   0.02369   0.05225   0.07217   0.02071   0.19714   0.00000   0.13880   0.07506   0.03381   0.03459   0.04372   0.00000   0.03819   0.12735   0.05279   0.22245   0.22818   8.92244   1.60598   1.06219   1.48584   0.87103  
 33  0.2845   1909.997556  x:  0.03366   0.12392   0.00377   0.13670   0.00405   0.01801   0.02445   0.05212   0.07264   0.02091   0.19776   0.00000   0.13905   0.07534   0.03402   0.03416   0.04416   0.00000   0.03828   0.12712   0.05318   0.22155   0.22825   9.07132   1.63369   1.08321   1.50928   0.86082  
 34  0.1546   1909.993569  x:  0.03402   0.12458   0.00388   0.13711   0.00423   0.01846   0.02494   0.05214   0.07270   0.02086   0.19788   0.00000   0.13909   0.07527   0.03414   0.03433   0.04420   0.00000   0.03797   0.12715   0.05335   0.22139   0.22777   9.10855   1.63075   1.08105   1.50704   0.85775  
 35  0.0378   1909.993073  x:  0.03383   0.12455   0.00382   0.13727   0.00416   0.01856   0.02483   0.05212   0.07272   0.02086   0.19796   0.00000   0.13901   0.07517   0.03405   0.03433   0.04404   0.00000   0.03795   0.12711   0.05321   0.22136   0.22762   9.12497   1.63075   1.08061   1.50759   0.85674  
 36  0.0139   1909.993023  x:  0.03391   0.12456   0.00379   0.13727   0.00414   0.01859   0.02483   0.05212   0.07275   0.02086   0.19789   0.00000   0.13905   0.07520   0.03406   0.03433   0.04409   0.00000   0.03802   0.12711   0.05325   0.22131   0.22759   9.12433   1.63052   1.08051   1.50734   0.85658  
 37  0.0008   1909.993015  x:  0.03390   0.12454   0.00378   0.13727   0.00414   0.01859   0.02484   0.05213   0.07275   0.02088   0.19788   0.00000   0.13907   0.07520   0.03406   0.03435   0.04408   0.00000   0.03801   0.12712   0.05324   0.22132   0.22759   9.12175   1.63058   1.08063   1.50732   0.85649  
 38  0.0018   1909.993013  x:  0.03390   0.12454   0.00377   0.13727   0.00415   0.01859   0.02484   0.05213   0.07276   0.02087   0.19789   0.00000   0.13906   0.07520   0.03406   0.03434   0.04408   0.00000   0.03801   0.12711   0.05324   0.22132   0.22759   9.12132   1.63055   1.08057   1.50731   0.85639  
 39  0.0003   1909.993013  x:  0.03390   0.12454   0.00377   0.13727   0.00415   0.01858   0.02484   0.05212   0.07275   0.02088   0.19789   0.00000   0.13906   0.07520   0.03406   0.03434   0.04408   0.00000   0.03801   0.12712   0.05324   0.22131   0.22759   9.12165   1.63054   1.08058   1.50732   0.85642  
 40  0.0002   1909.993013  x:  0.03390   0.12454   0.00377   0.13727   0.00415   0.01859   0.02484   0.05213   0.07275   0.02088   0.19789   0.00000   0.13906   0.07520   0.03406   0.03434   0.04408   0.00000   0.03801   0.12712   0.05324   0.22132   0.22759   9.12182   1.63055   1.08058   1.50732   0.85644  
 41  0.0001   1909.993013  x:  0.03390   0.12454   0.00377   0.13727   0.00415   0.01859   0.02484   0.05213   0.07275   0.02088   0.19789   0.00000   0.13906   0.07520   0.03406   0.03434   0.04408   0.00000   0.03801   0.12712   0.05324   0.22132   0.22759   9.12183   1.63055   1.08058   1.50732   0.85644  
 42  0.0000   1909.993013  x:  0.03390   0.12454   0.00377   0.13727   0.00415   0.01859   0.02484   0.05213   0.07275   0.02088   0.19789   0.00000   0.13906   0.07520   0.03406   0.03434   0.04408   0.00000   0.03801   0.12712   0.05324   0.22132   0.22759   9.12183   1.63055   1.08058   1.50732   0.85644  

TREE # 2

  0  0.0000   1938.424974  x:  0.18774   0.00000   0.20147   0.05091   0.03655   0.06239   0.11317   0.02514   0.04759   0.03607   0.04694   0.03190   0.05130   0.19358   0.05231   0.05775   0.00282   0.10398   0.06387   0.05135   0.03452   0.03890   0.03381   9.12183   1.50412   1.04796   1.36997   0.85644  
  1 99.0000   1917.548211  x:  0.19468   0.00867   0.20612   0.09194   0.05195   0.06885   0.11692   0.03509   0.04202   0.03474   0.04519   0.00000   0.04904   0.19613   0.07854   0.04447   0.01115   0.09843   0.09211   0.05100   0.00945   0.02223   0.02521   9.12181   1.50480   1.04706   1.37129   0.85656  
  2 385.8629   1915.043658  x:  0.19695   0.00000   0.20724   0.09692   0.05272   0.06963   0.11817   0.03454   0.04070   0.03462   0.04488   0.00000   0.04657   0.19650   0.08451   0.03781   0.00153   0.09502   0.09775   0.05101   0.00338   0.02003   0.02539   9.12180   1.50516   1.04663   1.37191   0.85657  
  3 250.0235   1913.461638  x:  0.20133   0.00000   0.20932   0.10247   0.05190   0.07045   0.12043   0.03213   0.03896   0.03463   0.04455   0.00000   0.04214   0.19691   0.09398   0.02571   0.00000   0.08830   0.10674   0.05162   0.00925   0.01942   0.02691   9.12178   1.50596   1.04571   1.37322   0.85665  
  4 176.8725   1912.423637  x:  0.20588   0.00000   0.21131   0.10504   0.04964   0.07083   0.12274   0.02895   0.03771   0.03478   0.04437   0.00000   0.03723   0.19714   0.10243   0.01473   0.00427   0.08105   0.11438   0.05190   0.00674   0.02008   0.02883   9.12176   1.50688   1.04465   1.37469   0.85673  
  5 346.2763   1911.321425  x:  0.21611   0.00000   0.21597   0.11282   0.04719   0.07264   0.12726   0.03025   0.03818   0.03526   0.04440   0.00000   0.03164   0.19748   0.11750   0.02550   0.00567   0.06640   0.12832   0.05228   0.00645   0.02206   0.02661   9.12171   1.50939   1.04193   1.37839   0.85696  
  6 86.7920   1910.871689  x:  0.22338   0.00000   0.21951   0.12007   0.05121   0.07487   0.12845   0.03754   0.04087   0.03468   0.04478   0.00000   0.03731   0.19753   0.11951   0.02425   0.00608   0.06967   0.13012   0.05181   0.00676   0.01708   0.02241   9.12166   1.51240   1.03904   1.38247   0.85716  
  7 33.5030   1910.701002  x:  0.22667   0.00000   0.22135   0.12723   0.05471   0.07559   0.12805   0.03817   0.03996   0.03417   0.04456   0.00000   0.03962   0.19763   0.11930   0.02453   0.00601   0.07386   0.13076   0.05165   0.00644   0.02111   0.02510   9.12164   1.51454   1.03720   1.38532   0.85727  
  8 42.1651   1910.624561  x:  0.22753   0.00000   0.22201   0.13221   0.05519   0.07473   0.12679   0.03450   0.03805   0.03440   0.04426   0.00000   0.03835   0.19763   0.11758   0.02565   0.00621   0.07626   0.13040   0.05183   0.00652   0.01903   0.02526   9.12162   1.51658   1.03577   1.38802   0.85729  
  9 23.6619   1910.599604  x:  0.22700   0.00000   0.22192   0.13482   0.05414   0.07408   0.12590   0.03454   0.03867   0.03477   0.04432   0.00000   0.03686   0.19762   0.11620   0.02530   0.00615   0.07636   0.12991   0.05191   0.00650   0.01996   0.02353   9.12161   1.51843   1.03472   1.39045   0.85728  
 10 13.3588   1910.577740  x:  0.22587   0.00000   0.22152   0.13699   0.05276   0.07377   0.12505   0.03583   0.03958   0.03469   0.04445   0.00000   0.03580   0.19764   0.11496   0.02520   0.00619   0.07551   0.12935   0.05190   0.00651   0.01942   0.02494   9.12159   1.52130   1.03327   1.39418   0.85725  
 11 15.1324   1910.523350  x:  0.22176   0.00000   0.21969   0.13801   0.05263   0.07540   0.12411   0.03565   0.03758   0.03294   0.04429   0.00000   0.03801   0.19774   0.11462   0.02486   0.00623   0.07240   0.12837   0.05156   0.00646   0.01956   0.02445   9.12151   1.53282   1.02830   1.40893   0.85707  
 12 12.6441   1910.465646  x:  0.21852   0.00000   0.21807   0.13678   0.05439   0.07604   0.12448   0.03460   0.03924   0.03610   0.04422   0.00000   0.03835   0.19768   0.11617   0.02493   0.00622   0.07274   0.12892   0.05174   0.00644   0.01949   0.02463   9.12142   1.54693   1.02330   1.42680   0.85680  
 13 32.1236   1910.421889  x:  0.21843   0.00000   0.21774   0.13453   0.05442   0.07444   0.12572   0.03514   0.03950   0.03370   0.04436   0.00000   0.03646   0.19741   0.11767   0.02524   0.00618   0.07567   0.13024   0.05196   0.00647   0.01946   0.02449   9.12135   1.55844   1.02101   1.44112   0.85648  
 14 29.1092   1910.392210  x:  0.22249   0.00000   0.21923   0.13329   0.05235   0.07335   0.12621   0.03602   0.03753   0.03520   0.04416   0.00000   0.03708   0.19705   0.11700   0.02516   0.00610   0.07616   0.13046   0.05147   0.00638   0.01954   0.02453   9.12130   1.56745   1.02306   1.45166   0.85606  
 15 13.6010   1910.354108  x:  0.22899   0.00000   0.22185   0.13230   0.05268   0.07393   0.12611   0.03447   0.03954   0.03420   0.04430   0.00000   0.03739   0.19670   0.11489   0.02493   0.00604   0.07445   0.12959   0.05168   0.00625   0.01956   0.02463   9.12124   1.57990   1.02926   1.46561   0.85535  
 16 21.4740   1910.330491  x:  0.22996   0.00000   0.22244   0.13169   0.05411   0.07611   0.12533   0.03544   0.03839   0.03451   0.04427   0.00000   0.03504   0.19700   0.11465   0.02487   0.00611   0.07418   0.12846   0.05211   0.00631   0.01952   0.02458   9.12121   1.58827   1.03746   1.47403   0.85478  
 17 12.2593   1910.257563  x:  0.22702   0.00000   0.22211   0.13303   0.05158   0.07769   0.12362   0.03470   0.03937   0.03422   0.04414   0.00000   0.03606   0.19894   0.11816   0.02509   0.00610   0.07605   0.12796   0.05118   0.00622   0.01951   0.02457   9.12113   1.61555   1.06980   1.49980   0.85294  
 18 22.4917   1910.228541  x:  0.22485   0.00000   0.22128   0.13359   0.05347   0.07398   0.12520   0.03512   0.03889   0.03445   0.04455   0.00000   0.03694   0.19873   0.11698   0.02493   0.00613   0.07481   0.12934   0.05235   0.00614   0.01950   0.02458   9.12110   1.62666   1.08322   1.50952   0.85249  
 19 22.4716   1910.226352  x:  0.22467   0.00000   0.22099   0.13364   0.05360   0.07410   0.12572   0.03510   0.03894   0.03444   0.04405   0.00000   0.03684   0.19820   0.11647   0.02492   0.00613   0.07477   0.12983   0.05151   0.00617   0.01948   0.02458   9.12109   1.62767   1.08417   1.51000   0.85269  
 20  3.7239   1910.224842  x:  0.22463   0.00000   0.22055   0.13375   0.05334   0.07466   0.12619   0.03501   0.03892   0.03444   0.04451   0.00000   0.03687   0.19730   0.11609   0.02492   0.00611   0.07493   0.13030   0.05172   0.00614   0.01948   0.02457   9.12109   1.62866   1.08467   1.50993   0.85324  
 21  1.9767   1910.223086  x:  0.22478   0.00000   0.22013   0.13384   0.05322   0.07471   0.12611   0.03504   0.03896   0.03442   0.04385   0.00000   0.03692   0.19637   0.11630   0.02490   0.00611   0.07495   0.13021   0.05226   0.00610   0.01948   0.02457   9.12108   1.63017   1.08494   1.50929   0.85444  
 22  1.6575   1910.218413  x:  0.22521   0.00000   0.21945   0.13399   0.05353   0.07412   0.12539   0.03508   0.03891   0.03443   0.04437   0.00000   0.03680   0.19494   0.11721   0.02483   0.00609   0.07473   0.12955   0.05164   0.00609   0.01947   0.02458   9.12106   1.63443   1.08534   1.50714   0.85807  
 23  4.3301   1910.209192  x:  0.22507   0.00000   0.22036   0.13387   0.05332   0.07450   0.12577   0.03502   0.03890   0.03440   0.04426   0.00000   0.03662   0.19781   0.11670   0.02471   0.00603   0.07472   0.13033   0.05178   0.00594   0.01943   0.02457   9.12101   1.64239   1.08555   1.50269   0.86544  
 24  3.4712   1910.191790  x:  0.22317   0.00000   0.22533   0.13466   0.05306   0.07463   0.12825   0.03481   0.03879   0.03444   0.04425   0.00000   0.03621   0.19607   0.11795   0.02439   0.00592   0.07440   0.12900   0.05177   0.00564   0.01937   0.02458   9.12105   1.64090   1.08551   1.50387   0.86848  
 25  0.3235   1910.122573  x:  0.22271   0.00000   0.22809   0.13438   0.05344   0.07469   0.12291   0.03492   0.03864   0.03431   0.04418   0.00000   0.03589   0.19434   0.11881   0.02320   0.00539   0.07383   0.13530   0.05196   0.00437   0.01911   0.02459   9.12125   1.63166   1.08536   1.51020   0.87610  
 26  2.8396   1910.062086  x:  0.22636   0.00000   0.22123   0.13680   0.05325   0.07479   0.12663   0.03449   0.03838   0.03437   0.04414   0.00000   0.03476   0.19752   0.12139   0.02217   0.00504   0.07301   0.13445   0.05200   0.00337   0.01890   0.02462   9.12146   1.62394   1.08495   1.51516   0.87996  
 27  6.6044   1910.034716  x:  0.22651   0.00000   0.22210   0.13739   0.05316   0.07504   0.12665   0.03440   0.03831   0.03435   0.04414   0.00000   0.03436   0.19727   0.12233   0.02168   0.00488   0.07270   0.13541   0.05206   0.00297   0.01881   0.02465   9.12181   1.63172   1.08160   1.50705   0.85966  
 28  1.6467   1909.997531  x:  0.22784   0.00000   0.22100   0.13897   0.05311   0.07526   0.12725   0.03409   0.03806   0.03434   0.04410   0.00000   0.03367   0.19796   0.12451   0.02050   0.00437   0.07221   0.13717   0.05214   0.00421   0.01859   0.02474   9.12128   1.63127   1.08008   1.50707   0.85404  
 29  0.0094   1909.993463  x:  0.22760   0.00000   0.22149   0.13907   0.05321   0.07519   0.12710   0.03393   0.03796   0.03435   0.04407   0.00000   0.03394   0.19788   0.12476   0.02064   0.00384   0.07285   0.13753   0.05213   0.00414   0.01861   0.02491   9.12203   1.63029   1.08077   1.50772   0.85769  
 30  0.0029   1909.993019  x:  0.22757   0.00000   0.22132   0.13906   0.05325   0.07519   0.12711   0.03405   0.03800   0.03434   0.04408   0.00000   0.03390   0.19789   0.12456   0.02089   0.00377   0.07281   0.13728   0.05212   0.00415   0.01859   0.02486   9.12206   1.63052   1.08060   1.50725   0.85638  
 31  0.0012   1909.993013  x:  0.22759   0.00000   0.22132   0.13906   0.05324   0.07520   0.12711   0.03406   0.03801   0.03434   0.04408   0.00000   0.03390   0.19789   0.12454   0.02087   0.00377   0.07275   0.13727   0.05213   0.00415   0.01859   0.02484   9.12196   1.63055   1.08058   1.50731   0.85644  
 32  0.0002   1909.993013  x:  0.22759   0.00000   0.22132   0.13906   0.05324   0.07520   0.12712   0.03406   0.03801   0.03434   0.04408   0.00000   0.03390   0.19789   0.12454   0.02088   0.00377   0.07275   0.13727   0.05213   0.00415   0.01859   0.02484   9.12191   1.63055   1.08058   1.50732   0.85644  
 33  0.0001   1909.993013  x:  0.22759   0.00000   0.22132   0.13906   0.05324   0.07520   0.12712   0.03406   0.03801   0.03434   0.04408   0.00000   0.03390   0.19789   0.12454   0.02088   0.00377   0.07275   0.13727   0.05213   0.00415   0.01859   0.02484   9.12186   1.63055   1.08058   1.50732   0.85644  
 34  0.0000   1909.993013  x:  0.22759   0.00000   0.22132   0.13906   0.05324   0.07520   0.12712   0.03406   0.03801   0.03434   0.04408   0.00000   0.03390   0.19789   0.12454   0.02088   0.00377   0.07275   0.13727   0.05213   0.00415   0.01859   0.02484   9.12183   1.63055   1.08058   1.50732   0.85644  
 35  0.0000   1909.993013  x:  0.22759   0.00000   0.22132   0.13906   0.05324   0.07520   0.12712   0.03406   0.03801   0.03434   0.04408   0.00000   0.03390   0.19789   0.12454   0.02088   0.00377   0.07275   0.13727   0.05213   0.00415   0.01859   0.02484   9.12184   1.63055   1.08058   1.50732   0.85644  
 36  0.0000   1909.993013  x:  0.22759   0.00000   0.22132   0.13906   0.05324   0.07520   0.12712   0.03406   0.03801   0.03434   0.04408   0.00000   0.03390   0.19789   0.12454   0.02088   0.00377   0.07275   0.13727   0.05213   0.00415   0.01859   0.02484   9.12184   1.63055   1.08058   1.50732   0.85644  