

TREE # 1

  0  0.0000   2103.760506  x:  0.01972   0.20925   0.02571   0.03211   0.02495   0.05815   0.02188   0.05666   0.08536   0.02661   0.17168   0.20925   0.02571   0.03211   0.02495   0.05815   0.02188   0.05666   0.08536   0.02661   0.17168   0.21568   8.40433   1.47054   1.05021   1.48202   1.00000  
  1 99.0000   2090.732727  x:  0.01954   0.20706   0.02171   0.02999   0.01087   0.10298   0.05346   0.06478   0.09738   0.03306   0.16279   0.20835   0.04610   0.05837   0.01124   0.07742   0.04226   0.06640   0.10346   0.07120   0.17679   0.21818   8.40400   1.47193   1.04674   1.48560   1.00327  
  2 365.2525   2088.574472  x:  0.01865   0.20289   0.02477   0.02941   0.02238   0.12701   0.04128   0.07282   0.11011   0.03178   0.14643   0.20583   0.03784   0.06002   0.01596   0.09016   0.03094   0.07527   0.12041   0.06873   0.18561   0.22274   8.40332   1.47479   1.04015   1.49282   1.01016  
  3 99.8508   2087.934262  x:  0.01954   0.20049   0.02220   0.02989   0.01316   0.13250   0.03636   0.07284   0.11415   0.03103   0.13762   0.20442   0.03436   0.05748   0.01163   0.09280   0.02881   0.07628   0.12578   0.06456   0.19013   0.22526   8.40283   1.47679   1.03572   1.49779   1.01500  
  4 86.4942   2087.499615  x:  0.02178   0.19648   0.02262   0.03178   0.01102   0.13359   0.03985   0.06955   0.11614   0.03208   0.12467   0.20226   0.03602   0.05302   0.01703   0.09225   0.03432   0.07455   0.12928   0.05935   0.19658   0.22924   8.40181   1.48098   1.02683   1.50793   1.02496  
  5 52.4011   2087.197491  x:  0.02315   0.19325   0.02267   0.03160   0.01504   0.13247   0.04229   0.06733   0.11611   0.03225   0.11600   0.20066   0.03781   0.05118   0.01188   0.09026   0.03549   0.07223   0.13055   0.05781   0.20105   0.23226   8.40080   1.48504   1.01846   1.51771   1.03464  
  6 81.9963   2086.682305  x:  0.02322   0.18748   0.02158   0.02686   0.01411   0.12722   0.04032   0.06709   0.11288   0.03069   0.10841   0.19825   0.04086   0.05662   0.01435   0.08518   0.02897   0.07029   0.12879   0.06455   0.20670   0.23702   8.39807   1.49555   0.99796   1.54283   1.05983  
  7 59.6425   2086.051584  x:  0.02193   0.18277   0.02633   0.03495   0.01333   0.12285   0.03706   0.07140   0.10941   0.03260   0.11257   0.19618   0.03413   0.06048   0.01320   0.08546   0.03224   0.07333   0.12457   0.06997   0.20940   0.24064   8.39367   1.51191   0.96847   1.58125   1.09887  
  8 88.3437   2085.550176  x:  0.02062   0.18304   0.01989   0.02989   0.01441   0.12452   0.04083   0.07279   0.10921   0.03091   0.12334   0.19594   0.03172   0.05618   0.01348   0.09038   0.03367   0.07636   0.12234   0.06697   0.20706   0.24020   8.38962   1.52619   0.94658   1.61375   1.13276  
  9 94.7172   2085.348480  x:  0.02032   0.18562   0.02460   0.02849   0.01305   0.12710   0.04123   0.07075   0.11072   0.03205   0.12840   0.19661   0.03660   0.05338   0.01278   0.09198   0.03107   0.07590   0.12264   0.06432   0.20352   0.23784   8.38749   1.53305   0.93955   1.62857   1.14899  
 10 69.8725   2085.224312  x:  0.02105   0.18998   0.02190   0.03241   0.01388   0.12950   0.03911   0.06803   0.11225   0.03086   0.12881   0.19770   0.03933   0.05431   0.01320   0.09042   0.03074   0.07347   0.12406   0.06362   0.19843   0.23354   8.38550   1.53837   0.94002   1.63880   1.16145  
 11 32.7042   2085.077684  x:  0.02089   0.19612   0.02287   0.02945   0.01394   0.13091   0.03844   0.06663   0.11343   0.03236   0.12529   0.19926   0.03543   0.05636   0.01329   0.08712   0.03303   0.07143   0.12578   0.06352   0.19111   0.22673   8.38232   1.54591   0.94707   1.65184   1.17881  
 12 35.6421   2084.950716  x:  0.01997   0.19940   0.02352   0.03108   0.01314   0.12924   0.04232   0.07035   0.11258   0.03035   0.12108   0.20073   0.03455   0.05464   0.01324   0.08724   0.03047   0.07361   0.12611   0.06399   0.18737   0.22230   8.37855   1.55413   0.96038   1.66417   1.19655  
 13 32.3237   2084.777286  x:  0.02187   0.20021   0.02227   0.03002   0.01356   0.12630   0.03886   0.07361   0.11061   0.03268   0.11872   0.20237   0.03842   0.05261   0.01280   0.09119   0.03249   0.07713   0.12522   0.06499   0.18732   0.22031   8.37241   1.56727   0.98480   1.68174   1.22270  
 14 47.4455   2084.491724  x:  0.02166   0.19524   0.02347   0.03016   0.01374   0.12710   0.03970   0.06659   0.11048   0.02977   0.12374   0.20274   0.03663   0.05683   0.01273   0.09493   0.03212   0.07541   0.12339   0.06353   0.19442   0.22489   8.36085   1.59209   1.03150   1.71126   1.26683  
 15 54.5583   2084.432725  x:  0.02020   0.19359   0.02229   0.03081   0.01377   0.12854   0.04035   0.06771   0.11165   0.03300   0.12598   0.20189   0.03629   0.05577   0.01299   0.09196   0.03104   0.07358   0.12363   0.06365   0.19593   0.22711   8.35797   1.59851   1.04159   1.71752   1.27549  
 16 37.0346   2084.409703  x:  0.02054   0.19294   0.02280   0.03042   0.01371   0.12946   0.03984   0.06935   0.11251   0.03143   0.12729   0.20096   0.03662   0.05460   0.01297   0.08929   0.03200   0.07303   0.12420   0.06406   0.19612   0.22858   8.35642   1.60220   1.04547   1.72004   1.27814  
 17 17.8430   2084.390681  x:  0.02194   0.19310   0.02267   0.03046   0.01369   0.12905   0.04026   0.06886   0.11236   0.03182   0.12769   0.19842   0.03677   0.05534   0.01284   0.08814   0.03174   0.07530   0.12554   0.06343   0.19413   0.23079   8.35304   1.61080   1.04822   1.72273   1.27699  
 18  5.3052   2084.364506  x:  0.01950   0.19334   0.02265   0.03040   0.01370   0.12854   0.03980   0.06844   0.11194   0.03150   0.12717   0.19561   0.03715   0.05516   0.01279   0.08912   0.03218   0.07514   0.12606   0.06362   0.19164   0.23288   8.34749   1.62459   1.05166   1.72676   1.27387  
 19 16.4519   2084.331006  x:  0.02140   0.19387   0.02281   0.03046   0.01367   0.12866   0.03992   0.06891   0.11177   0.03162   0.12667   0.19449   0.03623   0.05420   0.01305   0.09123   0.03152   0.07239   0.12500   0.06483   0.19031   0.23372   8.33935   1.64400   1.05590   1.73265   1.26850  
 20 25.1964   2084.279579  x:  0.02070   0.19384   0.02274   0.03037   0.01356   0.12981   0.03998   0.06970   0.11255   0.03158   0.12621   0.19889   0.03680   0.05563   0.01279   0.08983   0.03178   0.07355   0.12217   0.06319   0.19367   0.23002   8.32496   1.67491   1.06214   1.74356   1.25793  
 21 19.9641   2084.269972  x:  0.02048   0.19346   0.02273   0.03043   0.01365   0.12945   0.03983   0.06844   0.11216   0.03158   0.12664   0.19999   0.03636   0.05433   0.01288   0.08939   0.03169   0.07421   0.12366   0.06452   0.19466   0.22869   8.32146   1.67984   1.06348   1.74670   1.25529  
 22  9.5265   2084.261224  x:  0.02050   0.19273   0.02275   0.03036   0.01356   0.12838   0.04004   0.06923   0.11162   0.03158   0.12735   0.20009   0.03655   0.05507   0.01285   0.08974   0.03183   0.07324   0.12617   0.06396   0.19516   0.22752   8.31639   1.68216   1.06514   1.75209   1.25152  
 23  4.8635   2084.215025  x:  0.02079   0.19082   0.02271   0.03039   0.01360   0.12922   0.03989   0.06871   0.11249   0.03154   0.12704   0.19681   0.03667   0.05469   0.01280   0.08959   0.03171   0.07376   0.12375   0.06411   0.19407   0.22583   8.28304   1.68679   1.07560   1.78810   1.22775  
 24  8.1103   2084.206669  x:  0.02055   0.19348   0.02274   0.03039   0.01357   0.12946   0.03987   0.06880   0.11147   0.03153   0.12688   0.19896   0.03658   0.05466   0.01280   0.08947   0.03174   0.07366   0.12403   0.06406   0.19427   0.22875   8.27504   1.68724   1.07713   1.79389   1.22405  
 25  5.6416   2084.202066  x:  0.02049   0.19362   0.02268   0.03035   0.01361   0.12823   0.03998   0.06876   0.11361   0.03154   0.12686   0.19993   0.03658   0.05478   0.01278   0.08972   0.03178   0.07372   0.12415   0.06438   0.19393   0.22956   8.26697   1.68727   1.07724   1.79463   1.22368  
 26  2.2175   2083.994686  x:  0.02137   0.18040   0.02252   0.03043   0.01328   0.12983   0.03984   0.06846   0.11062   0.03153   0.12393   0.20976   0.03659   0.05463   0.01257   0.08908   0.03200   0.07330   0.12404   0.06356   0.18364   0.23308   7.86744   1.68667   1.07453   1.79586   1.22828  
 27  8.5375   2083.545168  x:  0.02146   0.18842   0.02211   0.03023   0.01275   0.12677   0.04020   0.06838   0.11052   0.03146   0.12236   0.19946   0.03666   0.05483   0.01199   0.08822   0.03219   0.07309   0.12313   0.06484   0.19284   0.22983   7.02447   1.68539   1.06812   1.79645   1.23948  
 28 210.1495   2083.533449  x:  0.02131   0.19067   0.02243   0.03021   0.01333   0.12674   0.04013   0.06859   0.11079   0.03147   0.12337   0.19738   0.03672   0.05479   0.01271   0.08846   0.03205   0.07328   0.12325   0.06461   0.19432   0.22864   7.05389   1.67961   1.06465   1.78705   1.23496  
 29  0.0357   2083.532869  x:  0.02131   0.19098   0.02238   0.03021   0.01321   0.12669   0.04007   0.06853   0.11081   0.03147   0.12351   0.19730   0.03673   0.05473   0.01251   0.08843   0.03201   0.07323   0.12321   0.06450   0.19453   0.22852   7.05094   1.67778   1.06385   1.78432   1.23293  
 30  0.0052   2083.532832  x:  0.02132   0.19092   0.02239   0.03022   0.01323   0.12665   0.04005   0.06853   0.11080   0.03147   0.12351   0.19744   0.03671   0.05471   0.01254   0.08841   0.03201   0.07323   0.12319   0.06445   0.19448   0.22857   7.04628   1.67746   1.06392   1.78393   1.23241  
 31  0.0046   2083.532829  x:  0.02132   0.19091   0.02239   0.03022   0.01323   0.12662   0.04005   0.06853   0.11079   0.03147   0.12351   0.19744   0.03671   0.05470   0.01254   0.08840   0.03201   0.07322   0.12318   0.06444   0.19447   0.22857   7.04771   1.67749   1.06401   1.78397   1.23243  
 32  0.0012   2083.532829  x:  0.02132   0.19091   0.02239   0.03022   0.01323   0.12661   0.04005   0.06853   0.11079   0.03147   0.12351   0.19743   0.03671   0.05470   0.01254   0.08840   0.03200   0.07322   0.12318   0.06443   0.19447   0.22857   7.04744   1.67752   1.06400   1.78401   1.23246  
 33  0.0002   2083.532829  x:  0.02132   0.19091   0.02239   0.03022   0.01323   0.12661   0.04005   0.06853   0.11079   0.03147   0.12351   0.19743   0.03671   0.05470   0.01254   0.08840   0.03200   0.07322   0.12318   0.06443   0.19447   0.22857   7.04747   1.67752   1.06400   1.78401   1.23246  
 34  0.0000   2083.532829  x:  0.02132   0.19091   0.02239   0.03022   0.01323   0.12661   0.04005   0.06853   0.11079   0.03147   0.12351   0.19743   0.03671   0.05470   0.01254   0.08840   0.03200   0.07322   0.12318   0.06443   0.19447   0.22857   7.04747   1.67752   1.06400   1.78401   1.23246  
 35  0.0000   2083.532829  x:  0.02132   0.19091   0.02239   0.03022   0.01323   0.12661   0.04005   0.06853   0.11079   0.03147   0.12351   0.19743   0.03671   0.05470   0.01254   0.08840   0.03200   0.07322   0.12318   0.06443   0.19447   0.22857   7.04747   1.67752   1.06400   1.78401   1.23246  