

TREE # 1

  0  0.0000   2246.730922  x:  0.00000   0.03892   0.05765   0.02947   0.08103   0.08547   0.04832   0.07216   0.11037   0.04565   0.12942   0.02335   0.05791   0.01952   0.02781   0.07419   0.08287   0.03879   0.07300   0.06253   0.10678   0.10687   0.08835   2.00000   1.83147   1.28437   1.52049   0.40000  
  1 99.0000   2230.462177  x:  0.14362   0.08548   0.04960   0.02307   0.07211   0.08069   0.04459   0.08123   0.11796   0.05169   0.13913   0.02348   0.09049   0.02864   0.03295   0.06699   0.08514   0.03649   0.07675   0.07187   0.10610   0.11652   0.10689   2.00365   1.83118   1.28250   1.52147   0.41380  
  2 1411.6872   2208.062863  x:  0.12193   0.13145   0.02219   0.00000   0.04386   0.06785   0.03271   0.10214   0.14220   0.05847   0.15945   0.01360   0.14907   0.03529   0.03953   0.04431   0.09193   0.03019   0.08690   0.09225   0.10199   0.14185   0.14964   2.01643   1.82928   1.27750   1.52441   0.45689  
  3 334.1415   2201.252729  x:  0.10969   0.15739   0.00730   0.00622   0.02817   0.06065   0.02620   0.11398   0.15598   0.06223   0.17095   0.00811   0.18206   0.03893   0.04311   0.03156   0.09578   0.02673   0.09261   0.10364   0.09959   0.15616   0.17376   2.02382   1.82817   1.27463   1.52610   0.48156  
  4 4159.1258   2197.131378  x:  0.09997   0.17978   0.04512   0.00764   0.03272   0.05984   0.03318   0.12143   0.16831   0.06549   0.18095   0.01273   0.20806   0.03786   0.04080   0.03137   0.09875   0.02995   0.09617   0.10796   0.09491   0.16819   0.19363   2.03683   1.82609   1.27052   1.52865   0.51474  
  5 274.3822   2193.873169  x:  0.09688   0.19148   0.03592   0.00787   0.05634   0.06749   0.04813   0.11590   0.17377   0.05435   0.18680   0.00923   0.21874   0.02888   0.02915   0.05403   0.09797   0.03527   0.09386   0.09779   0.08796   0.17276   0.20139   2.06445   1.82151   1.26379   1.53255   0.56656  
  6 126.3533   2188.658959  x:  0.09884   0.18752   0.03503   0.00769   0.04789   0.07491   0.02979   0.09046   0.16753   0.04713   0.18568   0.02939   0.20580   0.03793   0.03257   0.04948   0.08978   0.02401   0.08269   0.07121   0.08393   0.16532   0.18995   2.15361   1.80737   1.24446   1.54289   0.69601  
  7 116.7443   2184.128089  x:  0.10436   0.17368   0.03655   0.00727   0.03302   0.07067   0.04148   0.08752   0.15803   0.05902   0.17936   0.00884   0.18247   0.03255   0.04136   0.03393   0.08974   0.04226   0.08286   0.07591   0.08782   0.15344   0.17097   2.24881   1.79343   1.22466   1.55246   0.80847  
  8 238.3093   2181.699716  x:  0.10831   0.15738   0.03455   0.00704   0.04361   0.05818   0.03820   0.11114   0.15284   0.06436   0.17293   0.01330   0.16565   0.03273   0.04029   0.03665   0.09433   0.02981   0.09280   0.10185   0.09645   0.15027   0.16137   2.32388   1.78437   1.21030   1.55768   0.86441  
  9 155.1727   2180.244771  x:  0.11131   0.14544   0.03673   0.00695   0.03058   0.06731   0.03167   0.12223   0.15518   0.05486   0.16995   0.01299   0.16246   0.03047   0.02591   0.04297   0.09796   0.03409   0.09467   0.10694   0.09961   0.15600   0.16586   2.39730   1.77844   1.19899   1.55857   0.87055  
 10 71.3422   2174.612785  x:  0.11626   0.11237   0.03471   0.00682   0.04177   0.08829   0.04360   0.12991   0.16997   0.03900   0.16645   0.01124   0.16702   0.04282   0.04212   0.02431   0.09818   0.03386   0.08951   0.10052   0.10258   0.18121   0.19286   2.75627   1.75252   1.14748   1.55783   0.85034  
 11 175.3472   2167.268838  x:  0.11511   0.10571   0.03430   0.00725   0.04062   0.07820   0.03310   0.11602   0.18137   0.08548   0.17088   0.00000   0.17481   0.03815   0.05829   0.05711   0.09167   0.02729   0.08415   0.07979   0.09622   0.20121   0.21635   3.34967   1.70972   1.06722   1.55342   0.80153  
 12 613.4522   2164.156967  x:  0.11141   0.12045   0.02702   0.00735   0.03758   0.06398   0.04100   0.10611   0.18006   0.09871   0.17521   0.02595   0.17771   0.02632   0.05377   0.05809   0.09089   0.03986   0.08481   0.07774   0.09106   0.20075   0.21715   3.63946   1.68852   1.03151   1.54962   0.77448  
 13 920.3841   2158.569299  x:  0.10268   0.16903   0.03105   0.00740   0.04655   0.04706   0.03652   0.08777   0.16677   0.08391   0.18457   0.01586   0.18185   0.02258   0.02488   0.03983   0.08920   0.03093   0.08690   0.08296   0.08598   0.17825   0.19861   3.99618   1.66138   0.99706   1.54108   0.73798  
 14 554.8509   2156.613250  x:  0.09566   0.19923   0.03223   0.00765   0.04318   0.05826   0.03849   0.09034   0.15704   0.07226   0.18909   0.01568   0.18721   0.03759   0.03553   0.05017   0.09055   0.03331   0.09196   0.09041   0.08628   0.15822   0.18097   4.13919   1.64993   0.99198   1.53415   0.72383  
 15 294.5028   2156.175136  x:  0.09478   0.20487   0.03276   0.00764   0.04243   0.06247   0.03738   0.09908   0.15675   0.06983   0.18778   0.01584   0.19133   0.02715   0.04138   0.04929   0.09083   0.02974   0.09045   0.08528   0.08654   0.15263   0.17464   4.16970   1.64679   1.00166   1.52853   0.72200  
 16 63.8878   2155.732844  x:  0.09409   0.20580   0.03236   0.00764   0.04498   0.05817   0.03566   0.10660   0.16055   0.07152   0.18230   0.01587   0.19858   0.03208   0.03870   0.04872   0.09250   0.03446   0.08578   0.07760   0.09110   0.14943   0.16867   4.20432   1.64241   1.03232   1.51444   0.72261  
 17 41.2009   2155.135967  x:  0.09418   0.20368   0.03237   0.00773   0.04149   0.06016   0.04245   0.09877   0.16436   0.07426   0.17585   0.01675   0.20458   0.03269   0.03587   0.05002   0.09186   0.02795   0.08748   0.08364   0.09062   0.15059   0.16680   4.25254   1.63662   1.08739   1.48967   0.72514  
 18 65.9402   2154.922941  x:  0.09437   0.20309   0.03261   0.00776   0.04421   0.06065   0.03689   0.09480   0.16323   0.07309   0.17658   0.01653   0.20376   0.03051   0.03846   0.04993   0.09195   0.03199   0.09056   0.08771   0.08804   0.15227   0.16931   4.27002   1.63542   1.10885   1.47987   0.72637  
 19 65.7921   2154.815371  x:  0.09433   0.20436   0.03272   0.00774   0.04314   0.05882   0.03828   0.09754   0.15783   0.07207   0.18409   0.01615   0.19666   0.03153   0.03894   0.05012   0.09193   0.03150   0.09152   0.08521   0.08616   0.15393   0.17535   4.27936   1.63759   1.12091   1.47397   0.72737  
 20 18.7105   2154.792717  x:  0.09416   0.20540   0.03236   0.00773   0.04387   0.06113   0.03793   0.09764   0.15818   0.07388   0.18667   0.01642   0.19462   0.03140   0.03821   0.04939   0.09239   0.03154   0.09009   0.08577   0.08837   0.15413   0.17604   4.28164   1.64076   1.12287   1.47273   0.72786  
 21  6.8430   2154.732472  x:  0.09415   0.20618   0.03270   0.00770   0.04292   0.05876   0.03801   0.09669   0.16373   0.07121   0.18980   0.01625   0.19172   0.03051   0.03983   0.05053   0.09230   0.03146   0.08820   0.08686   0.09126   0.15444   0.17499   4.28865   1.65735   1.12577   1.47021   0.72989  
 22  6.0712   2154.550692  x:  0.09381   0.20600   0.03206   0.00764   0.04333   0.06058   0.03773   0.09882   0.16742   0.07303   0.18950   0.01607   0.19110   0.03211   0.03781   0.04869   0.09127   0.03149   0.09352   0.08560   0.08475   0.15409   0.17149   4.31057   1.71205   1.13288   1.46545   0.73665  
 23 19.3063   2154.395412  x:  0.09309   0.20511   0.03228   0.00770   0.04318   0.05958   0.03790   0.09761   0.15643   0.07218   0.18411   0.01587   0.19686   0.03093   0.03815   0.04928   0.09355   0.03125   0.09055   0.08676   0.08842   0.15416   0.17434   4.32929   1.75491   1.13960   1.46670   0.74242  
 24 27.5042   2154.143011  x:  0.09206   0.20563   0.03184   0.00769   0.04310   0.05972   0.03751   0.09997   0.15634   0.07173   0.18188   0.01594   0.19734   0.03080   0.03709   0.04902   0.08022   0.03261   0.08897   0.08967   0.08986   0.14850   0.18025   4.35899   1.78571   1.15990   1.50572   0.74824  
 25  7.1688   2153.052771  x:  0.08794   0.20896   0.02940   0.00754   0.04239   0.05976   0.03677   0.10000   0.16286   0.06982   0.17925   0.01519   0.19412   0.03100   0.03637   0.04684   0.09796   0.03108   0.09310   0.09044   0.08792   0.13867   0.19063   4.49820   1.91508   1.25693   1.69988   0.77420  
 26 81.2870   2152.677667  x:  0.08621   0.21109   0.02888   0.00751   0.04195   0.05990   0.03660   0.10159   0.15792   0.06837   0.18492   0.01432   0.19620   0.03129   0.03625   0.04610   0.09516   0.03159   0.09346   0.09136   0.08883   0.15904   0.17658   4.54416   1.95286   1.28684   1.76044   0.78280  
 27 64.3371   2152.433929  x:  0.08646   0.20029   0.02876   0.00750   0.04152   0.05897   0.03632   0.10223   0.15604   0.06816   0.20043   0.01440   0.20690   0.03144   0.03474   0.04587   0.09617   0.03161   0.08779   0.09592   0.08344   0.15331   0.17215   4.57030   1.94827   1.28470   1.75869   0.78997  
 28  4.2504   2151.595655  x:  0.08411   0.18935   0.02773   0.00742   0.04091   0.05815   0.03655   0.10055   0.15537   0.06566   0.21632   0.01404   0.22141   0.02948   0.03185   0.04354   0.09419   0.03148   0.11068   0.09107   0.10108   0.14665   0.17149   4.66241   1.91709   1.26554   1.73072   0.81683  
 29 24.5064   2145.353976  x:  0.05669   0.20794   0.01747   0.00654   0.03547   0.05934   0.03378   0.12822   0.17078   0.05026   0.18669   0.00712   0.22086   0.03250   0.02415   0.03079   0.10022   0.03144   0.10120   0.11449   0.09587   0.16129   0.19234   5.30885   1.67477   1.11393   1.49887   1.00664  
 30 96.8835   2138.717152  x:  0.01024   0.16758   0.02155   0.00842   0.03423   0.06859   0.03008   0.11441   0.17225   0.06589   0.18602   0.01972   0.21583   0.03067   0.04698   0.04597   0.09440   0.02537   0.08386   0.09604   0.08998   0.18048   0.20039   6.58517   1.73900   1.12496   1.56075   1.14004  
 31  0.5419   2137.347278  x:  0.00000   0.16458   0.02340   0.00898   0.03755   0.06869   0.03478   0.10985   0.16845   0.05913   0.19262   0.01715   0.20592   0.03093   0.04183   0.04397   0.09344   0.02925   0.08802   0.09131   0.09071   0.17589   0.19373   6.83865   1.74859   1.12185   1.56670   1.13421  
 32  0.4036   2136.657025  x:  0.00536   0.15958   0.02632   0.00939   0.04036   0.06570   0.03777   0.10650   0.16457   0.05409   0.20121   0.01357   0.18971   0.03129   0.03259   0.03985   0.09371   0.03174   0.09302   0.08927   0.09152   0.16655   0.18437   6.80643   1.74264   1.11243   1.55244   1.07540  
 33  0.1149   2136.406961  x:  0.00000   0.16025   0.02680   0.00970   0.03996   0.06399   0.03695   0.10868   0.16623   0.05537   0.19966   0.01251   0.18811   0.03176   0.02977   0.03764   0.09477   0.03130   0.09354   0.09127   0.09196   0.16494   0.18449   6.88563   1.73007   1.10303   1.54224   1.04276  
 34  0.1034   2136.272351  x:  0.00013   0.15875   0.02503   0.01003   0.03841   0.06225   0.03717   0.11145   0.16770   0.05731   0.19707   0.01348   0.18972   0.03055   0.03229   0.03934   0.09536   0.03145   0.09267   0.09387   0.09241   0.16574   0.18542   6.85525   1.72391   1.10251   1.54216   0.99081  
 35  0.0428   2136.254990  x:  0.00172   0.15759   0.02452   0.01016   0.03855   0.06311   0.03633   0.11094   0.16656   0.05714   0.19664   0.01337   0.18926   0.03096   0.03262   0.03898   0.09500   0.03074   0.09244   0.09354   0.09213   0.16651   0.18524   6.83093   1.72516   1.10432   1.54531   0.98464  
 36  0.0243   2136.246077  x:  0.00122   0.15704   0.02401   0.01046   0.03832   0.06442   0.03589   0.11043   0.16584   0.05637   0.19635   0.01312   0.18893   0.03143   0.03291   0.03888   0.09467   0.03043   0.09224   0.09300   0.09210   0.16718   0.18519   6.84370   1.72357   1.10370   1.54460   0.98899  
 37  0.0066   2136.228606  x:  0.00149   0.15687   0.02333   0.01150   0.03790   0.06498   0.03673   0.11120   0.16721   0.05745   0.19537   0.01283   0.18919   0.03154   0.03228   0.03863   0.09500   0.03156   0.09254   0.09318   0.09264   0.16680   0.18543   6.83378   1.72003   1.10251   1.53987   0.98838  
 38  0.0031   2136.213273  x:  0.00140   0.15735   0.02412   0.01256   0.03810   0.06366   0.03594   0.11124   0.16724   0.05660   0.19629   0.01286   0.18948   0.03124   0.03280   0.03888   0.09518   0.03085   0.09262   0.09339   0.09246   0.16636   0.18541   6.83154   1.72548   1.10568   1.54471   0.98875  
 39  0.0046   2136.211356  x:  0.00135   0.15741   0.02393   0.01278   0.03822   0.06367   0.03619   0.11092   0.16662   0.05718   0.19653   0.01317   0.18929   0.03119   0.03269   0.03884   0.09499   0.03071   0.09243   0.09331   0.09221   0.16661   0.18530   6.83167   1.72446   1.10440   1.54440   0.99096  
 40  0.0028   2136.211247  x:  0.00134   0.15761   0.02389   0.01282   0.03819   0.06365   0.03625   0.11084   0.16652   0.05704   0.19655   0.01316   0.18935   0.03117   0.03263   0.03886   0.09495   0.03077   0.09244   0.09333   0.09219   0.16667   0.18535   6.82986   1.72433   1.10409   1.54415   0.99046  
 41  0.0019   2136.211237  x:  0.00134   0.15757   0.02389   0.01282   0.03819   0.06364   0.03623   0.11081   0.16654   0.05705   0.19661   0.01317   0.18940   0.03117   0.03263   0.03883   0.09494   0.03078   0.09247   0.09332   0.09218   0.16670   0.18539   6.82878   1.72430   1.10407   1.54404   0.99036  
 42  0.0009   2136.211229  x:  0.00133   0.15762   0.02389   0.01281   0.03819   0.06363   0.03622   0.11079   0.16655   0.05705   0.19658   0.01317   0.18934   0.03117   0.03263   0.03883   0.09495   0.03078   0.09245   0.09331   0.09218   0.16671   0.18537   6.82599   1.72433   1.10416   1.54405   0.99038  
 43  0.0010   2136.211225  x:  0.00133   0.15757   0.02389   0.01281   0.03819   0.06364   0.03623   0.11080   0.16654   0.05704   0.19659   0.01317   0.18936   0.03117   0.03263   0.03884   0.09495   0.03078   0.09245   0.09332   0.09218   0.16669   0.18536   6.82455   1.72430   1.10412   1.54404   0.99036  
 44  0.0010   2136.211225  x:  0.00133   0.15758   0.02389   0.01281   0.03819   0.06364   0.03623   0.11081   0.16653   0.05704   0.19659   0.01317   0.18936   0.03117   0.03263   0.03884   0.09495   0.03078   0.09245   0.09332   0.09218   0.16669   0.18536   6.82444   1.72432   1.10413   1.54405   0.99035  
 45  0.0001   2136.211225  x:  0.00133   0.15757   0.02389   0.01281   0.03819   0.06364   0.03623   0.11081   0.16653   0.05704   0.19659   0.01317   0.18936   0.03117   0.03263   0.03884   0.09495   0.03078   0.09245   0.09332   0.09218   0.16669   0.18536   6.82444   1.72432   1.10413   1.54405   0.99035  
 46  0.0000   2136.211225  x:  0.00133   0.15757   0.02389   0.01281   0.03819   0.06364   0.03623   0.11081   0.16653   0.05704   0.19659   0.01317   0.18936   0.03117   0.03263   0.03884   0.09495   0.03078   0.09245   0.09332   0.09218   0.16669   0.18536   6.82444   1.72432   1.10413   1.54405   0.99035  

TREE # 2

  0  0.0000   2160.063230  x:  0.21477   0.00336   0.20951   0.09400   0.09531   0.01280   0.09304   0.02468   0.07350   0.04063   0.07793   0.05104   0.00000   0.23032   0.06674   0.07221   0.00016   0.11690   0.03885   0.09367   0.04684   0.05378   0.05107   6.82444   1.58698   1.06985   1.39959   0.99035  
  1 99.0000   2150.918828  x:  0.21436   0.01479   0.20868   0.09986   0.09559   0.02078   0.09346   0.02652   0.07506   0.04067   0.07918   0.04877   0.00564   0.22983   0.07489   0.07279   0.04726   0.11995   0.03679   0.09524   0.04558   0.05504   0.04908   6.82444   1.58720   1.06952   1.39992   0.99030  
  2 1124.3598   2140.743034  x:  0.20869   0.01989   0.20037   0.14189   0.09712   0.04800   0.09616   0.03731   0.08772   0.04007   0.08930   0.03017   0.00422   0.22452   0.12318   0.06355   0.04010   0.13990   0.00691   0.10500   0.03554   0.06186   0.03634   6.82441   1.58917   1.06700   1.40227   0.99045  
  3 226.9885   2139.018318  x:  0.20383   0.01497   0.19340   0.16167   0.09571   0.04571   0.09563   0.03647   0.09272   0.03835   0.09419   0.02669   0.00089   0.21962   0.14331   0.05693   0.03975   0.15175   0.02500   0.10945   0.03628   0.06411   0.03444   6.82439   1.59058   1.06540   1.40411   0.99041  
  4 165.5465   2137.892200  x:  0.19750   0.00955   0.18453   0.17519   0.09224   0.02960   0.09332   0.03042   0.09418   0.03718   0.09683   0.03401   0.00140   0.21331   0.15359   0.05379   0.04199   0.16103   0.01986   0.11136   0.04054   0.06384   0.03910   6.82437   1.59243   1.06362   1.40658   0.99031  
  5 97.7044   2137.724542  x:  0.19423   0.01569   0.18022   0.17824   0.09127   0.02592   0.09277   0.02961   0.09325   0.03829   0.09625   0.03365   0.00087   0.20985   0.15344   0.05422   0.04099   0.16344   0.01987   0.11090   0.04073   0.06282   0.03935   6.82435   1.59360   1.06261   1.40816   0.99026  
  6 44.5379   2137.500093  x:  0.18563   0.01372   0.16816   0.18187   0.09112   0.02680   0.09246   0.03088   0.08965   0.04098   0.09339   0.03107   0.00171   0.20044   0.14854   0.05708   0.04137   0.16716   0.01966   0.10867   0.03954   0.06048   0.03834   6.82431   1.59735   1.05949   1.41319   0.99009  
  7 32.4513   2137.456631  x:  0.18365   0.01440   0.16549   0.18212   0.09158   0.02862   0.09276   0.03085   0.08980   0.03866   0.09360   0.03288   0.00317   0.19760   0.14714   0.05610   0.04097   0.16718   0.01990   0.10854   0.03993   0.06184   0.03861   6.82427   1.59944   1.05790   1.41595   0.98997  
  8 18.0238   2137.438998  x:  0.18312   0.01442   0.16487   0.18179   0.09185   0.02868   0.09297   0.03088   0.09043   0.03792   0.09397   0.03291   0.00173   0.19616   0.14653   0.05537   0.04121   0.16672   0.01965   0.10870   0.03994   0.06272   0.03838   6.82425   1.60108   1.05675   1.41816   0.98986  
  9 15.3444   2137.398415  x:  0.18264   0.01426   0.16469   0.18041   0.09244   0.02712   0.09346   0.03106   0.09271   0.03829   0.09519   0.03109   0.00302   0.19310   0.14623   0.05402   0.04132   0.16482   0.01943   0.10956   0.03954   0.06415   0.03763   6.82414   1.60703   1.05280   1.42610   0.98946  
 10 18.5737   2137.331394  x:  0.18319   0.01444   0.16625   0.17920   0.09266   0.02833   0.09318   0.03063   0.09389   0.04110   0.09623   0.03311   0.00250   0.19006   0.14805   0.05543   0.04110   0.16288   0.01977   0.11053   0.03989   0.06223   0.03859   6.82391   1.61988   1.04519   1.44311   0.98858  
 11 22.3639   2137.270209  x:  0.18428   0.01428   0.16789   0.17899   0.09186   0.02808   0.09255   0.02983   0.09148   0.03773   0.09462   0.03188   0.00228   0.19073   0.14953   0.05689   0.04106   0.16282   0.01968   0.10994   0.03973   0.06047   0.03854   6.82368   1.63291   1.03911   1.46010   0.98768  
 12 30.7613   2137.230412  x:  0.18487   0.01424   0.16812   0.17967   0.09116   0.02753   0.09241   0.03212   0.08935   0.03857   0.09288   0.03269   0.00216   0.19430   0.14909   0.05524   0.04111   0.16429   0.01964   0.10866   0.03971   0.06240   0.03820   6.82350   1.64268   1.03702   1.47239   0.98703  
 13 22.6691   2137.206643  x:  0.18462   0.01425   0.16718   0.18022   0.09169   0.02824   0.09248   0.02965   0.09008   0.03945   0.09335   0.03212   0.00206   0.19789   0.14753   0.05458   0.04113   0.16578   0.01948   0.10836   0.03978   0.06291   0.03828   6.82338   1.64944   1.03904   1.48027   0.98662  
 14 12.9667   2137.178958  x:  0.18387   0.01433   0.16587   0.18057   0.09236   0.02773   0.09325   0.03109   0.09249   0.03854   0.09486   0.03254   0.00191   0.20122   0.14614   0.05590   0.04114   0.16685   0.01951   0.10906   0.03947   0.06150   0.03798   6.82322   1.65843   1.04543   1.48997   0.98616  
 15 14.8288   2137.087516  x:  0.18210   0.01443   0.16493   0.17952   0.09171   0.02830   0.09215   0.03210   0.09099   0.03859   0.09433   0.03099   0.00159   0.20101   0.14833   0.05581   0.04099   0.16421   0.01939   0.11170   0.04131   0.06229   0.04101   6.82267   1.69127   1.07955   1.52258   0.98486  
 16 16.1217   2137.036678  x:  0.18200   0.01434   0.16532   0.17920   0.09141   0.02806   0.09180   0.03089   0.08995   0.03883   0.09381   0.03261   0.00177   0.19956   0.14961   0.05540   0.04094   0.16310   0.01945   0.11145   0.03937   0.06234   0.03779   6.82236   1.70946   1.09880   1.54013   0.98427  
 17 65.5499   2137.019609  x:  0.18381   0.01427   0.16694   0.18000   0.09196   0.02807   0.09318   0.03088   0.09079   0.03882   0.09359   0.03247   0.00198   0.19729   0.14912   0.05527   0.04093   0.16470   0.01940   0.10828   0.03981   0.06216   0.03805   6.82225   1.71615   1.10543   1.54554   0.98439  
 18 12.4859   2137.017081  x:  0.18468   0.01424   0.16740   0.18039   0.09186   0.02810   0.09273   0.03094   0.09066   0.03879   0.09384   0.03244   0.00206   0.19666   0.14837   0.05553   0.04091   0.16555   0.01939   0.10896   0.03932   0.06250   0.03828   6.82222   1.71765   1.10618   1.54574   0.98476  
 19  2.4983   2137.015871  x:  0.18504   0.01423   0.16752   0.18055   0.09178   0.02817   0.09256   0.03099   0.09058   0.03880   0.09388   0.03240   0.00211   0.19646   0.14805   0.05543   0.04091   0.16582   0.01933   0.10938   0.03986   0.06236   0.03790   6.82219   1.71862   1.10639   1.54551   0.98514  
 20  2.3600   2137.009116  x:  0.18546   0.01423   0.16709   0.18077   0.09159   0.02824   0.09301   0.03100   0.09071   0.03878   0.09336   0.03238   0.00201   0.19661   0.14804   0.05432   0.04094   0.16541   0.01925   0.10976   0.03938   0.06136   0.03827   6.82200   1.72549   1.10653   1.54205   0.98855  
 21  1.9397   2136.999987  x:  0.18528   0.01423   0.16664   0.18085   0.09171   0.02812   0.09325   0.03084   0.09082   0.03884   0.09336   0.03239   0.00185   0.19707   0.14872   0.05559   0.04086   0.16480   0.01923   0.10932   0.03964   0.06242   0.03809   6.82173   1.73472   1.10657   1.53724   0.99334  
 22 11.5394   2136.997398  x:  0.18440   0.01424   0.16715   0.18041   0.09208   0.02814   0.09236   0.03105   0.09049   0.03879   0.09429   0.03228   0.00183   0.19714   0.14892   0.05531   0.04086   0.16519   0.01917   0.10877   0.03960   0.06224   0.03809   6.82165   1.73631   1.10658   1.53643   0.99458  
 23  2.1467   2136.989331  x:  0.18199   0.01420   0.16902   0.17941   0.09157   0.02836   0.09302   0.03091   0.09112   0.03880   0.09323   0.03232   0.00183   0.19702   0.14924   0.05528   0.04077   0.16696   0.01898   0.10952   0.03955   0.06240   0.03798   6.82137   1.73677   1.10667   1.53658   0.99765  
 24  0.9574   2136.860017  x:  0.18340   0.01422   0.16856   0.18392   0.09317   0.02896   0.09703   0.03121   0.08834   0.03900   0.09638   0.03163   0.00159   0.19716   0.15220   0.05531   0.03949   0.16617   0.01673   0.11088   0.03909   0.06265   0.03753   6.81684   1.72659   1.10820   1.54932   1.04057  
 25  2.2527   2136.816446  x:  0.18483   0.01423   0.16728   0.18501   0.09214   0.02974   0.09234   0.03173   0.09205   0.03869   0.09396   0.03145   0.00152   0.19726   0.15341   0.05534   0.03901   0.16570   0.01602   0.10963   0.03889   0.06278   0.03734   6.81540   1.72354   1.10863   1.55293   1.05184  
 26 14.0911   2136.662351  x:  0.18822   0.01452   0.16269   0.18130   0.08673   0.03197   0.09412   0.03232   0.09257   0.03874   0.09743   0.03030   0.00128   0.19685   0.16033   0.05508   0.03712   0.17095   0.01309   0.10951   0.03824   0.06338   0.03643   6.81198   1.72513   1.10687   1.54991   1.02602  
 27  1.6328   2136.543953  x:  0.18690   0.01465   0.16457   0.18661   0.09470   0.03203   0.09376   0.03287   0.09270   0.03873   0.09484   0.03013   0.00120   0.19682   0.16296   0.05514   0.03583   0.17051   0.01096   0.11155   0.03786   0.06361   0.03603   6.80938   1.72693   1.10530   1.54690   1.00314  
 28 18.1049   2136.521676  x:  0.18481   0.01440   0.16704   0.19085   0.09190   0.03259   0.09381   0.03295   0.09305   0.03871   0.09584   0.02984   0.00131   0.19702   0.16148   0.05523   0.03567   0.16789   0.01064   0.11099   0.03776   0.06360   0.03599   6.80892   1.72735   1.10497   1.54626   0.99849  
 29  7.2716   2136.382277  x:  0.18492   0.01486   0.16754   0.19290   0.09294   0.03374   0.09305   0.03346   0.09285   0.03899   0.09446   0.03103   0.00169   0.19725   0.16150   0.05730   0.03079   0.16538   0.01441   0.11076   0.03780   0.06345   0.03665   6.84253   1.72077   1.10190   1.53780   0.97233  
 30  0.0218   2136.226973  x:  0.18541   0.01374   0.16573   0.19129   0.09196   0.03232   0.09261   0.03273   0.09247   0.03888   0.09448   0.03175   0.00150   0.19626   0.15994   0.05758   0.02350   0.16698   0.01335   0.11045   0.03865   0.06343   0.03703   6.85185   1.71959   1.10336   1.54031   0.99273  
 31  0.0141   2136.211435  x:  0.18539   0.01309   0.16656   0.18953   0.09210   0.03123   0.09333   0.03256   0.09244   0.03883   0.09499   0.03074   0.00126   0.19651   0.15787   0.05704   0.02396   0.16677   0.01284   0.11080   0.03818   0.06364   0.03616   6.82335   1.72392   1.10431   1.54379   0.99137  
 32  0.0288   2136.211231  x:  0.18537   0.01316   0.16670   0.18940   0.09218   0.03116   0.09333   0.03263   0.09247   0.03883   0.09497   0.03077   0.00133   0.19661   0.15762   0.05703   0.02387   0.16655   0.01282   0.11083   0.03819   0.06365   0.03623   6.82437   1.72435   1.10414   1.54406   0.99029  
 33  0.0015   2136.211225  x:  0.18536   0.01317   0.16669   0.18937   0.09219   0.03116   0.09332   0.03263   0.09246   0.03884   0.09495   0.03078   0.00133   0.19659   0.15758   0.05704   0.02390   0.16653   0.01281   0.11081   0.03819   0.06364   0.03623   6.82451   1.72433   1.10413   1.54406   0.99035  
 34  0.0002   2136.211225  x:  0.18536   0.01317   0.16669   0.18936   0.09218   0.03117   0.09332   0.03263   0.09245   0.03884   0.09495   0.03078   0.00133   0.19659   0.15757   0.05704   0.02389   0.16653   0.01281   0.11081   0.03819   0.06364   0.03623   6.82444   1.72432   1.10413   1.54405   0.99035  
 35  0.0001   2136.211225  x:  0.18536   0.01317   0.16669   0.18936   0.09218   0.03117   0.09332   0.03263   0.09245   0.03884   0.09495   0.03078   0.00133   0.19659   0.15757   0.05704   0.02389   0.16653   0.01281   0.11081   0.03819   0.06364   0.03623   6.82444   1.72432   1.10413   1.54405   0.99035  
 36  0.0000   2136.211225  x:  0.18536   0.01317   0.16669   0.18936   0.09218   0.03117   0.09332   0.03263   0.09245   0.03884   0.09495   0.03078   0.00133   0.19659   0.15757   0.05704   0.02389   0.16653   0.01281   0.11081   0.03819   0.06364   0.03623   6.82444   1.72432   1.10413   1.54405   0.99035  