

TREE # 1

  0  0.0000   2296.481194  x:  0.20925   0.02571   0.03211   0.02495   0.05815   0.02188   0.05666   0.08536   0.02661   0.17168   0.20925   0.02571   0.03211   0.02495   0.05815   0.02188   0.05666   0.08536   0.02661   0.17168   0.21568   8.40433   1.38363   1.28405   1.31718   1.00000  
  1 99.0000   2262.008961  x:  0.21001   0.04549   0.04332   0.06496   0.04879   0.03983   0.08726   0.08792   0.05506   0.20112   0.20184   0.08683   0.06473   0.03254   0.13472   0.04019   0.06852   0.11402   0.12787   0.17571   0.21863   8.40426   1.38459   1.27960   1.32118   0.99787  
  2 645.0509   2255.646710  x:  0.21076   0.03391   0.03763   0.05104   0.03924   0.02304   0.10354   0.09126   0.04534   0.24891   0.18060   0.07229   0.06486   0.02104   0.16999   0.01668   0.07159   0.14248   0.12804   0.18300   0.22365   8.40414   1.38755   1.27050   1.32931   0.99288  
  3 147.1724   2253.393780  x:  0.21094   0.03399   0.03769   0.04381   0.04242   0.03471   0.10838   0.09243   0.04229   0.28167   0.16260   0.05726   0.06295   0.03440   0.18643   0.02798   0.06908   0.15718   0.11935   0.18838   0.22714   8.40402   1.39038   1.26185   1.33701   0.98809  
  4 156.6216   2252.626274  x:  0.21029   0.04391   0.04273   0.05347   0.04836   0.03492   0.10343   0.09121   0.04977   0.29933   0.14982   0.05591   0.06016   0.03033   0.18672   0.02651   0.06527   0.15818   0.11219   0.19153   0.22885   8.40390   1.39344   1.25284   1.34500   0.98279  
  5 67.2350   2252.070514  x:  0.20791   0.03863   0.03910   0.05615   0.04479   0.03280   0.09365   0.08913   0.04861   0.31612   0.13689   0.06847   0.06106   0.03102   0.17904   0.02967   0.06447   0.15142   0.11056   0.19464   0.23020   8.40367   1.39920   1.23636   1.35955   0.97258  
  6 43.7850   2251.737541  x:  0.20453   0.04028   0.04249   0.05016   0.04585   0.03828   0.09526   0.08990   0.04737   0.32318   0.13493   0.06958   0.06209   0.03009   0.17142   0.02514   0.06857   0.14400   0.11609   0.19576   0.23079   8.40336   1.40606   1.21736   1.37649   0.96001  
  7 35.4266   2251.398265  x:  0.20103   0.04180   0.04181   0.05022   0.04638   0.03115   0.10064   0.09104   0.04810   0.32556   0.13831   0.06362   0.06284   0.03101   0.16644   0.02953   0.06873   0.13919   0.12179   0.19568   0.23091   8.40291   1.41512   1.19287   1.39880   0.94276  
  8 52.2415   2251.171593  x:  0.20029   0.03815   0.03808   0.05549   0.04462   0.03543   0.10117   0.09057   0.04839   0.32179   0.14278   0.06028   0.06185   0.02884   0.16791   0.02858   0.06578   0.14145   0.12165   0.19426   0.23026   8.40246   1.42253   1.17374   1.41723   0.92757  
  9 46.0058   2250.981566  x:  0.20218   0.03866   0.04149   0.05352   0.04501   0.03403   0.09721   0.08939   0.04856   0.31371   0.14561   0.06379   0.06117   0.03224   0.17392   0.02659   0.06521   0.14808   0.11710   0.19197   0.22897   8.40191   1.42954   1.15721   1.43491   0.91178  
 10 38.9908   2250.954096  x:  0.20320   0.03992   0.04028   0.05203   0.04558   0.03421   0.09711   0.08965   0.04833   0.31159   0.14441   0.06463   0.06130   0.02993   0.17531   0.02816   0.06616   0.14878   0.11608   0.19167   0.22874   8.40174   1.43070   1.15577   1.43785   0.90846  
 11 14.7254   2250.935477  x:  0.20498   0.03964   0.04038   0.05296   0.04520   0.03411   0.09864   0.09041   0.04797   0.30890   0.14059   0.06421   0.06103   0.03045   0.17607   0.02787   0.06752   0.14780   0.11569   0.19182   0.22866   8.40135   1.43183   1.15757   1.44068   0.90371  
 12  6.5974   2250.921268  x:  0.20589   0.03915   0.04055   0.05195   0.04554   0.03404   0.09861   0.08987   0.04851   0.30790   0.13892   0.06370   0.06128   0.03034   0.17617   0.02762   0.06510   0.14736   0.11685   0.19238   0.22881   8.40075   1.43314   1.16185   1.44365   0.89790  
 13  6.3211   2250.893377  x:  0.20583   0.04041   0.03999   0.05244   0.04492   0.03401   0.09677   0.08909   0.04742   0.30898   0.14037   0.06279   0.06180   0.03062   0.17550   0.02746   0.06620   0.14813   0.11767   0.19343   0.22925   8.39908   1.43664   1.17391   1.45071   0.88414  
 14  9.5511   2250.882556  x:  0.20531   0.03916   0.04079   0.05258   0.04564   0.03402   0.09747   0.08980   0.04807   0.30991   0.14158   0.06355   0.06133   0.03011   0.17527   0.02803   0.06681   0.14833   0.11696   0.19332   0.22926   8.39827   1.43847   1.17907   1.45381   0.87892  
 15 12.8852   2250.879572  x:  0.20491   0.03960   0.04033   0.05242   0.04523   0.03410   0.09823   0.09017   0.04846   0.31024   0.14193   0.06416   0.06106   0.03040   0.17529   0.02783   0.06647   0.14812   0.11638   0.19281   0.22912   8.39789   1.43949   1.18068   1.45495   0.87789  
 16  4.7775   2250.876738  x:  0.20426   0.03977   0.04054   0.05265   0.04546   0.03410   0.09857   0.08999   0.04755   0.31040   0.14191   0.06436   0.06145   0.03032   0.17571   0.02781   0.06603   0.14766   0.11606   0.19174   0.22880   8.39714   1.44173   1.18249   1.45672   0.87811  
 17  2.5174   2250.869703  x:  0.20325   0.03940   0.04042   0.05238   0.04531   0.03405   0.09788   0.08941   0.04850   0.31043   0.14153   0.06365   0.06200   0.03035   0.17659   0.02772   0.06662   0.14697   0.11601   0.18989   0.22819   8.39479   1.44879   1.18727   1.46198   0.88015  
 18  5.4953   2250.855174  x:  0.20385   0.03956   0.04049   0.05231   0.04522   0.03394   0.09727   0.09084   0.04794   0.31007   0.14138   0.06366   0.06018   0.03026   0.17634   0.02780   0.06637   0.14793   0.11694   0.19081   0.22814   8.38926   1.46466   1.19719   1.47387   0.88603  
 19  8.8162   2250.849919  x:  0.20464   0.03953   0.04030   0.05241   0.04546   0.03396   0.09815   0.09009   0.04808   0.30992   0.14155   0.06396   0.06135   0.03037   0.17570   0.02764   0.06642   0.14861   0.11642   0.19209   0.22849   8.38705   1.47030   1.20070   1.47832   0.88832  
 20 10.0473   2250.849556  x:  0.20475   0.03955   0.04052   0.05238   0.04514   0.03398   0.09821   0.08993   0.04808   0.30993   0.14165   0.06395   0.06134   0.03026   0.17581   0.02774   0.06639   0.14846   0.11631   0.19225   0.22863   8.38676   1.47048   1.20090   1.47866   0.88849  
 21  1.2674   2250.848745  x:  0.20499   0.03953   0.04037   0.05237   0.04534   0.03395   0.09818   0.08971   0.04804   0.31001   0.14197   0.06398   0.06115   0.03032   0.17638   0.02766   0.06643   0.14779   0.11617   0.19259   0.22915   8.38570   1.47030   1.20121   1.47946   0.88885  
 22  1.0349   2250.846298  x:  0.20508   0.03950   0.04041   0.05235   0.04523   0.03393   0.09784   0.09079   0.04806   0.31010   0.14209   0.06381   0.06198   0.03029   0.17665   0.02754   0.06625   0.14757   0.11596   0.19255   0.22991   8.38161   1.46865   1.20184   1.48173   0.88980  
 23  1.3641   2250.837701  x:  0.20454   0.03942   0.04033   0.05221   0.04518   0.03375   0.09835   0.08988   0.04791   0.31036   0.14143   0.06378   0.06120   0.03018   0.17602   0.02747   0.06645   0.14890   0.11634   0.19150   0.23026   8.36654   1.46266   1.20369   1.48880   0.89269  
 24  5.2368   2250.829159  x:  0.20472   0.03931   0.04028   0.05207   0.04510   0.03359   0.09836   0.09005   0.04781   0.31126   0.14165   0.06352   0.06138   0.03009   0.17677   0.02726   0.06641   0.14848   0.11611   0.19318   0.22570   8.35054   1.46042   1.20402   1.49088   0.89333  
 25  3.1774   2250.709592  x:  0.20850   0.03777   0.03952   0.05033   0.04402   0.03142   0.10016   0.09037   0.04657   0.32157   0.14124   0.06194   0.06120   0.02874   0.17927   0.02488   0.06675   0.15165   0.11533   0.19092   0.22844   8.12003   1.46424   1.19679   1.47781   0.88364  
 26  6.1040   2250.701264  x:  0.20444   0.03768   0.03946   0.05017   0.04395   0.03126   0.10032   0.09044   0.04650   0.32091   0.14035   0.06193   0.06119   0.02864   0.18007   0.02467   0.06677   0.15214   0.11492   0.19318   0.22943   8.10388   1.46460   1.19629   1.47673   0.88290  
 27  9.8673   2250.700293  x:  0.20441   0.03774   0.03954   0.05047   0.04389   0.03125   0.10010   0.09037   0.04661   0.32028   0.14061   0.06237   0.06114   0.02839   0.17973   0.02450   0.06681   0.15209   0.11472   0.19310   0.22942   8.09027   1.46398   1.19612   1.47503   0.88288  
 28  0.0125   2250.700262  x:  0.20440   0.03774   0.03954   0.05043   0.04390   0.03120   0.10008   0.09037   0.04661   0.32008   0.14062   0.06232   0.06114   0.02841   0.17960   0.02452   0.06682   0.15201   0.11474   0.19309   0.22941   8.08887   1.46402   1.19615   1.47512   0.88284  
 29  0.0010   2250.700253  x:  0.20441   0.03773   0.03953   0.05042   0.04390   0.03122   0.10007   0.09038   0.04660   0.32008   0.14062   0.06230   0.06113   0.02841   0.17955   0.02451   0.06681   0.15200   0.11465   0.19309   0.22941   8.08880   1.46404   1.19615   1.47515   0.88284  
 30  0.0001   2250.700252  x:  0.20440   0.03773   0.03954   0.05042   0.04390   0.03122   0.10007   0.09038   0.04660   0.32010   0.14063   0.06230   0.06112   0.02841   0.17955   0.02451   0.06681   0.15201   0.11464   0.19309   0.22941   8.08903   1.46403   1.19614   1.47513   0.88285  
 31  0.0002   2250.700252  x:  0.20440   0.03773   0.03954   0.05042   0.04390   0.03122   0.10007   0.09037   0.04660   0.32010   0.14063   0.06230   0.06112   0.02841   0.17955   0.02451   0.06681   0.15201   0.11464   0.19309   0.22941   8.08910   1.46403   1.19614   1.47513   0.88285  
 32  0.0001   2250.700252  x:  0.20440   0.03773   0.03954   0.05042   0.04390   0.03122   0.10007   0.09037   0.04660   0.32010   0.14063   0.06230   0.06112   0.02841   0.17955   0.02451   0.06681   0.15201   0.11464   0.19309   0.22941   8.08911   1.46403   1.19614   1.47513   0.88285  
 33  0.0000   2250.700252  x:  0.20440   0.03773   0.03954   0.05042   0.04390   0.03122   0.10007   0.09037   0.04660   0.32010   0.14063   0.06230   0.06112   0.02841   0.17955   0.02451   0.06681   0.15201   0.11464   0.19309   0.22941   8.08911   1.46403   1.19614   1.47513   0.88285  
 34  0.0000   2250.700252  x:  0.20440   0.03773   0.03954   0.05042   0.04390   0.03122   0.10007   0.09037   0.04660   0.32010   0.14063   0.06230   0.06112   0.02841   0.17955   0.02451   0.06681   0.15201   0.11464   0.19309   0.22941   8.08911   1.46403   1.19614   1.47513   0.88285  
check convergence!
