

TREE # 1

  0  0.0000   2166.205161  x:  0.05796   0.01424   0.09809   0.04086   0.05012   0.05852   0.04401   0.04499   0.06481   0.05347   0.04706   0.11466   0.00926   0.07812   0.00000   0.01273   0.05194   0.09073   0.10174   0.15777   0.14955   0.10650   0.13508   0.07658   2.00000   1.67015   0.81294   1.42524   0.40000  
  1 99.0000   2150.085535  x:  0.06717   0.00687   0.11212   0.04992   0.03741   0.04384   0.04026   0.04096   0.05404   0.05527   0.03128   0.12403   0.03149   0.10167   0.14338   0.00620   0.08983   0.12743   0.08867   0.15197   0.14995   0.10183   0.14442   0.08579   2.00765   1.66857   0.81405   1.42777   0.41373  
  2 977.3636   2141.251931  x:  0.07195   0.00241   0.12142   0.05337   0.02961   0.03416   0.03874   0.03922   0.04720   0.05623   0.01997   0.12965   0.02728   0.11133   0.13828   0.00000   0.09838   0.14536   0.07702   0.14906   0.14703   0.09638   0.15000   0.09057   2.01418   1.66692   0.81577   1.42966   0.42376  
  3 290.7881   2133.769698  x:  0.08040   0.00507   0.13903   0.05891   0.02031   0.01993   0.03733   0.03742   0.03647   0.05764   0.00303   0.14125   0.02197   0.12925   0.12855   0.03135   0.11542   0.17725   0.05163   0.14287   0.14226   0.08443   0.16124   0.09902   2.03028   1.66294   0.81982   1.43429   0.44654  
  4 636.6577   2130.431668  x:  0.08633   0.00389   0.15288   0.06398   0.02257   0.01991   0.03737   0.03726   0.03243   0.05809   0.02643   0.15097   0.01789   0.14292   0.12215   0.04326   0.12891   0.20177   0.03069   0.13656   0.13818   0.07464   0.17043   0.10495   2.04703   1.65894   0.82395   1.43892   0.46814  
  5 375.3205   2127.808540  x:  0.08670   0.00427   0.16100   0.06028   0.03687   0.04595   0.04045   0.04073   0.04680   0.05780   0.02133   0.15849   0.02763   0.15211   0.11608   0.04353   0.14052   0.21926   0.02580   0.12724   0.13528   0.06757   0.17868   0.10532   2.07700   1.65200   0.83143   1.44682   0.49875  
  6 152.0786   2123.381201  x:  0.07672   0.00000   0.16002   0.04891   0.03714   0.03893   0.03982   0.04091   0.05075   0.05310   0.02541   0.16198   0.02772   0.15244   0.11254   0.04648   0.15246   0.22544   0.05520   0.11108   0.13803   0.06915   0.18482   0.09534   2.15560   1.63472   0.85094   1.46624   0.56159  
  7 117.7374   2117.608268  x:  0.06351   0.06302   0.14381   0.05755   0.03041   0.02603   0.03976   0.03903   0.04571   0.05758   0.02752   0.15851   0.03148   0.13635   0.11287   0.02729   0.15779   0.20544   0.05200   0.09218   0.15335   0.08178   0.18617   0.08213   2.37381   1.59065   0.90128   1.51777   0.70197  
  8 270.5287   2110.348673  x:  0.07520   0.03751   0.12468   0.05193   0.02446   0.03915   0.03858   0.04069   0.03306   0.05855   0.02083   0.14094   0.01296   0.12383   0.12278   0.02812   0.14373   0.16912   0.02173   0.12128   0.16526   0.08134   0.17204   0.09382   2.59098   1.55590   0.94067   1.56489   0.80021  
  9 240.2315   2107.269703  x:  0.08827   0.02137   0.12671   0.07354   0.03258   0.02451   0.04018   0.03761   0.04384   0.06393   0.02025   0.13548   0.03447   0.12520   0.12204   0.03003   0.12523   0.15804   0.02053   0.14325   0.16289   0.07932   0.16307   0.10689   2.71831   1.54381   0.95453   1.58914   0.82764  
 10 228.7441   2103.433110  x:  0.09542   0.02627   0.14795   0.09729   0.02233   0.04146   0.04061   0.04130   0.03484   0.06649   0.02062   0.14105   0.02709   0.13171   0.12641   0.03283   0.09583   0.16939   0.04512   0.16562   0.14386   0.08032   0.15476   0.11404   2.91337   1.54159   0.95932   1.61906   0.81507  
 11 170.2826   2096.201407  x:  0.07876   0.02864   0.16575   0.08897   0.04302   0.03012   0.03792   0.03902   0.05150   0.05757   0.01675   0.15364   0.00360   0.13413   0.13477   0.03305   0.07495   0.18819   0.03769   0.17610   0.10940   0.08909   0.15388   0.09738   3.24447   1.55152   0.95536   1.66248   0.75512  
 12 317.2639   2088.856470  x:  0.05921   0.02490   0.17452   0.05664   0.03603   0.02784   0.03659   0.04009   0.03884   0.04577   0.02107   0.16665   0.03295   0.13390   0.13004   0.03342   0.07605   0.20495   0.02248   0.17974   0.07925   0.09678   0.16113   0.07783   3.66330   1.57049   0.94540   1.71344   0.66537  
 13 851.5422   2079.281378  x:  0.07353   0.02397   0.16113   0.04109   0.03019   0.02823   0.04838   0.03586   0.05204   0.07749   0.02508   0.17029   0.02908   0.13144   0.11774   0.03460   0.13811   0.21634   0.02924   0.15672   0.11528   0.08804   0.18192   0.09215   4.20954   1.61064   0.92219   1.77065   0.52987  
 14 541.4146   2076.810623  x:  0.07150   0.01469   0.15024   0.06482   0.03581   0.03262   0.03500   0.04390   0.04607   0.05906   0.02194   0.16588   0.02793   0.13432   0.11465   0.03643   0.14929   0.21479   0.02772   0.13035   0.13183   0.08035   0.18764   0.09012   4.34628   1.63043   0.91123   1.77743   0.49903  
 15 256.9464   2076.146868  x:  0.07425   0.01377   0.15012   0.06455   0.03519   0.03326   0.04574   0.03601   0.04435   0.05100   0.02139   0.16240   0.02763   0.14001   0.11542   0.03635   0.14243   0.21194   0.02666   0.11524   0.13629   0.07534   0.18579   0.09287   4.38420   1.64733   0.90221   1.77038   0.49751  
 16 71.8851   2075.278787  x:  0.07779   0.01471   0.15338   0.05610   0.03419   0.03141   0.03840   0.04222   0.04464   0.05801   0.02174   0.15720   0.02859   0.14966   0.11673   0.03572   0.13039   0.20724   0.02536   0.09922   0.14042   0.06938   0.18071   0.09641   4.43521   1.68495   0.88277   1.74888   0.50505  
 17 74.7167   2073.586969  x:  0.07052   0.01722   0.15470   0.05943   0.03490   0.03305   0.03464   0.03305   0.04355   0.05853   0.02131   0.15210   0.02830   0.15593   0.11423   0.03463   0.14065   0.20289   0.02646   0.11571   0.14518   0.07229   0.17550   0.08914   4.53914   1.78581   0.83533   1.68325   0.53535  
 18 78.9756   2073.257649  x:  0.07134   0.01748   0.15332   0.06071   0.03431   0.03122   0.04130   0.04224   0.04430   0.05607   0.02112   0.15311   0.02772   0.15209   0.11415   0.03417   0.14318   0.20306   0.02642   0.11866   0.14332   0.07377   0.17573   0.08996   4.56098   1.80796   0.82802   1.66729   0.54186  
 19 102.0353   2072.957234  x:  0.07768   0.01678   0.14865   0.06139   0.03358   0.03166   0.03863   0.04020   0.04534   0.05447   0.02093   0.15871   0.02775   0.13709   0.11469   0.03461   0.14308   0.20566   0.02691   0.11622   0.13547   0.07522   0.17923   0.09630   4.58017   1.82821   0.83139   1.64828   0.54654  
 20 37.2034   2072.828465  x:  0.07546   0.01386   0.14763   0.06382   0.03491   0.03228   0.04106   0.03958   0.04278   0.06031   0.02040   0.16044   0.02799   0.13381   0.11508   0.03525   0.14088   0.20713   0.02619   0.11454   0.13528   0.07542   0.18170   0.09408   4.58894   1.83704   0.84219   1.63632   0.54682  
 21 20.3320   2072.564998  x:  0.07448   0.01410   0.14951   0.06264   0.03114   0.03237   0.04004   0.04011   0.04712   0.05747   0.02109   0.16100   0.02829   0.13768   0.11508   0.03539   0.13820   0.20835   0.02561   0.11763   0.14161   0.07529   0.18543   0.09310   4.60735   1.85424   0.87575   1.60837   0.54459  
 22 28.6845   2072.495419  x:  0.07595   0.01543   0.15039   0.06108   0.03529   0.03173   0.03976   0.04047   0.04394   0.05625   0.02072   0.16016   0.02832   0.13991   0.11477   0.03491   0.13961   0.20773   0.02683   0.11860   0.14165   0.07539   0.18468   0.09457   4.61224   1.85829   0.88476   1.60162   0.54389  
 23 26.1891   2072.422533  x:  0.07608   0.01504   0.15152   0.06248   0.03412   0.03223   0.03994   0.04040   0.04484   0.05703   0.02073   0.15726   0.02780   0.14244   0.11415   0.03511   0.14488   0.20469   0.02676   0.11612   0.13556   0.07588   0.17866   0.09470   4.61718   1.86060   0.89109   1.59858   0.54376  
 24  7.1757   2071.564885  x:  0.07354   0.01339   0.15797   0.06135   0.03453   0.03077   0.03951   0.04076   0.04413   0.05483   0.01998   0.16206   0.02911   0.13078   0.11233   0.03371   0.14959   0.20989   0.02634   0.11697   0.14380   0.05793   0.15537   0.09215   4.67020   1.86946   0.90376   1.61580   0.55445  
 25  3.2973   2068.232821  x:  0.07882   0.00000   0.16430   0.06196   0.03479   0.03213   0.03853   0.04104   0.04182   0.05274   0.01783   0.16842   0.03085   0.12760   0.10464   0.03391   0.15327   0.21990   0.02186   0.11151   0.16314   0.08253   0.13430   0.09744   4.83808   1.89561   0.93451   1.67582   0.59101  
 26 83.1310   2055.315924  x:  0.09939   0.00000   0.13159   0.06998   0.02420   0.02895   0.03651   0.04226   0.03256   0.05272   0.00699   0.14199   0.02298   0.16409   0.07122   0.02285   0.17130   0.20018   0.02429   0.12267   0.16024   0.05206   0.20650   0.11800   5.85296   2.04567   1.10800   2.03828   0.81316  
 27 282.7704   2055.154185  x:  0.09962   0.00000   0.14505   0.07053   0.02437   0.02904   0.03633   0.04232   0.03204   0.05201   0.00622   0.14296   0.02278   0.15974   0.07100   0.02247   0.17369   0.19213   0.02368   0.12107   0.16211   0.05296   0.21166   0.11822   5.87052   2.04082   1.10722   2.03690   0.81636  
 28 18.5005   2051.722443  x:  0.10338   0.00000   0.14227   0.07156   0.02288   0.02869   0.03579   0.04164   0.03114   0.05357   0.00295   0.16985   0.02065   0.17448   0.06101   0.01886   0.18002   0.18828   0.02478   0.11602   0.17323   0.05204   0.20866   0.12198   6.20199   1.63660   0.94881   1.68350   0.85051  
 29 11.3585   2051.291999  x:  0.10357   0.00000   0.14656   0.07079   0.02314   0.02858   0.03575   0.04163   0.03158   0.05330   0.00319   0.14666   0.02141   0.16740   0.05961   0.01897   0.17984   0.20018   0.02461   0.11546   0.17488   0.05297   0.21076   0.12217   6.24396   1.58295   0.92765   1.63588   0.85440  
 30 74.7484   2042.015896  x:  0.10179   0.00000   0.15855   0.06771   0.02119   0.02035   0.03833   0.03810   0.03889   0.05984   0.00297   0.16015   0.01932   0.16580   0.02801   0.00000   0.18492   0.23156   0.02967   0.11213   0.17867   0.06857   0.20397   0.12038   7.09748   1.71995   0.94971   1.69142   0.89063  
 31  1.2993   2039.187774  x:  0.09707   0.00000   0.16557   0.06479   0.02303   0.02422   0.03826   0.03746   0.03603   0.06013   0.00387   0.16682   0.01519   0.16515   0.00602   0.00000   0.18756   0.24876   0.03043   0.11231   0.17195   0.07142   0.19820   0.11565   7.74841   1.77162   0.94166   1.70466   0.90419  
 32  1.3038   2037.207453  x:  0.08639   0.00000   0.17109   0.05915   0.02546   0.02701   0.03904   0.03755   0.03670   0.05995   0.00839   0.17263   0.00784   0.15521   0.01648   0.00000   0.15848   0.25531   0.03267   0.11927   0.14604   0.07714   0.18936   0.10497   8.24253   1.84964   0.92863   1.72454   0.86187  
 33  0.5287   2037.206779  x:  0.08639   0.00033   0.17109   0.05915   0.02546   0.02700   0.03904   0.03755   0.03670   0.05994   0.00839   0.17263   0.00783   0.15521   0.01648   0.00000   0.15845   0.25531   0.03267   0.11927   0.14603   0.07715   0.18935   0.10496   8.24325   1.84967   0.92863   1.72458   0.86185  
 34  0.8879   2036.246726  x:  0.08394   0.00000   0.17204   0.06098   0.02567   0.02440   0.03849   0.03824   0.03955   0.05784   0.00756   0.17283   0.00787   0.15477   0.01270   0.00000   0.14799   0.25327   0.03337   0.11784   0.14367   0.07794   0.19048   0.10251   8.75837   1.84938   0.93715   1.75065   0.85938  
 35  6.8404   2036.233527  x:  0.08388   0.00000   0.17206   0.06103   0.02567   0.02434   0.03847   0.03825   0.03962   0.05779   0.00754   0.17284   0.00787   0.15476   0.01261   0.00125   0.14773   0.25322   0.03338   0.11781   0.14362   0.07795   0.19051   0.10245   8.77099   1.84937   0.93736   1.75129   0.85932  
 36 228.1178   2035.110473  x:  0.08493   0.00000   0.16944   0.06656   0.02419   0.02514   0.03726   0.03909   0.03835   0.05451   0.00491   0.17064   0.01148   0.15801   0.00756   0.00109   0.13640   0.23871   0.03380   0.11202   0.15125   0.07827   0.19489   0.10347  10.09505   1.80319   0.94996   1.76277   0.85057  
 37  0.9471   2034.600769  x:  0.08661   0.00000   0.16612   0.06624   0.02684   0.02371   0.03812   0.03879   0.03887   0.05693   0.00621   0.16716   0.00912   0.15708   0.01435   0.00026   0.14833   0.22874   0.03290   0.11541   0.15005   0.07469   0.19375   0.10515  10.80792   1.79600   0.94507   1.74962   0.83547  
 38  0.3669   2034.459438  x:  0.08723   0.00000   0.16585   0.06399   0.02374   0.02691   0.03823   0.03852   0.03783   0.05788   0.00665   0.16787   0.00953   0.15575   0.01323   0.00004   0.15329   0.23580   0.03169   0.11838   0.15114   0.07505   0.19302   0.10576  11.22015   1.82058   0.94301   1.75749   0.83856  
 39  0.2799   2034.433014  x:  0.08733   0.00000   0.16589   0.06396   0.02449   0.02646   0.03824   0.03848   0.03781   0.05780   0.00653   0.16838   0.00980   0.15610   0.01292   0.00000   0.15399   0.23713   0.03165   0.11807   0.15176   0.07506   0.19331   0.10586  11.29389   1.82131   0.94263   1.75759   0.84111  
 40  0.1996   2034.394693  x:  0.08749   0.00000   0.16670   0.06452   0.02496   0.02468   0.03824   0.03843   0.03835   0.05736   0.00644   0.16981   0.01040   0.15798   0.01240   0.00000   0.15548   0.24126   0.03176   0.11607   0.15262   0.07498   0.19459   0.10601  11.55043   1.81954   0.94227   1.75757   0.85288  
 41  0.2459   2034.391054  x:  0.08735   0.00000   0.16714   0.06455   0.02541   0.02512   0.03822   0.03847   0.03823   0.05739   0.00607   0.16965   0.01022   0.15813   0.01280   0.00000   0.15482   0.24222   0.03176   0.11608   0.15192   0.07526   0.19465   0.10587  11.58067   1.82223   0.94413   1.75976   0.85551  
 42  0.0277   2034.390104  x:  0.08730   0.00000   0.16747   0.06461   0.02512   0.02506   0.03819   0.03849   0.03817   0.05737   0.00618   0.16970   0.01003   0.15826   0.01298   0.00000   0.15469   0.24229   0.03180   0.11623   0.15155   0.07528   0.19452   0.10582  11.58592   1.82033   0.94350   1.75779   0.85747  
 43  0.0050   2034.390040  x:  0.08730   0.00000   0.16747   0.06461   0.02510   0.02507   0.03818   0.03848   0.03824   0.05734   0.00616   0.16963   0.01004   0.15819   0.01298   0.00000   0.15476   0.24215   0.03178   0.11626   0.15166   0.07528   0.19447   0.10583  11.58129   1.82062   0.94371   1.75832   0.85815  
 44  0.0033   2034.390028  x:  0.08730   0.00000   0.16745   0.06460   0.02512   0.02506   0.03819   0.03848   0.03820   0.05735   0.00617   0.16965   0.01006   0.15817   0.01297   0.00000   0.15474   0.24210   0.03177   0.11626   0.15165   0.07529   0.19440   0.10582  11.58075   1.82073   0.94367   1.75831   0.85837  
 45  0.0004   2034.390027  x:  0.08730   0.00000   0.16744   0.06460   0.02512   0.02507   0.03819   0.03848   0.03821   0.05735   0.00617   0.16966   0.01006   0.15817   0.01297   0.00000   0.15473   0.24209   0.03177   0.11626   0.15164   0.07529   0.19440   0.10582  11.58172   1.82073   0.94367   1.75829   0.85839  
 46  0.0008   2034.390027  x:  0.08730   0.00000   0.16744   0.06460   0.02512   0.02507   0.03819   0.03848   0.03821   0.05735   0.00617   0.16965   0.01006   0.15816   0.01297   0.00000   0.15472   0.24209   0.03177   0.11626   0.15164   0.07529   0.19440   0.10582  11.58198   1.82074   0.94368   1.75831   0.85839  
 47  0.0002   2034.390027  x:  0.08730   0.00000   0.16744   0.06460   0.02512   0.02507   0.03819   0.03848   0.03821   0.05735   0.00617   0.16965   0.01006   0.15816   0.01297   0.00000   0.15472   0.24209   0.03177   0.11626   0.15164   0.07529   0.19440   0.10582  11.58200   1.82074   0.94368   1.75831   0.85839  
 48  0.0000   2034.390027  x:  0.08730   0.00000   0.16744   0.06460   0.02512   0.02507   0.03819   0.03848   0.03821   0.05735   0.00617   0.16965   0.01006   0.15816   0.01297   0.00000   0.15472   0.24209   0.03177   0.11626   0.15164   0.07529   0.19440   0.10582  11.58200   1.82074   0.94368   1.75831   0.85839  
 49  0.0000   2034.390027  x:  0.08730   0.00000   0.16744   0.06460   0.02512   0.02507   0.03819   0.03848   0.03821   0.05735   0.00617   0.16965   0.01006   0.15816   0.01297   0.00000   0.15472   0.24209   0.03177   0.11626   0.15164   0.07529   0.19440   0.10582  11.58200   1.82074   0.94368   1.75831   0.85839  