

TREE # 1

  0  0.0000   2270.402317  x:  0.05726   0.00943   0.11915   0.00674   0.08767   0.06888   0.07879   0.05097   0.07900   0.07503   0.08497   0.17502   0.00000   0.07444   0.02300   0.04100   0.05593   0.06373   0.07100   0.08211   0.11418   0.06628   0.12505   0.07588   2.00000   1.45599   0.90596   1.28654   0.40000  
  1 99.0000   2256.219123  x:  0.06175   0.02166   0.12988   0.07936   0.08593   0.06717   0.08632   0.04516   0.07331   0.08609   0.08360   0.17896   0.03765   0.09650   0.03682   0.03609   0.05615   0.07256   0.06714   0.08605   0.11082   0.06217   0.12816   0.08037   2.00445   1.45579   0.90596   1.28772   0.41243  
  2 755.1639   2240.215858  x:  0.07670   0.02117   0.17102   0.08167   0.06846   0.05518   0.11867   0.01854   0.04836   0.12447   0.06324   0.19639   0.00000   0.17245   0.05735   0.03200   0.05718   0.10745   0.04754   0.10279   0.08786   0.03034   0.13567   0.09532   2.02998   1.45418   0.90722   1.29373   0.47860  
  3 239.3531   2237.073691  x:  0.08002   0.01751   0.18829   0.06411   0.05951   0.05505   0.12813   0.03240   0.04362   0.13753   0.05291   0.20395   0.02077   0.19726   0.05699   0.03263   0.05727   0.11616   0.04354   0.10617   0.08113   0.02934   0.13984   0.09864   2.04650   1.45334   0.90851   1.29701   0.51307  
  4 245.1991   2233.306626  x:  0.07391   0.01189   0.21223   0.06952   0.05044   0.06880   0.12530   0.04092   0.06356   0.14761   0.04651   0.21405   0.01216   0.21157   0.04224   0.04405   0.05672   0.10999   0.05749   0.09885   0.08500   0.05671   0.14005   0.09253   2.09042   1.45148   0.91301   1.30413   0.57999  
  5 127.6142   2229.004567  x:  0.06523   0.02424   0.23077   0.06847   0.05471   0.06620   0.10436   0.03255   0.05973   0.14205   0.05775   0.22048   0.01421   0.19664   0.02976   0.02559   0.05443   0.08612   0.05414   0.08586   0.09584   0.04533   0.13562   0.08385   2.17383   1.44875   0.92319   1.31520   0.67272  
  6 128.0996   2225.658953  x:  0.06451   0.01515   0.23245   0.07081   0.06293   0.05972   0.09046   0.03435   0.05063   0.12799   0.05981   0.21834   0.01446   0.16664   0.05787   0.04013   0.05647   0.07440   0.05255   0.08627   0.10151   0.03673   0.13141   0.08313   2.26827   1.44692   0.93444   1.32663   0.75566  
  7 218.2551   2221.821851  x:  0.07456   0.01607   0.20597   0.07643   0.06729   0.05796   0.10555   0.03308   0.05377   0.10756   0.05159   0.20554   0.01371   0.12294   0.05271   0.03115   0.05802   0.10315   0.05333   0.10028   0.09235   0.03734   0.13003   0.09318   2.40134   1.44728   0.94905   1.34081   0.83130  
  8 162.9445   2218.753176  x:  0.07248   0.04047   0.15555   0.07443   0.06711   0.05900   0.11659   0.03087   0.04782   0.11138   0.06277   0.18646   0.01411   0.13118   0.04589   0.05141   0.05508   0.09987   0.04727   0.10372   0.08391   0.04185   0.13496   0.09110   2.55605   1.45302   0.96297   1.35427   0.86034  
  9 117.9457   2215.324850  x:  0.06833   0.02023   0.11759   0.07630   0.06983   0.06157   0.11778   0.03497   0.05479   0.12016   0.06530   0.17177   0.01299   0.15321   0.05008   0.03485   0.05600   0.09317   0.05245   0.09718   0.08487   0.03615   0.13985   0.08695   2.73335   1.46290   0.97652   1.36828   0.86310  
 10 200.5383   2202.826804  x:  0.08098   0.03404   0.17525   0.06079   0.07333   0.05537   0.09984   0.02377   0.05687   0.11660   0.05194   0.17600   0.01488   0.19238   0.07169   0.01591   0.06895   0.10558   0.07240   0.09226   0.11175   0.06468   0.14629   0.09960   3.57215   1.52411   1.02702   1.43093   0.75210  
 11 222.8252   2195.567179  x:  0.07994   0.01544   0.22042   0.07340   0.06730   0.05960   0.10050   0.05005   0.05303   0.11888   0.05145   0.19357   0.00554   0.19695   0.04172   0.03594   0.06030   0.10715   0.05889   0.09548   0.11311   0.03668   0.14439   0.09856   4.04349   1.56095   1.05129   1.46508   0.68193  
 12 779.1091   2194.059644  x:  0.07309   0.00406   0.22887   0.07244   0.05746   0.06363   0.10859   0.03645   0.05688   0.12621   0.05318   0.20613   0.01130   0.18844   0.04197   0.03763   0.05333   0.10000   0.04718   0.09717   0.09826   0.03955   0.14069   0.09171   4.13486   1.57037   1.05092   1.47069   0.66751  
 13 190.9510   2193.627605  x:  0.06944   0.00830   0.22951   0.07243   0.05429   0.06525   0.11306   0.03969   0.05889   0.13364   0.05197   0.21663   0.01014   0.18222   0.04678   0.03503   0.05517   0.09596   0.05159   0.09631   0.08797   0.03669   0.13756   0.08806   4.16328   1.57531   1.04591   1.47168   0.66311  
 14 76.3801   2193.468371  x:  0.07089   0.00603   0.22692   0.07277   0.05661   0.06215   0.11288   0.03840   0.05397   0.13948   0.05214   0.22491   0.01059   0.17952   0.04406   0.03565   0.05796   0.09508   0.05506   0.09575   0.08687   0.03867   0.13660   0.08951   4.17431   1.58015   1.03652   1.47083   0.66253  
 15 25.7787   2193.309229  x:  0.07353   0.00697   0.22248   0.07238   0.05728   0.06314   0.11076   0.03888   0.05644   0.14255   0.05224   0.23464   0.01030   0.17829   0.04526   0.03551   0.05480   0.09659   0.05159   0.09633   0.09229   0.03876   0.13694   0.09215   4.18633   1.58890   1.01693   1.46801   0.66332  
 16 22.7390   2193.172928  x:  0.07093   0.00661   0.22134   0.07239   0.05300   0.06384   0.10958   0.03764   0.05576   0.13621   0.05282   0.23573   0.01081   0.17998   0.04503   0.03630   0.05771   0.09882   0.05254   0.09627   0.09284   0.03718   0.13874   0.08955   4.19744   1.59872   0.99295   1.46306   0.66493  
 17 21.4507   2193.095885  x:  0.07024   0.00663   0.22301   0.07284   0.05620   0.06242   0.11057   0.03929   0.05502   0.13304   0.05233   0.23197   0.00989   0.18121   0.04506   0.03525   0.05562   0.09751   0.05148   0.09567   0.08946   0.03898   0.13876   0.08886   4.20426   1.60440   0.97763   1.45870   0.66613  
 18 23.6803   2193.064502  x:  0.07159   0.00671   0.22445   0.07247   0.05710   0.06269   0.11144   0.03814   0.05674   0.13428   0.05194   0.22794   0.01061   0.18080   0.04459   0.03610   0.05566   0.09601   0.05265   0.09553   0.08895   0.03743   0.13771   0.09021   4.20745   1.60606   0.97144   1.45551   0.66673  
 19 12.5762   2193.039005  x:  0.07206   0.00674   0.22555   0.07264   0.05496   0.06325   0.11163   0.03896   0.05561   0.13721   0.05242   0.22379   0.01016   0.17938   0.04478   0.03536   0.05633   0.09568   0.05190   0.09570   0.09004   0.03809   0.13596   0.09068   4.21057   1.60608   0.96738   1.45110   0.66725  
 20  8.8378   2193.002957  x:  0.06979   0.00709   0.22591   0.07247   0.05535   0.06221   0.10995   0.03845   0.05540   0.14021   0.05065   0.22174   0.01045   0.17834   0.04471   0.03591   0.05475   0.09818   0.05235   0.09587   0.09084   0.03773   0.13568   0.08841   4.21602   1.60279   0.96452   1.44150   0.66812  
 21  5.9814   2192.802801  x:  0.07009   0.00714   0.22681   0.07191   0.05844   0.06341   0.10737   0.03870   0.05783   0.14157   0.05484   0.22328   0.01029   0.17805   0.04494   0.03657   0.05931   0.10135   0.04938   0.09499   0.08785   0.03820   0.13965   0.08871   4.24817   1.57744   0.95387   1.38418   0.67351  
 22 16.5018   2192.616364  x:  0.07248   0.00732   0.22581   0.07203   0.05506   0.06358   0.11011   0.03829   0.05525   0.13767   0.05246   0.22671   0.00996   0.17872   0.04476   0.03630   0.05493   0.09777   0.05226   0.09444   0.08893   0.03838   0.14055   0.09110   4.27810   1.55204   0.94414   1.33372   0.67823  
 23 67.0044   2192.554412  x:  0.07119   0.00762   0.22533   0.07195   0.05645   0.06208   0.11334   0.03823   0.05613   0.13621   0.05048   0.22803   0.01008   0.17986   0.04431   0.03629   0.05755   0.09596   0.05084   0.09705   0.09172   0.03865   0.13642   0.08981   4.28832   1.54069   0.93930   1.32416   0.67955  
 24 15.6927   2192.384691  x:  0.07055   0.00709   0.22551   0.07076   0.05816   0.06355   0.11456   0.03790   0.05562   0.13486   0.05703   0.22925   0.01090   0.18193   0.04502   0.03650   0.05493   0.09924   0.05385   0.09907   0.09199   0.03866   0.12787   0.08917   4.31661   1.50429   0.92254   1.31499   0.68263  
 25 18.0105   2192.002739  x:  0.07260   0.00810   0.22402   0.07075   0.05562   0.06417   0.10845   0.03701   0.05527   0.13535   0.05089   0.22851   0.01059   0.18101   0.04394   0.03770   0.05634   0.09950   0.05024   0.09413   0.08726   0.03889   0.12833   0.09122   4.37826   1.42462   0.88541   1.30479   0.68837  
 26 55.8099   2191.887839  x:  0.07152   0.00815   0.22550   0.07051   0.05545   0.06148   0.11267   0.03731   0.05585   0.13743   0.05333   0.22763   0.01006   0.17847   0.04440   0.03720   0.05590   0.09794   0.05137   0.09642   0.09000   0.03906   0.13788   0.09014   4.39721   1.40482   0.87596   1.30382   0.69057  
 27 28.4398   2191.784837  x:  0.07055   0.00842   0.22577   0.07003   0.05893   0.06919   0.11399   0.03620   0.05217   0.13794   0.05165   0.22720   0.01006   0.17756   0.04455   0.03669   0.05631   0.09711   0.05168   0.09867   0.09110   0.03890   0.14076   0.08917   4.41353   1.40437   0.87617   1.30609   0.69382  
 28  6.4195   2185.767853  x:  0.07376   0.02187   0.20966   0.05753   0.05391   0.05859   0.10960   0.02567   0.04969   0.12954   0.05579   0.21031   0.00626   0.16196   0.04104   0.04218   0.05317   0.09294   0.04863   0.11980   0.07779   0.04559   0.13842   0.09237   5.41488   1.59559   1.00942   1.47835   0.91434  
 29 27.5690   2185.425802  x:  0.07265   0.02256   0.20952   0.05641   0.05610   0.05887   0.12027   0.02434   0.04819   0.12875   0.05638   0.20979   0.00656   0.15940   0.04268   0.04489   0.05391   0.09779   0.04618   0.10162   0.08227   0.04521   0.13729   0.09126   5.46643   1.60557   1.01637   1.48725   0.92562  
 30 68.8257   2183.650551  x:  0.07293   0.01634   0.20489   0.05247   0.06024   0.06172   0.11525   0.03950   0.05451   0.12954   0.05335   0.21583   0.00000   0.16969   0.04479   0.03495   0.05696   0.10150   0.05229   0.09606   0.09052   0.03770   0.13963   0.09154   6.01906   1.60096   1.01115   1.47826   0.95147  
 31  0.5709   2182.581585  x:  0.07321   0.01463   0.20208   0.04256   0.06156   0.06428   0.10850   0.03322   0.05547   0.13165   0.05400   0.21217   0.00338   0.18279   0.04461   0.03186   0.05804   0.09794   0.05576   0.09910   0.09451   0.04474   0.14476   0.09182   6.71330   1.57877   0.98126   1.44234   0.91956  
 32  0.4975   2182.235679  x:  0.07168   0.01374   0.20299   0.04675   0.05919   0.06169   0.11329   0.03192   0.05257   0.13230   0.05557   0.21401   0.00217   0.17433   0.03991   0.03233   0.05608   0.09598   0.05144   0.09557   0.09041   0.04270   0.14213   0.09029   7.06264   1.58202   0.98544   1.45126   0.89367  
 33  0.2455   2182.162634  x:  0.07255   0.01460   0.20149   0.04773   0.05950   0.06179   0.11351   0.03185   0.05365   0.13073   0.05500   0.21227   0.00261   0.17228   0.04401   0.03406   0.05676   0.09790   0.05229   0.09756   0.09007   0.04266   0.14125   0.09116   7.20713   1.59103   0.99393   1.46431   0.88473  
 34  0.1090   2182.154367  x:  0.07286   0.01454   0.20071   0.04832   0.06016   0.06195   0.11301   0.03242   0.05336   0.13051   0.05496   0.21279   0.00299   0.17290   0.04349   0.03368   0.05677   0.09857   0.05224   0.09800   0.09065   0.04152   0.14153   0.09147   7.25495   1.59258   0.99368   1.46451   0.88587  
 35  0.0356   2182.151865  x:  0.07271   0.01468   0.20099   0.04902   0.05998   0.06197   0.11326   0.03260   0.05354   0.13087   0.05484   0.21250   0.00307   0.17336   0.04350   0.03384   0.05678   0.09838   0.05231   0.09727   0.09044   0.04185   0.14148   0.09132   7.27632   1.59139   0.99271   1.46282   0.88927  
 36  0.0115   2182.151568  x:  0.07270   0.01464   0.20116   0.04914   0.05985   0.06195   0.11322   0.03248   0.05350   0.13096   0.05486   0.21273   0.00311   0.17349   0.04356   0.03379   0.05674   0.09827   0.05227   0.09769   0.09041   0.04185   0.14144   0.09131   7.27813   1.59099   0.99278   1.46280   0.88996  
 37  0.0019   2182.151551  x:  0.07273   0.01465   0.20125   0.04915   0.05986   0.06194   0.11321   0.03245   0.05347   0.13092   0.05486   0.21269   0.00311   0.17353   0.04357   0.03380   0.05675   0.09833   0.05227   0.09765   0.09043   0.04184   0.14145   0.09134   7.27786   1.59113   0.99289   1.46298   0.89009  
 38  0.0003   2182.151550  x:  0.07273   0.01464   0.20127   0.04916   0.05986   0.06194   0.11321   0.03245   0.05348   0.13093   0.05486   0.21271   0.00310   0.17353   0.04357   0.03379   0.05675   0.09833   0.05227   0.09765   0.09044   0.04185   0.14146   0.09134   7.27792   1.59116   0.99289   1.46299   0.89007  
 39  0.0001   2182.151550  x:  0.07273   0.01465   0.20127   0.04916   0.05986   0.06194   0.11321   0.03245   0.05348   0.13093   0.05486   0.21271   0.00310   0.17353   0.04357   0.03379   0.05675   0.09832   0.05227   0.09765   0.09044   0.04185   0.14146   0.09134   7.27796   1.59116   0.99289   1.46298   0.89006  
 40  0.0000   2182.151550  x:  0.07273   0.01465   0.20127   0.04916   0.05986   0.06194   0.11321   0.03245   0.05348   0.13093   0.05486   0.21271   0.00310   0.17353   0.04357   0.03379   0.05675   0.09832   0.05227   0.09765   0.09044   0.04185   0.14146   0.09134   7.27797   1.59116   0.99289   1.46298   0.89006  