

TREE # 1

  0  0.0000   1936.518614  x:  0.01972   0.20925   0.02571   0.03211   0.02495   0.05815   0.02188   0.05666   0.08536   0.02661   0.17168   0.01972   0.20925   0.02571   0.03211   0.02495   0.05815   0.02188   0.05666   0.08536   0.02661   0.17168   0.21568   8.40433   1.37136   0.84959   1.29869   1.00000  
  1 99.0000   1928.820376  x:  0.00000   0.20649   0.02573   0.03660   0.02249   0.06504   0.01710   0.06137   0.08748   0.03005   0.17403   0.00005   0.20742   0.02863   0.02659   0.02336   0.06818   0.01551   0.05345   0.08822   0.02538   0.17154   0.21872   8.40435   1.37269   0.84836   1.29972   0.99986  
  2 243.9887   1928.813394  x:  0.00000   0.20649   0.02573   0.03660   0.02250   0.06504   0.01711   0.06138   0.08748   0.03004   0.17403   0.00000   0.20742   0.02863   0.02658   0.02336   0.06818   0.01551   0.05345   0.08822   0.02538   0.17154   0.21873   8.40435   1.37269   0.84836   1.29972   0.99986  
  3 387.8033   1927.993578  x:  0.00000   0.18592   0.02814   0.03047   0.01923   0.06484   0.01306   0.05958   0.09231   0.02912   0.18847   0.00000   0.19335   0.02732   0.02808   0.02041   0.06947   0.01157   0.06012   0.09532   0.02852   0.17372   0.23947   8.40443   1.38461   0.83715   1.30906   0.99882  
  4 66.4623   1927.584219  x:  0.00000   0.17293   0.02868   0.03655   0.02035   0.06314   0.01697   0.06014   0.09310   0.03461   0.19669   0.00000   0.18419   0.03047   0.02987   0.02082   0.06838   0.01398   0.06080   0.09618   0.02777   0.17626   0.25119   8.40451   1.39386   0.82891   1.31630   0.99798  
  5 87.7188   1927.395509  x:  0.00000   0.16731   0.02594   0.03767   0.02214   0.06221   0.01327   0.06094   0.09077   0.03444   0.19952   0.00000   0.17965   0.03049   0.02938   0.02273   0.06641   0.01448   0.05669   0.09258   0.02514   0.17916   0.25484   8.40457   1.40077   0.82356   1.32176   0.99730  
  6 45.6039   1927.247265  x:  0.00000   0.16385   0.02540   0.03669   0.02025   0.06324   0.01549   0.06125   0.08765   0.03310   0.20086   0.00000   0.17607   0.03052   0.02842   0.02110   0.06574   0.01331   0.05140   0.08784   0.02547   0.18285   0.25587   8.40465   1.40898   0.81791   1.32827   0.99646  
  7 47.3873   1927.131670  x:  0.00000   0.16320   0.02846   0.03580   0.02009   0.06495   0.01435   0.06163   0.08612   0.03303   0.20075   0.00000   0.17390   0.03096   0.02817   0.02182   0.06790   0.01627   0.05020   0.08529   0.02815   0.18679   0.25406   8.40476   1.41885   0.81211   1.33609   0.99537  
  8 36.4726   1926.916189  x:  0.00000   0.16510   0.02878   0.03636   0.02287   0.06643   0.01461   0.06158   0.08684   0.03335   0.19908   0.00000   0.17162   0.03059   0.03054   0.02296   0.07034   0.01212   0.05302   0.08538   0.02843   0.19357   0.24741   8.40503   1.44109   0.80094   1.35372   0.99279  
  9 47.3621   1926.733619  x:  0.00000   0.16727   0.02575   0.03744   0.01956   0.06620   0.01401   0.06146   0.08884   0.03388   0.19753   0.00000   0.17087   0.02959   0.02903   0.02089   0.07124   0.01359   0.05570   0.08821   0.02583   0.19737   0.24143   8.40529   1.46158   0.79237   1.37005   0.99031  
 10 85.4716   1926.615881  x:  0.00000   0.16852   0.02721   0.03709   0.01978   0.06418   0.01399   0.06204   0.09069   0.03374   0.19699   0.00000   0.17306   0.03180   0.02457   0.02158   0.06876   0.01274   0.05357   0.09212   0.02638   0.19428   0.23913   8.40554   1.47695   0.79037   1.38246   0.98820  
 11 33.9865   1926.409826  x:  0.00000   0.16978   0.02726   0.03657   0.02030   0.06572   0.01379   0.06402   0.09149   0.03361   0.19658   0.00000   0.18028   0.03081   0.02911   0.02064   0.07029   0.01387   0.04840   0.09478   0.02576   0.18016   0.23927   8.40612   1.50724   0.79492   1.40725   0.98358  
 12 36.7657   1926.278546  x:  0.00000   0.17056   0.02607   0.03789   0.01802   0.06709   0.01355   0.06313   0.08972   0.03418   0.19558   0.00000   0.18409   0.03090   0.02768   0.02321   0.07114   0.01253   0.05146   0.09104   0.02686   0.17189   0.24133   8.40656   1.52714   0.80272   1.42379   0.98031  
 13 48.5226   1926.199769  x:  0.00000   0.17123   0.02618   0.03848   0.01997   0.06741   0.01303   0.06253   0.08871   0.03450   0.19457   0.00000   0.18550   0.03107   0.02556   0.02040   0.07192   0.01228   0.05370   0.08845   0.02666   0.16876   0.24314   8.40686   1.53907   0.80965   1.43387   0.97825  
 14 65.3757   1926.027603  x:  0.00000   0.17351   0.02922   0.03722   0.01902   0.06603   0.01336   0.06283   0.08878   0.03536   0.19082   0.00000   0.18442   0.03194   0.02516   0.02098   0.07455   0.01158   0.05345   0.08822   0.02192   0.17242   0.24840   8.40767   1.56482   0.83444   1.45652   0.97347  
 15 34.5106   1925.824596  x:  0.00000   0.17576   0.02548   0.03847   0.01913   0.06601   0.01295   0.06445   0.08999   0.03522   0.18703   0.00000   0.18204   0.03287   0.02555   0.02096   0.07597   0.01165   0.05136   0.09079   0.02627   0.17951   0.25375   8.40874   1.59605   0.86743   1.48447   0.96767  
 16 107.8118   1925.780133  x:  0.00000   0.17481   0.02677   0.04010   0.01885   0.06899   0.01237   0.06466   0.09033   0.03550   0.18905   0.00000   0.18110   0.03094   0.02541   0.02078   0.07350   0.01141   0.05117   0.09151   0.02638   0.18106   0.25189   8.40905   1.60225   0.87566   1.49068   0.96671  
 17 23.7494   1925.739868  x:  0.00000   0.17203   0.02604   0.03888   0.01909   0.07037   0.01247   0.06450   0.09025   0.03577   0.19429   0.00000   0.17990   0.03323   0.02556   0.02083   0.07361   0.01166   0.05157   0.09159   0.02578   0.18184   0.24640   8.40945   1.60704   0.88403   1.49659   0.96637  
 18 16.3811   1925.725242  x:  0.00000   0.17058   0.02629   0.03941   0.01897   0.06850   0.01246   0.06453   0.09025   0.03580   0.19653   0.00000   0.17934   0.03217   0.02533   0.02081   0.07493   0.01132   0.05134   0.09136   0.02619   0.18188   0.24378   8.40966   1.60834   0.88706   1.49884   0.96658  
 19 12.2779   1925.712572  x:  0.00000   0.16886   0.02633   0.03914   0.01888   0.06863   0.01254   0.06662   0.09049   0.03588   0.19433   0.00000   0.17775   0.03215   0.02518   0.02077   0.07502   0.01118   0.05185   0.09138   0.02618   0.18082   0.24280   8.41072   1.60426   0.88727   1.50254   0.97139  
 20  1.2811   1925.693412  x:  0.00000   0.16792   0.02632   0.03982   0.01893   0.06940   0.01222   0.06413   0.09083   0.03595   0.19272   0.00000   0.17672   0.03254   0.02496   0.02077   0.07600   0.01099   0.05104   0.09200   0.02605   0.18008   0.24252   8.41249   1.59765   0.88701   1.50796   0.97912  
 21  9.2988   1925.668807  x:  0.00000   0.17043   0.02594   0.03945   0.01901   0.06978   0.01224   0.06514   0.09013   0.03732   0.19571   0.00000   0.17895   0.03216   0.02435   0.02081   0.07669   0.01071   0.05092   0.09222   0.02603   0.18135   0.24444   8.41504   1.58939   0.88580   1.51371   0.98908  
 22  7.9923   1925.663688  x:  0.00000   0.17090   0.02618   0.04019   0.01879   0.06975   0.01212   0.06561   0.09033   0.03610   0.19640   0.00000   0.17948   0.03272   0.02453   0.02069   0.07684   0.01068   0.05110   0.09206   0.02588   0.18164   0.24484   8.41563   1.58804   0.88550   1.51422   0.99084  
 23  6.5638   1925.634673  x:  0.00000   0.17063   0.02593   0.04010   0.01869   0.07059   0.01205   0.06612   0.09496   0.03669   0.19679   0.00000   0.18010   0.03286   0.02398   0.02078   0.07774   0.01055   0.05035   0.08999   0.02582   0.18186   0.24527   8.42031   1.58756   0.88335   1.50371   0.99448  
 24  1.5427   1925.558088  x:  0.00000   0.16941   0.02577   0.04118   0.01855   0.07252   0.01167   0.06743   0.09151   0.03696   0.19666   0.00000   0.17980   0.03334   0.02253   0.02064   0.08094   0.00971   0.05015   0.09329   0.02526   0.18157   0.24581   8.43282   1.58750   0.87770   1.47417   1.00186  
 25 14.9914   1925.541866  x:  0.00000   0.17272   0.02571   0.04133   0.01852   0.07275   0.01167   0.06772   0.09174   0.03683   0.19801   0.00000   0.17548   0.03339   0.02237   0.02072   0.08129   0.00969   0.04985   0.09325   0.02524   0.17968   0.24609   8.43642   1.58433   0.87636   1.47325   0.99539  
 26  1.5786   1925.458627  x:  0.00000   0.16947   0.02556   0.04174   0.01867   0.07419   0.01182   0.06838   0.09230   0.03645   0.19781   0.00000   0.17842   0.03319   0.02119   0.02098   0.08349   0.00938   0.04989   0.09417   0.02484   0.18108   0.24760   8.45588   1.56510   0.86979   1.47577   0.95440  
 27  5.6296   1925.097353  x:  0.00000   0.16497   0.02496   0.04108   0.02093   0.07663   0.01476   0.06766   0.09379   0.03054   0.20278   0.00000   0.17464   0.02864   0.01839   0.02350   0.08650   0.01099   0.05169   0.09688   0.02415   0.18225   0.25374   8.55596   1.59802   0.88140   1.49973   0.97891  
 28  0.7251   1925.071637  x:  0.00000   0.16426   0.02502   0.04010   0.02124   0.07771   0.01476   0.06759   0.09402   0.03076   0.20380   0.00000   0.17389   0.02799   0.02057   0.02367   0.08806   0.01086   0.05185   0.09734   0.02418   0.18289   0.25475   8.62411   1.60175   0.88159   1.50294   0.97916  
 29  0.0895   1925.067732  x:  0.00000   0.16423   0.02509   0.03950   0.02117   0.07818   0.01457   0.06744   0.09397   0.03098   0.20408   0.00000   0.17365   0.02807   0.02005   0.02358   0.08891   0.01063   0.05205   0.09724   0.02427   0.18323   0.25484   8.68256   1.60395   0.88183   1.50523   0.98040  
 30  0.0536   1925.067480  x:  0.00000   0.16427   0.02507   0.03964   0.02111   0.07814   0.01452   0.06748   0.09395   0.03080   0.20400   0.00000   0.17375   0.02808   0.02005   0.02354   0.08889   0.01067   0.05192   0.09722   0.02426   0.18315   0.25478   8.70024   1.60376   0.88178   1.50485   0.98052  
 31  0.0153   1925.067456  x:  0.00000   0.16428   0.02507   0.03966   0.02111   0.07811   0.01453   0.06748   0.09396   0.03086   0.20398   0.00000   0.17376   0.02807   0.02006   0.02354   0.08883   0.01067   0.05194   0.09722   0.02427   0.18314   0.25478   8.70542   1.60371   0.88181   1.50476   0.98065  
 32  0.0044   1925.067455  x:  0.00000   0.16428   0.02507   0.03965   0.02112   0.07810   0.01453   0.06747   0.09396   0.03086   0.20399   0.00000   0.17375   0.02808   0.02006   0.02355   0.08882   0.01066   0.05195   0.09722   0.02426   0.18314   0.25478   8.70601   1.60373   0.88181   1.50480   0.98064  
 33  0.0006   1925.067455  x:  0.00000   0.16428   0.02507   0.03965   0.02112   0.07810   0.01454   0.06748   0.09396   0.03086   0.20399   0.00000   0.17375   0.02808   0.02006   0.02355   0.08882   0.01067   0.05195   0.09722   0.02426   0.18314   0.25478   8.70605   1.60373   0.88181   1.50480   0.98064  
 34  0.0000   1925.067455  x:  0.00000   0.16428   0.02507   0.03965   0.02112   0.07810   0.01454   0.06748   0.09396   0.03086   0.20399   0.00000   0.17375   0.02808   0.02006   0.02355   0.08882   0.01067   0.05195   0.09722   0.02426   0.18314   0.25478   8.70605   1.60373   0.88181   1.50480   0.98064  
 35  0.0000   1925.067455  x:  0.00000   0.16428   0.02507   0.03965   0.02112   0.07810   0.01454   0.06748   0.09396   0.03086   0.20399   0.00000   0.17375   0.02808   0.02006   0.02355   0.08882   0.01067   0.05195   0.09722   0.02426   0.18314   0.25478   8.70605   1.60373   0.88181   1.50480   0.98064  

TREE # 2

  0  0.0000   2267.994690  x:  0.00000   0.16428   0.02507   0.03965   0.02112   0.07810   0.01454   0.06748   0.09396   0.03086   0.20399   0.00000   0.17375   0.02808   0.02006   0.02355   0.08882   0.01067   0.05195   0.09722   0.02426   0.18314   0.25478   8.70605   1.57543   0.80891   1.38206   0.98064  
  1 99.0000   2082.358553  x:  0.62811   0.16787   0.07211   0.06960   0.02798   0.07341   0.05266   0.06368   0.09016   0.03140   0.19963   0.03924   0.17648   0.07984   0.07803   0.02951   0.08405   0.06391   0.05162   0.09469   0.02206   0.17815   0.24722   8.70604   1.57495   0.80954   1.38241   0.98061  
  2 11551.8042   2007.174202  x:  0.60995   0.11052   0.16500   0.16035   0.03157   0.03759   0.09638   0.02787   0.05974   0.01224   0.16383   0.00000   0.11924   0.17292   0.14742   0.03609   0.04290   0.09150   0.03285   0.07799   0.00583   0.14176   0.19127   8.70620   1.57069   0.81846   1.38363   0.98006  
  3 567.4237   1992.139771  x:  0.59787   0.07847   0.21185   0.20598   0.03244   0.01841   0.11836   0.00891   0.04440   0.00756   0.14450   0.02288   0.08726   0.22011   0.18235   0.03877   0.02090   0.10536   0.02355   0.06943   0.00099   0.12194   0.16022   8.70630   1.56836   0.82330   1.38434   0.97974  
  4 4082.2212   1981.175678  x:  0.59024   0.04434   0.24504   0.23757   0.03053   0.00936   0.13275   0.00930   0.03582   0.02359   0.12608   0.03115   0.05321   0.25434   0.20689   0.03840   0.00678   0.11506   0.02166   0.06431   0.04712   0.10379   0.12838   8.70639   1.56615   0.82788   1.38511   0.97947  
  5 1364.7265   1962.312440  x:  0.58591   0.00000   0.26777   0.25802   0.02945   0.02928   0.13970   0.03055   0.03807   0.03039   0.10618   0.03709   0.00898   0.27896   0.22298   0.03814   0.03469   0.12018   0.02958   0.06277   0.05695   0.08316   0.08754   8.70651   1.56353   0.83323   1.38620   0.97916  
  6 728.6765   1959.715299  x:  0.58621   0.00000   0.26808   0.25778   0.02832   0.02967   0.13862   0.03053   0.03936   0.03051   0.10334   0.03704   0.00000   0.27972   0.22282   0.03708   0.03376   0.11961   0.03081   0.06337   0.05673   0.08072   0.07986   8.70654   1.56306   0.83416   1.38642   0.97909  
  7 411.3113   1955.401499  x:  0.58849   0.00000   0.26735   0.25112   0.03578   0.02893   0.13067   0.02944   0.02428   0.02994   0.09399   0.03684   0.00000   0.28190   0.21868   0.04087   0.03680   0.11502   0.02056   0.05959   0.05829   0.08191   0.02290   8.70672   1.56005   0.83971   1.38892   0.97863  
  8 249.0235   1954.919603  x:  0.58842   0.00000   0.26886   0.24981   0.03959   0.02595   0.12989   0.02962   0.02756   0.02947   0.09476   0.03697   0.00000   0.28410   0.21808   0.04421   0.03729   0.11500   0.02565   0.05650   0.05864   0.08869   0.01358   8.70679   1.55929   0.84093   1.39020   0.97847  
  9 84.0024   1954.651126  x:  0.58837   0.00000   0.27529   0.24271   0.03814   0.03018   0.12333   0.03139   0.02816   0.03063   0.08782   0.03710   0.00000   0.29478   0.21371   0.04136   0.03430   0.11212   0.02468   0.05204   0.05765   0.09987   0.01354   8.70719   1.55479   0.84884   1.39648   0.97765  
 10 21.6343   1954.460360  x:  0.58829   0.00000   0.28128   0.23457   0.03633   0.02816   0.11863   0.03141   0.02443   0.03042   0.08469   0.03714   0.00000   0.30453   0.20829   0.04117   0.03580   0.11021   0.02818   0.05493   0.05763   0.10407   0.01457   8.70760   1.55054   0.85632   1.40289   0.97684  
 11 45.9680   1954.126845  x:  0.58785   0.00000   0.29373   0.21697   0.03630   0.02342   0.11318   0.03146   0.02856   0.02949   0.08472   0.03722   0.00000   0.32362   0.19589   0.04306   0.03922   0.10821   0.02385   0.06082   0.05844   0.10604   0.01564   8.70849   1.54250   0.87051   1.41629   0.97516  
 12 74.1172   1953.068885  x:  0.58537   0.00000   0.34337   0.14172   0.04728   0.03454   0.10885   0.02423   0.02999   0.02867   0.10483   0.03719   0.00000   0.39470   0.13782   0.04796   0.03478   0.10891   0.02649   0.06278   0.06013   0.09581   0.01741   8.71221   1.51415   0.92114   1.47071   0.96853  
 13 104.3637   1949.403271  x:  0.58164   0.00000   0.42857   0.01600   0.04280   0.02218   0.12340   0.04128   0.02611   0.03547   0.13040   0.03590   0.00000   0.50288   0.02417   0.04170   0.03112   0.11740   0.02791   0.03995   0.05297   0.07798   0.01776   8.71856   1.47996   0.98575   1.55779   0.95869  
 14 204.0791   1949.293915  x:  0.58149   0.00000   0.43292   0.01047   0.04296   0.02182   0.12423   0.04197   0.02596   0.03573   0.13131   0.03585   0.00000   0.50810   0.01773   0.04131   0.03088   0.11789   0.02796   0.03944   0.05268   0.07741   0.01776   8.71887   1.47860   0.98844   1.56193   0.95824  
 15 993.6078   1949.024646  x:  0.58168   0.00000   0.43847   0.00878   0.04413   0.01892   0.12158   0.04668   0.02514   0.03737   0.13727   0.03574   0.00000   0.51824   0.00000   0.03976   0.02947   0.11690   0.02842   0.03568   0.05107   0.07376   0.01811   8.71977   1.47264   0.99937   1.57460   0.95659  
 16 45.1869   1948.354981  x:  0.58205   0.00000   0.44134   0.01238   0.03263   0.02369   0.11325   0.03784   0.02643   0.03008   0.14149   0.03633   0.00000   0.51050   0.00000   0.04085   0.03394   0.11153   0.02759   0.03516   0.05594   0.07691   0.01603   8.71908   1.48232   0.97927   1.56444   0.96090  
 17 65.3487   1947.580663  x:  0.58260   0.00000   0.45380   0.01107   0.03862   0.02233   0.09131   0.03862   0.02634   0.03293   0.14977   0.03636   0.00000   0.50756   0.00000   0.03299   0.03409   0.09791   0.02843   0.03537   0.05506   0.07278   0.01579   8.71898   1.49403   0.95201   1.56152   0.96816  
 18 57.0578   1947.460540  x:  0.58256   0.00000   0.45576   0.01076   0.03787   0.02320   0.08690   0.04228   0.02581   0.03385   0.15022   0.03644   0.00000   0.50682   0.00000   0.03836   0.03080   0.09687   0.02833   0.03676   0.05390   0.07173   0.01586   8.71907   1.49546   0.94611   1.56265   0.97070  
 19 30.1892   1947.273756  x:  0.58184   0.00000   0.45354   0.01031   0.04035   0.02268   0.08224   0.04253   0.02602   0.02836   0.14465   0.03679   0.00000   0.50408   0.00000   0.03941   0.03066   0.10298   0.02869   0.03445   0.05569   0.06910   0.01707   8.72001   1.48972   0.93543   1.57669   0.98319  
 20  9.7927   1946.682911  x:  0.57902   0.00000   0.44713   0.01168   0.03809   0.02403   0.08202   0.03975   0.02611   0.03460   0.14239   0.03587   0.00000   0.49913   0.00000   0.03552   0.03058   0.11309   0.02795   0.03896   0.05292   0.07105   0.01490   8.72381   1.46421   0.90506   1.63216   1.02801  
 21 50.5098   1946.330037  x:  0.57845   0.00000   0.44288   0.01256   0.03949   0.02452   0.09120   0.03811   0.02676   0.03250   0.13521   0.03585   0.00000   0.49491   0.00000   0.03824   0.03038   0.09813   0.02867   0.03826   0.05370   0.06951   0.01580   8.72624   1.45202   0.88968   1.65943   1.05406  
 22 45.1372   1945.916870  x:  0.57613   0.00000   0.44279   0.01230   0.04002   0.02521   0.09390   0.04524   0.02593   0.02447   0.13745   0.03651   0.00000   0.48897   0.00000   0.03310   0.02573   0.09733   0.02879   0.04255   0.05441   0.07127   0.01466   8.73070   1.45893   0.89749   1.65682   1.07584  
 23  5.4387   1941.120180  x:  0.55083   0.00000   0.43125   0.01713   0.04288   0.02859   0.09449   0.03037   0.03152   0.03238   0.10181   0.03243   0.00000   0.39419   0.00000   0.03596   0.02100   0.10314   0.03189   0.04569   0.04566   0.06907   0.01862   8.78278   1.57669   0.97216   1.57001   1.32716  
 24 81.8105   1939.561581  x:  0.54135   0.00000   0.35552   0.01753   0.04227   0.02922   0.09398   0.02847   0.03251   0.03289   0.09562   0.03107   0.00000   0.44244   0.00000   0.03410   0.01803   0.10310   0.03258   0.04661   0.04252   0.06621   0.01862   8.80303   1.62568   0.95106   1.55218   1.32366  
 25 15.3967   1935.562146  x:  0.51795   0.00000   0.34669   0.01721   0.04017   0.02982   0.09406   0.02600   0.03488   0.03227   0.07226   0.02796   0.00000   0.38161   0.00000   0.02810   0.01043   0.10461   0.03465   0.04918   0.03524   0.06119   0.01862   8.86479   1.63127   0.90613   1.61982   1.01656  
 26 13.4960   1934.375124  x:  0.50654   0.00000   0.33704   0.01674   0.03899   0.02637   0.08945   0.02366   0.03699   0.03091   0.07524   0.02689   0.00000   0.36949   0.00000   0.02761   0.01381   0.10288   0.03566   0.05119   0.03341   0.06745   0.01935   8.91190   1.47512   0.81320   1.46336   0.98402  
 27  1.5604   1932.222489  x:  0.48035   0.00000   0.32758   0.01264   0.03332   0.01510   0.08909   0.02190   0.04045   0.03013   0.08865   0.02399   0.00000   0.34972   0.00000   0.02568   0.02078   0.09878   0.03781   0.05122   0.02735   0.07491   0.01781   9.02059   1.64137   0.87226   1.61826   0.91498  
 28  2.2742   1930.929426  x:  0.45590   0.00000   0.33359   0.00903   0.03776   0.01036   0.08612   0.03172   0.04365   0.02821   0.09144   0.02255   0.00000   0.35532   0.00000   0.03300   0.01958   0.09583   0.03848   0.05622   0.02031   0.08097   0.01329   9.14530   1.64513   0.86933   1.57898   1.00235  
 29  0.1932   1929.870353  x:  0.44078   0.00000   0.35105   0.01035   0.04414   0.01942   0.08720   0.03120   0.04757   0.02421   0.08583   0.02248   0.00000   0.37433   0.00000   0.03637   0.02409   0.09717   0.03756   0.06521   0.01990   0.07820   0.01090   9.23048   1.68289   0.88026   1.57531   0.97923  
 30  0.1452   1929.574329  x:  0.42797   0.00000   0.35670   0.01118   0.04390   0.01836   0.08838   0.03064   0.05070   0.02463   0.08685   0.02110   0.00000   0.38039   0.00000   0.03367   0.02469   0.09936   0.03806   0.06903   0.01675   0.07723   0.01683   9.23403   1.67567   0.86897   1.57187   0.97026  
 31  0.0367   1929.424127  x:  0.41806   0.00000   0.35761   0.01171   0.04275   0.01603   0.08866   0.02665   0.05090   0.02368   0.08355   0.01951   0.00000   0.38135   0.00000   0.03162   0.02615   0.09891   0.03672   0.07058   0.01584   0.07414   0.01516   9.21301   1.66268   0.86907   1.58066   0.96805  
 32  0.0405   1929.327899  x:  0.41333   0.00000   0.36137   0.01285   0.04180   0.01563   0.08919   0.02508   0.05054   0.02325   0.08915   0.01826   0.00000   0.38452   0.00000   0.03095   0.02499   0.09853   0.03578   0.07005   0.01683   0.07917   0.01393   9.16844   1.65132   0.86114   1.58449   0.96154  
 33  0.0421   1929.200072  x:  0.41238   0.00000   0.36618   0.01377   0.04069   0.01499   0.09162   0.02592   0.04867   0.02471   0.08536   0.01546   0.00000   0.38901   0.00000   0.03330   0.02414   0.09921   0.03442   0.06917   0.01947   0.07902   0.01441   9.09114   1.65816   0.86973   1.58357   0.97016  
 34  0.0296   1929.109490  x:  0.40524   0.00000   0.36531   0.01272   0.04097   0.01523   0.09098   0.02564   0.04916   0.02569   0.08817   0.01179   0.00000   0.38766   0.00000   0.03246   0.02284   0.09897   0.03445   0.07007   0.01863   0.07725   0.01434   9.10250   1.66850   0.86528   1.57461   0.96859  
 35  0.0146   1929.061998  x:  0.40779   0.00000   0.36162   0.01281   0.04232   0.01490   0.08971   0.02592   0.05035   0.02390   0.08799   0.01046   0.00000   0.38544   0.00000   0.03159   0.02357   0.09828   0.03594   0.07009   0.01929   0.07677   0.01497   9.15838   1.67301   0.86808   1.58850   0.96754  
 36  0.0438   1929.042417  x:  0.41362   0.00000   0.36122   0.01289   0.04230   0.01492   0.09056   0.02588   0.05123   0.02507   0.08876   0.01019   0.00000   0.38459   0.00000   0.03170   0.02420   0.09900   0.03661   0.06954   0.01879   0.07710   0.01441   9.18920   1.66593   0.86836   1.59154   0.96605  
 37  0.0248   1929.037254  x:  0.41540   0.00000   0.36214   0.01275   0.04167   0.01501   0.09088   0.02563   0.05167   0.02451   0.08911   0.00993   0.00000   0.38503   0.00000   0.03208   0.02440   0.09880   0.03641   0.06940   0.01893   0.07743   0.01438   9.18535   1.66197   0.86759   1.58566   0.96964  
 38  0.0077   1929.036122  x:  0.41597   0.00000   0.36222   0.01291   0.04173   0.01488   0.09078   0.02586   0.05171   0.02445   0.08897   0.00987   0.00000   0.38545   0.00000   0.03205   0.02445   0.09873   0.03613   0.06940   0.01877   0.07760   0.01437   9.17661   1.66189   0.86708   1.58368   0.96711  
 39  0.0093   1929.035779  x:  0.41638   0.00000   0.36226   0.01291   0.04180   0.01489   0.09070   0.02571   0.05174   0.02448   0.08889   0.00989   0.00000   0.38544   0.00000   0.03195   0.02449   0.09876   0.03598   0.06939   0.01868   0.07763   0.01444   9.17268   1.66335   0.86704   1.58439   0.96832  
 40  0.0042   1929.035707  x:  0.41661   0.00000   0.36238   0.01287   0.04181   0.01486   0.09075   0.02569   0.05173   0.02445   0.08895   0.00989   0.00000   0.38546   0.00000   0.03196   0.02445   0.09882   0.03595   0.06942   0.01868   0.07750   0.01445   9.17263   1.66358   0.86700   1.58476   0.96763  
 41  0.0008   1929.035675  x:  0.41670   0.00000   0.36234   0.01288   0.04183   0.01485   0.09078   0.02568   0.05171   0.02445   0.08892   0.00986   0.00000   0.38541   0.00000   0.03199   0.02439   0.09880   0.03596   0.06946   0.01867   0.07755   0.01444   9.17424   1.66375   0.86717   1.58503   0.96778  
 42  0.0012   1929.035668  x:  0.41677   0.00000   0.36236   0.01288   0.04182   0.01485   0.09077   0.02569   0.05171   0.02444   0.08892   0.00988   0.00000   0.38546   0.00000   0.03197   0.02438   0.09879   0.03597   0.06949   0.01867   0.07755   0.01444   9.17506   1.66368   0.86715   1.58489   0.96790  
 43  0.0008   1929.035667  x:  0.41676   0.00000   0.36237   0.01288   0.04182   0.01485   0.09076   0.02568   0.05172   0.02445   0.08891   0.00988   0.00000   0.38547   0.00000   0.03197   0.02439   0.09880   0.03598   0.06952   0.01868   0.07755   0.01444   9.17532   1.66367   0.86710   1.58483   0.96785  
 44  0.0002   1929.035667  x:  0.41676   0.00000   0.36236   0.01288   0.04182   0.01485   0.09077   0.02568   0.05171   0.02445   0.08892   0.00988   0.00000   0.38545   0.00000   0.03198   0.02439   0.09880   0.03597   0.06952   0.01868   0.07755   0.01444   9.17533   1.66368   0.86711   1.58484   0.96785  
 45  0.0000   1929.035667  x:  0.41676   0.00000   0.36236   0.01288   0.04182   0.01485   0.09077   0.02568   0.05171   0.02445   0.08892   0.00988   0.00000   0.38546   0.00000   0.03198   0.02439   0.09880   0.03597   0.06952   0.01868   0.07755   0.01444   9.17527   1.66368   0.86711   1.58485   0.96785  
 46  0.0001   1929.035667  x:  0.41676   0.00000   0.36236   0.01288   0.04182   0.01485   0.09077   0.02568   0.05171   0.02445   0.08892   0.00988   0.00000   0.38546   0.00000   0.03198   0.02439   0.09880   0.03597   0.06952   0.01868   0.07755   0.01444   9.17524   1.66368   0.86711   1.58485   0.96785  
 47  0.0000   1929.035667  x:  0.41676   0.00000   0.36236   0.01288   0.04182   0.01485   0.09077   0.02568   0.05171   0.02445   0.08892   0.00988   0.00000   0.38546   0.00000   0.03198   0.02439   0.09880   0.03597   0.06952   0.01868   0.07755   0.01444   9.17522   1.66368   0.86711   1.58485   0.96785  
 48  0.0000   1929.035667  x:  0.41676   0.00000   0.36236   0.01288   0.04182   0.01485   0.09077   0.02568   0.05171   0.02445   0.08892   0.00988   0.00000   0.38546   0.00000   0.03198   0.02439   0.09880   0.03597   0.06952   0.01868   0.07755   0.01444   9.17522   1.66368   0.86711   1.58485   0.96785  
 49  0.0000   1929.035667  x:  0.41676   0.00000   0.36236   0.01288   0.04182   0.01485   0.09077   0.02568   0.05171   0.02445   0.08892   0.00988   0.00000   0.38546   0.00000   0.03198   0.02439   0.09880   0.03597   0.06952   0.01868   0.07755   0.01444   9.17522   1.66368   0.86711   1.58485   0.96785  
check convergence!
