

TREE # 1

  0  0.0000   2074.756012  x:  0.20925   0.02571   0.03211   0.02495   0.05815   0.02188   0.05666   0.08536   0.02661   0.17168   0.20925   0.02571   0.03211   0.02495   0.05815   0.02188   0.05666   0.08536   0.02661   0.17168   0.21568   8.40433   1.74707   1.38212   1.44865   1.00000  
  1 99.0000   2039.470645  x:  0.20763   0.03677   0.14017   0.03208   0.05145   0.00000   0.05039   0.08817   0.02573   0.16963   0.21996   0.04045   0.02537   0.04572   0.07093   0.01889   0.06234   0.08853   0.03511   0.17166   0.21736   8.40450   1.74676   1.38015   1.45091   0.99965  
  2 759.3958   2036.957453  x:  0.20717   0.03297   0.14146   0.02872   0.04552   0.00000   0.04109   0.08401   0.00604   0.16621   0.23580   0.04099   0.01666   0.04545   0.08074   0.01870   0.06700   0.09244   0.03474   0.17159   0.21997   8.40479   1.74626   1.37710   1.45449   0.99906  
  3 122.8918   2035.834116  x:  0.20791   0.03245   0.13930   0.02845   0.04003   0.00000   0.03186   0.07616   0.01536   0.15945   0.26499   0.04120   0.01584   0.04535   0.09200   0.01879   0.07229   0.09862   0.03449   0.17126   0.22507   8.40544   1.74508   1.37065   1.46216   0.99780  
  4 92.2816   2034.977911  x:  0.20921   0.03632   0.13827   0.03340   0.04442   0.00000   0.04097   0.07190   0.01236   0.15160   0.29641   0.04112   0.02562   0.04644   0.09477   0.01845   0.07268   0.10216   0.03480   0.17032   0.23103   8.40639   1.74344   1.36166   1.47282   0.99604  
  5 93.5158   2034.511414  x:  0.21129   0.03698   0.13938   0.02940   0.04875   0.00000   0.04462   0.07572   0.01354   0.14665   0.31549   0.03951   0.01863   0.04491   0.08580   0.01887   0.06715   0.09875   0.03350   0.16858   0.23519   8.40747   1.74174   1.35253   1.48375   0.99420  
  6 55.1922   2034.330379  x:  0.21306   0.03431   0.13947   0.03037   0.04608   0.00000   0.04060   0.07936   0.01278   0.14539   0.32127   0.04080   0.02186   0.04568   0.07894   0.01840   0.06525   0.09487   0.03472   0.16677   0.23689   8.40846   1.74031   1.34502   1.49282   0.99259  
  7 35.7209   2034.096618  x:  0.21717   0.03723   0.13902   0.03432   0.04316   0.00000   0.04090   0.08151   0.01258   0.14666   0.31949   0.03932   0.02052   0.04555   0.07945   0.02145   0.06946   0.08991   0.03195   0.16232   0.23805   8.41151   1.73624   1.32437   1.51799   0.98785  
  8 23.5072   2033.799092  x:  0.22149   0.03707   0.13888   0.03131   0.04447   0.00000   0.04171   0.08106   0.01286   0.14811   0.31476   0.03990   0.02081   0.04523   0.08250   0.01572   0.07180   0.08803   0.03305   0.15782   0.23871   8.41573   1.73079   1.29713   1.55138   0.98138  
  9 92.6495   2033.640022  x:  0.22286   0.03483   0.13928   0.02852   0.04652   0.00000   0.04156   0.07907   0.01290   0.14827   0.31120   0.04085   0.02184   0.04555   0.08398   0.01951   0.07007   0.09024   0.03481   0.15664   0.23852   8.41848   1.72742   1.28092   1.57154   0.97731  
 10 99.8756   2033.547084  x:  0.22151   0.03399   0.13957   0.03159   0.04640   0.00000   0.04076   0.07663   0.01278   0.14711   0.30854   0.04013   0.02072   0.04530   0.08317   0.01876   0.06593   0.09481   0.03381   0.15851   0.23751   8.42057   1.72522   1.27150   1.58393   0.97444  
 11 41.5393   2033.517782  x:  0.21883   0.03616   0.13947   0.03018   0.04488   0.00000   0.04065   0.07647   0.01258   0.14579   0.30773   0.04010   0.02123   0.04539   0.08200   0.01871   0.06596   0.09625   0.03333   0.16126   0.23632   8.42184   1.72430   1.26886   1.58832   0.97296  
 12 15.2074   2033.495866  x:  0.21466   0.03509   0.13934   0.03069   0.04526   0.00000   0.04116   0.07706   0.01287   0.14450   0.30751   0.04060   0.02072   0.04533   0.08167   0.01874   0.06778   0.09563   0.03400   0.16475   0.23460   8.42364   1.72335   1.26754   1.59206   0.97110  
 13 11.0954   2033.488924  x:  0.21283   0.03494   0.13947   0.03054   0.04584   0.00000   0.04067   0.07735   0.01288   0.14484   0.30772   0.03998   0.02120   0.04543   0.08242   0.01872   0.06723   0.09459   0.03320   0.16543   0.23384   8.42494   1.72291   1.26779   1.59345   0.96993  
 14  5.9720   2033.482308  x:  0.21123   0.03543   0.13929   0.03071   0.04543   0.00000   0.04082   0.07728   0.01290   0.14603   0.30815   0.04041   0.02100   0.04524   0.08301   0.01876   0.06620   0.09383   0.03397   0.16522   0.23311   8.42716   1.72234   1.26892   1.59501   0.96806  
 15  5.3824   2033.466647  x:  0.20923   0.03466   0.13952   0.03037   0.04486   0.00000   0.04148   0.07664   0.01298   0.14888   0.30904   0.04020   0.02096   0.04560   0.08195   0.01871   0.06689   0.09476   0.03341   0.16355   0.23196   8.43445   1.72084   1.27329   1.59901   0.96228  
 16  6.9914   2033.449518  x:  0.20926   0.03570   0.13958   0.03078   0.04645   0.00000   0.04012   0.07711   0.01276   0.14948   0.30929   0.04003   0.02096   0.04508   0.08135   0.01876   0.06773   0.09580   0.03405   0.16281   0.23162   8.44362   1.71937   1.27877   1.60344   0.95552  
 17 13.5621   2033.398213  x:  0.21333   0.03485   0.13987   0.03054   0.04527   0.00000   0.04091   0.07875   0.01271   0.14577   0.30862   0.04001   0.02101   0.04535   0.08301   0.01872   0.06689   0.09585   0.03389   0.16368   0.23271   8.47306   1.71580   1.29567   1.61638   0.93548  
 18 22.8939   2033.387697  x:  0.21390   0.03508   0.14005   0.03051   0.04554   0.00000   0.04064   0.07622   0.01255   0.14529   0.30834   0.04063   0.02090   0.04552   0.08236   0.01873   0.06698   0.09436   0.03353   0.16431   0.23370   8.48015   1.71634   1.29824   1.61851   0.93282  
 19  9.0552   2033.361909  x:  0.21351   0.03481   0.14084   0.03035   0.04492   0.00000   0.04075   0.07527   0.01242   0.14612   0.30820   0.03790   0.02118   0.04442   0.08212   0.01877   0.06719   0.09391   0.03514   0.16552   0.23677   8.50100   1.72200   1.30103   1.62203   0.93166  
 20  7.0454   2033.198757  x:  0.20963   0.03485   0.14154   0.03043   0.04533   0.00000   0.04034   0.07819   0.01216   0.15136   0.30829   0.04074   0.02051   0.04604   0.08347   0.01865   0.06721   0.09598   0.03370   0.16990   0.25248   8.63942   1.76191   1.31636   1.64347   0.92891  
 21 54.1134   2032.694072  x:  0.20533   0.03412   0.14725   0.02994   0.04404   0.00000   0.03945   0.07636   0.01066   0.13845   0.31174   0.04188   0.02043   0.04230   0.08511   0.01868   0.06785   0.09620   0.03275   0.15707   0.24138   9.06989   1.88284   1.36021   1.70562   0.93335  
 22 81.0457   2032.611667  x:  0.20734   0.03470   0.14702   0.03007   0.04435   0.00000   0.03901   0.07598   0.01035   0.13871   0.31328   0.04000   0.01924   0.04802   0.08523   0.01845   0.06784   0.09605   0.03451   0.15792   0.23724   9.14187   1.90091   1.36745   1.71590   0.93555  
 23 147.4308   2032.504609  x:  0.21530   0.03432   0.14859   0.02990   0.04416   0.00000   0.03896   0.07600   0.00982   0.14512   0.31725   0.04093   0.01949   0.04595   0.08547   0.01850   0.06796   0.09611   0.03371   0.16578   0.22889   9.23448   1.91770   1.37669   1.72882   0.94230  
 24 69.8479   2032.074597  x:  0.21344   0.03420   0.15298   0.02968   0.04351   0.00000   0.03795   0.07561   0.00818   0.14287   0.31993   0.04115   0.01861   0.04650   0.08720   0.01836   0.06864   0.09693   0.03414   0.16359   0.23520   9.62501   1.88716   1.41636   1.77221   1.02245  
 25 19.5287   2031.028225  x:  0.21413   0.03365   0.16397   0.02923   0.04178   0.00000   0.03581   0.07591   0.00480   0.14311   0.33086   0.04178   0.01647   0.04714   0.09040   0.01798   0.07068   0.09730   0.03443   0.16285   0.23870  10.55886   1.72890   1.27842   1.62005   0.99093  
 26 11.0939   2030.506073  x:  0.21224   0.03358   0.17638   0.02938   0.04288   0.00000   0.03807   0.07821   0.01222   0.14497   0.32733   0.04202   0.01649   0.04809   0.09015   0.01798   0.07048   0.09651   0.03464   0.16360   0.23760  11.21305   1.69036   1.24658   1.58329   0.99098  
 27  0.8580   2030.152063  x:  0.21352   0.03538   0.19340   0.03057   0.04400   0.00000   0.03917   0.07720   0.01112   0.14505   0.32212   0.04238   0.01966   0.04931   0.08846   0.01832   0.06937   0.09657   0.03487   0.16442   0.23638  11.41646   1.78206   1.31926   1.65875   0.99440  
 28  0.1663   2029.934310  x:  0.21265   0.03492   0.20995   0.03036   0.04318   0.00000   0.03825   0.07709   0.00860   0.14403   0.32321   0.04295   0.01731   0.04961   0.08801   0.01797   0.06924   0.09683   0.03509   0.16390   0.23811  11.11701   1.72869   1.28337   1.61323   0.98559  
 29  0.1276   2029.900179  x:  0.21285   0.03465   0.21132   0.03013   0.04324   0.00000   0.03849   0.07809   0.00909   0.14508   0.32311   0.04284   0.01822   0.04965   0.08928   0.01810   0.06999   0.09657   0.03500   0.16393   0.23664  10.74829   1.73831   1.28740   1.61991   0.98833  
 30  0.2145   2029.898445  x:  0.21283   0.03480   0.21154   0.03026   0.04333   0.00000   0.03853   0.07772   0.00941   0.14473   0.32337   0.04290   0.01785   0.04976   0.08907   0.01806   0.06974   0.09664   0.03501   0.16401   0.23696  10.72188   1.73783   1.28827   1.61949   0.98695  
 31  0.0223   2029.898367  x:  0.21279   0.03482   0.21169   0.03026   0.04330   0.00000   0.03849   0.07766   0.00946   0.14471   0.32341   0.04291   0.01794   0.04977   0.08905   0.01806   0.06974   0.09666   0.03503   0.16399   0.23698  10.72682   1.73720   1.28774   1.61886   0.98674  
 32  0.0050   2029.898364  x:  0.21279   0.03482   0.21175   0.03026   0.04330   0.00000   0.03850   0.07767   0.00947   0.14472   0.32344   0.04291   0.01794   0.04977   0.08905   0.01807   0.06975   0.09666   0.03503   0.16398   0.23697  10.72786   1.73732   1.28777   1.61901   0.98682  
 33  0.0009   2029.898364  x:  0.21279   0.03482   0.21175   0.03026   0.04330   0.00000   0.03850   0.07767   0.00947   0.14471   0.32344   0.04291   0.01794   0.04977   0.08905   0.01807   0.06975   0.09666   0.03503   0.16398   0.23697  10.72784   1.73732   1.28778   1.61900   0.98682  
 34  0.0000   2029.898364  x:  0.21279   0.03482   0.21175   0.03026   0.04330   0.00000   0.03850   0.07767   0.00947   0.14471   0.32344   0.04291   0.01794   0.04977   0.08905   0.01807   0.06975   0.09666   0.03503   0.16398   0.23697  10.72785   1.73732   1.28778   1.61900   0.98682  
 35  0.0000   2029.898364  x:  0.21279   0.03482   0.21175   0.03026   0.04330   0.00000   0.03850   0.07767   0.00947   0.14471   0.32344   0.04291   0.01794   0.04977   0.08905   0.01807   0.06975   0.09666   0.03503   0.16398   0.23697  10.72785   1.73732   1.28778   1.61900   0.98682  