

TREE # 1

  0  0.0000   2363.389692  x:  0.00644   0.04887   0.06790   0.02307   0.09213   0.09159   0.04450   0.06373   0.10037   0.02985   0.11313   0.02468   0.06616   0.00000   0.05153   0.08809   0.07397   0.04152   0.07711   0.07473   0.10333   0.08502   0.07788   2.00000   1.32944   1.05250   1.28690   0.40000  
  1 99.0000   2324.214879  x:  0.06682   0.12751   0.04739   0.02579   0.08072   0.08594   0.03423   0.07873   0.09807   0.02932   0.12673   0.02338   0.11754   0.25006   0.07094   0.07879   0.07159   0.03701   0.09465   0.11699   0.10114   0.09821   0.11397   2.00671   1.32891   1.04819   1.28976   0.41800  
  2 1934.7657   2287.493293  x:  0.04791   0.17282   0.00000   0.02625   0.05759   0.07542   0.01876   0.09755   0.09369   0.02446   0.14668   0.02177   0.16767   0.22900   0.07629   0.05946   0.06786   0.03105   0.11804   0.16525   0.08700   0.11389   0.15286   2.02234   1.32761   1.03996   1.29512   0.45460  
  3 387.6900   2279.344331  x:  0.03784   0.20148   0.00000   0.02943   0.04570   0.07277   0.08091   0.09584   0.09030   0.06949   0.15812   0.01708   0.19895   0.21987   0.05292   0.04786   0.06860   0.04666   0.12216   0.19096   0.05055   0.11812   0.16904   2.05341   1.32526   1.02523   1.30463   0.50506  
  4 249.6516   2275.311528  x:  0.04319   0.20555   0.00000   0.02588   0.05537   0.07653   0.08064   0.08660   0.08980   0.05787   0.15793   0.02498   0.20848   0.21898   0.02524   0.05806   0.06847   0.03940   0.11466   0.19505   0.02303   0.11316   0.16413   2.09285   1.32228   1.00893   1.31504   0.54857  
  5 119.9626   2269.308321  x:  0.04957   0.20128   0.00000   0.03389   0.06473   0.08233   0.08522   0.07305   0.09090   0.03900   0.14924   0.00852   0.22293   0.21785   0.02769   0.07107   0.06796   0.04516   0.09934   0.19860   0.04817   0.09814   0.14132   2.21099   1.31381   0.96247   1.34450   0.65535  
  6 155.4708   2265.787910  x:  0.05425   0.18844   0.00000   0.02958   0.06354   0.08275   0.08553   0.07766   0.09269   0.03948   0.14120   0.04240   0.22042   0.21915   0.05070   0.07046   0.06811   0.04807   0.09711   0.19153   0.05808   0.09455   0.12783   2.32264   1.30617   0.92199   1.36949   0.73593  
  7 321.9073   2259.990694  x:  0.05475   0.16654   0.00000   0.01868   0.04971   0.07505   0.06514   0.10128   0.09408   0.05704   0.12935   0.02343   0.18577   0.22723   0.05980   0.04963   0.06999   0.03513   0.11438   0.16181   0.04589   0.10391   0.12937   2.49157   1.29506   0.87246   1.39927   0.81267  
  8 222.1049   2258.179443  x:  0.05066   0.16222   0.00000   0.04433   0.04940   0.07322   0.05525   0.10144   0.09287   0.06110   0.13398   0.02429   0.16835   0.23030   0.05731   0.04678   0.07048   0.04117   0.11822   0.15323   0.04268   0.11132   0.14167   2.57482   1.29018   0.85625   1.40851   0.82636  
  9 193.6731   2252.729330  x:  0.03164   0.16701   0.00000   0.02402   0.05389   0.07537   0.04675   0.07751   0.08681   0.06641   0.16179   0.02662   0.13858   0.23532   0.04497   0.05997   0.06885   0.05881   0.11524   0.15457   0.05776   0.12696   0.17859   2.81900   1.27722   0.83054   1.42181   0.81158  
 10 189.0308   2236.709671  x:  0.04522   0.17639   0.00000   0.02991   0.06828   0.08616   0.08410   0.09093   0.09324   0.04826   0.19393   0.01718   0.16541   0.22370   0.06315   0.06355   0.06161   0.01669   0.09051   0.18387   0.04085   0.12016   0.18305   3.57056   1.24115   0.80058   1.43321   0.67642  
 11 284.9781   2230.425313  x:  0.05718   0.18152   0.00000   0.02494   0.06411   0.08321   0.08593   0.10455   0.09691   0.03097   0.18863   0.01370   0.19682   0.21776   0.05557   0.05449   0.06820   0.05748   0.09740   0.19369   0.02474   0.10888   0.16395   3.96796   1.22389   0.79605   1.43242   0.60189  
 12 886.4195   2226.655975  x:  0.05781   0.18873   0.00000   0.02901   0.05409   0.07538   0.07688   0.09839   0.09488   0.04605   0.16849   0.02368   0.22185   0.21594   0.02742   0.04941   0.07101   0.05360   0.11395   0.19569   0.04126   0.10224   0.14597   4.16524   1.21799   0.80763   1.42353   0.56921  
 13 406.6362   2225.083640  x:  0.04744   0.19607   0.00000   0.03119   0.05010   0.07242   0.06980   0.08016   0.08950   0.05439   0.14493   0.02220   0.22900   0.21668   0.03802   0.05946   0.06834   0.05281   0.11985   0.19621   0.03170   0.10213   0.14014   4.24917   1.22018   0.83183   1.40741   0.56481  
 14 132.8012   2223.400311  x:  0.03725   0.20539   0.00000   0.03005   0.05990   0.07972   0.07304   0.09038   0.08861   0.04980   0.12139   0.02456   0.22656   0.21788   0.03583   0.05215   0.06676   0.05418   0.10883   0.19096   0.03547   0.10788   0.14956   4.34423   1.23363   0.89339   1.36572   0.58066  
 15 77.8577   2221.916602  x:  0.05454   0.20543   0.00000   0.03002   0.04926   0.07486   0.07497   0.09026   0.09424   0.04702   0.13974   0.02429   0.21774   0.21406   0.03726   0.05614   0.07249   0.05374   0.11391   0.18728   0.03742   0.10486   0.14945   4.43299   1.25514   0.96516   1.31498   0.60556  
 16 94.4546   2221.727730  x:  0.05129   0.19955   0.00000   0.02990   0.05623   0.07556   0.07249   0.09055   0.09244   0.05007   0.14711   0.02355   0.21873   0.21588   0.03782   0.05308   0.06875   0.05442   0.11744   0.19091   0.03661   0.10419   0.14470   4.44403   1.26268   0.97304   1.30790   0.60894  
 17 27.2882   2221.612477  x:  0.04571   0.19115   0.00000   0.03039   0.05139   0.07660   0.07223   0.09210   0.09161   0.04950   0.14905   0.02335   0.22104   0.21880   0.03632   0.05462   0.06959   0.05422   0.11518   0.19437   0.03599   0.10600   0.14339   4.45034   1.27454   0.97406   1.30437   0.61001  
 18 12.8892   2221.347522  x:  0.05030   0.18418   0.00000   0.02975   0.05474   0.07237   0.07254   0.08791   0.09408   0.04927   0.14452   0.02280   0.22553   0.21780   0.03668   0.05252   0.07261   0.05393   0.11633   0.19651   0.03612   0.10735   0.15118   4.46443   1.31592   0.96829   1.30074   0.61062  
 19 12.7824   2220.992311  x:  0.05194   0.19531   0.00000   0.02988   0.05272   0.07804   0.07093   0.09209   0.09156   0.05068   0.14397   0.02294   0.22360   0.21510   0.03645   0.05667   0.06578   0.05470   0.11802   0.19243   0.03649   0.10329   0.14975   4.48281   1.36999   0.96084   1.30156   0.61104  
 20 30.7327   2220.786534  x:  0.04731   0.20465   0.00000   0.02998   0.05263   0.07492   0.07060   0.09001   0.09111   0.04862   0.14647   0.02347   0.22012   0.21501   0.03728   0.05136   0.07243   0.05328   0.11536   0.19088   0.03592   0.10400   0.14287   4.49286   1.39263   0.96130   1.30845   0.61177  
 21 22.5637   2219.607759  x:  0.04344   0.21113   0.00000   0.03005   0.05681   0.05832   0.06974   0.09809   0.10592   0.04796   0.14600   0.02285   0.21706   0.21281   0.03492   0.06194   0.06610   0.05389   0.11837   0.19800   0.03691   0.11800   0.13636   4.54698   1.45109   1.00423   1.39359   0.62133  
 22 14.3161   2215.750318  x:  0.04888   0.21198   0.00000   0.02952   0.04696   0.09197   0.05532   0.08828   0.11047   0.04739   0.14708   0.02153   0.22028   0.20286   0.03510   0.04687   0.06962   0.05215   0.13318   0.21591   0.03529   0.12303   0.14516   4.73852   1.63702   1.16401   1.70047   0.65646  
 23 170.9308   2214.200306  x:  0.04610   0.20914   0.00000   0.02858   0.04644   0.07671   0.04967   0.09406   0.08272   0.04859   0.15204   0.02133   0.22985   0.20098   0.03617   0.04719   0.07141   0.05131   0.12752   0.20865   0.03460   0.10107   0.15957   4.80528   1.69401   1.21613   1.79957   0.66927  
 24 145.6443   2213.642827  x:  0.03932   0.20947   0.00000   0.02779   0.04444   0.07561   0.04751   0.08914   0.09116   0.04710   0.15989   0.02096   0.24593   0.20137   0.03773   0.04352   0.06417   0.05108   0.12505   0.18773   0.03374   0.10184   0.16398   4.82908   1.69434   1.21697   1.80464   0.67496  
 25 14.0958   2212.302170  x:  0.03579   0.21344   0.00000   0.02712   0.05375   0.08374   0.04180   0.09623   0.08826   0.05160   0.16694   0.01841   0.26580   0.19722   0.04111   0.05716   0.08293   0.04988   0.13300   0.17088   0.03462   0.11666   0.16660   4.88907   1.67540   1.19976   1.78644   0.69058  
 26 29.3028   2197.232037  x:  0.04257   0.24406   0.00000   0.02489   0.03870   0.07038   0.01320   0.09243   0.05013   0.02895   0.15926   0.01288   0.28678   0.16121   0.03793   0.04146   0.06065   0.04508   0.15613   0.20258   0.03802   0.17149   0.17252   5.46360   1.44583   0.98846   1.53404   0.84003  
 27 103.2846   2193.115526  x:  0.01923   0.25395   0.00000   0.02528   0.03924   0.06955   0.00764   0.09833   0.07431   0.02106   0.15347   0.01332   0.28294   0.15740   0.03690   0.04482   0.06980   0.04030   0.18107   0.22057   0.03776   0.14082   0.18613   5.63241   1.37711   0.92502   1.45808   0.88413  
 28 335.8209   2192.962979  x:  0.01750   0.25406   0.00000   0.02535   0.03924   0.06939   0.00966   0.09822   0.07391   0.01823   0.15307   0.01353   0.28257   0.15757   0.03666   0.04498   0.06975   0.03962   0.18506   0.22047   0.03801   0.14022   0.18666   5.63909   1.37446   0.92252   1.45516   0.88586  
 29 125.6384   2184.482229  x:  0.03117   0.29161   0.00000   0.02317   0.04071   0.06495   0.02284   0.11309   0.10312   0.04814   0.16074   0.01046   0.29968   0.11544   0.04732   0.04366   0.07206   0.04059   0.15978   0.27056   0.04052   0.13507   0.21730   6.19288   1.18543   0.77874   1.24504   0.97133  
 30  1.3032   2176.807162  x:  0.03865   0.32993   0.00000   0.02592   0.05038   0.06424   0.02390   0.12065   0.10577   0.04141   0.18746   0.01341   0.33110   0.04854   0.05632   0.04598   0.06376   0.03185   0.13866   0.30531   0.04316   0.12547   0.25341   7.32130   1.41407   1.01246   1.53466   1.03250  
 31  1.0680   2172.931437  x:  0.03281   0.33675   0.00000   0.02748   0.04813   0.07064   0.02172   0.11645   0.09174   0.03014   0.19106   0.01066   0.34411   0.00979   0.05881   0.04715   0.06172   0.02788   0.14549   0.30677   0.04532   0.12972   0.25568   8.01919   1.33884   0.93893   1.42476   1.06986  
 32  0.6707   2170.440149  x:  0.01309   0.30210   0.00000   0.02733   0.04457   0.07454   0.02036   0.10870   0.07873   0.02760   0.18570   0.00890   0.32749   0.02188   0.05856   0.04770   0.06457   0.03200   0.14732   0.28785   0.04765   0.12523   0.23635   8.17853   1.28205   0.87412   1.33591   1.04541  
 33  0.2610   2168.384238  x:  0.03044   0.25638   0.00000   0.02593   0.04188   0.07318   0.02113   0.10144   0.08296   0.02087   0.17395   0.00925   0.30189   0.01571   0.05768   0.04546   0.06752   0.03854   0.13759   0.26162   0.05082   0.12274   0.21047   8.57461   1.28531   0.85397   1.33419   1.01106  
 34  0.3178   2167.409859  x:  0.02402   0.23897   0.00000   0.02581   0.04422   0.07040   0.02407   0.10217   0.08715   0.03032   0.17248   0.01093   0.28642   0.00848   0.05781   0.04580   0.06840   0.03795   0.13556   0.25585   0.05132   0.11717   0.20520   8.89831   1.32496   0.88756   1.39219   0.99539  
 35  0.4557   2167.182331  x:  0.02283   0.23564   0.00000   0.02639   0.04650   0.06982   0.02449   0.10430   0.08934   0.03188   0.17537   0.01286   0.27871   0.01423   0.05740   0.04656   0.06578   0.03535   0.13819   0.25373   0.05056   0.12389   0.20558   8.89945   1.32906   0.89949   1.40465   0.98322  
 36  0.0337   2167.063815  x:  0.02055   0.24003   0.00000   0.02646   0.04701   0.06971   0.02442   0.10732   0.08927   0.03075   0.17993   0.01340   0.27399   0.01130   0.05841   0.04723   0.06478   0.03282   0.14037   0.25376   0.04978   0.12955   0.21035   9.04687   1.32074   0.89625   1.40055   0.98115  
 37  0.1356   2166.977960  x:  0.02265   0.24141   0.00000   0.02592   0.04512   0.07023   0.02463   0.10938   0.09063   0.02989   0.18021   0.01229   0.26808   0.01208   0.05857   0.04727   0.06816   0.03300   0.14032   0.25254   0.04785   0.12572   0.21421   9.26004   1.32053   0.89044   1.39800   0.97580  
 38  0.0917   2166.891483  x:  0.02193   0.24277   0.00000   0.02613   0.04685   0.07017   0.02459   0.10684   0.09033   0.02931   0.17970   0.01302   0.27020   0.01256   0.05820   0.04639   0.06482   0.03566   0.13679   0.25249   0.04801   0.12644   0.21579   9.61781   1.31683   0.88417   1.39252   0.97627  
 39  0.1419   2166.844038  x:  0.02177   0.24478   0.00000   0.02642   0.04635   0.07009   0.02473   0.10573   0.08938   0.03011   0.17855   0.01278   0.27507   0.01316   0.05753   0.04715   0.06597   0.03402   0.14108   0.25390   0.04874   0.12594   0.21562   9.84438   1.32229   0.89231   1.40033   0.98199  
 40  0.1471   2166.837219  x:  0.02220   0.24451   0.00000   0.02618   0.04601   0.07014   0.02473   0.10683   0.08955   0.03039   0.17898   0.01249   0.27572   0.01288   0.05800   0.04686   0.06622   0.03386   0.13932   0.25432   0.04907   0.12713   0.21405   9.90736   1.32274   0.89239   1.40129   0.98467  
 41  0.0463   2166.836086  x:  0.02224   0.24416   0.00000   0.02627   0.04635   0.07005   0.02463   0.10715   0.08954   0.03034   0.17903   0.01255   0.27550   0.01281   0.05818   0.04695   0.06606   0.03386   0.13967   0.25438   0.04906   0.12650   0.21325   9.92163   1.32207   0.89136   1.40051   0.98638  
 42  0.0118   2166.835822  x:  0.02213   0.24438   0.00000   0.02624   0.04619   0.07011   0.02452   0.10709   0.08962   0.03034   0.17919   0.01261   0.27542   0.01287   0.05825   0.04697   0.06602   0.03389   0.13967   0.25459   0.04894   0.12649   0.21308   9.91856   1.32253   0.89175   1.40072   0.98751  
 43  0.0019   2166.835723  x:  0.02218   0.24434   0.00000   0.02624   0.04628   0.07008   0.02442   0.10698   0.08963   0.03034   0.17921   0.01258   0.27527   0.01288   0.05820   0.04691   0.06611   0.03387   0.13969   0.25453   0.04891   0.12664   0.21312   9.91838   1.32244   0.89174   1.40071   0.98784  
 44  0.0003   2166.835688  x:  0.02219   0.24426   0.00000   0.02625   0.04624   0.07008   0.02437   0.10699   0.08962   0.03038   0.17917   0.01257   0.27524   0.01286   0.05816   0.04698   0.06607   0.03388   0.13966   0.25444   0.04895   0.12661   0.21322   9.92032   1.32249   0.89171   1.40082   0.98781  
 45  0.0011   2166.835681  x:  0.02218   0.24429   0.00000   0.02624   0.04625   0.07010   0.02435   0.10703   0.08962   0.03039   0.17917   0.01257   0.27530   0.01286   0.05817   0.04694   0.06607   0.03388   0.13966   0.25445   0.04896   0.12657   0.21325   9.92006   1.32250   0.89173   1.40078   0.98773  
 46  0.0002   2166.835679  x:  0.02218   0.24428   0.00000   0.02624   0.04625   0.07009   0.02434   0.10703   0.08962   0.03039   0.17916   0.01258   0.27531   0.01286   0.05818   0.04695   0.06607   0.03388   0.13967   0.25445   0.04895   0.12658   0.21323   9.91968   1.32245   0.89172   1.40072   0.98760  
 47  0.0002   2166.835679  x:  0.02218   0.24428   0.00000   0.02624   0.04625   0.07009   0.02434   0.10703   0.08962   0.03039   0.17916   0.01258   0.27531   0.01286   0.05818   0.04695   0.06607   0.03388   0.13967   0.25446   0.04895   0.12658   0.21322   9.91983   1.32248   0.89172   1.40076   0.98756  
 48  0.0001   2166.835679  x:  0.02218   0.24428   0.00000   0.02624   0.04625   0.07009   0.02434   0.10702   0.08962   0.03039   0.17916   0.01258   0.27531   0.01286   0.05818   0.04695   0.06607   0.03388   0.13967   0.25446   0.04895   0.12658   0.21322   9.91984   1.32247   0.89172   1.40076   0.98756  
 49  0.0000   2166.835679  x:  0.02218   0.24428   0.00000   0.02624   0.04625   0.07009   0.02434   0.10702   0.08962   0.03039   0.17916   0.01258   0.27531   0.01286   0.05818   0.04695   0.06607   0.03388   0.13967   0.25446   0.04895   0.12658   0.21322   9.91983   1.32247   0.89172   1.40076   0.98756  
 50  0.0000   2166.835679  x:  0.02218   0.24428   0.00000   0.02624   0.04625   0.07009   0.02434   0.10702   0.08962   0.03039   0.17916   0.01258   0.27531   0.01286   0.05818   0.04695   0.06607   0.03388   0.13967   0.25446   0.04895   0.12658   0.21322   9.91984   1.32247   0.89172   1.40076   0.98756  

TREE # 2

  0  0.0000   2266.369637  x:  0.11190   0.03519   0.13007   0.05539   0.04543   0.00000   0.10640   0.04364   0.07162   0.05282   0.04777   0.08186   0.06903   0.14088   0.04115   0.02158   0.03349   0.04853   0.04859   0.05247   0.08558   0.05838   0.05699   9.91984   1.23096   0.86783   1.28668   0.98756  
  1 99.0000   2213.496786  x:  0.14626   0.02173   0.13488   0.17159   0.06551   0.29831   0.15529   0.07738   0.10860   0.05095   0.06120   0.06010   0.05339   0.15685   0.18926   0.03588   0.00000   0.08039   0.03459   0.09042   0.06853   0.06540   0.03520   9.91980   1.23287   0.86575   1.28823   0.98715  
  2 1463.1430   2198.778329  x:  0.17822   0.00960   0.13209   0.21652   0.05522   0.26150   0.19952   0.06749   0.13298   0.04440   0.06838   0.02513   0.02188   0.16740   0.21993   0.02575   0.00000   0.09200   0.01652   0.10722   0.04280   0.07128   0.00986   9.91978   1.23466   0.86415   1.29123   0.98674  
  3 222.5307   2193.760803  x:  0.19989   0.00915   0.13083   0.24981   0.04657   0.23652   0.22965   0.05940   0.14752   0.04218   0.07210   0.01633   0.00803   0.17553   0.24421   0.02706   0.00000   0.09837   0.02214   0.11730   0.03355   0.07449   0.03539   9.91977   1.23623   0.86274   1.29378   0.98645  
  4 400.9452   2187.779671  x:  0.23267   0.01521   0.12963   0.30508   0.03224   0.19533   0.27631   0.04549   0.16651   0.04314   0.07569   0.04602   0.02530   0.18968   0.28710   0.03403   0.00000   0.10525   0.03145   0.12965   0.03513   0.07644   0.03772   9.91976   1.23921   0.86025   1.29862   0.98594  
  5 357.1272   2186.224137  x:  0.23523   0.01087   0.12791   0.32866   0.03855   0.18014   0.28585   0.04181   0.16047   0.05024   0.06636   0.04056   0.02459   0.18986   0.30935   0.03562   0.00000   0.09764   0.03252   0.12219   0.06268   0.07001   0.03669   9.91980   1.24093   0.85938   1.30256   0.98559  
  6 94.9337   2185.249037  x:  0.22569   0.01681   0.12666   0.35071   0.03942   0.16734   0.28243   0.04577   0.14142   0.04991   0.06033   0.04075   0.02580   0.18438   0.33584   0.03165   0.00000   0.08668   0.02711   0.10540   0.05432   0.06559   0.03832   9.91993   1.24357   0.85870   1.30918   0.98511  
  7 54.0429   2184.926372  x:  0.21770   0.01243   0.12494   0.35915   0.03853   0.16075   0.27608   0.04743   0.13396   0.04881   0.06435   0.04065   0.02415   0.17962   0.34872   0.03585   0.00000   0.08740   0.03398   0.10237   0.05164   0.06789   0.03585   9.92002   1.24548   0.85857   1.31365   0.98473  
  8 49.5940   2184.704078  x:  0.20862   0.01549   0.12419   0.36496   0.03843   0.15411   0.26470   0.04857   0.13365   0.04876   0.06865   0.03981   0.02509   0.17483   0.36156   0.03337   0.00000   0.09395   0.03082   0.10800   0.05443   0.07120   0.03677   9.92018   1.24853   0.85873   1.32024   0.98425  
  9 29.6714   2184.626982  x:  0.20623   0.01501   0.12378   0.36539   0.03929   0.15133   0.25814   0.04943   0.13873   0.04888   0.06448   0.04040   0.02458   0.17341   0.36759   0.03500   0.00000   0.09380   0.03087   0.11119   0.05290   0.06841   0.03666   9.92033   1.25118   0.85943   1.32547   0.98387  
 10 16.7339   2184.591533  x:  0.20767   0.01533   0.12387   0.36359   0.03918   0.15057   0.25493   0.04954   0.14194   0.04864   0.06550   0.04008   0.02456   0.17408   0.37131   0.03280   0.00000   0.09118   0.03259   0.11022   0.05305   0.06888   0.03629   9.92051   1.25431   0.86080   1.33117   0.98348  
 11  9.6475   2184.552339  x:  0.21049   0.01524   0.12395   0.36020   0.03906   0.14972   0.25257   0.04960   0.14344   0.04855   0.06712   0.04008   0.02423   0.17537   0.37532   0.03517   0.00000   0.09002   0.03058   0.10815   0.05343   0.07007   0.03656   9.92080   1.25931   0.86327   1.33985   0.98289  
 12 15.5348   2184.466472  x:  0.21622   0.01426   0.12387   0.35161   0.04014   0.14852   0.25253   0.05023   0.13967   0.04893   0.06518   0.04088   0.02331   0.17777   0.38242   0.03356   0.00000   0.09510   0.03103   0.10726   0.05312   0.06948   0.03654   9.92166   1.27334   0.87101   1.36282   0.98134  
 13 17.2048   2184.415480  x:  0.21559   0.01712   0.12400   0.34850   0.03943   0.14845   0.25568   0.04977   0.13758   0.04821   0.06530   0.03882   0.02405   0.17732   0.38391   0.03496   0.00000   0.09367   0.03216   0.11025   0.05313   0.06837   0.03575   9.92230   1.28341   0.87721   1.37734   0.98041  
 14 17.2611   2184.348380  x:  0.21180   0.01498   0.12326   0.34689   0.03913   0.14876   0.26112   0.04909   0.13705   0.04845   0.06624   0.04040   0.02352   0.17494   0.38351   0.03396   0.00000   0.09026   0.03067   0.11332   0.05308   0.06847   0.03644   9.92324   1.29754   0.88643   1.39600   0.97918  
 15 29.8775   2184.276523  x:  0.20694   0.01657   0.12315   0.35041   0.04072   0.14915   0.26531   0.04870   0.14117   0.04940   0.06505   0.04022   0.02359   0.17254   0.37874   0.03423   0.00000   0.09230   0.03140   0.10917   0.05264   0.07095   0.03606   9.92443   1.31427   0.89796   1.41452   0.97798  
 16 19.1739   2184.235865  x:  0.20655   0.01557   0.12314   0.35484   0.03777   0.14969   0.26431   0.04850   0.14211   0.04765   0.06562   0.03956   0.02456   0.17256   0.37460   0.03391   0.00000   0.09375   0.03106   0.10725   0.05329   0.06827   0.03628   9.92522   1.32402   0.90497   1.42290   0.97743  
 17 16.1380   2184.173599  x:  0.21042   0.01592   0.12343   0.36433   0.03909   0.14981   0.25887   0.04871   0.13992   0.04895   0.06667   0.04057   0.02300   0.17452   0.36665   0.03411   0.00000   0.09280   0.03117   0.10916   0.05286   0.06764   0.03588   9.92664   1.33952   0.91600   1.43266   0.97679  
 18 15.6845   2184.157559  x:  0.21148   0.01493   0.12332   0.36608   0.03884   0.14971   0.25767   0.04892   0.13924   0.04858   0.06528   0.03970   0.02455   0.17493   0.36538   0.03409   0.00000   0.09225   0.03107   0.10997   0.05264   0.06966   0.03611   9.92708   1.34321   0.91844   1.43388   0.97676  
 19 10.0858   2184.084190  x:  0.21302   0.01653   0.12245   0.36476   0.03605   0.14829   0.25782   0.05027   0.13914   0.04669   0.06310   0.04123   0.02138   0.17251   0.36801   0.03404   0.00000   0.09193   0.03110   0.11018   0.05410   0.07180   0.03532   9.92979   1.35548   0.92407   1.42704   0.97813  
 20  2.7683   2183.803346  x:  0.21673   0.01620   0.11971   0.35778   0.04037   0.14089   0.26048   0.05042   0.14078   0.04818   0.06628   0.03916   0.02419   0.16608   0.38016   0.03382   0.00000   0.09291   0.03070   0.10988   0.05208   0.06883   0.03534   9.94065   1.40007   0.94336   1.39890   0.98381  
 21 31.4527   2183.567007  x:  0.20791   0.01498   0.12709   0.35613   0.03790   0.13628   0.26168   0.04396   0.14074   0.05155   0.06530   0.03910   0.02172   0.18298   0.38632   0.03359   0.00000   0.09322   0.03043   0.11011   0.05067   0.06959   0.03430   9.95022   1.41538   0.94705   1.38925   0.98880  
 22  8.2367   2183.247636  x:  0.20255   0.01376   0.13027   0.35738   0.04386   0.12779   0.26572   0.05451   0.14236   0.04281   0.06702   0.03969   0.02066   0.19754   0.38929   0.03361   0.00000   0.09319   0.03006   0.11147   0.05162   0.06931   0.03381   9.96341   1.42272   0.94577   1.38527   0.99510  
 23 15.8598   2181.798251  x:  0.20626   0.01276   0.11965   0.36839   0.03339   0.09739   0.27596   0.08120   0.14778   0.06160   0.06995   0.03442   0.02087   0.20874   0.39436   0.03337   0.00000   0.09426   0.02919   0.11441   0.04852   0.06898   0.02998  10.02624   1.42304   0.92787   1.38842   1.02316  
 24 20.8472   2176.938370  x:  0.23054   0.01158   0.10071   0.40195   0.04082   0.02537   0.29271   0.06460   0.15563   0.04926   0.07052   0.03102   0.01557   0.20412   0.40796   0.03103   0.00000   0.09812   0.02472   0.11929   0.03952   0.07161   0.01988  10.19410   1.40778   0.88082   1.40444   1.09455  
 25 112.7898   2176.660923  x:  0.23448   0.00939   0.11897   0.40412   0.04056   0.01917   0.29446   0.06745   0.15639   0.05004   0.07089   0.03061   0.01567   0.19729   0.40972   0.03101   0.00000   0.09837   0.02454   0.11998   0.03903   0.07168   0.01933  10.20593   1.40307   0.88286   1.40523   1.09538  
 26 27.3939   2176.485828  x:  0.23387   0.01011   0.11570   0.40279   0.04078   0.01524   0.29521   0.06821   0.15728   0.05036   0.07107   0.03049   0.01528   0.20050   0.41432   0.03103   0.00000   0.09856   0.02438   0.12043   0.03879   0.07186   0.01898  10.21312   1.38380   0.91154   1.40189   1.07114  
 27  6.9445   2176.244918  x:  0.23404   0.01030   0.11506   0.40293   0.04044   0.01434   0.29659   0.06757   0.15741   0.05027   0.07102   0.03017   0.01520   0.20063   0.40991   0.03076   0.00000   0.09851   0.02409   0.12029   0.03864   0.07177   0.01864  10.22163   1.38741   0.89491   1.39736   0.98925  
 28  3.9666   2171.935260  x:  0.24567   0.00752   0.13356   0.35813   0.04673   0.04120   0.30322   0.04976   0.15713   0.04267   0.06907   0.02952   0.01664   0.17925   0.29967   0.02842   0.00000   0.09642   0.02173   0.11686   0.04172   0.07264   0.01886  10.31543   1.27187   0.91384   1.39699   0.93225  
 29  0.3563   2168.114581  x:  0.23589   0.00907   0.12334   0.30340   0.05569   0.01414   0.28432   0.05124   0.14921   0.04176   0.06654   0.02851   0.01907   0.17418   0.22886   0.02691   0.00000   0.09286   0.02164   0.11052   0.04756   0.07158   0.02135  10.37329   1.29774   0.85889   1.40482   1.02852  
 30  0.1723   2167.010237  x:  0.21827   0.01260   0.12413   0.26710   0.05499   0.01097   0.26031   0.06281   0.14129   0.04737   0.06576   0.03128   0.02036   0.17775   0.25010   0.02935   0.00000   0.08985   0.02561   0.10690   0.04695   0.07031   0.02415  10.24608   1.31991   0.88164   1.40106   1.00785  
 31  0.2091   2166.871382  x:  0.21295   0.01269   0.12590   0.27592   0.05065   0.01437   0.25397   0.06068   0.13928   0.04719   0.06589   0.03302   0.02143   0.17887   0.24325   0.03044   0.00000   0.08933   0.02642   0.10674   0.04585   0.07001   0.02468  10.13015   1.32727   0.89307   1.40186   0.99050  
 32  0.1619   2166.844617  x:  0.21224   0.01258   0.12601   0.27760   0.04937   0.01249   0.25325   0.05844   0.13919   0.04658   0.06601   0.03368   0.02183   0.17896   0.24462   0.03054   0.00000   0.08947   0.02636   0.10694   0.04596   0.07003   0.02477  10.06137   1.32601   0.89281   1.40156   0.98788  
 33  0.1280   2166.837280  x:  0.21314   0.01254   0.12668   0.27467   0.04867   0.01303   0.25457   0.05770   0.13970   0.04684   0.06612   0.03388   0.02211   0.17920   0.24443   0.03041   0.00000   0.08969   0.02632   0.10709   0.04626   0.07011   0.02452   9.98272   1.32188   0.89196   1.40071   0.98747  
 34  0.0811   2166.835911  x:  0.21341   0.01258   0.12672   0.27533   0.04880   0.01279   0.25463   0.05827   0.13976   0.04708   0.06611   0.03389   0.02221   0.17927   0.24404   0.03037   0.00000   0.08966   0.02625   0.10705   0.04629   0.07011   0.02435   9.93824   1.32191   0.89160   1.40070   0.98784  
 35  0.0421   2166.835693  x:  0.21327   0.01259   0.12661   0.27533   0.04894   0.01286   0.25448   0.05818   0.13967   0.04697   0.06607   0.03389   0.02221   0.17917   0.24440   0.03038   0.00000   0.08961   0.02624   0.10701   0.04625   0.07009   0.02432   9.92269   1.32262   0.89172   1.40082   0.98777  
 36  0.0160   2166.835680  x:  0.21322   0.01257   0.12659   0.27529   0.04896   0.01286   0.25445   0.05818   0.13966   0.04695   0.06607   0.03389   0.02219   0.17917   0.24427   0.03039   0.00000   0.08962   0.02624   0.10702   0.04625   0.07009   0.02433   9.92054   1.32252   0.89172   1.40077   0.98755  
 37  0.0023   2166.835679  x:  0.21322   0.01258   0.12658   0.27532   0.04895   0.01286   0.25446   0.05818   0.13967   0.04695   0.06607   0.03388   0.02219   0.17916   0.24428   0.03039   0.00000   0.08962   0.02624   0.10703   0.04625   0.07009   0.02434   9.91999   1.32244   0.89171   1.40075   0.98755  
 38  0.0005   2166.835679  x:  0.21322   0.01258   0.12658   0.27531   0.04895   0.01286   0.25446   0.05818   0.13967   0.04695   0.06607   0.03388   0.02218   0.17916   0.24428   0.03039   0.00000   0.08962   0.02624   0.10702   0.04625   0.07009   0.02434   9.91985   1.32247   0.89172   1.40076   0.98756  
 39  0.0001   2166.835679  x:  0.21322   0.01258   0.12658   0.27531   0.04895   0.01286   0.25446   0.05818   0.13967   0.04695   0.06607   0.03388   0.02218   0.17916   0.24428   0.03039   0.00000   0.08962   0.02624   0.10702   0.04625   0.07009   0.02434   9.91984   1.32247   0.89172   1.40076   0.98756  
 40  0.0000   2166.835679  x:  0.21322   0.01258   0.12658   0.27531   0.04895   0.01286   0.25446   0.05818   0.13967   0.04695   0.06607   0.03388   0.02218   0.17916   0.24428   0.03039   0.00000   0.08962   0.02624   0.10702   0.04625   0.07009   0.02434   9.91984   1.32247   0.89172   1.40076   0.98756  