

TREE # 1

  0  0.0000   2385.368985  x:  0.03620   0.00961   0.09620   0.00000   0.10370   0.04942   0.08479   0.09995   0.12234   0.06162   0.07667   0.07730   0.01968   0.06011   0.01880   0.09131   0.06184   0.04453   0.05757   0.05169   0.09958   0.05397   0.08479   0.05482   2.00000   1.86510   1.41371   1.65843   0.40000  
  1 99.0000   2336.485174  x:  0.09275   0.00000   0.13088   0.45788   0.09082   0.01833   0.22099   0.08439   0.12127   0.18958   0.07150   0.10242   0.00646   0.16819   0.02662   0.08671   0.01982   0.07194   0.01552   0.05556   0.09809   0.04620   0.15336   0.11137   2.01333   1.86563   1.41036   1.66062   0.44727  
  2 1576.4318   2325.757027  x:  0.09423   0.00660   0.14664   0.44460   0.07607   0.00636   0.24612   0.06701   0.11554   0.20263   0.05210   0.10797   0.01664   0.17982   0.02090   0.08265   0.00190   0.07106   0.00547   0.05629   0.09920   0.04150   0.16714   0.11285   2.02392   1.86558   1.40955   1.66122   0.47284  
  3 256.3211   2315.823255  x:  0.09594   0.00958   0.16396   0.43129   0.05929   0.00000   0.27422   0.04817   0.10935   0.21790   0.02957   0.11364   0.02270   0.19281   0.01622   0.07888   0.00887   0.07031   0.00826   0.05781   0.10048   0.03693   0.18211   0.11456   2.03608   1.86554   1.40860   1.66192   0.50139  
  4 1103.7294   2305.502221  x:  0.09812   0.01258   0.18637   0.41417   0.03756   0.00852   0.31075   0.02470   0.10147   0.23792   0.00000   0.12083   0.02950   0.20963   0.01114   0.07404   0.01344   0.06939   0.01086   0.05957   0.10214   0.03141   0.20137   0.11674   2.05206   1.86549   1.40736   1.66283   0.53855  
  5 5161.7797   2298.357010  x:  0.09877   0.00000   0.20488   0.39698   0.02132   0.00792   0.34054   0.02632   0.09584   0.25711   0.00000   0.12348   0.01697   0.22210   0.03139   0.07274   0.00980   0.06947   0.01385   0.05925   0.10385   0.03643   0.21430   0.11739   2.06958   1.86541   1.40622   1.66382   0.57152  
  6 427.6191   2294.689759  x:  0.09924   0.00000   0.21766   0.38307   0.02150   0.00765   0.36297   0.04226   0.09467   0.27452   0.00000   0.12374   0.00000   0.23068   0.02278   0.07339   0.01193   0.07036   0.00543   0.05809   0.10410   0.03850   0.22147   0.11786   2.08844   1.86531   1.40523   1.66483   0.59893  
  7 310.3513   2292.497127  x:  0.09962   0.00000   0.22735   0.37219   0.02767   0.00698   0.38208   0.06184   0.09621   0.29168   0.00000   0.12219   0.00056   0.23801   0.01335   0.07549   0.00698   0.07179   0.01579   0.05624   0.10385   0.04140   0.22599   0.11824   2.10931   1.86521   1.40423   1.66595   0.62437  
  8 377.7194   2291.181767  x:  0.09974   0.00000   0.23195   0.36467   0.03439   0.00768   0.39465   0.07489   0.09997   0.30486   0.00000   0.11940   0.01329   0.24255   0.01520   0.07862   0.01081   0.07305   0.01056   0.05513   0.10340   0.04333   0.22700   0.11836   2.12950   1.86514   1.40342   1.66699   0.64404  
  9 272.3903   2286.669323  x:  0.09981   0.00000   0.21978   0.34863   0.05489   0.00532   0.41828   0.05236   0.12889   0.34237   0.00000   0.10296   0.01086   0.24378   0.01879   0.08996   0.00460   0.07463   0.00851   0.05796   0.09852   0.02383   0.20665   0.11843   2.23571   1.86485   1.40109   1.67123   0.71062  
 10 110.6444   2284.769806  x:  0.10015   0.00000   0.21081   0.34387   0.05674   0.00427   0.42547   0.03855   0.13490   0.35569   0.00000   0.10091   0.01121   0.24219   0.01344   0.08928   0.00225   0.07395   0.00633   0.05837   0.09808   0.04359   0.19592   0.11877   2.29792   1.86471   1.40010   1.67356   0.74185  
 11 237.4629   2279.289733  x:  0.10244   0.00000   0.17862   0.34812   0.03305   0.00330   0.41704   0.04841   0.10553   0.35526   0.00000   0.13182   0.01743   0.22426   0.00837   0.06340   0.00095   0.06618   0.00457   0.05379   0.10378   0.03170   0.17298   0.12106   2.51529   1.86425   1.39892   1.68081   0.81012  
 12 136.3218   2276.990628  x:  0.10325   0.00000   0.16483   0.35478   0.03711   0.00362   0.40359   0.04971   0.09459   0.34483   0.03712   0.14373   0.01747   0.21183   0.01028   0.06279   0.00189   0.06674   0.00524   0.05232   0.10474   0.03188   0.16558   0.12187   2.66409   1.86408   1.39846   1.68571   0.84546  
 13 358.7068   2266.565404  x:  0.10325   0.00000   0.13590   0.38099   0.06599   0.00561   0.34555   0.04967   0.07582   0.28819   0.00753   0.16281   0.01282   0.17809   0.02019   0.08878   0.00632   0.07717   0.00920   0.05826   0.10434   0.04207   0.17122   0.12187   3.18557   1.86467   1.39701   1.70245   0.94413  
 14 413.5463   2257.512255  x:  0.09456   0.00000   0.19977   0.40206   0.03002   0.00583   0.28569   0.06182   0.12422   0.22364   0.00245   0.12676   0.01390   0.18356   0.01327   0.07744   0.00820   0.06745   0.00932   0.05482   0.10009   0.04305   0.20189   0.11318   3.66684   1.86729   1.39587   1.71845   0.97753  
 15 327.7707   2250.636081  x:  0.10318   0.00000   0.22971   0.37435   0.04006   0.00564   0.29883   0.05186   0.07612   0.24691   0.00277   0.09355   0.01207   0.25051   0.01374   0.07220   0.00642   0.09130   0.00844   0.07086   0.11311   0.03860   0.22211   0.12180   4.04600   1.87429   1.39466   1.73309   0.86704  
 16 122.6047   2245.857429  x:  0.10459   0.00000   0.23413   0.35659   0.04335   0.00561   0.32763   0.04806   0.08611   0.26967   0.00000   0.11601   0.00999   0.27513   0.01615   0.07662   0.00709   0.07595   0.00899   0.05167   0.11016   0.03905   0.22860   0.12321   4.25095   1.87883   1.39443   1.74114   0.78561  
 17 263.1153   2244.500280  x:  0.10008   0.00000   0.22527   0.35083   0.03015   0.00564   0.35318   0.05431   0.09860   0.28217   0.00030   0.11770   0.01106   0.26731   0.01444   0.07918   0.00712   0.07361   0.00934   0.07757   0.10287   0.04044   0.22924   0.11870   4.33317   1.88127   1.39470   1.74441   0.74582  
 18 122.6354   2244.273982  x:  0.09937   0.00000   0.22420   0.35075   0.02850   0.00564   0.35726   0.05451   0.09868   0.28366   0.00000   0.11422   0.01125   0.26258   0.01415   0.07818   0.00734   0.07539   0.00935   0.07523   0.10283   0.04044   0.22908   0.11799   4.34030   1.88166   1.39479   1.74469   0.74212  
 19 43.5236   2244.273982  x:  0.09937   0.00000   0.22420   0.35075   0.02850   0.00564   0.35726   0.05451   0.09868   0.28366   0.00000   0.11422   0.01125   0.26258   0.01415   0.07818   0.00734   0.07539   0.00935   0.07523   0.10283   0.04044   0.22908   0.11799   4.34030   1.88166   1.39479   1.74469   0.74212  
 20 16.3812   2240.801716  x:  0.09664   0.00000   0.22396   0.32417   0.02532   0.02591   0.35747   0.04835   0.09983   0.28235   0.01223   0.11432   0.00363   0.25604   0.02855   0.07868   0.01858   0.07238   0.02039   0.06771   0.10343   0.04026   0.22521   0.11526   4.34200   1.88172   1.39478   1.74474   0.74641  
 21 208.8389   2225.378684  x:  0.08314   0.00000   0.21905   0.16764   0.01603   0.03726   0.35807   0.01488   0.10319   0.27519   0.00643   0.11502   0.01433   0.22080   0.04829   0.07707   0.00742   0.05876   0.00658   0.03050   0.10508   0.03597   0.20541   0.10176   4.35199   1.88206   1.39472   1.74492   0.77152  
 22 260.1700   2212.206676  x:  0.07452   0.00000   0.21467   0.02803   0.02830   0.03206   0.35897   0.01885   0.10419   0.26945   0.00245   0.11560   0.01760   0.19199   0.04946   0.07531   0.01070   0.05283   0.01682   0.02507   0.10579   0.03379   0.18952   0.09314   4.36103   1.88244   1.39432   1.74536   0.79355  
 23 885.8725   2211.251663  x:  0.07382   0.00000   0.21422   0.01449   0.02953   0.03108   0.35906   0.01920   0.10422   0.26884   0.00559   0.11566   0.01799   0.18923   0.04915   0.07513   0.01031   0.05250   0.01621   0.02542   0.10583   0.03368   0.18801   0.09244   4.36196   1.88249   1.39427   1.74542   0.79580  
 24 1597.7384   2211.028342  x:  0.07393   0.00000   0.21385   0.01144   0.03030   0.03282   0.35912   0.01917   0.10411   0.26825   0.00461   0.11570   0.01641   0.18767   0.04967   0.07521   0.01075   0.05316   0.01314   0.02841   0.10585   0.03418   0.18717   0.09255   4.36276   1.88255   1.39414   1.74552   0.79768  
 25 88.6350   2210.761680  x:  0.07400   0.00000   0.21167   0.01182   0.03542   0.03468   0.35950   0.02030   0.10337   0.26543   0.00466   0.11591   0.01365   0.17910   0.04886   0.07524   0.00848   0.05506   0.01163   0.02655   0.10581   0.03530   0.18264   0.09262   4.36721   1.88289   1.39351   1.74602   0.80798  
 26 38.9094   2210.405012  x:  0.07433   0.00000   0.20798   0.01340   0.03701   0.03373   0.36016   0.01692   0.10193   0.26068   0.00510   0.11625   0.01416   0.16570   0.04588   0.07535   0.01210   0.05693   0.01139   0.02764   0.10563   0.03627   0.17566   0.09295   4.37529   1.88354   1.39234   1.74696   0.82636  
 27 107.9556   2210.130527  x:  0.07513   0.00000   0.20529   0.01426   0.03212   0.03512   0.36089   0.01859   0.10055   0.25683   0.00520   0.11647   0.01560   0.15759   0.04470   0.07578   0.00947   0.05691   0.01336   0.03064   0.10538   0.03652   0.17143   0.09375   4.38308   1.88419   1.39116   1.74794   0.84330  
 28 101.0395   2209.946054  x:  0.07631   0.00000   0.20400   0.01436   0.02938   0.03551   0.36152   0.02255   0.09996   0.25437   0.00526   0.11652   0.01610   0.15712   0.04382   0.07648   0.01170   0.05584   0.01130   0.02877   0.10502   0.03630   0.17107   0.09493   4.39078   1.88486   1.38992   1.74899   0.85863  
 29 64.7081   2208.800210  x:  0.08394   0.00000   0.19940   0.01278   0.03106   0.03463   0.36463   0.01867   0.10107   0.24150   0.00518   0.11629   0.01088   0.17602   0.04099   0.08092   0.01058   0.05042   0.01330   0.02826   0.10258   0.03556   0.17979   0.10256   4.44781   1.89001   1.38070   1.75701   0.96637  
 30 108.6488   2208.414850  x:  0.08021   0.00000   0.20062   0.01313   0.03468   0.03647   0.36525   0.01963   0.10232   0.24130   0.00535   0.11600   0.01883   0.18295   0.04529   0.07932   0.01077   0.05582   0.01339   0.02960   0.10330   0.03589   0.18368   0.09883   4.47123   1.89210   1.37757   1.76000   1.00487  
 31 117.0302   2208.150572  x:  0.07329   0.00000   0.20479   0.01376   0.03207   0.03277   0.36492   0.02028   0.10262   0.24760   0.00543   0.11572   0.01396   0.18522   0.04688   0.07515   0.01086   0.05924   0.01315   0.02990   0.10524   0.03549   0.18573   0.09191   4.49011   1.89373   1.37613   1.76189   1.02738  
 32 60.4382   2208.090181  x:  0.07302   0.00309   0.20561   0.01386   0.03213   0.03268   0.36473   0.02033   0.10263   0.24905   0.00545   0.11573   0.01384   0.18512   0.04693   0.07483   0.01086   0.05879   0.01308   0.03003   0.10551   0.03547   0.18586   0.09164   4.49289   1.89396   1.37607   1.76210   1.02938  
 33 53.0470   2207.873769  x:  0.07329   0.00224   0.21276   0.01464   0.03395   0.03364   0.36237   0.02055   0.10244   0.26470   0.00559   0.11342   0.01474   0.18282   0.04639   0.07355   0.01082   0.05224   0.01241   0.03129   0.10771   0.03547   0.18660   0.09191   4.51980   1.89627   1.37626   1.76368   1.04302  
 34 35.1688   2207.655990  x:  0.07815   0.00203   0.21867   0.01376   0.03252   0.03498   0.35953   0.01982   0.10168   0.28000   0.00545   0.11205   0.01477   0.18136   0.04387   0.07571   0.01071   0.05820   0.01282   0.03002   0.10801   0.03642   0.18728   0.09677   4.55244   1.89906   1.37729   1.76522   1.05225  
 35 56.8911   2206.871910  x:  0.07673   0.00162   0.21164   0.01483   0.03362   0.03294   0.35233   0.02081   0.10268   0.29200   0.00573   0.12271   0.01383   0.18360   0.04720   0.08848   0.01062   0.05921   0.01210   0.03175   0.09349   0.02733   0.18318   0.09535   4.69984   1.91092   1.38762   1.76937   1.05490  
 36 33.2775   2205.747517  x:  0.07509   0.00129   0.19902   0.01566   0.03283   0.02966   0.34300   0.02214   0.10361   0.30126   0.00605   0.13408   0.01307   0.18938   0.04975   0.09611   0.01086   0.05731   0.01215   0.03273   0.08182   0.04606   0.17912   0.09371   4.94432   1.93041   1.40492   1.77634   1.05446  
 37 368.3101   2200.427749  x:  0.08249   0.00169   0.16084   0.01798   0.03387   0.03872   0.32121   0.02343   0.10329   0.28967   0.00710   0.13483   0.00996   0.20811   0.03195   0.06757   0.01150   0.06148   0.01145   0.03632   0.12159   0.03787   0.18273   0.10111   6.02537   2.01498   1.47981   1.80933   1.03440  
 38 410.3091   2197.107196  x:  0.08808   0.00214   0.20268   0.02087   0.03574   0.02561   0.33925   0.02614   0.09785   0.25103   0.00744   0.10075   0.00602   0.20106   0.04627   0.07835   0.01162   0.06347   0.01052   0.03981   0.12068   0.03816   0.19801   0.10670   6.68794   2.06339   1.51837   1.83589   1.01692  
 39 422.1539   2196.405591  x:  0.08505   0.00129   0.21979   0.02087   0.03562   0.03442   0.35453   0.02471   0.09891   0.24246   0.00743   0.10598   0.00662   0.20032   0.03083   0.07417   0.01159   0.06340   0.01047   0.03956   0.11036   0.03874   0.20307   0.10367   6.82414   2.07084   1.52078   1.84582   1.01317  
 40 176.4023   2196.154066  x:  0.08828   0.00017   0.22339   0.02106   0.03609   0.03161   0.37333   0.02484   0.09907   0.24356   0.00744   0.11848   0.00636   0.19933   0.03530   0.06996   0.01156   0.06347   0.01034   0.03986   0.11321   0.03846   0.20297   0.10690   6.87718   2.06905   1.51187   1.85763   1.01119  
 41 41.9168   2195.922047  x:  0.08594   0.00058   0.21672   0.02108   0.03636   0.03275   0.39405   0.02431   0.09769   0.24822   0.00750   0.11473   0.00638   0.20106   0.03248   0.07808   0.01145   0.06339   0.01027   0.04001   0.11822   0.03915   0.20042   0.10456   6.92481   2.06112   1.49264   1.87709   1.00590  
 42 31.9734   2195.770514  x:  0.08702   0.00106   0.21088   0.02098   0.03647   0.03251   0.39986   0.02422   0.09682   0.25072   0.00753   0.10728   0.00633   0.20148   0.03358   0.07191   0.01146   0.06361   0.01025   0.03999   0.11104   0.03836   0.19893   0.10564   6.95494   2.05184   1.47429   1.89381   1.00155  
 43 29.9943   2195.446043  x:  0.08653   0.00045   0.21446   0.02095   0.03606   0.03196   0.37789   0.02483   0.09834   0.24470   0.00754   0.11088   0.00607   0.19735   0.03289   0.07323   0.01152   0.06327   0.01033   0.03994   0.11253   0.03855   0.20327   0.10515   7.02208   2.01850   1.41875   1.93975   0.99262  
 44 21.2055   2195.423205  x:  0.08653   0.00033   0.21652   0.02093   0.03628   0.03202   0.37671   0.02471   0.09474   0.24413   0.00754   0.11117   0.00622   0.19997   0.03278   0.07292   0.01151   0.06326   0.01037   0.03996   0.11290   0.03844   0.19849   0.10515   7.02693   2.01207   1.41648   1.93944   0.99257  
 45  4.4372   2195.372935  x:  0.08709   0.00025   0.21873   0.02114   0.03600   0.03154   0.37653   0.02521   0.10083   0.24389   0.00759   0.11039   0.00621   0.20244   0.03242   0.07281   0.01158   0.06350   0.01039   0.04022   0.11346   0.03842   0.19235   0.10571   7.03768   1.99205   1.41392   1.93273   0.99297  
 46  6.6457   2195.097809  x:  0.08766   0.00022   0.21646   0.02121   0.03698   0.03043   0.37934   0.02578   0.09778   0.24649   0.00780   0.11123   0.00636   0.20054   0.03159   0.07342   0.01179   0.06401   0.01083   0.04088   0.11251   0.03871   0.20077   0.10628   7.09414   1.88064   1.40240   1.88523   0.99541  
 47 18.8794   2194.626311  x:  0.08861   0.00022   0.21663   0.02109   0.03834   0.02760   0.38104   0.02739   0.09797   0.24928   0.00824   0.11160   0.00681   0.20139   0.02966   0.07386   0.01220   0.06473   0.01174   0.04201   0.11140   0.03883   0.20069   0.10723   7.18614   1.81354   1.29260   1.74303   0.99280  
 48  6.1184   2193.367020  x:  0.09031   0.00000   0.21714   0.02042   0.04185   0.01962   0.37581   0.03148   0.09779   0.25643   0.00927   0.11356   0.00820   0.20176   0.02457   0.07522   0.01314   0.06632   0.01417   0.04472   0.10777   0.03918   0.20152   0.10893   7.31996   1.87932   1.33885   1.80178   1.00360  
 49  0.9673   2193.367020  x:  0.09031   0.00000   0.21714   0.02042   0.04185   0.01962   0.37581   0.03148   0.09779   0.25643   0.00927   0.11356   0.00820   0.20176   0.02457   0.07522   0.01314   0.06632   0.01417   0.04472   0.10777   0.03918   0.20152   0.10893   7.31996   1.87932   1.33885   1.80178   1.00360  
 50  0.2848   2192.901938  x:  0.09030   0.00009   0.21661   0.01988   0.04386   0.01724   0.37542   0.03570   0.09747   0.25690   0.01691   0.11397   0.00975   0.20216   0.02349   0.07578   0.01096   0.06712   0.01144   0.05025   0.10703   0.03931   0.20155   0.10892   7.32003   1.87945   1.33903   1.80180   1.00365  
 51 90.5326   2192.803964  x:  0.09030   0.00000   0.21629   0.01946   0.04460   0.01646   0.37520   0.03711   0.09736   0.25713   0.01622   0.11417   0.00967   0.20235   0.02321   0.07606   0.01108   0.06745   0.01183   0.05213   0.10668   0.03938   0.20154   0.10892   7.32007   1.87952   1.33913   1.80181   1.00368  
 52 49.4572   2192.791184  x:  0.09030   0.00000   0.21582   0.01967   0.04476   0.01683   0.37480   0.03742   0.09733   0.25751   0.01558   0.11446   0.00957   0.20262   0.02340   0.07641   0.01070   0.06771   0.01079   0.05258   0.10625   0.03945   0.20153   0.10892   7.32014   1.87966   1.33933   1.80183   1.00375  
 53 15.5759   2192.774497  x:  0.09031   0.00000   0.21401   0.02052   0.04469   0.01800   0.37321   0.03746   0.09727   0.25900   0.01572   0.11548   0.00968   0.20368   0.02402   0.07756   0.01056   0.06842   0.01135   0.05303   0.10472   0.03966   0.20151   0.10892   7.32045   1.88024   1.34012   1.80189   1.00401  
 54 11.5783   2192.760801  x:  0.09031   0.00000   0.21193   0.02007   0.04429   0.01733   0.37121   0.03684   0.09723   0.26075   0.01588   0.11643   0.00957   0.20485   0.02382   0.07841   0.01126   0.06878   0.01103   0.05279   0.10332   0.03969   0.20149   0.10893   7.32086   1.88103   1.34120   1.80198   1.00436  
 55 14.9343   2192.756044  x:  0.09031   0.00000   0.21113   0.01978   0.04423   0.01701   0.37030   0.03675   0.09723   0.26147   0.01581   0.11664   0.00955   0.20527   0.02358   0.07843   0.01060   0.06869   0.01119   0.05250   0.10304   0.03965   0.20149   0.10893   7.32108   1.88144   1.34176   1.80204   1.00455  
 56 13.3830   2192.748516  x:  0.09032   0.00000   0.20975   0.01977   0.04466   0.01732   0.36808   0.03755   0.09733   0.26293   0.01582   0.11639   0.00970   0.20590   0.02320   0.07747   0.01083   0.06780   0.01116   0.05194   0.10365   0.03953   0.20153   0.10894   7.32176   1.88271   1.34339   1.80224   1.00510  
 57  7.3142   2192.744577  x:  0.09033   0.00000   0.20935   0.01993   0.04455   0.01707   0.36669   0.03738   0.09742   0.26360   0.01587   0.11596   0.00931   0.20603   0.02391   0.07695   0.01081   0.06766   0.01117   0.05228   0.10441   0.03957   0.20156   0.10895   7.32234   1.88379   1.34473   1.80246   1.00555  
 58  6.9001   2192.741552  x:  0.09035   0.00000   0.20943   0.01990   0.04425   0.01712   0.36557   0.03704   0.09750   0.26390   0.01573   0.11557   0.00992   0.20595   0.02387   0.07685   0.01079   0.06799   0.01116   0.05269   0.10500   0.03952   0.20162   0.10897   7.32301   1.88504   1.34620   1.80275   1.00606  
 59  6.9441   2192.737106  x:  0.09038   0.00000   0.21002   0.01983   0.04401   0.01749   0.36414   0.03694   0.09759   0.26400   0.01581   0.11517   0.00944   0.20561   0.02320   0.07716   0.01079   0.06864   0.01118   0.05289   0.10547   0.03942   0.20166   0.10899   7.32421   1.88726   1.34873   1.80332   1.00693  
 60  9.3651   2192.726654  x:  0.09043   0.00000   0.21200   0.01994   0.04442   0.01697   0.36156   0.03776   0.09764   0.26351   0.01576   0.11502   0.00964   0.20466   0.02364   0.07837   0.01082   0.06913   0.01118   0.05192   0.10529   0.03966   0.20175   0.10905   7.32756   1.89338   1.35552   1.80506   1.00927  
 61 11.5759   2192.714353  x:  0.09043   0.00000   0.21362   0.01954   0.04428   0.01736   0.36045   0.03732   0.09770   0.26244   0.01573   0.11601   0.00961   0.20404   0.02373   0.07794   0.01081   0.06736   0.01121   0.05268   0.10374   0.03968   0.20175   0.10905   7.33207   1.90147   1.36398   1.80775   1.01221  
 62 12.7389   2192.705427  x:  0.09039   0.00000   0.21334   0.02079   0.04433   0.01678   0.36156   0.03716   0.09764   0.26179   0.01558   0.11663   0.00963   0.20435   0.02323   0.07694   0.01083   0.06775   0.01120   0.05272   0.10340   0.03954   0.20170   0.10901   7.33584   1.90801   1.37020   1.81043   1.01438  
 63 12.3861   2192.687418  x:  0.09034   0.00000   0.21168   0.01968   0.04429   0.01717   0.36518   0.03758   0.09752   0.26082   0.01564   0.11724   0.00958   0.20551   0.02380   0.07578   0.01090   0.06931   0.01124   0.05238   0.10384   0.03955   0.20159   0.10896   7.34377   1.92152   1.38245   1.81652   1.01864  
 64 29.7374   2192.675386  x:  0.09045   0.00000   0.21021   0.01982   0.04472   0.01712   0.36822   0.03721   0.09758   0.26109   0.01558   0.11625   0.00957   0.20629   0.02357   0.07787   0.01086   0.06814   0.01126   0.05261   0.10502   0.03958   0.20164   0.10906   7.34956   1.93090   1.38996   1.82166   1.02121  
 65 16.9710   2192.665612  x:  0.09067   0.00000   0.21090   0.01989   0.04382   0.01706   0.36972   0.03770   0.09713   0.26412   0.01547   0.11445   0.00957   0.20527   0.02358   0.07757   0.01087   0.06810   0.01126   0.05260   0.10368   0.03987   0.20201   0.10928   7.35589   1.93900   1.39281   1.82975   1.02185  
 66  4.4597   2192.663340  x:  0.09066   0.00059   0.21102   0.01986   0.04396   0.01707   0.36983   0.03763   0.09716   0.26448   0.01547   0.11444   0.00957   0.20514   0.02359   0.07753   0.01088   0.06814   0.01127   0.05261   0.10363   0.03980   0.20204   0.10928   7.35690   1.94020   1.39312   1.83109   1.02188  
 67 16.8443   2192.654079  x:  0.09037   0.00026   0.21173   0.01960   0.04556   0.01717   0.37006   0.03683   0.09753   0.26634   0.01544   0.11497   0.00955   0.20425   0.02368   0.07729   0.01088   0.06847   0.01128   0.05265   0.10360   0.03914   0.20211   0.10899   7.36397   1.94832   1.39478   1.84064   1.02189  
 68 17.3223   2192.640272  x:  0.08990   0.00007   0.21206   0.01965   0.04476   0.01707   0.36908   0.03724   0.09740   0.26645   0.01530   0.11730   0.00952   0.20392   0.02338   0.07749   0.01088   0.06820   0.01131   0.05270   0.10502   0.04041   0.20177   0.10851   7.37491   1.95981   1.39635   1.85551   1.02129  
 69 16.6718   2192.631917  x:  0.09004   0.00006   0.21160   0.01975   0.04396   0.01695   0.36788   0.03779   0.09717   0.26487   0.01522   0.11734   0.00950   0.20434   0.02361   0.07771   0.01088   0.06802   0.01132   0.05271   0.10505   0.03883   0.20148   0.10866   7.38174   1.96622   1.39713   1.86451   1.02060  
 70 16.8521   2192.623406  x:  0.09043   0.00017   0.21059   0.01967   0.04455   0.01699   0.36621   0.03747   0.09729   0.26206   0.01519   0.11577   0.00945   0.20526   0.02351   0.07746   0.01089   0.06816   0.01133   0.05274   0.10415   0.03956   0.20121   0.10905   7.38908   1.97216   1.39797   1.87362   1.01956  
 71 15.3573   2192.621024  x:  0.08931   0.00024   0.21016   0.01969   0.04450   0.01698   0.36610   0.03752   0.09730   0.26170   0.01516   0.11544   0.00946   0.20488   0.02351   0.07750   0.01089   0.06815   0.01134   0.05276   0.10394   0.03956   0.20170   0.10793   7.39281   1.97163   1.39932   1.87540   1.01832  
 72  1.4181   2192.608392  x:  0.09044   0.00013   0.20922   0.01967   0.04461   0.01692   0.36641   0.03758   0.09730   0.26171   0.01499   0.11608   0.00942   0.20313   0.02349   0.07755   0.01091   0.06820   0.01140   0.05293   0.10412   0.03960   0.20339   0.10906   7.41586   1.96657   1.40790   1.88411   1.01068  
 73  4.9848   2192.600991  x:  0.09022   0.00005   0.21096   0.01964   0.04465   0.01688   0.36675   0.03763   0.09728   0.26258   0.01486   0.11586   0.00941   0.20561   0.02349   0.07752   0.01093   0.06821   0.01144   0.05304   0.10418   0.03955   0.20081   0.10884   7.43060   1.96381   1.41180   1.88771   1.00716  
 74  6.2283   2192.503084  x:  0.09027   0.00000   0.21220   0.01936   0.04489   0.01637   0.36694   0.03862   0.09837   0.26312   0.01379   0.11606   0.00913   0.20825   0.02336   0.07766   0.01111   0.06844   0.01180   0.05413   0.10407   0.03954   0.20457   0.10889   7.58826   1.95908   1.40325   1.87619   1.01240  
 75  2.6040   2192.468686  x:  0.09023   0.00000   0.20993   0.01911   0.04584   0.01630   0.36678   0.03848   0.09443   0.26302   0.01331   0.11598   0.00929   0.20427   0.02329   0.07783   0.01121   0.06859   0.01198   0.05470   0.10401   0.03964   0.19975   0.10885   7.66926   1.95643   1.39878   1.86983   1.01557  
 76 52.8037   2192.464552  x:  0.09026   0.00000   0.20927   0.01914   0.04553   0.01619   0.36685   0.03881   0.09630   0.26298   0.01325   0.11593   0.00934   0.20311   0.02329   0.07789   0.01122   0.06861   0.01200   0.05477   0.10381   0.03967   0.19825   0.10888   7.67929   1.95599   1.39823   1.86910   1.01615  
 77 11.5429   2192.455545  x:  0.09027   0.00000   0.20930   0.01905   0.04571   0.01602   0.36681   0.03917   0.09629   0.26300   0.01365   0.11597   0.00941   0.20333   0.02320   0.07796   0.01118   0.06870   0.01197   0.05525   0.10375   0.03968   0.19846   0.10889   7.70819   1.94899   1.39836   1.87409   1.02837  
 78  0.5557   2192.455320  x:  0.09027   0.00019   0.20930   0.01905   0.04571   0.01602   0.36681   0.03917   0.09629   0.26300   0.01366   0.11597   0.00941   0.20333   0.02320   0.07796   0.01118   0.06870   0.01197   0.05526   0.10375   0.03968   0.19847   0.10889   7.70840   1.94897   1.39836   1.87410   1.02840  
 79  3.1950   2192.433626  x:  0.09030   0.00008   0.20938   0.01883   0.04621   0.01550   0.36686   0.04029   0.09644   0.26328   0.01498   0.11617   0.00956   0.20385   0.02301   0.07812   0.01097   0.06889   0.01185   0.05671   0.10361   0.03970   0.19912   0.10891   7.78611   1.95436   1.39668   1.86842   1.02106  
 80  1.4530   2192.413258  x:  0.09033   0.00007   0.21031   0.01874   0.04631   0.01536   0.36696   0.04090   0.09723   0.26357   0.01377   0.11628   0.00928   0.20582   0.02299   0.07819   0.01118   0.06899   0.01226   0.05742   0.10355   0.03970   0.20188   0.10894   7.89172   1.94986   1.39052   1.86038   1.02511  
 81  0.1327   2192.413185  x:  0.09033   0.00007   0.21026   0.01876   0.04629   0.01540   0.36698   0.04091   0.09718   0.26356   0.01376   0.11625   0.00929   0.20570   0.02301   0.07818   0.01118   0.06897   0.01228   0.05745   0.10356   0.03970   0.20171   0.10894   7.89957   1.95045   1.39113   1.86115   1.02489  
 82  0.0076   2192.413185  x:  0.09032   0.00007   0.21025   0.01875   0.04629   0.01539   0.36698   0.04091   0.09718   0.26356   0.01376   0.11625   0.00929   0.20570   0.02301   0.07818   0.01118   0.06897   0.01228   0.05745   0.10356   0.03970   0.20171   0.10894   7.89993   1.95046   1.39114   1.86116   1.02490  
 83  0.0004   2192.413185  x:  0.09032   0.00007   0.21025   0.01875   0.04629   0.01539   0.36698   0.04091   0.09718   0.26356   0.01376   0.11625   0.00929   0.20570   0.02300   0.07818   0.01118   0.06897   0.01228   0.05745   0.10356   0.03970   0.20171   0.10894   7.89998   1.95046   1.39114   1.86116   1.02490  
 84  0.0000   2192.413185  x:  0.09032   0.00007   0.21025   0.01875   0.04629   0.01539   0.36698   0.04091   0.09718   0.26356   0.01376   0.11625   0.00929   0.20570   0.02301   0.07818   0.01118   0.06897   0.01228   0.05745   0.10356   0.03970   0.20171   0.10894   7.89998   1.95046   1.39114   1.86116   1.02490  