

TREE # 1

  0  0.0000   2046.564984  x:  0.00000   0.02513   0.07501   0.02810   0.08911   0.09032   0.04820   0.05925   0.09747   0.03460   0.10791   0.02246   0.03674   0.02070   0.02670   0.07691   0.08146   0.03930   0.06857   0.06093   0.10262   0.08494   0.06513   2.00000   1.44930   1.02545   1.48609   0.40000  
  1 99.0000   2046.560537  x:  0.00000   0.02513   0.07501   0.02810   0.08911   0.09032   0.04820   0.05925   0.09747   0.03460   0.10791   0.02246   0.03674   0.02070   0.02670   0.07691   0.08146   0.03930   0.06857   0.06093   0.10262   0.08494   0.06514   2.00000   1.44930   1.02545   1.48609   0.40000  
  2 904.7644   2029.653975  x:  0.00000   0.01186   0.06300   0.03038   0.07546   0.07889   0.04684   0.06246   0.09592   0.03865   0.12009   0.00000   0.06712   0.02722   0.02557   0.05888   0.08204   0.04117   0.06298   0.07738   0.09450   0.09767   0.09475   2.00470   1.44929   1.02250   1.48796   0.41387  
  3 596.3090   2011.695970  x:  0.00000   0.01173   0.03123   0.03333   0.03721   0.04760   0.04493   0.06833   0.09183   0.04139   0.14636   0.00000   0.03904   0.01869   0.02449   0.00657   0.08310   0.04434   0.04949   0.10188   0.07254   0.12103   0.11712   2.01907   1.44920   1.01386   1.49349   0.45290  
  4 375.7937   2008.531752  x:  0.00000   0.01132   0.02481   0.03360   0.02184   0.03486   0.04654   0.06845   0.08987   0.03874   0.16419   0.00000   0.02687   0.02911   0.02648   0.02309   0.08335   0.04509   0.04732   0.10527   0.06247   0.13658   0.12383   2.03118   1.44936   1.00670   1.49814   0.48126  
  5 208.4613   1995.522032  x:  0.00000   0.00821   0.05899   0.03393   0.04889   0.03212   0.05796   0.05916   0.08454   0.02643   0.25098   0.00000   0.00000   0.02628   0.02874   0.02978   0.08201   0.03998   0.05674   0.08623   0.04144   0.21323   0.14689   2.09690   1.45062   0.96994   1.52272   0.61795  
  6 223.3372   1995.522032  x:  0.00000   0.00821   0.05899   0.03393   0.04889   0.03212   0.05796   0.05916   0.08454   0.02643   0.25098   0.00000   0.00000   0.02628   0.02874   0.02978   0.08201   0.03998   0.05674   0.08623   0.04144   0.21323   0.14689   2.09690   1.45062   0.96994   1.52272   0.61795  
  7 781.3176   1987.500879  x:  0.00000   0.00000   0.04547   0.03442   0.03871   0.03909   0.05287   0.06238   0.08600   0.04595   0.25838   0.00000   0.01482   0.03157   0.02490   0.01296   0.08211   0.04268   0.05316   0.09583   0.05717   0.22241   0.18200   2.10302   1.45027   0.96890   1.52421   0.62412  
  8 298.3479   1983.055899  x:  0.00000   0.00685   0.03699   0.03469   0.03237   0.04324   0.04966   0.06439   0.08693   0.05738   0.26319   0.00000   0.02153   0.03434   0.02264   0.00297   0.08217   0.04434   0.05094   0.10185   0.06677   0.22837   0.20421   2.10703   1.45004   0.96823   1.52519   0.62816  
  9 2336.2277   1979.336868  x:  0.00000   0.01358   0.02477   0.03491   0.02402   0.04813   0.04501   0.06732   0.08832   0.07033   0.27059   0.00000   0.03133   0.03754   0.02099   0.01993   0.08253   0.04696   0.04797   0.11092   0.07867   0.23745   0.23801   2.11430   1.44968   0.96697   1.52691   0.63524  
 10 607.4751   1975.992799  x:  0.00000   0.01857   0.03951   0.03359   0.04311   0.04090   0.04499   0.06897   0.08967   0.05306   0.27921   0.00000   0.05701   0.02990   0.03423   0.02240   0.08268   0.04392   0.04931   0.12053   0.07189   0.24742   0.28251   2.13640   1.44915   0.96287   1.53147   0.65387  
 11 131.3469   1974.312528  x:  0.00000   0.02173   0.03544   0.03313   0.03564   0.03744   0.04843   0.06696   0.08924   0.03444   0.27852   0.00000   0.07578   0.03041   0.02248   0.02225   0.08254   0.04251   0.05109   0.12042   0.05887   0.24599   0.29762   2.15959   1.44892   0.95857   1.53577   0.67069  
 12 105.9863   1970.553242  x:  0.00000   0.03624   0.03223   0.03727   0.02415   0.04003   0.05371   0.05969   0.08642   0.04144   0.25738   0.00000   0.13720   0.03662   0.03566   0.02576   0.08196   0.04312   0.05316   0.10901   0.03338   0.21905   0.30380   2.25006   1.44898   0.94119   1.55187   0.72976  
 13 104.9332   1964.044328  x:  0.00000   0.06605   0.02969   0.03855   0.03048   0.04004   0.05718   0.05359   0.08279   0.04077   0.20444   0.00000   0.26247   0.03991   0.02902   0.03544   0.08120   0.04361   0.05298   0.09236   0.04487   0.15436   0.30246   2.44287   1.44936   0.90456   1.58549   0.85079  
 14 512.9379   1962.275821  x:  0.00000   0.06916   0.03399   0.03318   0.02158   0.03803   0.04670   0.06841   0.08711   0.04184   0.18796   0.00000   0.27737   0.02792   0.02849   0.03619   0.08185   0.04302   0.04859   0.11150   0.04169   0.14207   0.29699   2.51162   1.44882   0.89532   1.59582   0.88696  
 15 145.2384   1960.319839  x:  0.00000   0.06770   0.02215   0.03553   0.03495   0.04430   0.04281   0.07390   0.09181   0.04055   0.17461   0.00000   0.26942   0.03722   0.02788   0.03515   0.08254   0.04355   0.04785   0.13671   0.03546   0.14281   0.28924   2.61186   1.44734   0.88651   1.60896   0.93303  
 16 151.6734   1955.927794  x:  0.00000   0.05866   0.04186   0.04112   0.02602   0.04802   0.05706   0.05934   0.09424   0.03876   0.16156   0.00000   0.22678   0.05811   0.02863   0.03305   0.08264   0.04441   0.05358   0.17013   0.05100   0.16293   0.27589   2.87156   1.44310   0.86947   1.64038   1.04519  
 17 315.4198   1950.185708  x:  0.00000   0.04353   0.02915   0.02943   0.03315   0.02732   0.05698   0.04663   0.08411   0.05330   0.17892   0.00000   0.16729   0.03171   0.02434   0.02852   0.08078   0.04254   0.05064   0.15658   0.05886   0.18734   0.26412   3.17994   1.43875   0.85843   1.67260   1.16669  
 18 365.6140   1947.569870  x:  0.00000   0.03571   0.02886   0.03766   0.03414   0.04557   0.04866   0.06312   0.08136   0.04901   0.19890   0.00000   0.13758   0.02009   0.02484   0.02610   0.08054   0.04344   0.04790   0.13298   0.06496   0.19767   0.25826   3.34436   1.43768   0.85784   1.68653   1.22350  
 19 426.4134   1946.630067  x:  0.00000   0.03398   0.03081   0.03176   0.03371   0.04137   0.03909   0.07446   0.08485   0.04720   0.21125   0.00000   0.12957   0.03166   0.02641   0.02534   0.08131   0.04371   0.04615   0.12226   0.06687   0.19893   0.25530   3.40743   1.43854   0.86216   1.68890   1.23768  
 20 206.2632   1945.446508  x:  0.00000   0.03508   0.03205   0.03221   0.03597   0.03860   0.05302   0.08334   0.10407   0.05333   0.23609   0.00000   0.13367   0.03183   0.02180   0.02602   0.08483   0.04564   0.05266   0.12488   0.06583   0.19271   0.24896   3.50507   1.44630   0.88847   1.67895   1.22406  
 21 68.1029   1943.178074  x:  0.00000   0.03723   0.02422   0.03616   0.03019   0.04112   0.04554   0.06596   0.11272   0.04300   0.26763   0.00000   0.14665   0.02907   0.03352   0.02567   0.08506   0.04190   0.04770   0.13824   0.07205   0.18094   0.23899   3.69604   1.46544   0.94857   1.65198   1.17412  
 22 167.8629   1941.345903  x:  0.00000   0.03990   0.03501   0.03576   0.03464   0.04771   0.03568   0.05697   0.09857   0.04927   0.27577   0.00000   0.15560   0.03094   0.02165   0.02739   0.08186   0.04487   0.04389   0.14439   0.06424   0.17751   0.23976   3.85203   1.48282   0.99660   1.62873   1.12330  
 23 271.3496   1939.014675  x:  0.00000   0.04185   0.03258   0.02972   0.03401   0.04666   0.04712   0.07054   0.06820   0.04740   0.26059   0.00000   0.16276   0.03339   0.02564   0.02791   0.07815   0.04600   0.04842   0.14433   0.06400   0.17908   0.24853   4.05229   1.50705   1.05279   1.59967   1.04709  
 24 302.1767   1936.922483  x:  0.00000   0.04232   0.03204   0.04520   0.03333   0.03511   0.04285   0.07468   0.08027   0.04779   0.21948   0.00000   0.16327   0.03186   0.02560   0.02819   0.08189   0.04272   0.05102   0.12634   0.06175   0.18884   0.26777   4.24347   1.53220   1.09333   1.57685   0.96275  
 25 220.6609   1936.235588  x:  0.00000   0.04224   0.03217   0.03266   0.03371   0.04246   0.04472   0.07156   0.09061   0.04611   0.20568   0.00000   0.16250   0.03027   0.02674   0.02818   0.08371   0.04424   0.04832   0.11878   0.06026   0.19136   0.27525   4.30556   1.54091   1.09929   1.57298   0.93149  
 26 163.1630   1934.447700  x:  0.00000   0.04228   0.03271   0.03459   0.03304   0.04208   0.04439   0.06829   0.08866   0.04382   0.21980   0.00000   0.16116   0.03099   0.02748   0.02821   0.07763   0.04626   0.05250   0.11992   0.05676   0.17182   0.28924   4.47946   1.57091   1.01398   1.61432   0.79684  
 27 36.9826   1934.322224  x:  0.00000   0.04290   0.03297   0.03512   0.03309   0.04210   0.04612   0.06893   0.08760   0.04428   0.22147   0.00000   0.16388   0.03150   0.02695   0.02846   0.08224   0.04210   0.04723   0.12004   0.05632   0.17570   0.28745   4.49226   1.57223   1.00712   1.61803   0.78674  
 28 39.3213   1934.255155  x:  0.00000   0.04375   0.03250   0.03478   0.03281   0.04203   0.04486   0.06907   0.08718   0.04403   0.22254   0.00000   0.16825   0.03090   0.02710   0.02857   0.08505   0.04486   0.04890   0.12018   0.05653   0.18324   0.28357   4.49958   1.57160   1.00317   1.62074   0.78109  
 29 18.6005   1934.233715  x:  0.00000   0.04411   0.03238   0.03445   0.03274   0.04231   0.04465   0.06937   0.08775   0.04429   0.22274   0.00000   0.16995   0.03083   0.02695   0.02872   0.08180   0.04325   0.04948   0.12011   0.05658   0.18620   0.28206   4.50207   1.57003   1.00232   1.62191   0.77958  
 30  8.1066   1934.214326  x:  0.00000   0.04424   0.03237   0.03495   0.03274   0.04180   0.04534   0.06962   0.08810   0.04407   0.22262   0.00000   0.17059   0.03088   0.02706   0.02873   0.07983   0.04502   0.04736   0.12002   0.05654   0.18689   0.28156   4.50467   1.56650   1.00229   1.62332   0.77877  
 31  4.5833   1933.798192  x:  0.00000   0.04533   0.03242   0.03500   0.03251   0.04208   0.04545   0.06886   0.08754   0.04420   0.21863   0.00000   0.17469   0.03098   0.02703   0.02896   0.08225   0.04407   0.04904   0.11866   0.05613   0.18071   0.28076   4.56197   1.47837   1.00671   1.65407   0.76679  
 32 11.2347   1929.002948  x:  0.00000   0.05104   0.03083   0.03501   0.02979   0.04172   0.04742   0.06637   0.08805   0.04632   0.20522   0.00000   0.19084   0.03109   0.02571   0.02817   0.08241   0.04428   0.04911   0.10911   0.05878   0.16051   0.23819   5.19717   1.28703   0.78091   1.43958   0.88666  
 33  5.3226   1925.369733  x:  0.00000   0.05386   0.02906   0.03469   0.02797   0.03975   0.04790   0.06542   0.08499   0.04849   0.17645   0.00000   0.19663   0.02990   0.02375   0.02674   0.08300   0.04349   0.04805   0.09780   0.06240   0.14703   0.19909   5.72610   1.53437   0.88156   1.78540   1.02126  
 34  9.6756   1921.433465  x:  0.00000   0.05479   0.03303   0.03292   0.03141   0.04041   0.04945   0.06330   0.08982   0.04499   0.16918   0.00000   0.17195   0.03279   0.02556   0.02180   0.08196   0.04440   0.05021   0.13232   0.06521   0.14140   0.16693   6.91899   1.56956   0.97514   1.67000   1.00387  
 35  0.7238   1918.748564  x:  0.00000   0.05760   0.03404   0.03137   0.03613   0.03757   0.04255   0.07073   0.08830   0.04001   0.18362   0.00000   0.14437   0.02796   0.02238   0.01654   0.08141   0.04346   0.04810   0.10745   0.06798   0.13668   0.21048   8.02020   1.57423   0.95375   1.66676   0.91524  
 36  0.5367   1916.541817  x:  0.00000   0.07331   0.03289   0.03834   0.03352   0.04364   0.04645   0.06784   0.08719   0.04514   0.18402   0.00000   0.15792   0.03041   0.02519   0.01192   0.08233   0.04395   0.04866   0.10880   0.06804   0.16273   0.19354   9.27222   1.54110   0.90955   1.74071   0.95350  
 37  0.6727   1915.446536  x:  0.00000   0.08496   0.03076   0.03242   0.03076   0.04112   0.04818   0.06403   0.08810   0.04653   0.17609   0.00000   0.15657   0.02976   0.02518   0.00953   0.08346   0.04501   0.04903   0.11894   0.06615   0.13851   0.20343  10.05014   1.54951   0.95259   1.71960   1.02153  
 38  0.4185   1914.867603  x:  0.00000   0.09064   0.03238   0.03407   0.03063   0.03912   0.04698   0.06612   0.08794   0.04456   0.19040   0.00000   0.13614   0.03020   0.02405   0.01004   0.08230   0.04458   0.04985   0.11544   0.06284   0.15907   0.21149  10.32854   1.57383   0.95860   1.69704   1.05725  
 39  0.1345   1914.221273  x:  0.00000   0.10667   0.03248   0.03602   0.03096   0.03865   0.04643   0.06631   0.08656   0.04254   0.18056   0.00000   0.15231   0.03044   0.02564   0.01710   0.08143   0.04383   0.04969   0.11149   0.05707   0.14971   0.21396  10.10002   1.55280   0.93092   1.69306   1.06801  
 40  0.1004   1913.518233  x:  0.00000   0.11370   0.02892   0.03309   0.02958   0.04234   0.04805   0.06348   0.08836   0.04219   0.18386   0.00000   0.12568   0.03209   0.02532   0.01946   0.08272   0.04409   0.04871   0.11857   0.05862   0.14449   0.20573   9.59086   1.53945   0.93197   1.72898   1.04879  
 41  0.2082   1912.911196  x:  0.00000   0.12400   0.02830   0.03320   0.03071   0.04050   0.04634   0.06694   0.08822   0.04395   0.17643   0.00000   0.13407   0.02878   0.02459   0.02121   0.08279   0.04418   0.04823   0.11327   0.06313   0.14517   0.18891   8.69042   1.53925   0.95572   1.70188   0.98858  
 42  0.4392   1912.482946  x:  0.00000   0.13456   0.03445   0.03700   0.03199   0.03957   0.04686   0.06670   0.08736   0.04251   0.17449   0.00000   0.12967   0.02962   0.02544   0.01571   0.08162   0.04410   0.05040   0.11402   0.06455   0.14339   0.19923   8.40466   1.56793   0.93924   1.70118   0.96845  
 43  0.1165   1912.312469  x:  0.00000   0.13931   0.03350   0.03420   0.03112   0.03975   0.04690   0.06565   0.08748   0.04231   0.17858   0.00000   0.13449   0.02954   0.02444   0.01129   0.08218   0.04425   0.04941   0.11344   0.06499   0.14322   0.19809   8.41169   1.55393   0.94013   1.70500   0.98625  
 44  0.0216   1912.287735  x:  0.00000   0.13998   0.03174   0.03387   0.03095   0.04029   0.04706   0.06556   0.08763   0.04332   0.17594   0.00000   0.13413   0.02991   0.02455   0.01176   0.08247   0.04438   0.04915   0.11385   0.06409   0.14351   0.19708   8.29944   1.54224   0.94277   1.70166   0.99100  
 45  0.1100   1912.285486  x:  0.00000   0.13982   0.03141   0.03414   0.03116   0.04022   0.04699   0.06581   0.08775   0.04348   0.17675   0.00000   0.13399   0.02985   0.02488   0.01152   0.08245   0.04436   0.04924   0.11398   0.06364   0.14347   0.19755   8.29172   1.54262   0.94184   1.69997   0.99371  
 46  0.0073   1912.285302  x:  0.00000   0.13962   0.03140   0.03417   0.03117   0.04027   0.04696   0.06583   0.08771   0.04336   0.17661   0.00000   0.13409   0.02986   0.02478   0.01155   0.08242   0.04435   0.04926   0.11396   0.06346   0.14352   0.19767   8.28609   1.54315   0.94148   1.69980   0.99356  
 47  0.0051   1912.285282  x:  0.00000   0.13953   0.03143   0.03413   0.03116   0.04026   0.04695   0.06583   0.08772   0.04336   0.17664   0.00000   0.13407   0.02984   0.02481   0.01155   0.08243   0.04435   0.04924   0.11394   0.06341   0.14350   0.19763   8.28396   1.54319   0.94160   1.70001   0.99343  
 48  0.0018   1912.285281  x:  0.00000   0.13951   0.03143   0.03414   0.03115   0.04026   0.04696   0.06583   0.08772   0.04336   0.17663   0.00000   0.13406   0.02984   0.02480   0.01154   0.08243   0.04435   0.04924   0.11394   0.06341   0.14350   0.19762   8.28431   1.54317   0.94163   1.70002   0.99342  
 49  0.0004   1912.285281  x:  0.00000   0.13951   0.03143   0.03414   0.03115   0.04026   0.04696   0.06583   0.08772   0.04336   0.17664   0.00000   0.13406   0.02984   0.02480   0.01154   0.08243   0.04435   0.04924   0.11394   0.06341   0.14350   0.19762   8.28428   1.54317   0.94163   1.70002   0.99342  
 50  0.0000   1912.285281  x:  0.00000   0.13951   0.03143   0.03414   0.03115   0.04026   0.04696   0.06583   0.08772   0.04336   0.17663   0.00000   0.13406   0.02984   0.02480   0.01154   0.08243   0.04435   0.04924   0.11394   0.06341   0.14350   0.19762   8.28427   1.54317   0.94163   1.70002   0.99342  
 51  0.0000   1912.285281  x:  0.00000   0.13951   0.03143   0.03414   0.03115   0.04026   0.04696   0.06583   0.08772   0.04336   0.17663   0.00000   0.13406   0.02984   0.02480   0.01154   0.08243   0.04435   0.04924   0.11394   0.06341   0.14350   0.19762   8.28426   1.54317   0.94163   1.70002   0.99342  
 52  0.0000   1912.285281  x:  0.00000   0.13951   0.03143   0.03414   0.03115   0.04026   0.04696   0.06583   0.08772   0.04336   0.17663   0.00000   0.13406   0.02984   0.02480   0.01154   0.08243   0.04435   0.04924   0.11394   0.06341   0.14350   0.19762   8.28426   1.54317   0.94163   1.70002   0.99342  

TREE # 2

  0  0.0000   1941.010782  x:  0.18341   0.00000   0.18093   0.03306   0.05953   0.01514   0.10589   0.01755   0.05802   0.02899   0.06332   0.06958   0.02214   0.19644   0.02769   0.04136   0.02851   0.06047   0.04584   0.05486   0.06169   0.04987   0.05579   8.28426   1.42422   0.91338   1.54602   0.99342  
  1 99.0000   1941.009674  x:  0.18341   0.00000   0.18093   0.03306   0.05953   0.01514   0.10589   0.01755   0.05802   0.02899   0.06332   0.06958   0.02214   0.19644   0.02769   0.04136   0.02851   0.06047   0.04584   0.05486   0.06169   0.04987   0.05579   8.28426   1.42422   0.91338   1.54602   0.99342  
  2 460.0457   1934.645644  x:  0.18678   0.00000   0.17945   0.05782   0.06036   0.00118   0.10747   0.01613   0.05532   0.01849   0.06823   0.06228   0.00000   0.19699   0.04254   0.04221   0.02965   0.06740   0.04166   0.05801   0.05210   0.04633   0.05307   8.28425   1.42506   0.91241   1.54675   0.99346  
  3 576.6955   1931.198250  x:  0.18643   0.00000   0.17386   0.08346   0.06129   0.00263   0.10913   0.00796   0.05273   0.00881   0.07229   0.05487   0.00000   0.19379   0.04046   0.04272   0.02970   0.07230   0.03785   0.06059   0.04220   0.04330   0.05059   8.28424   1.42604   0.91100   1.54756   0.99329  
  4 471.1013   1929.556840  x:  0.18383   0.00000   0.16630   0.10197   0.06262   0.00282   0.11042   0.01746   0.05092   0.00789   0.07504   0.04909   0.00000   0.18858   0.03571   0.04289   0.02925   0.07487   0.03537   0.06222   0.03424   0.04154   0.04887   8.28423   1.42705   0.90943   1.54842   0.99303  
  5 345.1782   1928.009485  x:  0.17488   0.00000   0.14761   0.12203   0.06639   0.00306   0.11254   0.01616   0.04941   0.02635   0.07751   0.04268   0.00000   0.17454   0.04294   0.04270   0.02839   0.07537   0.03441   0.06335   0.02598   0.04150   0.04752   8.28421   1.42931   0.90569   1.55046   0.99235  
  6 172.2063   1926.049744  x:  0.15568   0.00000   0.11367   0.13876   0.07133   0.00304   0.11485   0.01800   0.05014   0.02063   0.07660   0.04189   0.00000   0.14722   0.05718   0.04216   0.02896   0.07228   0.03779   0.06277   0.03437   0.04476   0.04846   8.28416   1.43350   0.89856   1.55452   0.99084  
  7 131.0207   1925.913438  x:  0.15302   0.00000   0.11194   0.13727   0.07055   0.00303   0.11449   0.01803   0.05054   0.01914   0.07617   0.04589   0.00000   0.14289   0.05856   0.04267   0.02941   0.07393   0.03584   0.06252   0.02937   0.04284   0.04853   8.28413   1.43525   0.89569   1.55656   0.99017  
  8 28.7563   1925.778908  x:  0.15102   0.00000   0.11608   0.13611   0.06777   0.00310   0.11321   0.01803   0.04968   0.01945   0.07742   0.04374   0.00000   0.13716   0.05881   0.04279   0.02854   0.07930   0.03490   0.06362   0.03142   0.04066   0.04778   8.28400   1.44254   0.88433   1.56510   0.98745  
  9 14.2407   1925.524757  x:  0.15186   0.00000   0.12068   0.13626   0.06809   0.00310   0.11210   0.01814   0.04996   0.01866   0.07796   0.04281   0.00000   0.13607   0.05923   0.04198   0.03202   0.07694   0.03836   0.06323   0.02873   0.04615   0.04824   8.28363   1.46121   0.85705   1.58688   0.98040  
 10 30.7920   1925.305927  x:  0.15443   0.00000   0.12003   0.13714   0.07006   0.00309   0.11231   0.01824   0.05016   0.01863   0.07710   0.04509   0.00000   0.14056   0.05959   0.04228   0.02712   0.07313   0.03555   0.06241   0.02988   0.04405   0.04828   8.28328   1.47788   0.83501   1.60627   0.97398  
 11 65.0176   1925.236278  x:  0.15555   0.00000   0.11734   0.13643   0.07022   0.00310   0.11288   0.01822   0.04987   0.01895   0.07632   0.04488   0.00000   0.14375   0.05925   0.04261   0.03046   0.07401   0.03493   0.06241   0.03082   0.04111   0.04789   8.28314   1.48374   0.83009   1.61306   0.97159  
 12 30.1570   1925.157049  x:  0.15637   0.00000   0.11328   0.13392   0.06878   0.00312   0.11376   0.01817   0.04943   0.01828   0.07583   0.04288   0.00000   0.14735   0.05935   0.04203   0.02868   0.07766   0.03703   0.06277   0.02926   0.04161   0.04775   8.28293   1.49085   0.83055   1.62124   0.96842  
 13 16.0596   1924.701419  x:  0.15767   0.00000   0.11175   0.13321   0.06326   0.00338   0.11584   0.01845   0.04958   0.01880   0.08089   0.04607   0.00000   0.15222   0.05997   0.04345   0.02995   0.08183   0.02927   0.06377   0.03145   0.05011   0.04900   8.28149   1.53320   0.85968   1.66953   0.94892  
 14 20.3704   1923.105814  x:  0.16032   0.00000   0.12308   0.13218   0.06403   0.00393   0.11717   0.01953   0.05005   0.01731   0.08534   0.04951   0.00000   0.15563   0.06477   0.04295   0.02919   0.07607   0.04000   0.06507   0.03091   0.03936   0.04430   8.27617   1.68567   0.97432   1.84372   0.87969  
 15 167.0242   1922.807822  x:  0.16217   0.00000   0.12538   0.12985   0.06882   0.00393   0.11438   0.01958   0.04908   0.01596   0.07817   0.04284   0.00000   0.15419   0.06606   0.04161   0.02947   0.07521   0.03531   0.06214   0.02922   0.03876   0.04876   8.27518   1.71130   0.99425   1.87358   0.87042  
 16 104.7451   1922.712619  x:  0.16584   0.00000   0.12566   0.13131   0.07020   0.00397   0.11067   0.01968   0.04906   0.01652   0.07254   0.04492   0.00000   0.15324   0.06598   0.04318   0.02934   0.07798   0.03599   0.06178   0.03005   0.04037   0.04671   8.27479   1.71663   0.99875   1.88111   0.87415  
 17 16.5634   1922.294198  x:  0.17933   0.00000   0.12299   0.12962   0.06659   0.00421   0.10012   0.01988   0.05144   0.01615   0.07598   0.04550   0.00000   0.15029   0.06686   0.03681   0.02960   0.07634   0.03592   0.06444   0.03006   0.03852   0.04876   8.27280   1.72770   1.00995   1.90498   0.91712  
 18 15.6945   1921.681062  x:  0.18708   0.00000   0.12394   0.12420   0.06650   0.00443   0.10180   0.02023   0.04832   0.01431   0.08104   0.04181   0.00000   0.14975   0.06874   0.05015   0.02913   0.07359   0.03634   0.06253   0.02867   0.03760   0.04848   8.26964   1.74164   1.02484   1.93914   0.98914  
 19 82.5741   1920.859164  x:  0.18014   0.00000   0.13333   0.12297   0.07185   0.00465   0.11927   0.02103   0.04661   0.01346   0.07759   0.04462   0.00000   0.15719   0.07138   0.04131   0.02955   0.07876   0.03547   0.05904   0.02947   0.03828   0.04573   8.26561   1.75642   1.04148   1.97880   1.08206  
 20 105.3676   1920.702291  x:  0.17303   0.00000   0.13586   0.12457   0.06937   0.00478   0.11750   0.02129   0.05116   0.01360   0.07414   0.04427   0.00000   0.16242   0.07245   0.04296   0.02951   0.07869   0.03602   0.06334   0.02940   0.03764   0.04917   8.26493   1.75747   1.04325   1.98273   1.09651  
 21 30.2059   1920.586902  x:  0.16633   0.00000   0.13688   0.12477   0.06781   0.00488   0.11074   0.02143   0.04718   0.01326   0.07428   0.04393   0.00000   0.16742   0.07362   0.04241   0.02964   0.07761   0.03540   0.06214   0.02916   0.03793   0.04672   8.26457   1.75562   1.04266   1.97998   1.10141  
 22 13.6976   1920.249600  x:  0.16468   0.00000   0.13901   0.12410   0.07551   0.00501   0.10409   0.02172   0.05323   0.01287   0.08181   0.04471   0.00000   0.17261   0.07481   0.04354   0.02962   0.08394   0.03632   0.05574   0.02975   0.03788   0.04805   8.26396   1.74138   1.03417   1.95301   1.09657  
 23 10.8467   1917.465586  x:  0.18917   0.00000   0.15434   0.11308   0.08283   0.00674   0.10597   0.02488   0.04214   0.00851   0.08827   0.04945   0.00000   0.18652   0.08857   0.04468   0.03092   0.09265   0.03504   0.07928   0.02972   0.04045   0.05202   8.25956   1.61284   0.95669   1.70990   1.03258  
 24 67.6438   1916.357906  x:  0.20102   0.00000   0.16037   0.11191   0.06491   0.00770   0.11142   0.02643   0.05138   0.00708   0.08352   0.04528   0.00000   0.19026   0.09557   0.04431   0.03150   0.08997   0.03299   0.06798   0.02906   0.03968   0.04410   8.25791   1.56108   0.92671   1.61714   1.00664  
 25 195.0687   1916.276511  x:  0.20230   0.00000   0.16113   0.11344   0.06180   0.00781   0.11200   0.02664   0.04914   0.00750   0.08290   0.04678   0.00000   0.19070   0.09606   0.04451   0.03149   0.09064   0.03473   0.06442   0.02951   0.03879   0.04851   8.25780   1.55547   0.92440   1.61137   1.00427  
 26 31.2291   1916.039975  x:  0.20410   0.00000   0.16180   0.11362   0.06152   0.00796   0.11188   0.02692   0.04928   0.00741   0.08337   0.04673   0.00000   0.19159   0.09751   0.04460   0.03163   0.09095   0.03449   0.06481   0.02959   0.03905   0.04816   8.25795   1.48624   0.91765   1.63665   0.98556  
 27  6.4217   1914.366589  x:  0.20792   0.00000   0.15593   0.13662   0.06577   0.01098   0.11560   0.02939   0.05136   0.01976   0.08207   0.04169   0.00000   0.18756   0.11934   0.04267   0.03215   0.08727   0.03169   0.06801   0.03378   0.04166   0.04187   8.28102   1.54137   0.94247   1.70282   1.00163  
 28  0.0717   1913.353167  x:  0.19820   0.00000   0.14042   0.14143   0.06702   0.01432   0.11529   0.03154   0.04735   0.01246   0.08067   0.04584   0.00000   0.17530   0.14015   0.04251   0.03132   0.08636   0.03650   0.06435   0.03329   0.04048   0.05243   8.31176   1.58729   0.96072   1.76117   1.00587  
 29  0.0567   1912.970487  x:  0.19576   0.00000   0.14001   0.13028   0.06338   0.01710   0.11308   0.03126   0.04923   0.01157   0.08257   0.04493   0.00000   0.17459   0.14968   0.04371   0.03119   0.08757   0.03442   0.06598   0.03011   0.03952   0.04771   8.30482   1.52674   0.93348   1.67973   0.98603  
 30  0.0710   1912.732443  x:  0.19669   0.00000   0.14393   0.13249   0.06622   0.02047   0.11430   0.02790   0.05059   0.01169   0.08278   0.04263   0.00000   0.17489   0.15551   0.04301   0.03174   0.08790   0.03311   0.06575   0.03204   0.04232   0.04360   8.28559   1.55990   0.95151   1.72190   1.01130  
 31  0.0179   1912.499273  x:  0.19837   0.00000   0.14577   0.13481   0.06629   0.02391   0.11383   0.02274   0.04870   0.01215   0.08274   0.04595   0.00000   0.17647   0.15306   0.04353   0.03147   0.08842   0.03455   0.06641   0.03173   0.03952   0.04821   8.27499   1.53943   0.94017   1.69586   0.99003  
 32  0.0165   1912.421262  x:  0.19748   0.00000   0.14282   0.13299   0.06127   0.02506   0.11385   0.02161   0.04912   0.01137   0.08176   0.04429   0.00000   0.17600   0.14719   0.04335   0.03136   0.08695   0.03452   0.06496   0.03105   0.04051   0.04748   8.28561   1.54699   0.94268   1.70478   0.99058  
 33  0.0105   1912.345168  x:  0.19661   0.00000   0.14066   0.13446   0.06442   0.02596   0.11449   0.02292   0.04995   0.01175   0.08256   0.04369   0.00000   0.17633   0.13862   0.04320   0.03143   0.08746   0.03402   0.06637   0.03121   0.04054   0.04630   8.29812   1.53606   0.93924   1.69363   0.99728  
 34  0.0091   1912.291530  x:  0.19851   0.00000   0.14390   0.13392   0.06375   0.02884   0.11377   0.02480   0.04883   0.01109   0.08247   0.04497   0.00000   0.17700   0.13880   0.04347   0.03150   0.08837   0.03392   0.06573   0.03114   0.03984   0.04693   8.28913   1.54733   0.94320   1.70409   0.99518  
 35  0.0078   1912.285637  x:  0.19795   0.00000   0.14385   0.13399   0.06332   0.02966   0.11389   0.02482   0.04923   0.01164   0.08251   0.04436   0.00000   0.17678   0.13934   0.04338   0.03147   0.08791   0.03412   0.06587   0.03117   0.04041   0.04695   8.28474   1.54289   0.94137   1.69926   0.99288  
 36  0.0073   1912.285288  x:  0.19760   0.00000   0.14352   0.13410   0.06341   0.02982   0.11394   0.02481   0.04926   0.01153   0.08244   0.04432   0.00000   0.17659   0.13951   0.04335   0.03143   0.08773   0.03415   0.06583   0.03116   0.04026   0.04696   8.28435   1.54303   0.94158   1.69988   0.99331  
 37  0.0011   1912.285281  x:  0.19761   0.00000   0.14351   0.13407   0.06341   0.02984   0.11394   0.02480   0.04925   0.01154   0.08243   0.04435   0.00000   0.17662   0.13950   0.04336   0.03143   0.08772   0.03414   0.06583   0.03115   0.04026   0.04695   8.28427   1.54319   0.94164   1.70004   0.99343  
 38  0.0003   1912.285281  x:  0.19762   0.00000   0.14350   0.13406   0.06341   0.02984   0.11394   0.02480   0.04924   0.01154   0.08243   0.04435   0.00000   0.17663   0.13951   0.04336   0.03143   0.08772   0.03414   0.06583   0.03115   0.04026   0.04696   8.28426   1.54317   0.94163   1.70002   0.99343  
 39  0.0000   1912.285281  x:  0.19762   0.00000   0.14350   0.13406   0.06341   0.02984   0.11394   0.02480   0.04924   0.01154   0.08243   0.04435   0.00000   0.17663   0.13951   0.04336   0.03143   0.08772   0.03414   0.06583   0.03115   0.04026   0.04696   8.28426   1.54317   0.94163   1.70002   0.99342  
 40  0.0000   1912.285281  x:  0.19762   0.00000   0.14350   0.13406   0.06341   0.02984   0.11394   0.02480   0.04924   0.01154   0.08243   0.04435   0.00000   0.17663   0.13951   0.04336   0.03143   0.08772   0.03414   0.06583   0.03115   0.04026   0.04696   8.28426   1.54317   0.94163   1.70002   0.99342  