

TREE # 1

  0  0.0000   2495.633695  x:  0.20925   0.02571   0.03211   0.02495   0.05815   0.02188   0.05666   0.08536   0.02661   0.17168   0.20925   0.02571   0.03211   0.02495   0.05815   0.02188   0.05666   0.08536   0.02661   0.17168   0.21568   8.40433   1.55600   1.10511   1.34378   1.00000  
  1 99.0000   2402.272062  x:  0.19734   0.01336   0.06130   0.03552   0.06625   0.01533   0.11393   0.10726   0.04054   0.17396   0.21696   0.00000   0.06556   0.01711   0.25462   0.16840   0.15047   0.15742   0.03705   0.17824   0.22068   8.40398   1.55660   1.09927   1.34772   0.99856  
  2 1061.6741   2400.864758  x:  0.19318   0.01151   0.06015   0.03407   0.06711   0.01791   0.11710   0.11092   0.04038   0.17476   0.21867   0.01961   0.06530   0.01236   0.26120   0.16473   0.15527   0.16586   0.03988   0.17995   0.22228   8.40385   1.55682   1.09758   1.34887   0.99791  
  3 264.1576   2396.931318  x:  0.17959   0.00856   0.05442   0.02948   0.06902   0.02112   0.12319   0.12130   0.03942   0.17712   0.22387   0.01557   0.06042   0.00000   0.26935   0.14229   0.16376   0.18721   0.04450   0.18553   0.22726   8.40343   1.55729   1.09203   1.35277   0.99555  
  4 163.2386   2391.622225  x:  0.14295   0.01294   0.04366   0.02616   0.07229   0.01972   0.13652   0.14516   0.04025   0.18326   0.23742   0.01054   0.04592   0.02571   0.29285   0.08222   0.18679   0.23922   0.04979   0.19959   0.24037   8.40219   1.55851   1.07584   1.36414   0.98864  
  5 359.2812   2390.399063  x:  0.13438   0.01337   0.05411   0.03672   0.06955   0.01527   0.13536   0.14363   0.04344   0.18426   0.24171   0.01108   0.03227   0.02381   0.30310   0.06436   0.19410   0.24706   0.03409   0.20188   0.24357   8.40145   1.55905   1.06801   1.36958   0.98456  
  6 94.2764   2390.165861  x:  0.13318   0.01030   0.05435   0.03515   0.06875   0.02046   0.13299   0.14089   0.04342   0.18418   0.24382   0.01080   0.02982   0.02504   0.30683   0.06049   0.19667   0.24713   0.02819   0.20210   0.24424   8.40105   1.55927   1.06423   1.37215   0.98239  
  7 59.1287   2389.960220  x:  0.13328   0.00937   0.05160   0.03058   0.06804   0.01690   0.12783   0.13570   0.04315   0.18359   0.24798   0.01108   0.03045   0.02462   0.31172   0.05632   0.20030   0.24499   0.02523   0.20203   0.24480   8.40021   1.55964   1.05700   1.37697   0.97803  
  8 39.9562   2389.810775  x:  0.13383   0.01386   0.05016   0.03123   0.06795   0.01862   0.12331   0.13131   0.04323   0.18284   0.25268   0.01094   0.03143   0.02355   0.31547   0.05328   0.20325   0.24223   0.02699   0.20195   0.24525   8.39915   1.56005   1.04825   1.38276   0.97265  
  9 48.4381   2389.646186  x:  0.13382   0.00964   0.05108   0.03453   0.06913   0.01838   0.12230   0.12963   0.04083   0.18183   0.25903   0.01072   0.03088   0.02406   0.31546   0.05334   0.20418   0.23915   0.03130   0.20214   0.24596   8.39717   1.56071   1.03325   1.39276   0.96292  
 10 31.3553   2389.359057  x:  0.13290   0.01171   0.05137   0.03255   0.07078   0.01820   0.12570   0.13445   0.04293   0.18046   0.26851   0.01110   0.03056   0.02348   0.31023   0.05947   0.20245   0.23650   0.02795   0.20251   0.24734   8.39248   1.56187   1.00115   1.41446   0.94073  
 11 48.1889   2389.297348  x:  0.13422   0.01139   0.05224   0.03272   0.06652   0.01841   0.12771   0.13486   0.04284   0.18052   0.26402   0.01103   0.03401   0.02341   0.31074   0.05819   0.20082   0.23700   0.02778   0.20098   0.24622   8.39038   1.56138   0.99431   1.42011   0.93271  
 12 15.7574   2389.236524  x:  0.13594   0.01192   0.05097   0.03189   0.06715   0.01830   0.12844   0.13406   0.04208   0.18082   0.25502   0.01104   0.03080   0.02342   0.31270   0.05797   0.19855   0.23802   0.02903   0.19879   0.24411   8.38717   1.56009   0.98869   1.42604   0.92203  
 13 17.9808   2389.218969  x:  0.13507   0.01162   0.05134   0.03238   0.06978   0.01832   0.12716   0.13365   0.04243   0.18108   0.25214   0.01101   0.03233   0.02335   0.31248   0.05793   0.19853   0.23873   0.02865   0.19895   0.24367   8.38532   1.55921   0.98835   1.42773   0.91733  
 14  9.5228   2389.196348  x:  0.13256   0.01135   0.05158   0.03229   0.06813   0.01836   0.12439   0.13346   0.04316   0.18155   0.25066   0.01099   0.03191   0.02331   0.31121   0.05953   0.19981   0.23933   0.02946   0.20083   0.24378   8.38088   1.55704   0.99106   1.42942   0.90849  
 15  6.8478   2389.170689  x:  0.13345   0.01167   0.04994   0.03336   0.06808   0.01827   0.12599   0.13365   0.04163   0.18183   0.25211   0.01104   0.03200   0.02318   0.31103   0.05943   0.20114   0.23839   0.02840   0.20210   0.24430   8.37363   1.55396   0.99658   1.43079   0.89693  
 16  8.5796   2389.152535  x:  0.13491   0.01161   0.05141   0.03225   0.06868   0.01836   0.12745   0.13380   0.04276   0.18183   0.25385   0.01098   0.03181   0.02329   0.31142   0.05848   0.20144   0.23743   0.02896   0.20220   0.24467   8.36770   1.55181   1.00073   1.43160   0.88886  
 17 18.8581   2389.136847  x:  0.13438   0.01169   0.05172   0.03227   0.06863   0.01835   0.12597   0.13453   0.04209   0.18117   0.25635   0.01094   0.03204   0.02329   0.31285   0.05868   0.19806   0.23890   0.02883   0.19859   0.24493   8.35881   1.55111   1.00299   1.43175   0.88516  
 18  3.7877   2389.120151  x:  0.13444   0.01085   0.04997   0.03342   0.06846   0.01832   0.12612   0.13375   0.04468   0.18096   0.25708   0.01087   0.03206   0.02322   0.31319   0.05885   0.19698   0.23962   0.02888   0.19746   0.24505   8.34665   1.55145   1.00364   1.43170   0.88418  
 19  6.0373   2388.199044  x:  0.13321   0.01375   0.05383   0.02952   0.06847   0.01862   0.13736   0.10735   0.04085   0.18091   0.25844   0.00673   0.03373   0.01976   0.31359   0.06578   0.19680   0.25100   0.02990   0.19498   0.24555   7.67188   1.58319   1.01218   1.42724   0.87399  
 20 24.1075   2386.750389  x:  0.14890   0.00994   0.05298   0.03166   0.06844   0.01892   0.12529   0.12673   0.04214   0.17917   0.25172   0.00000   0.03498   0.01371   0.33042   0.06840   0.20724   0.24059   0.03009   0.19459   0.24140   6.50723   1.63398   1.02588   1.42215   0.86132  
 21 484.2278   2386.682602  x:  0.14104   0.01006   0.05218   0.03114   0.06864   0.01901   0.12839   0.12728   0.04255   0.17895   0.25071   0.00000   0.03551   0.01298   0.33456   0.06788   0.20408   0.23299   0.03054   0.19555   0.24007   6.45445   1.63034   1.02704   1.42454   0.86303  
 22 33.6158   2386.613112  x:  0.14364   0.00993   0.05248   0.03119   0.06860   0.01900   0.12745   0.12630   0.04249   0.18221   0.25136   0.00000   0.03580   0.01265   0.33598   0.06866   0.20110   0.23457   0.03044   0.19899   0.24092   6.40152   1.60408   1.02810   1.43681   0.87284  
 23  8.7165   2386.595289  x:  0.14314   0.00992   0.05249   0.03116   0.06861   0.01900   0.12793   0.12638   0.04255   0.17902   0.25101   0.00000   0.03565   0.01254   0.33450   0.06878   0.20454   0.23470   0.03047   0.19548   0.24038   6.38772   1.59568   1.02772   1.43867   0.87524  
 24  9.0767   2386.539996  x:  0.14237   0.00965   0.05242   0.03135   0.06869   0.01897   0.12806   0.12690   0.04276   0.18540   0.25211   0.00000   0.03555   0.01232   0.33470   0.06871   0.20670   0.23404   0.03030   0.19276   0.23925   6.39220   1.56201   1.00704   1.40566   0.87186  
 25  1.5000   2386.505466  x:  0.14302   0.00955   0.05247   0.03147   0.06870   0.01895   0.12778   0.12692   0.04274   0.17965   0.25216   0.00000   0.03560   0.01228   0.33611   0.06847   0.20487   0.23486   0.02998   0.19653   0.24005   6.40069   1.54154   0.99427   1.38503   0.86959  
 26 15.6698   2386.451822  x:  0.14252   0.00958   0.05241   0.03143   0.06871   0.01889   0.12792   0.12752   0.04269   0.18006   0.24948   0.00000   0.03559   0.01221   0.33728   0.06881   0.20524   0.23281   0.03020   0.19479   0.25279   6.47128   1.53956   0.99406   1.38640   0.87119  
 27  1.3775   2385.912696  x:  0.13856   0.00936   0.05245   0.03230   0.06881   0.01805   0.12841   0.13425   0.04327   0.18049   0.25206   0.00000   0.03445   0.01267   0.34734   0.06842   0.20786   0.23287   0.02841   0.19891   0.23892   7.21380   1.53018   1.00181   1.41369   0.88860  
 28 35.4989   2385.447368  x:  0.13528   0.00963   0.05328   0.03209   0.06923   0.01766   0.13429   0.13770   0.04339   0.18109   0.25390   0.00000   0.03395   0.01232   0.38032   0.06878   0.22032   0.25414   0.02865   0.20117   0.24666   7.16573   1.55031   0.99973   1.40468   0.88298  
 29  0.0293   2385.364983  x:  0.13956   0.00952   0.05308   0.03176   0.06918   0.01833   0.13316   0.13496   0.04332   0.18032   0.25367   0.00000   0.03510   0.01186   0.39187   0.07296   0.22135   0.24807   0.02865   0.19942   0.24189   7.12029   1.53986   1.00332   1.40600   0.88169  
 30  0.0396   2385.361933  x:  0.13809   0.00969   0.05333   0.03209   0.06914   0.01806   0.13346   0.13454   0.04345   0.18046   0.25385   0.00000   0.03473   0.01206   0.39289   0.07341   0.22089   0.24768   0.02848   0.19947   0.24192   7.10972   1.54036   1.00271   1.40690   0.88161  
 31  0.0104   2385.361884  x:  0.13815   0.00969   0.05330   0.03204   0.06915   0.01805   0.13346   0.13455   0.04345   0.18048   0.25380   0.00000   0.03471   0.01213   0.39291   0.07349   0.22083   0.24769   0.02854   0.19950   0.24200   7.11008   1.54069   1.00272   1.40672   0.88176  
 32  0.0006   2385.361883  x:  0.13817   0.00969   0.05331   0.03205   0.06915   0.01804   0.13345   0.13455   0.04345   0.18048   0.25379   0.00000   0.03470   0.01212   0.39291   0.07350   0.22083   0.24769   0.02854   0.19950   0.24201   7.11018   1.54071   1.00272   1.40670   0.88174  
 33  0.0001   2385.361883  x:  0.13817   0.00969   0.05331   0.03205   0.06915   0.01804   0.13345   0.13456   0.04345   0.18048   0.25379   0.00000   0.03470   0.01212   0.39290   0.07350   0.22083   0.24769   0.02854   0.19950   0.24201   7.11019   1.54070   1.00272   1.40670   0.88174  
 34  0.0000   2385.361883  x:  0.13817   0.00969   0.05331   0.03205   0.06915   0.01804   0.13345   0.13456   0.04345   0.18048   0.25379   0.00000   0.03470   0.01212   0.39290   0.07350   0.22083   0.24769   0.02854   0.19950   0.24201   7.11019   1.54070   1.00272   1.40670   0.88174  