

TREE # 1

  0  0.0000   2180.283206  x:  0.01972   0.20925   0.02571   0.03211   0.02495   0.05815   0.02188   0.05666   0.08536   0.02661   0.17168   0.01972   0.20925   0.02571   0.03211   0.02495   0.05815   0.02188   0.05666   0.08536   0.02661   0.17168   0.21568   8.40433   2.03421   1.28920   1.71069   1.00000  
  1 99.0000   2160.212917  x:  0.00000   0.20513   0.07398   0.06384   0.08152   0.08204   0.05229   0.08621   0.10025   0.03874   0.16550   0.01263   0.20804   0.02350   0.09094   0.02739   0.11110   0.01818   0.11570   0.09957   0.03748   0.16537   0.23817   8.40464   2.03187   1.28420   1.71665   0.99804  
  2 445.6928   2157.955187  x:  0.01835   0.20259   0.07079   0.05991   0.07690   0.08826   0.04055   0.09165   0.10657   0.02947   0.16179   0.01759   0.20756   0.01464   0.09360   0.02307   0.12705   0.01193   0.13131   0.10694   0.03360   0.15950   0.26017   8.40506   2.02881   1.27941   1.72309   0.99559  
  3 121.1271   2156.056694  x:  0.00708   0.19752   0.06214   0.05290   0.06490   0.09257   0.02764   0.09490   0.11264   0.02466   0.15467   0.01436   0.20633   0.01592   0.09113   0.02367   0.14168   0.01866   0.14530   0.11500   0.03203   0.15118   0.28890   8.40575   2.02392   1.27216   1.73319   0.99154  
  4 134.5032   2155.314548  x:  0.00327   0.19480   0.05733   0.05102   0.05778   0.09279   0.03324   0.09484   0.11466   0.03014   0.15107   0.01511   0.20577   0.01782   0.08695   0.02392   0.14574   0.01104   0.14922   0.11754   0.03292   0.14681   0.30589   8.40629   2.02009   1.26667   1.74090   0.98837  
  5 100.6641   2154.952775  x:  0.00608   0.19301   0.05594   0.05232   0.05569   0.09135   0.03974   0.09414   0.11505   0.03426   0.14916   0.01652   0.20534   0.01732   0.08353   0.02502   0.14612   0.01667   0.14963   0.11784   0.03438   0.14412   0.31878   8.40688   2.01614   1.26113   1.74874   0.98510  
  6 81.6096   2154.252289  x:  0.00497   0.18878   0.06127   0.06056   0.06527   0.08395   0.03906   0.09181   0.11197   0.02900   0.14674   0.01340   0.20363   0.01475   0.07806   0.02412   0.13728   0.01528   0.14187   0.11292   0.03657   0.14075   0.34740   8.40900   2.00231   1.24252   1.77544   0.97344  
  7 53.6158   2154.000614  x:  0.00636   0.18826   0.06373   0.05958   0.06787   0.08443   0.03577   0.09143   0.11007   0.03078   0.14754   0.01655   0.20309   0.02129   0.08123   0.02550   0.13358   0.01509   0.13857   0.11135   0.03564   0.14199   0.35534   8.41027   1.99446   1.23241   1.79006   0.96683  
  8 58.2854   2153.597789  x:  0.00418   0.18904   0.06496   0.05325   0.06761   0.08937   0.03548   0.09123   0.10723   0.03412   0.15067   0.01759   0.20214   0.01607   0.08954   0.02459   0.12882   0.01555   0.13390   0.10932   0.03056   0.14641   0.36021   8.41288   1.97898   1.21345   1.81785   0.95377  
  9 65.8966   2153.192845  x:  0.00585   0.19094   0.06208   0.05065   0.06379   0.09274   0.03949   0.09175   0.10710   0.02852   0.15434   0.01182   0.20167   0.01778   0.09500   0.02368   0.12851   0.01544   0.13276   0.10927   0.03590   0.15056   0.35633   8.41631   1.95961   1.19119   1.85116   0.93750  
 10 71.5716   2152.642168  x:  0.00413   0.19307   0.05824   0.05980   0.05988   0.08864   0.03608   0.09338   0.11114   0.02984   0.15644   0.01669   0.20195   0.01514   0.09051   0.02630   0.13431   0.01467   0.13699   0.11133   0.03825   0.15340   0.33983   8.42219   1.92863   1.15838   1.90190   0.91153  
 11 78.3291   2152.482163  x:  0.00508   0.19269   0.05922   0.05887   0.06142   0.08689   0.03624   0.09321   0.11186   0.03141   0.15466   0.01433   0.20164   0.01713   0.08610   0.02240   0.13662   0.01508   0.13935   0.11231   0.03389   0.15084   0.33333   8.42432   1.91875   1.14980   1.91660   0.90339  
 12 56.9048   2152.421962  x:  0.00550   0.19161   0.06045   0.05576   0.06313   0.08672   0.03704   0.09262   0.11140   0.03052   0.15219   0.01432   0.20155   0.01700   0.08384   0.02550   0.13722   0.01475   0.14056   0.11254   0.03286   0.14779   0.33002   8.42560   1.91398   1.14732   1.92244   0.89962  
 13 29.8933   2152.396941  x:  0.00520   0.19050   0.06106   0.05422   0.06369   0.08721   0.03696   0.09221   0.11069   0.03036   0.15002   0.01599   0.20166   0.01664   0.08353   0.02432   0.13699   0.01489   0.14087   0.11242   0.03478   0.14542   0.32839   8.42660   1.91116   1.14734   1.92477   0.89756  
 14 15.5372   2152.380786  x:  0.00583   0.18931   0.06072   0.05536   0.06290   0.08796   0.03625   0.09211   0.11002   0.03119   0.14783   0.01515   0.20154   0.01642   0.08493   0.02456   0.13614   0.01476   0.14058   0.11225   0.03502   0.14302   0.32743   8.42818   1.90781   1.14932   1.92604   0.89540  
 15  7.8647   2152.370497  x:  0.00562   0.18866   0.06017   0.05620   0.06249   0.08811   0.03695   0.09226   0.11005   0.03016   0.14696   0.01591   0.20152   0.01676   0.08578   0.02439   0.13576   0.01485   0.14032   0.11222   0.03393   0.14238   0.32720   8.42989   1.90466   1.15185   1.92667   0.89349  
 16  8.6836   2152.329946  x:  0.00577   0.18840   0.05993   0.05504   0.06316   0.08661   0.03677   0.09338   0.11211   0.03082   0.14796   0.01548   0.20181   0.01661   0.08575   0.02452   0.13613   0.01486   0.13971   0.11219   0.03448   0.14468   0.32833   8.43970   1.88833   1.16650   1.92836   0.88408  
 17  9.2525   2152.322501  x:  0.00565   0.18935   0.06085   0.05564   0.06273   0.08812   0.03670   0.09232   0.11083   0.03068   0.14891   0.01548   0.20197   0.01668   0.08468   0.02455   0.13639   0.01485   0.14019   0.11231   0.03446   0.14494   0.32871   8.44254   1.88519   1.16884   1.92831   0.88254  
 18  6.1198   2152.317638  x:  0.00555   0.19097   0.05967   0.05560   0.06345   0.08763   0.03667   0.09190   0.10964   0.03076   0.14941   0.01554   0.20213   0.01666   0.08498   0.02453   0.13633   0.01485   0.14080   0.11249   0.03445   0.14422   0.32894   8.44691   1.88331   1.16872   1.92734   0.88241  
 19  2.3315   2152.291418  x:  0.00525   0.19623   0.06176   0.05516   0.06147   0.08584   0.03675   0.09289   0.11045   0.03038   0.14933   0.01575   0.20276   0.01667   0.08565   0.02450   0.13510   0.01487   0.14086   0.11228   0.03434   0.14181   0.32954   8.47633   1.87377   1.16409   1.92001   0.88363  
 20  6.2236   2152.183147  x:  0.00502   0.20137   0.05910   0.05559   0.06384   0.09120   0.03654   0.09406   0.11532   0.03071   0.14634   0.01573   0.20413   0.01702   0.08295   0.02466   0.13355   0.01493   0.13730   0.11118   0.03430   0.14156   0.33083   8.60222   1.83559   1.14213   1.88837   0.88983  
 21 33.2395   2151.982229  x:  0.00539   0.19355   0.05950   0.05491   0.06144   0.08706   0.03636   0.08968   0.11064   0.03066   0.14575   0.01521   0.20469   0.01701   0.08371   0.02461   0.13542   0.01474   0.13577   0.11242   0.03404   0.14677   0.33217   8.83442   1.76802   1.10169   1.83064   0.90041  
 22 104.6598   2151.955038  x:  0.00527   0.19051   0.05910   0.05478   0.06110   0.08752   0.03637   0.09289   0.10987   0.03073   0.14986   0.01534   0.20371   0.01709   0.08265   0.02462   0.13313   0.01478   0.13731   0.11185   0.03406   0.14503   0.33211   8.86741   1.76134   1.09702   1.82384   0.90029  
 23 28.0799   2151.928639  x:  0.00517   0.18954   0.05894   0.05472   0.06125   0.08755   0.03626   0.08931   0.11291   0.03079   0.15266   0.01556   0.20127   0.01707   0.08330   0.02457   0.13195   0.01476   0.13782   0.11211   0.03414   0.14317   0.33208   8.90170   1.76301   1.09546   1.82126   0.89561  
 24  9.6084   2151.756025  x:  0.00531   0.19190   0.05817   0.05430   0.05997   0.08717   0.03619   0.09183   0.10995   0.03083   0.15055   0.01584   0.19302   0.01717   0.08142   0.02461   0.13388   0.01463   0.13327   0.11265   0.03444   0.14451   0.33278   9.13071   1.78902   1.09174   1.81365   0.85896  
 25 31.2900   2151.665993  x:  0.00548   0.19104   0.05744   0.05401   0.05916   0.08686   0.03603   0.09081   0.11051   0.03088   0.14896   0.01499   0.20548   0.01730   0.08084   0.02454   0.12981   0.01461   0.13680   0.11091   0.03378   0.14669   0.33330   9.25491   1.80410   1.09303   1.81589   0.84632  
 26 48.9655   2151.542884  x:  0.00513   0.18935   0.05728   0.05374   0.05889   0.08682   0.03596   0.09109   0.11028   0.03092   0.15351   0.01497   0.21338   0.01723   0.08040   0.02464   0.13413   0.01442   0.12813   0.11542   0.03341   0.14173   0.33274   9.42346   1.82253   1.10419   1.83547   0.85395  
 27 28.2240   2151.061729  x:  0.00522   0.18954   0.05397   0.05203   0.05445   0.08519   0.03509   0.08903   0.10944   0.03077   0.15064   0.01531   0.20443   0.01766   0.07579   0.02444   0.13097   0.01386   0.13018   0.10597   0.03288   0.14440   0.32963  10.09685   1.89352   1.15703   1.92706   0.90603  
 28 113.5610   2151.031560  x:  0.00527   0.18973   0.05412   0.05207   0.05459   0.08524   0.03511   0.08931   0.10941   0.03077   0.14949   0.01530   0.20323   0.01747   0.07515   0.02441   0.12752   0.01381   0.13099   0.11153   0.03312   0.14576   0.32942  10.13922   1.89794   1.16040   1.93294   0.90949  
 29 51.3183   2151.010319  x:  0.00529   0.19149   0.05363   0.05170   0.05466   0.08497   0.03463   0.08850   0.10939   0.03045   0.14986   0.01544   0.20330   0.01763   0.07480   0.02461   0.12550   0.01445   0.12722   0.11105   0.03327   0.14542   0.32771  10.23571   1.88544   1.15454   1.92571   0.90617  
 30  0.0872   2151.009900  x:  0.00542   0.19122   0.05359   0.05166   0.05439   0.08485   0.03468   0.08843   0.10921   0.03046   0.14994   0.01546   0.20333   0.01759   0.07452   0.02458   0.12542   0.01443   0.12734   0.11102   0.03319   0.14546   0.32743  10.22693   1.88442   1.15382   1.92402   0.90581  
 31  0.0084   2151.009840  x:  0.00539   0.19117   0.05353   0.05163   0.05439   0.08483   0.03463   0.08841   0.10920   0.03046   0.14992   0.01544   0.20331   0.01762   0.07451   0.02460   0.12534   0.01446   0.12730   0.11100   0.03320   0.14549   0.32743  10.21523   1.88466   1.15394   1.92402   0.90583  
 32  0.0084   2151.009834  x:  0.00540   0.19121   0.05354   0.05163   0.05440   0.08484   0.03464   0.08841   0.10922   0.03046   0.14992   0.01545   0.20331   0.01761   0.07451   0.02459   0.12533   0.01444   0.12726   0.11100   0.03320   0.14548   0.32742  10.21274   1.88480   1.15405   1.92425   0.90585  
 33  0.0026   2151.009834  x:  0.00540   0.19122   0.05354   0.05163   0.05439   0.08484   0.03464   0.08841   0.10921   0.03046   0.14992   0.01545   0.20331   0.01761   0.07451   0.02459   0.12534   0.01445   0.12726   0.11100   0.03320   0.14548   0.32742  10.21275   1.88482   1.15407   1.92429   0.90585  
 34  0.0001   2151.009834  x:  0.00540   0.19121   0.05354   0.05163   0.05439   0.08484   0.03464   0.08841   0.10921   0.03046   0.14992   0.01545   0.20331   0.01761   0.07451   0.02459   0.12534   0.01445   0.12726   0.11100   0.03320   0.14548   0.32742  10.21277   1.88483   1.15407   1.92430   0.90585  
 35  0.0000   2151.009834  x:  0.00540   0.19121   0.05354   0.05163   0.05439   0.08484   0.03464   0.08841   0.10921   0.03046   0.14992   0.01545   0.20331   0.01761   0.07451   0.02459   0.12534   0.01445   0.12726   0.11100   0.03320   0.14548   0.32742  10.21277   1.88483   1.15407   1.92430   0.90585  

TREE # 2

  0  0.0000   2397.430591  x:  0.00540   0.19121   0.05354   0.05163   0.05439   0.08484   0.03464   0.08841   0.10921   0.03046   0.14992   0.01545   0.20331   0.01761   0.07451   0.02459   0.12534   0.01445   0.12726   0.11100   0.03320   0.14548   0.32742  10.21277   1.84522   1.04188   1.73968   0.90585  
  1 99.0000   2242.524615  x:  0.45823   0.19472   0.09749   0.10204   0.05124   0.07010   0.07519   0.08783   0.11220   0.02645   0.14561   0.01890   0.20434   0.14952   0.11491   0.03204   0.11647   0.12454   0.11737   0.10567   0.04059   0.13761   0.30825  10.21281   1.84457   1.04321   1.74080   0.90554  
  2 3198.1541   2195.013862  x:  0.44992   0.11542   0.15558   0.17892   0.02616   0.00000   0.11898   0.07405   0.12397   0.01818   0.12849   0.00920   0.12032   0.16137   0.16234   0.02576   0.06001   0.11312   0.05923   0.08957   0.04716   0.10143   0.21812  10.21302   1.83930   1.05390   1.74235   0.90333  
  3 314.0179   2176.978622  x:  0.44511   0.05519   0.19150   0.22895   0.01912   0.02414   0.14697   0.06714   0.13200   0.01797   0.11753   0.00971   0.05607   0.16890   0.19378   0.02464   0.02279   0.10631   0.02040   0.07955   0.05222   0.07638   0.14925  10.21315   1.83545   1.06160   1.74375   0.90178  
  4 1208.5751   2162.231803  x:  0.44360   0.00403   0.20649   0.25525   0.02907   0.02598   0.15706   0.06601   0.13587   0.02761   0.11320   0.02321   0.00000   0.17194   0.21108   0.03575   0.03692   0.10579   0.03431   0.07863   0.05646   0.06452   0.08814  10.21326   1.83239   1.06741   1.74539   0.90074  
  5 564.1007   2162.231803  x:  0.44360   0.00403   0.20649   0.25525   0.02907   0.02598   0.15706   0.06601   0.13587   0.02761   0.11320   0.02321   0.00000   0.17194   0.21108   0.03575   0.03692   0.10579   0.03431   0.07863   0.05646   0.06452   0.08814  10.21326   1.83239   1.06741   1.74539   0.90074  
  6 160.0829   2157.014872  x:  0.43275   0.01199   0.19470   0.24738   0.03273   0.01475   0.14265   0.07040   0.13273   0.02245   0.11808   0.00709   0.01212   0.16785   0.20719   0.03138   0.05797   0.10814   0.05469   0.08660   0.05542   0.07927   0.05815  10.21330   1.83108   1.06939   1.74684   0.90080  
  7 170.9212   2155.011846  x:  0.42299   0.01231   0.18409   0.24007   0.03478   0.01167   0.13119   0.07368   0.13054   0.02253   0.12211   0.02064   0.01060   0.16369   0.20339   0.02847   0.06623   0.10940   0.06264   0.09094   0.05458   0.08762   0.03497  10.21333   1.82988   1.07122   1.74821   0.90081  
  8 244.2385   2154.013550  x:  0.41349   0.00961   0.17441   0.23319   0.03523   0.01935   0.12227   0.07553   0.12905   0.02452   0.12454   0.01683   0.00307   0.15981   0.19997   0.02800   0.06530   0.10971   0.06192   0.09190   0.05423   0.09058   0.02470  10.21336   1.82866   1.07305   1.74965   0.90081  
  9 128.9083   2152.350169  x:  0.38055   0.01451   0.14428   0.21116   0.03091   0.01539   0.09608   0.07833   0.12474   0.02602   0.13068   0.01545   0.00371   0.14941   0.19060   0.02928   0.05720   0.11014   0.05547   0.09201   0.05422   0.09568   0.03173  10.21345   1.82435   1.07932   1.75503   0.90101  
 10 95.3516   2152.098199  x:  0.36925   0.01685   0.13925   0.20597   0.03362   0.01992   0.09769   0.07792   0.12479   0.02351   0.13039   0.01656   0.00902   0.14813   0.18928   0.03013   0.05629   0.11012   0.05455   0.09119   0.05428   0.09318   0.03134  10.21347   1.82273   1.08147   1.75757   0.90117  
 11 51.8042   2151.684579  x:  0.34325   0.01650   0.13392   0.19655   0.03655   0.01563   0.10886   0.07561   0.12605   0.02205   0.12750   0.01576   0.00637   0.14644   0.18738   0.03070   0.05774   0.11010   0.05564   0.08947   0.05453   0.08587   0.03030  10.21350   1.81874   1.08658   1.76436   0.90156  
 12 56.6453   2151.592041  x:  0.33470   0.01739   0.13586   0.19537   0.03493   0.01676   0.11086   0.07546   0.12668   0.02641   0.12688   0.01596   0.00676   0.14700   0.18771   0.02922   0.05890   0.11010   0.05671   0.08989   0.05459   0.08670   0.03111  10.21350   1.81707   1.08859   1.76778   0.90178  
 13 31.2228   2151.501063  x:  0.32457   0.01695   0.14134   0.19632   0.03232   0.01787   0.11032   0.07550   0.12726   0.02356   0.12664   0.01628   0.00590   0.14862   0.18910   0.02906   0.05901   0.10994   0.05669   0.09082   0.05452   0.09008   0.03186  10.21349   1.81445   1.09167   1.77375   0.90218  
 14 25.7648   2151.458221  x:  0.31986   0.01601   0.14447   0.19837   0.03432   0.01669   0.10860   0.07580   0.12730   0.02435   0.12677   0.01592   0.00672   0.14982   0.19028   0.03035   0.05752   0.10977   0.05525   0.09076   0.05439   0.09064   0.03076  10.21347   1.81250   1.09400   1.77878   0.90253  
 15 19.7200   2151.426374  x:  0.31837   0.01669   0.14465   0.20155   0.03596   0.01689   0.10677   0.07626   0.12671   0.02407   0.12746   0.01601   0.00586   0.15016   0.19090   0.02850   0.05787   0.11007   0.05623   0.09026   0.05449   0.08857   0.03146  10.21344   1.80983   1.09737   1.78685   0.90305  
 16 10.4080   2151.374577  x:  0.31814   0.01622   0.14284   0.20608   0.03323   0.01720   0.10589   0.07645   0.12587   0.02430   0.12822   0.01610   0.00630   0.15002   0.19173   0.03040   0.05887   0.11037   0.05715   0.08957   0.05458   0.08558   0.03096  10.21338   1.80481   1.10401   1.80334   0.90409  
 17 22.2939   2151.307143  x:  0.32089   0.01554   0.13967   0.20811   0.03290   0.01666   0.10880   0.07605   0.12603   0.02417   0.12764   0.01581   0.00701   0.14847   0.19175   0.02835   0.05789   0.11003   0.05507   0.09022   0.05443   0.08884   0.03052  10.21328   1.79827   1.11376   1.82855   0.90558  
 18 23.2889   2151.281044  x:  0.32254   0.01667   0.13948   0.20714   0.03427   0.01695   0.10950   0.07600   0.12643   0.02437   0.12725   0.01598   0.00604   0.14776   0.19142   0.03012   0.05817   0.10992   0.05553   0.09072   0.05442   0.09052   0.03132  10.21324   1.79622   1.11766   1.83916   0.90614  
 19 29.3594   2151.248818  x:  0.32569   0.01655   0.14272   0.20086   0.03411   0.01682   0.10821   0.07577   0.12745   0.02427   0.12656   0.01591   0.00640   0.14770   0.19046   0.02971   0.05716   0.10987   0.05661   0.09041   0.05437   0.08904   0.03095  10.21317   1.79594   1.12236   1.85372   0.90666  
 20 13.1097   2151.241633  x:  0.32603   0.01595   0.14305   0.19965   0.03437   0.01689   0.10810   0.07612   0.12676   0.02427   0.12712   0.01592   0.00647   0.14869   0.19018   0.02965   0.05878   0.11000   0.05542   0.09028   0.05428   0.08885   0.03130  10.21315   1.79834   1.12308   1.85766   0.90656  
 21  4.9182   2151.229922  x:  0.32602   0.01756   0.14309   0.19905   0.03398   0.01668   0.10849   0.07618   0.12560   0.02424   0.12791   0.01580   0.00599   0.15044   0.18981   0.02961   0.05852   0.11005   0.05450   0.09013   0.05463   0.08870   0.03068  10.21311   1.80538   1.12392   1.86482   0.90614  
 22  7.5271   2151.195924  x:  0.32524   0.01614   0.14191   0.19871   0.03432   0.01679   0.10910   0.07584   0.12407   0.02429   0.12888   0.01578   0.00615   0.15336   0.18915   0.02975   0.05665   0.11004   0.05672   0.09038   0.05491   0.08933   0.03120  10.21299   1.82851   1.12637   1.88585   0.90470  
 23 22.2300   2151.154699  x:  0.32396   0.01652   0.14168   0.19997   0.03416   0.01676   0.10803   0.07514   0.12700   0.02422   0.12650   0.01573   0.00615   0.15042   0.18910   0.02961   0.05739   0.10943   0.05585   0.09016   0.05237   0.08878   0.03110  10.21285   1.85862   1.13063   1.91100   0.90282  
 24 25.3366   2151.145456  x:  0.32371   0.01641   0.14203   0.20025   0.03416   0.01674   0.10791   0.07555   0.12733   0.02419   0.12612   0.01572   0.00628   0.14858   0.18934   0.02959   0.05769   0.10952   0.05546   0.09027   0.05465   0.08861   0.03108  10.21282   1.86587   1.13266   1.91643   0.90242  
 25 15.7040   2151.137724  x:  0.32380   0.01638   0.14289   0.20017   0.03414   0.01671   0.10854   0.07623   0.12562   0.02420   0.12716   0.01568   0.00639   0.14642   0.18999   0.02963   0.05736   0.10983   0.05557   0.08995   0.05400   0.08863   0.03115  10.21282   1.87214   1.13798   1.91932   0.90231  
 26  4.5560   2151.122347  x:  0.32452   0.01636   0.14275   0.20017   0.03424   0.01682   0.10824   0.07407   0.12595   0.02429   0.12717   0.01569   0.00629   0.14753   0.19062   0.02962   0.05756   0.10956   0.05539   0.09048   0.05425   0.08854   0.03119  10.21284   1.88508   1.15351   1.92318   0.90254  
 27  6.1929   2151.118013  x:  0.32475   0.01638   0.14251   0.20025   0.03415   0.01677   0.10836   0.07574   0.12675   0.02423   0.12664   0.01568   0.00626   0.14842   0.19034   0.02965   0.05740   0.10959   0.05545   0.09022   0.05420   0.08856   0.03122  10.21285   1.88869   1.15806   1.92414   0.90281  
 28  7.6842   2151.117090  x:  0.32474   0.01633   0.14276   0.20055   0.03414   0.01678   0.10838   0.07558   0.12665   0.02424   0.12648   0.01567   0.00632   0.14838   0.18908   0.02969   0.05739   0.10997   0.05544   0.08982   0.05423   0.08866   0.03122  10.21286   1.88909   1.15846   1.92420   0.90371  
 29  0.5249   2151.114800  x:  0.32475   0.01627   0.14302   0.20082   0.03412   0.01679   0.10852   0.07573   0.12661   0.02424   0.12672   0.01563   0.00636   0.14826   0.18809   0.02971   0.05726   0.10924   0.05528   0.09091   0.05414   0.08823   0.03131  10.21290   1.88963   1.15866   1.92427   0.90669  
 30  0.8553   2151.104440  x:  0.32498   0.01626   0.14291   0.20065   0.03404   0.01687   0.10870   0.07547   0.12702   0.02427   0.12695   0.01553   0.00610   0.14846   0.19001   0.02969   0.05704   0.10893   0.05504   0.08946   0.05431   0.08823   0.03149  10.21314   1.89150   1.15856   1.92448   0.92000  
 31  2.5698   2151.101709  x:  0.32506   0.01626   0.14286   0.20061   0.03402   0.01692   0.10866   0.07549   0.12655   0.02428   0.12598   0.01551   0.00604   0.14860   0.19057   0.02971   0.05685   0.11032   0.05481   0.09026   0.05417   0.08797   0.03158  10.21322   1.89163   1.15845   1.92450   0.92149  
 32  1.4349   2151.038843  x:  0.32704   0.01565   0.14465   0.20253   0.03350   0.01757   0.10980   0.07492   0.12403   0.02453   0.12178   0.01489   0.00551   0.14968   0.19121   0.03012   0.05469   0.10688   0.05272   0.08820   0.05446   0.08593   0.03321  10.21579   1.88732   1.15525   1.92389   0.91122  
 33  0.4064   2151.011084  x:  0.32791   0.01534   0.14554   0.20344   0.03332   0.01770   0.11116   0.07450   0.12729   0.02459   0.12527   0.01445   0.00530   0.14992   0.19125   0.03039   0.05331   0.10919   0.05142   0.08838   0.05438   0.08475   0.03401  10.21695   1.88535   1.15373   1.92366   0.90617  
 34  7.1950   2151.009859  x:  0.32734   0.01545   0.14548   0.20329   0.03316   0.01763   0.11102   0.07450   0.12727   0.02460   0.12536   0.01450   0.00540   0.14993   0.19121   0.03047   0.05357   0.10922   0.05165   0.08840   0.05439   0.08483   0.03460  10.21469   1.88475   1.15407   1.92437   0.90573  
 35  0.0023   2151.009834  x:  0.32741   0.01545   0.14548   0.20331   0.03320   0.01762   0.11099   0.07451   0.12725   0.02459   0.12534   0.01445   0.00539   0.14992   0.19121   0.03046   0.05353   0.10921   0.05163   0.08841   0.05439   0.08484   0.03464  10.21374   1.88483   1.15408   1.92433   0.90587  
 36  0.0009   2151.009834  x:  0.32742   0.01545   0.14548   0.20331   0.03320   0.01761   0.11100   0.07451   0.12726   0.02459   0.12534   0.01444   0.00540   0.14992   0.19122   0.03046   0.05354   0.10921   0.05164   0.08841   0.05439   0.08484   0.03464  10.21324   1.88483   1.15407   1.92430   0.90586  
 37  0.0004   2151.009834  x:  0.32742   0.01545   0.14548   0.20331   0.03320   0.01761   0.11100   0.07451   0.12726   0.02459   0.12534   0.01444   0.00540   0.14992   0.19121   0.03046   0.05354   0.10921   0.05164   0.08841   0.05439   0.08484   0.03464  10.21288   1.88483   1.15407   1.92430   0.90585  
 38  0.0002   2151.009834  x:  0.32742   0.01545   0.14548   0.20331   0.03320   0.01761   0.11100   0.07451   0.12726   0.02459   0.12534   0.01445   0.00540   0.14992   0.19121   0.03046   0.05354   0.10921   0.05163   0.08841   0.05439   0.08484   0.03464  10.21277   1.88483   1.15407   1.92430   0.90585  
 39  0.0001   2151.009834  x:  0.32742   0.01545   0.14548   0.20331   0.03320   0.01761   0.11100   0.07451   0.12726   0.02459   0.12534   0.01445   0.00540   0.14992   0.19121   0.03046   0.05354   0.10921   0.05163   0.08841   0.05439   0.08484   0.03464  10.21276   1.88483   1.15407   1.92430   0.90585  