

TREE # 1

  0  0.0000   2108.660335  x:  0.00000   0.02443   0.07514   0.02783   0.08706   0.09743   0.04614   0.06167   0.10014   0.03753   0.10262   0.02280   0.03714   0.02067   0.02834   0.08083   0.08321   0.03545   0.07383   0.05834   0.09783   0.08276   0.06680   2.00000   2.22562   1.53803   1.71784   0.40000  
  1 99.0000   2108.654191  x:  0.00000   0.02443   0.07514   0.02783   0.08706   0.09743   0.04613   0.06167   0.10014   0.03753   0.10262   0.02280   0.03714   0.02067   0.02834   0.08083   0.08321   0.03545   0.07383   0.05834   0.09783   0.08276   0.06681   2.00000   2.22562   1.53803   1.71784   0.40000  
  2 940.1498   2095.444563  x:  0.00000   0.00574   0.06748   0.03265   0.07024   0.09807   0.03387   0.06810   0.10105   0.04177   0.11094   0.00000   0.07339   0.02969   0.03578   0.07141   0.08853   0.02084   0.07665   0.07207   0.08049   0.09344   0.10423   2.00558   2.22436   1.53558   1.72005   0.42213  
  3 621.4941   2083.263718  x:  0.00000   0.00548   0.05719   0.03606   0.04370   0.09921   0.01718   0.07560   0.10255   0.04284   0.12033   0.00000   0.05774   0.02354   0.03786   0.05747   0.09552   0.00211   0.08002   0.08548   0.05290   0.10265   0.11674   2.01472   2.22231   1.53153   1.72356   0.45570  
  4 364.5398   2076.046544  x:  0.00000   0.00499   0.04814   0.03879   0.02014   0.10028   0.00503   0.08195   0.10397   0.04371   0.12931   0.00000   0.04486   0.01962   0.03940   0.04570   0.10170   0.00907   0.08294   0.09676   0.02835   0.11153   0.12828   2.02321   2.22044   1.52777   1.72678   0.48607  
  5 1463.8010   2072.781748  x:  0.00000   0.00458   0.04323   0.03997   0.00866   0.10100   0.01315   0.08521   0.10489   0.04403   0.13549   0.00000   0.03741   0.01937   0.03985   0.03976   0.10489   0.01061   0.08446   0.10243   0.01565   0.11768   0.13503   2.02862   2.21931   1.52537   1.72876   0.50435  
  6 915.8758   2062.298277  x:  0.00000   0.00246   0.02778   0.04125   0.02871   0.10339   0.01872   0.09496   0.10934   0.04413   0.16840   0.00000   0.00495   0.03006   0.03803   0.02702   0.11427   0.01404   0.08900   0.11756   0.00723   0.15074   0.16221   2.05370   2.21438   1.51441   1.73731   0.58093  
  7 346.3096   2061.136027  x:  0.00000   0.00219   0.02653   0.04119   0.02845   0.10365   0.01928   0.09592   0.10984   0.04422   0.17293   0.00000   0.00160   0.03008   0.03758   0.02631   0.11528   0.01441   0.08948   0.11902   0.00978   0.15524   0.16518   2.05701   2.21374   1.51300   1.73837   0.59060  
  8 1095.9822   2053.509985  x:  0.00000   0.00100   0.01571   0.03615   0.03468   0.10614   0.02336   0.10208   0.11480   0.04184   0.21603   0.00000   0.00425   0.01341   0.02433   0.02425   0.12301   0.01652   0.09276   0.12424   0.01598   0.19452   0.15358   2.09099   2.20731   1.49858   1.74894   0.68538  
  9 568.4093   2048.252519  x:  0.00000   0.00000   0.03531   0.03194   0.03312   0.10694   0.02254   0.10207   0.11763   0.04290   0.24874   0.00000   0.00357   0.02163   0.02530   0.04000   0.12486   0.01635   0.09296   0.12052   0.01200   0.22254   0.14045   2.12200   2.20168   1.48607   1.75762   0.76132  
 10 569.7310   2045.245284  x:  0.00000   0.00070   0.03546   0.03806   0.03320   0.10503   0.02358   0.09555   0.11589   0.04187   0.24995   0.00000   0.00630   0.02946   0.05121   0.03790   0.11955   0.01703   0.08916   0.10996   0.01968   0.21307   0.12830   2.15736   2.19502   1.47353   1.76608   0.82796  
 11 199.6065   2040.314937  x:  0.00000   0.00069   0.04076   0.03654   0.03677   0.09933   0.02479   0.07168   0.10837   0.04614   0.23974   0.00000   0.00576   0.01676   0.04969   0.04839   0.09775   0.01741   0.07732   0.07259   0.01787   0.18838   0.14540   2.22106   2.18372   1.45348   1.77790   0.91311  
 12 228.1740   2038.844628  x:  0.00000   0.00099   0.03929   0.03308   0.03349   0.09802   0.02365   0.06686   0.10520   0.04452   0.23050   0.00000   0.00681   0.02889   0.03262   0.04758   0.09044   0.01689   0.07511   0.06721   0.02080   0.17806   0.14550   2.25202   2.17853   1.44486   1.78222   0.93880  
 13 171.5837   2036.890853  x:  0.00000   0.00155   0.05403   0.03434   0.03752   0.09888   0.02584   0.07737   0.10213   0.04177   0.20649   0.00000   0.00822   0.02330   0.02238   0.05430   0.08775   0.01796   0.08014   0.08671   0.02398   0.17077   0.14819   2.32684   2.16699   1.42702   1.78851   0.95756  
 14 91.0603   2033.086721  x:  0.00000   0.00161   0.04729   0.01366   0.03706   0.10161   0.02568   0.07956   0.10092   0.04582   0.18375   0.00000   0.00776   0.02355   0.02807   0.06187   0.09080   0.01773   0.08587   0.08780   0.02354   0.18671   0.14871   2.48293   2.14382   1.39280   1.79740   0.95810  
 15 159.5849   2024.465617  x:  0.00000   0.00144   0.02697   0.03870   0.03368   0.10744   0.02410   0.07814   0.10115   0.05443   0.14017   0.00000   0.00598   0.02768   0.02884   0.07904   0.09986   0.01674   0.09563   0.07300   0.02075   0.23959   0.14654   2.95098   2.07468   1.29166   1.82202   0.94530  
 16 1027.7992   2009.165007  x:  0.00000   0.00082   0.05226   0.03929   0.03248   0.10318   0.02283   0.06690   0.10866   0.02599   0.18455   0.00000   0.00638   0.02408   0.03353   0.02596   0.10088   0.01641   0.07873   0.06959   0.01895   0.24557   0.15357   3.66311   1.96943   1.14512   1.85244   0.90054  
 17 630.8465   2002.328216  x:  0.00000   0.00051   0.04076   0.04164   0.03232   0.09679   0.02289   0.07217   0.11212   0.07190   0.24478   0.00000   0.00459   0.02562   0.03400   0.02926   0.09843   0.01653   0.06820   0.08976   0.01764   0.20987   0.15140   4.10340   1.90450   1.06310   1.86543   0.87117  
 18 819.3368   2000.474335  x:  0.00000   0.00076   0.02759   0.04218   0.03078   0.09688   0.02231   0.07840   0.11144   0.05700   0.26532   0.00000   0.00375   0.02716   0.03628   0.04894   0.09939   0.01612   0.07585   0.09234   0.01556   0.19334   0.15447   4.20638   1.89001   1.05263   1.86306   0.86487  
 19 289.2301   1999.367531  x:  0.00000   0.00077   0.03157   0.04208   0.03133   0.10581   0.02255   0.09079   0.10673   0.06171   0.27285   0.00000   0.00404   0.02763   0.03478   0.04416   0.10886   0.01618   0.09757   0.07825   0.01634   0.18514   0.15627   4.27371   1.88485   1.08775   1.83556   0.86780  
 20 48.8117   1995.020408  x:  0.00000   0.00091   0.02886   0.04398   0.03256   0.10913   0.02312   0.07299   0.10318   0.06134   0.28403   0.00000   0.00345   0.02812   0.03608   0.04659   0.10924   0.01665   0.08306   0.09375   0.01483   0.19060   0.15726   4.54889   1.87259   1.29600   1.67763   0.88809  
 21 101.8946   1994.719337  x:  0.00000   0.00092   0.02822   0.04351   0.03216   0.10019   0.02309   0.08441   0.11217   0.06107   0.28363   0.00000   0.00341   0.02848   0.03635   0.04645   0.10366   0.01668   0.07848   0.08989   0.01471   0.19218   0.15769   4.56658   1.87488   1.30785   1.66486   0.88944  
 22 41.9140   1994.470237  x:  0.00000   0.00095   0.02869   0.04365   0.03206   0.09271   0.02311   0.07819   0.12146   0.06190   0.28405   0.00000   0.00340   0.02847   0.03620   0.04593   0.10115   0.01669   0.08849   0.09175   0.01475   0.19310   0.15857   4.57509   1.89091   1.30261   1.64851   0.89019  
 23  8.7431   1992.599039  x:  0.00000   0.00129   0.02936   0.04377   0.03091   0.11097   0.02274   0.08009   0.12693   0.06205   0.28839   0.00000   0.00334   0.02973   0.03484   0.04901   0.10719   0.01654   0.08084   0.09035   0.01507   0.19958   0.16813   4.62763   2.02813   1.24038   1.52201   0.89467  
 24 33.6092   1992.166438  x:  0.00000   0.00129   0.02921   0.04412   0.03077   0.09920   0.02275   0.08295   0.10690   0.06205   0.29120   0.00000   0.00319   0.02996   0.03551   0.04813   0.10313   0.01660   0.08295   0.09066   0.01475   0.20553   0.16934   4.63705   2.05068   1.23031   1.50234   0.89408  
 25 34.1928   1982.679151  x:  0.00000   0.00386   0.04454   0.04355   0.02330   0.08479   0.02167   0.07912   0.11217   0.06497   0.32155   0.00000   0.00465   0.03651   0.02268   0.06854   0.13959   0.01614   0.07592   0.08433   0.01786   0.29037   0.23648   4.72428   1.97654   1.30441   1.69336   0.84689  
 26  3.2982   1981.247871  x:  0.00000   0.00402   0.04442   0.04461   0.02144   0.10620   0.02085   0.08179   0.11177   0.06599   0.32923   0.00000   0.00443   0.03719   0.02473   0.06764   0.10257   0.01618   0.08501   0.08708   0.01717   0.30810   0.24393   4.73654   1.96498   1.31443   1.71862   0.83894  
 27 63.8085   1972.569867  x:  0.00000   0.00201   0.04493   0.04661   0.02948   0.10139   0.02691   0.08653   0.11158   0.06089   0.31087   0.00000   0.00741   0.04127   0.04946   0.05650   0.11014   0.01941   0.08776   0.10603   0.02948   0.28066   0.30611   5.19130   1.55022   1.12553   1.42766   1.01347  
 28  1.7719   1968.791299  x:  0.00000   0.00063   0.04132   0.04806   0.03118   0.09561   0.02889   0.08941   0.10752   0.05786   0.30759   0.00000   0.00855   0.04201   0.06296   0.05065   0.10746   0.02033   0.08147   0.11803   0.03553   0.25821   0.33435   5.57529   1.95287   1.27995   1.75999   1.09135  
 29  7.7813   1962.144698  x:  0.00000   0.00093   0.03077   0.04204   0.00956   0.10471   0.01988   0.08141   0.11070   0.05539   0.32852   0.00000   0.00639   0.04131   0.04897   0.04474   0.09318   0.01428   0.08437   0.09954   0.03185   0.27830   0.37378   6.69111   1.89901   1.15609   1.63849   1.27060  
 30  0.8355   1959.127221  x:  0.00000   0.00049   0.03323   0.03681   0.02894   0.10734   0.02301   0.07921   0.10996   0.05844   0.32816   0.00000   0.00567   0.02907   0.03881   0.04394   0.10523   0.01359   0.08393   0.08995   0.03234   0.28542   0.40702   7.85408   1.87295   1.18667   1.66150   1.41480  
 31  0.7655   1958.147241  x:  0.00000   0.00038   0.02798   0.03575   0.02143   0.09812   0.01917   0.08701   0.11013   0.05820   0.32339   0.00000   0.00412   0.02417   0.03637   0.04434   0.10902   0.01019   0.08508   0.10269   0.03029   0.29408   0.41737   8.64888   1.90123   1.22827   1.73241   1.46431  
 32  0.3905   1957.701469  x:  0.00000   0.00011   0.02546   0.03893   0.01764   0.10258   0.01932   0.08656   0.11106   0.06211   0.31270   0.00000   0.00283   0.02558   0.03942   0.04577   0.10180   0.01074   0.08539   0.10907   0.02978   0.29741   0.40845   8.95204   1.91218   1.17255   1.68714   1.43554  
 33  0.1312   1957.474158  x:  0.00000   0.00000   0.02597   0.03958   0.01803   0.10351   0.02010   0.08562   0.11065   0.06307   0.31000   0.00000   0.00215   0.02563   0.03949   0.04667   0.10350   0.01130   0.08521   0.10728   0.02961   0.29752   0.40306   9.13139   1.90640   1.18063   1.69089   1.41983  
 34  0.1873   1957.188010  x:  0.00000   0.00000   0.02471   0.03995   0.01889   0.10341   0.02158   0.08470   0.10982   0.06426   0.30758   0.00000   0.00000   0.02640   0.03889   0.04739   0.10547   0.01224   0.08569   0.10162   0.02929   0.29822   0.39300   9.69885   1.89623   1.18900   1.70416   1.38325  
 35  0.5831   1957.145264  x:  0.00000   0.00000   0.02557   0.03851   0.01990   0.10177   0.02182   0.08529   0.11047   0.06326   0.31333   0.00000   0.00000   0.02746   0.03913   0.04638   0.10549   0.01225   0.08518   0.10084   0.03067   0.29773   0.39652   9.86896   1.90852   1.19040   1.71704   1.37548  
 36  0.0768   1957.137348  x:  0.00000   0.00000   0.02540   0.03811   0.01913   0.10216   0.02127   0.08493   0.11026   0.06324   0.31451   0.00000   0.00000   0.02749   0.03877   0.04655   0.10491   0.01187   0.08500   0.10164   0.03087   0.29816   0.39683   9.91443   1.90610   1.18685   1.71030   1.37222  
 37  0.0307   1957.135193  x:  0.00000   0.00000   0.02568   0.03804   0.01933   0.10244   0.02105   0.08482   0.11022   0.06315   0.31456   0.00000   0.00000   0.02723   0.03908   0.04666   0.10479   0.01175   0.08515   0.10195   0.03128   0.29742   0.39688   9.88156   1.90272   1.18620   1.70720   1.36902  
 38  0.0162   1957.134549  x:  0.00000   0.00000   0.02536   0.03808   0.01940   0.10240   0.02099   0.08486   0.11024   0.06333   0.31436   0.00000   0.00000   0.02717   0.03911   0.04671   0.10503   0.01174   0.08520   0.10167   0.03143   0.29742   0.39660   9.88952   1.90273   1.18645   1.70784   1.36664  
 39  0.0068   1957.134388  x:  0.00000   0.00000   0.02543   0.03813   0.01938   0.10228   0.02094   0.08492   0.11024   0.06338   0.31415   0.00000   0.00000   0.02711   0.03901   0.04673   0.10495   0.01174   0.08512   0.10156   0.03150   0.29768   0.39666   9.88370   1.90361   1.18677   1.70898   1.36669  
 40  0.0037   1957.134356  x:  0.00000   0.00000   0.02540   0.03816   0.01937   0.10230   0.02093   0.08488   0.11024   0.06332   0.31410   0.00000   0.00000   0.02714   0.03899   0.04669   0.10498   0.01176   0.08513   0.10160   0.03154   0.29772   0.39670   9.88101   1.90386   1.18670   1.70881   1.36656  
 41  0.0016   1957.134352  x:  0.00000   0.00000   0.02541   0.03817   0.01937   0.10231   0.02093   0.08488   0.11024   0.06331   0.31410   0.00000   0.00000   0.02714   0.03898   0.04668   0.10495   0.01177   0.08514   0.10159   0.03155   0.29773   0.39670   9.88246   1.90367   1.18673   1.70873   1.36654  
 42  0.0008   1957.134351  x:  0.00000   0.00000   0.02541   0.03817   0.01937   0.10231   0.02092   0.08489   0.11024   0.06331   0.31411   0.00000   0.00000   0.02713   0.03899   0.04668   0.10498   0.01178   0.08514   0.10160   0.03155   0.29772   0.39670   9.88289   1.90364   1.18670   1.70872   1.36658  
 43  0.0003   1957.134351  x:  0.00000   0.00000   0.02540   0.03817   0.01937   0.10231   0.02092   0.08489   0.11024   0.06332   0.31412   0.00000   0.00000   0.02713   0.03899   0.04669   0.10496   0.01178   0.08513   0.10160   0.03154   0.29772   0.39671   9.88275   1.90368   1.18670   1.70873   1.36660  
 44  0.0001   1957.134351  x:  0.00000   0.00000   0.02541   0.03817   0.01937   0.10231   0.02092   0.08489   0.11024   0.06332   0.31412   0.00000   0.00000   0.02713   0.03899   0.04669   0.10497   0.01178   0.08514   0.10159   0.03154   0.29772   0.39670   9.88262   1.90368   1.18670   1.70873   1.36660  
 45  0.0001   1957.134351  x:  0.00000   0.00000   0.02541   0.03817   0.01937   0.10231   0.02091   0.08489   0.11024   0.06332   0.31412   0.00000   0.00000   0.02713   0.03899   0.04669   0.10497   0.01178   0.08514   0.10160   0.03154   0.29772   0.39670   9.88269   1.90368   1.18671   1.70874   1.36660  
 46  0.0000   1957.134351  x:  0.00000   0.00000   0.02541   0.03817   0.01937   0.10231   0.02091   0.08489   0.11024   0.06332   0.31412   0.00000   0.00000   0.02713   0.03899   0.04669   0.10497   0.01178   0.08514   0.10160   0.03154   0.29772   0.39670   9.88272   1.90368   1.18670   1.70874   1.36660  
 47  0.0000   1957.134351  x:  0.00000   0.00000   0.02541   0.03817   0.01937   0.10231   0.02091   0.08489   0.11024   0.06332   0.31412   0.00000   0.00000   0.02713   0.03899   0.04669   0.10497   0.01178   0.08514   0.10160   0.03154   0.29772   0.39670   9.88272   1.90368   1.18671   1.70874   1.36661  
 48  0.0000   1957.134351  x:  0.00000   0.00000   0.02541   0.03817   0.01937   0.10231   0.02091   0.08489   0.11024   0.06332   0.31412   0.00000   0.00000   0.02713   0.03899   0.04669   0.10497   0.01178   0.08514   0.10160   0.03154   0.29772   0.39670   9.88272   1.90368   1.18671   1.70874   1.36661  
 49  0.0000   1957.134351  x:  0.00000   0.00000   0.02541   0.03817   0.01937   0.10231   0.02091   0.08489   0.11024   0.06332   0.31412   0.00000   0.00000   0.02713   0.03899   0.04669   0.10497   0.01178   0.08514   0.10160   0.03154   0.29772   0.39670   9.88272   1.90368   1.18671   1.70874   1.36661  

TREE # 2

  0  0.0000   1983.156038  x:  0.19236   0.00000   0.17669   0.03443   0.04409   0.01480   0.09876   0.02256   0.07429   0.04029   0.06870   0.05774   0.02163   0.18253   0.02577   0.05102   0.02790   0.06861   0.04509   0.06255   0.05438   0.07141   0.04930   9.88272   1.74104   1.14703   1.53745   1.36661  
  1 99.0000   1983.154792  x:  0.19236   0.00000   0.17669   0.03443   0.04409   0.01481   0.09876   0.02256   0.07429   0.04029   0.06870   0.05773   0.02163   0.18254   0.02577   0.05102   0.02790   0.06861   0.04509   0.06255   0.05438   0.07141   0.04930   9.88272   1.74104   1.14703   1.53745   1.36661  
  2 469.8534   1972.773735  x:  0.20031   0.00000   0.17606   0.05981   0.03589   0.00129   0.09908   0.02131   0.07669   0.04185   0.07711   0.04089   0.00000   0.18322   0.04480   0.05043   0.03229   0.07775   0.04222   0.06787   0.04220   0.07848   0.03814   9.88270   1.74121   1.14616   1.53912   1.36647  
  3 708.5630   1967.776545  x:  0.20341   0.00000   0.17104   0.08201   0.03029   0.00393   0.09917   0.00799   0.07803   0.04190   0.08224   0.02550   0.00000   0.17949   0.05025   0.04947   0.02969   0.08275   0.04006   0.07127   0.03165   0.08326   0.02870   9.88268   1.74126   1.14532   1.54095   1.36631  
  4 670.0745   1964.263662  x:  0.20210   0.00000   0.15973   0.10306   0.02713   0.00447   0.09859   0.01456   0.07899   0.04159   0.08512   0.00874   0.00000   0.16984   0.04617   0.04792   0.02157   0.08462   0.03862   0.07344   0.02105   0.08661   0.02015   9.88266   1.74124   1.14427   1.54351   1.36605  
  5 420.3035   1960.098271  x:  0.19042   0.00000   0.11384   0.14429   0.03484   0.00495   0.09621   0.01822   0.07953   0.04289   0.09016   0.02194   0.00000   0.12977   0.06062   0.04518   0.03249   0.08642   0.04104   0.07747   0.00979   0.09277   0.02025   9.88254   1.74114   1.14018   1.55369   1.36492  
  6 145.4069   1958.613415  x:  0.18449   0.00000   0.09211   0.16218   0.03655   0.00519   0.09569   0.01924   0.07990   0.04319   0.09187   0.01996   0.00000   0.11056   0.07177   0.04413   0.03413   0.08769   0.04196   0.07908   0.02238   0.09503   0.02228   9.88247   1.74111   1.13794   1.55939   1.36426  
  7 322.2280   1958.340770  x:  0.18059   0.00000   0.08818   0.16035   0.03559   0.00514   0.09674   0.01862   0.07966   0.04291   0.08965   0.01571   0.00000   0.10541   0.07905   0.04496   0.03249   0.08689   0.04122   0.07689   0.01930   0.09262   0.02618   9.88240   1.74116   1.13634   1.56392   1.36366  
  8 46.1489   1958.227289  x:  0.17716   0.00000   0.08802   0.15893   0.03299   0.00516   0.09798   0.01857   0.07964   0.04339   0.08855   0.01629   0.00000   0.10327   0.08103   0.04527   0.03261   0.08751   0.04040   0.07566   0.01937   0.09030   0.02124   9.88226   1.74134   1.13359   1.57185   1.36257  
  9 21.9427   1957.800846  x:  0.16692   0.00000   0.09340   0.16150   0.02854   0.00531   0.10209   0.01900   0.08088   0.04446   0.09052   0.01564   0.00000   0.10360   0.07846   0.04384   0.03690   0.09387   0.04033   0.07625   0.01971   0.08796   0.02537   9.88132   1.74313   1.11547   1.62487   1.35519  
 10 29.8293   1957.313884  x:  0.16454   0.00000   0.09588   0.16237   0.03763   0.00508   0.10258   0.01904   0.08116   0.04334   0.09235   0.01707   0.00000   0.10837   0.08196   0.04422   0.03072   0.09429   0.04042   0.07772   0.01974   0.08997   0.02387   9.88011   1.74614   1.09420   1.69117   1.34562  
 11 105.1467   1956.955341  x:  0.17381   0.00000   0.09116   0.15913   0.03611   0.00519   0.09797   0.01879   0.07963   0.04250   0.09012   0.01419   0.00000   0.11087   0.08112   0.04656   0.03561   0.08677   0.04163   0.07730   0.01979   0.09326   0.02237   9.87914   1.74986   1.08144   1.74122   1.33776  
 12 79.3731   1956.846257  x:  0.17967   0.00000   0.09025   0.15857   0.03197   0.00531   0.09640   0.01898   0.07940   0.04357   0.08979   0.01644   0.00000   0.11011   0.08138   0.04510   0.03280   0.08603   0.04076   0.07677   0.01977   0.09368   0.02360   9.87880   1.75208   1.07990   1.75647   1.33493  
 13 50.2707   1956.736206  x:  0.18739   0.00000   0.09131   0.15628   0.03421   0.00527   0.09665   0.01877   0.08000   0.04372   0.08980   0.01552   0.00000   0.10500   0.08041   0.04256   0.03348   0.09015   0.04021   0.07591   0.01970   0.09092   0.02334   9.87831   1.75782   1.08584   1.77161   1.33075  
 14 20.0459   1956.479493  x:  0.19264   0.00000   0.09259   0.15616   0.03330   0.00528   0.10060   0.01908   0.08082   0.04138   0.09151   0.01653   0.00000   0.10259   0.08003   0.05268   0.03208   0.09238   0.04301   0.07784   0.01977   0.08847   0.02395   9.87685   1.77973   1.11635   1.80666   1.31805  
 15 23.8524   1955.171899  x:  0.19234   0.00000   0.09255   0.15570   0.03355   0.00556   0.10870   0.01952   0.07989   0.04847   0.09265   0.01502   0.00000   0.11292   0.08448   0.04370   0.03419   0.08467   0.04112   0.08093   0.02012   0.09076   0.02336   9.86911   1.90034   1.28532   1.98132   1.25184  
 16 108.2823   1954.926922  x:  0.18977   0.00000   0.09421   0.15587   0.03257   0.00578   0.09934   0.01988   0.07973   0.04107   0.09115   0.01549   0.00000   0.11418   0.08555   0.04307   0.03464   0.08848   0.03888   0.07676   0.02036   0.09426   0.02326   9.86766   1.92410   1.31277   2.00999   1.24146  
 17 81.1873   1954.857118  x:  0.18861   0.00000   0.09538   0.15559   0.03292   0.00585   0.09372   0.01972   0.07965   0.04504   0.09083   0.01503   0.00000   0.11386   0.08582   0.04467   0.03437   0.09021   0.04044   0.07584   0.02031   0.09495   0.02317   9.86714   1.93371   1.31817   2.01662   1.23981  
 18 25.8938   1954.447635  x:  0.18867   0.00000   0.09884   0.15208   0.03096   0.00615   0.08727   0.01980   0.08073   0.04240   0.09668   0.01422   0.00000   0.11192   0.08811   0.04203   0.03431   0.08634   0.04177   0.08666   0.01994   0.08961   0.02264   9.86296   2.01855   1.31812   2.03488   1.24683  
 19 13.3014   1953.741588  x:  0.19347   0.00000   0.09761   0.15067   0.03137   0.00632   0.09535   0.02037   0.07967   0.04538   0.09407   0.01432   0.00000   0.11646   0.08838   0.04551   0.03563   0.08997   0.03331   0.07944   0.02070   0.09365   0.02293   9.85561   2.16484   1.31367   2.06267   1.26200  
 20 108.8155   1953.621822  x:  0.19461   0.00000   0.09768   0.15104   0.03069   0.00636   0.09802   0.02051   0.07958   0.04437   0.09196   0.01445   0.00000   0.11776   0.08915   0.04364   0.03521   0.09105   0.03984   0.07605   0.02060   0.09480   0.02246   9.85427   2.18898   1.31284   2.06711   1.26534  
 21 73.5616   1953.484752  x:  0.19620   0.00000   0.10353   0.15589   0.03161   0.00643   0.09780   0.02097   0.08214   0.04435   0.08464   0.01513   0.00000   0.11702   0.09024   0.04401   0.03592   0.08720   0.03919   0.07578   0.02126   0.09224   0.02307   9.85201   2.18734   1.31371   2.06651   1.27963  
 22  3.2839   1950.657206  x:  0.21432   0.00000   0.11815   0.14362   0.02730   0.00903   0.09822   0.02468   0.07311   0.04506   0.10416   0.01238   0.00000   0.13683   0.10451   0.04554   0.03929   0.09412   0.03829   0.07038   0.02287   0.08573   0.02279   9.79934   2.07999   1.33793   2.03775   1.62114  
 23 25.0490   1950.302279  x:  0.21539   0.00000   0.11781   0.13623   0.02542   0.00924   0.10013   0.02462   0.08227   0.04560   0.09905   0.01178   0.00000   0.13721   0.10593   0.04536   0.03891   0.09968   0.03829   0.07933   0.02222   0.09552   0.02198   9.79308   2.06629   1.33982   2.03300   1.65785  
 24 70.7599   1949.909451  x:  0.21757   0.00000   0.12243   0.13511   0.02461   0.00961   0.10189   0.02535   0.06758   0.04544   0.09359   0.01153   0.00000   0.13691   0.10822   0.04549   0.03908   0.10343   0.03824   0.08656   0.02221   0.09845   0.02189   9.78685   2.04007   1.32072   2.00278   1.61595  
 25  5.4991   1947.129354  x:  0.23407   0.00000   0.13960   0.12872   0.02072   0.01210   0.10592   0.02880   0.07978   0.04705   0.10466   0.00994   0.00000   0.15043   0.12214   0.04791   0.04290   0.10567   0.03738   0.08291   0.02379   0.09323   0.02146   9.74336   1.85346   1.18088   1.78394   1.29852  
 26 113.5737   1947.124615  x:  0.23422   0.00000   0.13846   0.12895   0.02076   0.01211   0.10559   0.02882   0.07994   0.04702   0.10384   0.00999   0.00000   0.15173   0.12215   0.04790   0.04287   0.10660   0.03737   0.08347   0.02376   0.09179   0.02152   9.74315   1.85332   1.18075   1.78374   1.29818  
 27  2.1486   1945.357862  x:  0.24165   0.00000   0.12839   0.16893   0.03442   0.01517   0.10317   0.03521   0.08666   0.04720   0.10645   0.01450   0.00000   0.14608   0.14122   0.04552   0.04693   0.11288   0.03817   0.08643   0.02234   0.10496   0.02045   9.57930   1.90839   1.20692   1.82904   1.30269  
 28  0.2449   1944.542150  x:  0.24233   0.00000   0.11175   0.17305   0.02371   0.01958   0.09963   0.04000   0.08711   0.04657   0.10461   0.01144   0.00000   0.13777   0.15735   0.04409   0.04845   0.11199   0.03750   0.08268   0.01826   0.10501   0.02168   9.48149   1.94125   1.23921   1.86954   1.34519  
 29  0.0733   1944.255006  x:  0.24087   0.00000   0.11230   0.16512   0.02610   0.02287   0.10172   0.04302   0.08399   0.04689   0.10592   0.01186   0.00000   0.13154   0.16465   0.04537   0.04792   0.10824   0.03781   0.08392   0.01923   0.10246   0.02016   9.50000   1.89025   1.20606   1.81816   1.28826  
 30  0.0588   1944.112908  x:  0.23731   0.00000   0.11170   0.16347   0.02581   0.02617   0.10127   0.04486   0.08400   0.04690   0.10445   0.01224   0.00000   0.13232   0.16559   0.04536   0.04616   0.10819   0.03789   0.08455   0.02117   0.10070   0.02157   9.56193   1.92129   1.21817   1.84868   1.35027  
 31  0.0420   1943.972982  x:  0.23458   0.00000   0.11494   0.16754   0.02533   0.02996   0.09935   0.04499   0.08467   0.04654   0.10307   0.01099   0.00000   0.13629   0.16045   0.04490   0.04449   0.10999   0.03761   0.08314   0.02170   0.10159   0.02119   9.61551   1.92399   1.22696   1.86178   1.29669  
 32  0.0274   1943.878969  x:  0.23511   0.00000   0.11734   0.16641   0.02510   0.03266   0.10043   0.04371   0.08537   0.04669   0.10501   0.01244   0.00000   0.13682   0.15215   0.04552   0.04427   0.10967   0.03795   0.08400   0.02041   0.10284   0.02009   9.61302   1.89872   1.21116   1.82790   1.32037  
 33  0.0262   1943.851871  x:  0.23728   0.00000   0.11603   0.16466   0.02547   0.03368   0.10051   0.04269   0.08490   0.04670   0.10517   0.01131   0.00000   0.13629   0.15018   0.04551   0.04518   0.10921   0.03793   0.08417   0.01943   0.10233   0.02104   9.57636   1.91118   1.21369   1.83609   1.32010  
 34  0.0284   1943.836145  x:  0.23920   0.00000   0.11493   0.16424   0.02466   0.03451   0.09998   0.04164   0.08440   0.04674   0.10455   0.01201   0.00000   0.13592   0.15103   0.04512   0.04615   0.10899   0.03766   0.08394   0.01979   0.10182   0.02078   9.52959   1.91685   1.22139   1.84906   1.31185  
 35  0.0231   1943.820872  x:  0.23948   0.00000   0.11541   0.16563   0.02545   0.03517   0.09997   0.03985   0.08459   0.04685   0.10447   0.01165   0.00000   0.13571   0.15334   0.04507   0.04654   0.10911   0.03773   0.08403   0.02040   0.10206   0.02068   9.50449   1.90700   1.21750   1.83852   1.31848  
 36  0.0134   1943.816716  x:  0.23817   0.00000   0.11534   0.16594   0.02504   0.03528   0.10024   0.03922   0.08475   0.04677   0.10472   0.01182   0.00000   0.13553   0.15416   0.04531   0.04603   0.10917   0.03786   0.08398   0.02022   0.10223   0.02090   9.52697   1.91173   1.21507   1.83775   1.31598  
 37  0.0169   1943.816093  x:  0.23771   0.00000   0.11514   0.16578   0.02506   0.03523   0.10022   0.03908   0.08477   0.04675   0.10477   0.01178   0.00000   0.13559   0.15427   0.04531   0.04580   0.10923   0.03782   0.08398   0.02007   0.10217   0.02084   9.54340   1.91088   1.21662   1.84006   1.31679  
 38  0.0147   1943.816069  x:  0.23781   0.00000   0.11518   0.16571   0.02509   0.03520   0.10020   0.03907   0.08474   0.04677   0.10477   0.01178   0.00000   0.13564   0.15426   0.04528   0.04581   0.10923   0.03780   0.08400   0.02007   0.10215   0.02083   9.54976   1.91111   1.21649   1.84014   1.31672  
 39  0.0041   1943.816066  x:  0.23784   0.00000   0.11518   0.16574   0.02508   0.03520   0.10020   0.03907   0.08474   0.04677   0.10477   0.01178   0.00000   0.13562   0.15426   0.04529   0.04582   0.10922   0.03781   0.08400   0.02007   0.10216   0.02084   9.55190   1.91097   1.21649   1.84007   1.31682  
 40  0.0016   1943.816066  x:  0.23784   0.00000   0.11518   0.16575   0.02508   0.03520   0.10020   0.03907   0.08474   0.04677   0.10477   0.01178   0.00000   0.13562   0.15427   0.04529   0.04582   0.10922   0.03781   0.08400   0.02007   0.10216   0.02083   9.55223   1.91102   1.21650   1.84009   1.31683  
 41  0.0003   1943.816066  x:  0.23784   0.00000   0.11517   0.16575   0.02508   0.03520   0.10020   0.03907   0.08474   0.04677   0.10477   0.01178   0.00000   0.13562   0.15427   0.04529   0.04582   0.10922   0.03781   0.08400   0.02007   0.10216   0.02083   9.55227   1.91101   1.21650   1.84009   1.31683  
 42  0.0000   1943.816066  x:  0.23784   0.00000   0.11517   0.16575   0.02508   0.03520   0.10020   0.03907   0.08474   0.04677   0.10477   0.01178   0.00000   0.13562   0.15427   0.04529   0.04582   0.10922   0.03781   0.08400   0.02007   0.10216   0.02083   9.55227   1.91101   1.21650   1.84009   1.31683  
 43  0.0000   1943.816066  x:  0.23784   0.00000   0.11517   0.16575   0.02508   0.03520   0.10020   0.03907   0.08474   0.04677   0.10477   0.01178   0.00000   0.13562   0.15427   0.04529   0.04582   0.10922   0.03781   0.08400   0.02007   0.10216   0.02083   9.55227   1.91101   1.21650   1.84009   1.31683  