

TREE # 1

  0  0.0000   1954.797989  x:  0.20925   0.02571   0.03211   0.02495   0.05815   0.02188   0.05666   0.08536   0.02661   0.17168   0.20925   0.02571   0.03211   0.02495   0.05815   0.02188   0.05666   0.08536   0.02661   0.17168   0.21568   8.40433   1.29618   1.07697   1.36672   1.00000  
  1 99.0000   1938.780427  x:  0.20087   0.03920   0.03454   0.07042   0.06643   0.01897   0.06480   0.08493   0.03736   0.16981   0.20195   0.06026   0.04490   0.00000   0.07457   0.04015   0.05378   0.08459   0.03248   0.17299   0.21348   8.40442   1.29619   1.07443   1.36882   0.99841  
  2 442.6985   1935.826475  x:  0.16548   0.04189   0.03107   0.06421   0.08374   0.01789   0.07847   0.08158   0.03533   0.16262   0.17121   0.06364   0.04712   0.00000   0.10415   0.02745   0.04621   0.07962   0.02246   0.17821   0.20438   8.40481   1.29617   1.06341   1.37785   0.99101  
  3 92.9447   1934.557471  x:  0.13867   0.03915   0.03234   0.05825   0.08581   0.02014   0.08011   0.08082   0.03520   0.15867   0.14825   0.06083   0.04499   0.00000   0.10980   0.03922   0.04834   0.07808   0.03321   0.18206   0.19768   8.40518   1.29611   1.05323   1.38615   0.98400  
  4 112.6016   1933.894525  x:  0.12137   0.03838   0.03425   0.06371   0.07884   0.01600   0.07491   0.08221   0.03815   0.15807   0.13275   0.05900   0.04482   0.00000   0.10122   0.03548   0.05210   0.07963   0.02960   0.18497   0.19309   8.40561   1.29600   1.04202   1.39527   0.97594  
  5 65.7641   1933.759719  x:  0.11881   0.03915   0.03329   0.06477   0.07747   0.02118   0.07384   0.08245   0.03729   0.15860   0.12992   0.05983   0.04544   0.00000   0.09826   0.03417   0.05100   0.08009   0.02884   0.18587   0.19199   8.40581   1.29594   1.03678   1.39952   0.97201  
  6 46.7603   1933.429702  x:  0.11945   0.04178   0.02937   0.06280   0.07734   0.01838   0.07388   0.08217   0.03258   0.16157   0.12766   0.06361   0.04701   0.00000   0.09236   0.03440   0.04440   0.08052   0.03018   0.18839   0.18973   8.40667   1.29564   1.01596   1.41650   0.95581  
  7 40.0198   1932.730890  x:  0.12706   0.04138   0.03575   0.05957   0.08149   0.01909   0.07761   0.08093   0.03907   0.16748   0.12947   0.06540   0.04556   0.00000   0.09050   0.03549   0.04695   0.07951   0.02786   0.19273   0.18646   8.40901   1.29466   0.96209   1.46077   0.91211  
  8 84.2584   1932.497983  x:  0.12847   0.03807   0.03193   0.06384   0.08043   0.01910   0.07635   0.08138   0.03576   0.16680   0.13275   0.06200   0.04482   0.00000   0.09527   0.03399   0.05113   0.07920   0.02990   0.19183   0.18737   8.40998   1.29398   0.94447   1.47613   0.89494  
  9 66.7838   1932.419873  x:  0.12724   0.04028   0.03241   0.06415   0.07777   0.01916   0.07411   0.08215   0.03598   0.16359   0.13536   0.05938   0.04549   0.00000   0.09816   0.03577   0.04890   0.07959   0.02845   0.18877   0.18979   8.41056   1.29324   0.94026   1.48141   0.88610  
 10 23.8421   1932.378853  x:  0.12598   0.04002   0.03329   0.06324   0.07707   0.01914   0.07361   0.08220   0.03690   0.16047   0.13675   0.06106   0.04579   0.00000   0.09817   0.03398   0.04833   0.07995   0.03035   0.18558   0.19213   8.41112   1.29238   0.94024   1.48403   0.87854  
 11 16.5355   1932.337361  x:  0.12508   0.03877   0.03247   0.06259   0.07800   0.01913   0.07445   0.08186   0.03625   0.15762   0.13719   0.06296   0.04525   0.00000   0.09653   0.03509   0.04943   0.07996   0.02851   0.18227   0.19444   8.41196   1.29113   0.94250   1.48639   0.86821  
 12 19.3713   1932.279784  x:  0.12603   0.04109   0.03237   0.06414   0.08025   0.01911   0.07644   0.08167   0.03619   0.15766   0.13553   0.06029   0.04460   0.00000   0.09463   0.03466   0.04964   0.07910   0.02949   0.18086   0.19532   8.41367   1.28893   0.94982   1.48904   0.84915  
 13 15.9651   1932.221922  x:  0.12751   0.03855   0.03283   0.06407   0.07924   0.01917   0.07532   0.08195   0.03662   0.16051   0.13402   0.06026   0.04661   0.00000   0.09604   0.03494   0.04841   0.07942   0.02929   0.18283   0.19408   8.41575   1.28689   0.95896   1.49133   0.82809  
 14 25.1361   1932.206438  x:  0.12733   0.03979   0.03258   0.06332   0.07824   0.01916   0.07454   0.08209   0.03639   0.16149   0.13453   0.06149   0.04536   0.00000   0.09698   0.03486   0.04940   0.07979   0.02920   0.18434   0.19321   8.41649   1.28665   0.96164   1.49185   0.82217  
 15 15.5181   1932.203522  x:  0.12643   0.03958   0.03280   0.06354   0.07839   0.01916   0.07486   0.08196   0.03628   0.16129   0.13588   0.06140   0.04510   0.00000   0.09668   0.03485   0.04911   0.07978   0.02917   0.18542   0.19267   8.41696   1.28730   0.96217   1.49186   0.82098  
 16  2.8635   1932.202813  x:  0.12629   0.03968   0.03252   0.06344   0.07848   0.01916   0.07487   0.08197   0.03651   0.16112   0.13615   0.06134   0.04547   0.00000   0.09658   0.03487   0.04927   0.07975   0.02919   0.18570   0.19254   8.41727   1.28782   0.96229   1.49183   0.82070  
 17  1.8866   1932.200299  x:  0.12669   0.03982   0.03296   0.06343   0.07861   0.01915   0.07463   0.08220   0.03603   0.16029   0.13597   0.06139   0.04584   0.00000   0.09651   0.03485   0.04953   0.07963   0.02918   0.18611   0.19241   8.41936   1.29150   0.96263   1.49165   0.81983  
 18  1.6208   1932.196765  x:  0.12720   0.03961   0.03259   0.06360   0.07851   0.01915   0.07449   0.08222   0.03649   0.15965   0.13560   0.06143   0.04520   0.00000   0.09651   0.03488   0.04914   0.07961   0.02919   0.18626   0.19240   8.42258   1.29690   0.96315   1.49148   0.81870  
 19  8.4692   1932.193526  x:  0.12679   0.03967   0.03265   0.06361   0.07803   0.01915   0.07512   0.08165   0.03639   0.16089   0.13577   0.06139   0.04540   0.00000   0.09657   0.03490   0.04926   0.07998   0.02920   0.18533   0.19275   8.42606   1.30164   0.96383   1.49180   0.81800  
 20  4.3327   1932.191819  x:  0.12641   0.03966   0.03266   0.06362   0.07861   0.01914   0.07452   0.08217   0.03643   0.16171   0.13604   0.06147   0.04536   0.00000   0.09653   0.03491   0.04924   0.07960   0.02919   0.18481   0.19292   8.42835   1.30340   0.96448   1.49260   0.81802  
 21  2.6003   1932.154503  x:  0.12771   0.03961   0.03262   0.06448   0.07718   0.01907   0.07517   0.08321   0.03658   0.16107   0.13712   0.06188   0.04545   0.00000   0.09603   0.03511   0.04944   0.07911   0.02924   0.18448   0.19260   8.48974   1.32195   0.98566   1.52521   0.82787  
 22  2.4942   1932.150510  x:  0.12783   0.03968   0.03270   0.06468   0.07788   0.01905   0.07419   0.08191   0.03656   0.16098   0.13719   0.06181   0.04544   0.00000   0.09598   0.03514   0.04946   0.08000   0.02926   0.18462   0.19280   8.49644   1.32352   0.98755   1.52807   0.82879  
 23 11.3765   1932.124487  x:  0.12795   0.03979   0.03277   0.06537   0.07714   0.01897   0.07388   0.08105   0.03665   0.16199   0.13714   0.06233   0.04556   0.00000   0.09542   0.03531   0.04957   0.07822   0.02929   0.18819   0.19925   8.54863   1.32088   0.98644   1.52402   0.82986  
 24  2.1617   1932.059159  x:  0.12932   0.03990   0.03276   0.06715   0.07765   0.01879   0.07452   0.08537   0.03700   0.16293   0.13835   0.06292   0.04567   0.00000   0.09413   0.03585   0.04982   0.08402   0.02952   0.18926   0.20192   8.68205   1.31264   0.98207   1.51085   0.83186  
 25 41.8105   1931.928482  x:  0.13317   0.04049   0.03311   0.07085   0.07513   0.01843   0.07227   0.08279   0.03745   0.16326   0.14204   0.06505   0.04627   0.00000   0.09135   0.03671   0.05029   0.08088   0.02969   0.18424   0.19503   8.94366   1.29568   0.97300   1.48368   0.83538  
 26 122.1987   1931.881338  x:  0.13070   0.04095   0.03316   0.07267   0.07715   0.01848   0.07381   0.08231   0.03771   0.16223   0.13984   0.06663   0.04648   0.00000   0.09524   0.03766   0.05007   0.08022   0.03026   0.18470   0.19414   9.14555   1.29801   0.97228   1.49122   0.83334  
 27  0.1566   1931.879932  x:  0.13039   0.04101   0.03303   0.07334   0.07692   0.01851   0.07368   0.08242   0.03770   0.16229   0.13959   0.06708   0.04659   0.00000   0.09484   0.03740   0.05000   0.08036   0.02996   0.18487   0.19435   9.14886   1.29801   0.97170   1.49140   0.83314  
 28  0.0028   1931.879795  x:  0.13049   0.04104   0.03304   0.07349   0.07699   0.01851   0.07372   0.08239   0.03770   0.16230   0.13968   0.06717   0.04660   0.00000   0.09496   0.03740   0.04998   0.08032   0.02999   0.18483   0.19428   9.13280   1.29783   0.97186   1.49092   0.83329  
 29  0.0087   1931.879785  x:  0.13046   0.04104   0.03305   0.07350   0.07698   0.01850   0.07371   0.08240   0.03771   0.16229   0.13965   0.06717   0.04660   0.00000   0.09495   0.03743   0.05000   0.08033   0.03000   0.18484   0.19430   9.12958   1.29788   0.97181   1.49112   0.83311  
 30  0.0027   1931.879785  x:  0.13046   0.04104   0.03305   0.07350   0.07697   0.01850   0.07371   0.08240   0.03771   0.16229   0.13965   0.06717   0.04660   0.00000   0.09495   0.03743   0.05000   0.08033   0.03000   0.18484   0.19430   9.12958   1.29787   0.97180   1.49109   0.83313  
 31  0.0000   1931.879785  x:  0.13046   0.04104   0.03305   0.07350   0.07697   0.01850   0.07371   0.08240   0.03771   0.16229   0.13965   0.06717   0.04660   0.00000   0.09495   0.03743   0.05000   0.08033   0.03000   0.18484   0.19430   9.12959   1.29787   0.97180   1.49109   0.83313  
 32  0.0000   1931.879785  x:  0.13046   0.04104   0.03305   0.07350   0.07697   0.01850   0.07371   0.08240   0.03771   0.16229   0.13965   0.06717   0.04660   0.00000   0.09495   0.03743   0.05000   0.08033   0.03000   0.18484   0.19430   9.12959   1.29787   0.97180   1.49109   0.83313  