

TREE # 1

  0  0.0000   2027.164110  x:  0.01972   0.20925   0.02571   0.03211   0.02495   0.05815   0.02188   0.05666   0.08536   0.02661   0.17168   0.01972   0.20925   0.02571   0.03211   0.02495   0.05815   0.02188   0.05666   0.08536   0.02661   0.17168   0.21568   8.40433   2.14944   1.37971   1.66542   1.00000  
  1 99.0000   2016.576001  x:  0.00000   0.20850   0.03839   0.03230   0.01627   0.06675   0.02054   0.06765   0.08649   0.04253   0.17260   0.00040   0.20852   0.02730   0.03877   0.03197   0.06356   0.03502   0.06764   0.09120   0.03043   0.17276   0.21799   8.40428   2.14891   1.37832   1.66717   1.00048  
  2 315.0156   2016.504684  x:  0.00000   0.20848   0.03835   0.03228   0.01624   0.06683   0.02054   0.06775   0.08650   0.04251   0.17262   0.00000   0.20850   0.02730   0.03878   0.03195   0.06360   0.03496   0.06773   0.09127   0.03043   0.17278   0.21803   8.40428   2.14890   1.37829   1.66721   1.00049  
  3 231.2451   2016.226847  x:  0.00000   0.20326   0.03693   0.03220   0.02384   0.06712   0.02185   0.06945   0.08950   0.04250   0.17687   0.00000   0.20491   0.02591   0.03688   0.03162   0.06472   0.03879   0.06838   0.09779   0.03037   0.17674   0.22732   8.40399   2.14615   1.37154   1.67583   1.00291  
  4 33.4984   2015.722127  x:  0.00000   0.19023   0.03842   0.03070   0.01700   0.06304   0.01935   0.06547   0.09269   0.04218   0.18687   0.00000   0.19565   0.02664   0.03637   0.03065   0.06294   0.03850   0.06554   0.10447   0.03063   0.18600   0.24815   8.40319   2.13856   1.35323   1.69935   1.00951  
  5 54.4095   2015.457134  x:  0.00000   0.18309   0.03860   0.03298   0.01730   0.06507   0.02467   0.06549   0.09013   0.04382   0.19162   0.00000   0.18977   0.02678   0.03988   0.03299   0.06183   0.03487   0.06601   0.09764   0.03018   0.19047   0.25606   8.40254   2.13238   1.33894   1.71797   1.01470  
  6 48.9797   2015.224521  x:  0.00000   0.17874   0.03764   0.03217   0.01883   0.06653   0.01923   0.06787   0.08622   0.04403   0.19409   0.00000   0.18522   0.02661   0.03889   0.03209   0.06292   0.03598   0.06731   0.08874   0.03042   0.19290   0.25771   8.40184   2.12574   1.32423   1.73746   1.02012  
  7 56.8155   2014.961247  x:  0.00000   0.17886   0.03761   0.03075   0.01585   0.06731   0.02349   0.06812   0.08451   0.04174   0.19309   0.00000   0.18252   0.02654   0.03402   0.02990   0.06489   0.03980   0.06766   0.08859   0.03050   0.19230   0.24849   8.40072   2.11516   1.30242   1.76723   1.02836  
  8 39.0385   2014.569980  x:  0.00000   0.18187   0.03835   0.03036   0.01771   0.06484   0.02102   0.06748   0.08606   0.04197   0.18957   0.00000   0.18121   0.02659   0.03830   0.03226   0.06398   0.03723   0.06760   0.09544   0.03015   0.18950   0.23104   8.39886   2.09796   1.26829   1.81466   1.04147  
  9 99.6401   2014.530224  x:  0.00000   0.18329   0.03794   0.03202   0.01759   0.06576   0.02060   0.06748   0.08774   0.04441   0.18836   0.00000   0.18378   0.02580   0.03722   0.03048   0.06256   0.03640   0.06707   0.09547   0.03044   0.18819   0.23115   8.39856   2.09552   1.26525   1.82019   1.04299  
 10 18.6079   2014.485660  x:  0.00000   0.18641   0.03653   0.03150   0.01708   0.06692   0.02042   0.06701   0.08973   0.04365   0.18560   0.00000   0.19044   0.02653   0.03744   0.03204   0.06191   0.03743   0.06719   0.09447   0.03032   0.18510   0.23469   8.39801   2.09157   1.26295   1.82743   1.04496  
 11 14.4312   2014.465096  x:  0.00000   0.18822   0.03840   0.03104   0.01751   0.06588   0.02074   0.06745   0.08895   0.04304   0.18386   0.00000   0.19368   0.02617   0.03783   0.03111   0.06303   0.03692   0.06741   0.09430   0.03012   0.18322   0.23716   8.39764   2.08916   1.26274   1.83109   1.04594  
 12 13.6720   2014.456954  x:  0.00000   0.18900   0.03776   0.03147   0.01741   0.06526   0.02075   0.06769   0.08711   0.04351   0.18293   0.00000   0.19391   0.02620   0.03743   0.03160   0.06327   0.03673   0.06736   0.09499   0.03067   0.18236   0.23817   8.39734   2.08754   1.26390   1.83278   1.04637  
 13  5.3073   2014.447114  x:  0.00000   0.18971   0.03753   0.03147   0.01735   0.06596   0.02061   0.06738   0.08600   0.04366   0.18197   0.00000   0.19291   0.02618   0.03795   0.03112   0.06269   0.03720   0.06728   0.09555   0.02948   0.18159   0.23887   8.39675   2.08481   1.26682   1.83508   1.04692  
 14  5.5007   2014.424758  x:  0.00000   0.19073   0.03843   0.03142   0.01766   0.06721   0.02042   0.06693   0.08670   0.04296   0.18061   0.00000   0.19018   0.02658   0.03797   0.03095   0.06208   0.03710   0.06745   0.09559   0.03109   0.18062   0.23951   8.39519   2.07792   1.27489   1.84054   1.04818  
 15 12.0761   2014.401967  x:  0.00000   0.19102   0.03844   0.03172   0.01721   0.06640   0.02037   0.06751   0.08859   0.04320   0.18043   0.00000   0.18860   0.02552   0.03733   0.03203   0.06309   0.03681   0.06773   0.09496   0.03019   0.18062   0.23935   8.39347   2.07096   1.28339   1.84602   1.04940  
 16 20.1542   2014.384606  x:  0.00000   0.19043   0.03753   0.03142   0.01709   0.06537   0.02078   0.06824   0.08936   0.04397   0.18153   0.00000   0.18911   0.02697   0.03802   0.03119   0.06383   0.03699   0.06778   0.09469   0.03013   0.18158   0.23854   8.39203   2.06592   1.28983   1.85007   1.05025  
 17 17.2244   2014.362862  x:  0.00000   0.18861   0.03768   0.03062   0.01701   0.06605   0.02079   0.06843   0.08822   0.04397   0.18430   0.00000   0.19203   0.02575   0.03830   0.03128   0.06310   0.03713   0.06755   0.09523   0.03069   0.18383   0.23683   8.39004   2.06050   1.29727   1.85470   1.05112  
 18 12.9023   2014.356387  x:  0.00000   0.18800   0.03828   0.03158   0.01714   0.06647   0.02046   0.06820   0.08783   0.04360   0.18499   0.00000   0.19289   0.02651   0.03772   0.03157   0.06309   0.03699   0.06791   0.09553   0.03022   0.18439   0.23641   8.38934   2.05953   1.29892   1.85579   1.05124  
 19  6.9382   2014.329800  x:  0.00000   0.18672   0.03769   0.03315   0.01684   0.06710   0.02004   0.06606   0.08781   0.04352   0.18474   0.00000   0.19340   0.02561   0.03879   0.03092   0.06521   0.03754   0.06949   0.09588   0.03083   0.18427   0.23624   8.38564   2.06152   1.30038   1.85749   1.05055  
 20  1.6264   2013.905502  x:  0.00000   0.17442   0.03955   0.02623   0.01590   0.07301   0.01971   0.06818   0.08898   0.05055   0.17771   0.00000   0.19423   0.02738   0.03713   0.03258   0.06970   0.03542   0.07381   0.10015   0.03023   0.17980   0.23708   8.32581   2.10176   1.31532   1.88002   1.03810  
 21 13.0475   2013.532790  x:  0.00000   0.17042   0.04070   0.03039   0.01204   0.07386   0.01932   0.07977   0.09041   0.04846   0.17510   0.00000   0.19375   0.02618   0.04080   0.03213   0.06717   0.03920   0.07603   0.10326   0.03160   0.17830   0.23863   8.27185   2.13840   1.32784   1.89986   1.02717  
 22 109.9711   2013.282299  x:  0.00000   0.18682   0.04158   0.02885   0.01108   0.07488   0.01921   0.08050   0.09007   0.05076   0.18425   0.00000   0.19123   0.02616   0.04062   0.03226   0.06668   0.03941   0.08345   0.10458   0.03178   0.18479   0.24152   8.23523   2.16288   1.33483   1.91233   1.02113  
 23 38.2117   2013.268758  x:  0.00000   0.18824   0.04168   0.02914   0.01094   0.07635   0.01892   0.08090   0.09004   0.05081   0.18503   0.00000   0.19105   0.02635   0.04098   0.03248   0.06856   0.03921   0.08107   0.10484   0.03181   0.18541   0.24172   8.23323   2.16373   1.33489   1.91243   1.02154  
 24  7.7002   2013.200733  x:  0.00000   0.18800   0.04183   0.02904   0.01072   0.07703   0.01888   0.08180   0.09017   0.05107   0.18343   0.00000   0.19091   0.02635   0.04111   0.03248   0.06882   0.03923   0.08230   0.10546   0.03188   0.18758   0.24219   8.21954   2.14006   1.32012   1.87909   1.06575  
 25  1.8397   2013.193849  x:  0.00000   0.18771   0.04183   0.02903   0.01070   0.07714   0.01887   0.08193   0.09020   0.05110   0.18602   0.00000   0.19064   0.02635   0.04113   0.03247   0.06887   0.03921   0.08242   0.10556   0.03188   0.18445   0.24217   8.21805   2.13602   1.31780   1.87518   1.06778  
 26  3.5293   2013.114135  x:  0.00000   0.18738   0.04170   0.02906   0.01077   0.07826   0.01881   0.08311   0.09031   0.05120   0.18557   0.00000   0.19003   0.02627   0.04128   0.03235   0.06941   0.03899   0.08366   0.10639   0.03194   0.18628   0.24305   8.19863   2.06070   1.27638   1.82212   1.04450  
 27  2.6649   2012.993243  x:  0.00000   0.18814   0.03958   0.02946   0.01385   0.08070   0.01932   0.08668   0.09055   0.04899   0.18598   0.00000   0.19013   0.02565   0.04125   0.03127   0.07051   0.03612   0.08594   0.10848   0.03161   0.18659   0.24353   8.12560   2.07820   1.28712   1.83592   1.04426  
 28  0.1346   2012.983293  x:  0.00000   0.18747   0.03886   0.02926   0.01290   0.08126   0.01947   0.08748   0.09057   0.04832   0.18549   0.00000   0.19042   0.02568   0.04107   0.03113   0.07065   0.03521   0.08657   0.10868   0.03137   0.18632   0.24299   8.10251   2.07973   1.28972   1.84010   1.04205  
 29  0.0313   2012.982485  x:  0.00000   0.18739   0.03901   0.02929   0.01278   0.08156   0.01950   0.08781   0.09049   0.04839   0.18538   0.00000   0.19046   0.02575   0.04105   0.03129   0.07069   0.03562   0.08678   0.10861   0.03137   0.18623   0.24277   8.09635   2.07994   1.29001   1.83991   1.04183  
 30  0.0063   2012.982471  x:  0.00000   0.18739   0.03903   0.02930   0.01279   0.08160   0.01946   0.08784   0.09048   0.04839   0.18540   0.00000   0.19044   0.02575   0.04105   0.03128   0.07069   0.03560   0.08679   0.10855   0.03137   0.18624   0.24280   8.09630   2.07994   1.28994   1.83974   1.04194  
 31  0.0002   2012.982470  x:  0.00000   0.18739   0.03903   0.02931   0.01279   0.08161   0.01947   0.08784   0.09048   0.04839   0.18540   0.00000   0.19044   0.02575   0.04105   0.03128   0.07069   0.03560   0.08679   0.10853   0.03138   0.18624   0.24280   8.09646   2.07994   1.28995   1.83974   1.04193  
 32  0.0002   2012.982470  x:  0.00000   0.18739   0.03903   0.02930   0.01279   0.08161   0.01947   0.08784   0.09048   0.04839   0.18540   0.00000   0.19044   0.02575   0.04105   0.03128   0.07069   0.03560   0.08679   0.10853   0.03137   0.18624   0.24280   8.09652   2.07994   1.28995   1.83975   1.04193  
 33  0.0001   2012.982470  x:  0.00000   0.18739   0.03903   0.02930   0.01279   0.08161   0.01947   0.08784   0.09048   0.04839   0.18540   0.00000   0.19044   0.02575   0.04105   0.03128   0.07069   0.03560   0.08679   0.10853   0.03137   0.18624   0.24280   8.09653   2.07994   1.28995   1.83975   1.04193  
 34  0.0000   2012.982470  x:  0.00000   0.18739   0.03903   0.02930   0.01279   0.08161   0.01947   0.08784   0.09048   0.04839   0.18540   0.00000   0.19044   0.02575   0.04105   0.03128   0.07069   0.03560   0.08679   0.10853   0.03137   0.18624   0.24280   8.09653   2.07994   1.28995   1.83975   1.04193  
 35  0.0000   2012.982470  x:  0.00000   0.18739   0.03903   0.02930   0.01279   0.08161   0.01947   0.08784   0.09048   0.04839   0.18540   0.00000   0.19044   0.02575   0.04105   0.03128   0.07069   0.03560   0.08679   0.10853   0.03137   0.18624   0.24280   8.09653   2.07994   1.28995   1.83975   1.04193  

TREE # 2

  0  0.0000   2321.159903  x:  0.00000   0.18739   0.03903   0.02930   0.01279   0.08161   0.01947   0.08784   0.09048   0.04839   0.18540   0.00000   0.19044   0.02575   0.04105   0.03128   0.07069   0.03560   0.08679   0.10853   0.03137   0.18624   0.24280   8.09653   2.03446   1.15989   1.65667   1.04193  
  1 99.0000   2158.850422  x:  0.47504   0.19007   0.08495   0.09170   0.02805   0.07660   0.06364   0.08328   0.08861   0.05367   0.18039   0.13913   0.19283   0.09019   0.08489   0.04097   0.06735   0.04774   0.08103   0.10534   0.02464   0.17941   0.23259   8.09655   2.03411   1.16044   1.65716   1.04197  
  2 6593.8003   2102.881187  x:  0.46706   0.14919   0.14004   0.14100   0.03208   0.05100   0.09201   0.06119   0.08395   0.03666   0.15220   0.10800   0.15190   0.13930   0.13722   0.05354   0.05287   0.07739   0.05735   0.09458   0.00000   0.15323   0.19244   8.09669   2.03234   1.16513   1.65749   1.04185  
  3 498.5242   2057.670932  x:  0.48480   0.04257   0.15634   0.16054   0.02193   0.00395   0.10004   0.02835   0.08749   0.02550   0.09044   0.05032   0.04478   0.16182   0.15309   0.03287   0.02482   0.07650   0.01298   0.09193   0.08816   0.10364   0.09620   8.09699   2.02782   1.17553   1.65949   1.04188  
  4 491.4047   2042.571035  x:  0.49097   0.00000   0.16147   0.16673   0.02389   0.02054   0.10274   0.02242   0.08910   0.02398   0.06861   0.03064   0.00201   0.16910   0.15795   0.02959   0.02187   0.07628   0.00403   0.09144   0.11257   0.08548   0.05860   8.09710   2.02616   1.17926   1.66044   1.04188  
  5 1535.5452   2041.934872  x:  0.49116   0.00000   0.16165   0.16693   0.02401   0.02063   0.10283   0.02253   0.08916   0.02408   0.06782   0.03007   0.00000   0.16935   0.15811   0.02971   0.02216   0.07629   0.00472   0.09147   0.11334   0.08477   0.05696   8.09711   2.02609   1.17942   1.66049   1.04189  
  6 1032.1397   2040.314324  x:  0.49196   0.00000   0.16267   0.16806   0.02748   0.01800   0.10279   0.03337   0.09035   0.02994   0.05857   0.02919   0.00000   0.17160   0.15874   0.03676   0.03443   0.07575   0.00000   0.09198   0.11967   0.07431   0.02554   8.09719   2.02476   1.18219   1.66180   1.04192  
  7 339.5927   2040.027381  x:  0.49053   0.00000   0.16279   0.16794   0.02704   0.01833   0.10245   0.03297   0.09047   0.02979   0.05938   0.03417   0.00000   0.17193   0.15863   0.03612   0.03177   0.07571   0.00052   0.09194   0.11958   0.07296   0.01862   8.09723   2.02419   1.18337   1.66250   1.04193  
  8 73.3333   2039.861607  x:  0.48850   0.00000   0.16345   0.16706   0.02809   0.01853   0.10051   0.03215   0.09197   0.03000   0.05872   0.03837   0.00000   0.17493   0.15711   0.03825   0.03201   0.07450   0.00059   0.09202   0.12046   0.06567   0.02153   8.09757   2.01916   1.19350   1.66869   1.04215  
  9 12.3151   2038.981312  x:  0.48547   0.00000   0.16725   0.15836   0.02228   0.01877   0.09402   0.03735   0.09702   0.02973   0.06697   0.03509   0.00000   0.18954   0.14539   0.03145   0.03380   0.07316   0.00091   0.09397   0.11171   0.06348   0.02148   8.09987   1.98667   1.25930   1.71063   1.04351  
 10 39.6890   2038.255048  x:  0.48268   0.00000   0.16924   0.14773   0.03136   0.01752   0.09214   0.03427   0.09803   0.02999   0.06889   0.03277   0.00000   0.19725   0.13374   0.03646   0.03133   0.07303   0.00111   0.09493   0.10538   0.07170   0.01965   8.10195   1.95879   1.31648   1.74842   1.04475  
 11 193.4677   2037.866757  x:  0.48001   0.00000   0.17147   0.14130   0.02546   0.01825   0.09753   0.03278   0.09411   0.03134   0.06130   0.03603   0.00000   0.19569   0.12972   0.03988   0.03233   0.07513   0.00128   0.09370   0.10301   0.07746   0.02037   8.10308   1.94697   1.34262   1.76817   1.04539  
 12 84.8259   2037.672615  x:  0.47847   0.00000   0.17353   0.13845   0.02865   0.01786   0.10209   0.03584   0.09011   0.03066   0.05831   0.03763   0.00000   0.19010   0.13020   0.03517   0.03236   0.07604   0.00151   0.09207   0.10133   0.07694   0.02141   8.10374   1.94413   1.35207   1.77886   1.04574  
 13 38.1741   2037.254275  x:  0.47756   0.00000   0.17571   0.13589   0.02762   0.01754   0.10672   0.03406   0.08387   0.02888   0.06563   0.03440   0.00000   0.17057   0.13477   0.03772   0.03305   0.07421   0.00170   0.08933   0.09626   0.07085   0.02028   8.10533   1.94616   1.36247   1.80292   1.04651  
 14 31.5047   2036.283659  x:  0.47052   0.00000   0.16814   0.15042   0.02712   0.01728   0.09783   0.03677   0.09140   0.04187   0.06384   0.03348   0.00000   0.13996   0.14964   0.03821   0.02717   0.07338   0.00253   0.09005   0.08523   0.07251   0.02157   8.10940   1.96512   1.37062   1.86045   1.04833  
 15 40.4072   2035.027021  x:  0.45916   0.00000   0.14680   0.16989   0.02829   0.01699   0.08806   0.03202   0.09765   0.03239   0.06147   0.03850   0.00000   0.11373   0.16557   0.03476   0.03830   0.07295   0.00283   0.09235   0.07357   0.07905   0.02127   8.11472   1.99473   1.37549   1.93321   1.05053  
 16 145.9057   2033.736266  x:  0.44728   0.00000   0.11322   0.18234   0.02710   0.01735   0.09359   0.04384   0.09289   0.02455   0.06497   0.03881   0.00000   0.10758   0.17524   0.04142   0.03323   0.07201   0.00382   0.09130   0.06546   0.08112   0.02297   8.12019   2.03120   1.37383   2.00427   1.05259  
 17 123.2739   2033.007604  x:  0.43951   0.00000   0.09780   0.18324   0.02830   0.01727   0.09958   0.03888   0.08594   0.03487   0.07015   0.03928   0.00000   0.11169   0.17576   0.03802   0.03710   0.07177   0.00416   0.09020   0.05896   0.08065   0.02309   8.12345   2.05664   1.36922   2.04357   1.05363  
 18 114.5172   2029.667339  x:  0.41017   0.00000   0.13432   0.13315   0.02812   0.01727   0.08319   0.04351   0.07755   0.03527   0.07240   0.04185   0.00000   0.14116   0.12355   0.04024   0.03901   0.06593   0.00579   0.09225   0.02980   0.08657   0.02466   8.13793   2.19849   1.32335   2.19023   1.05666  
 19 59.0654   2029.372683  x:  0.40661   0.00000   0.13835   0.12641   0.02867   0.01771   0.08902   0.04430   0.08793   0.03541   0.07711   0.04317   0.00000   0.14259   0.11949   0.04081   0.04062   0.07400   0.00580   0.09185   0.03199   0.08758   0.02531   8.13938   2.21331   1.32095   2.20006   1.05668  
 20 46.2386   2029.262650  x:  0.40494   0.00000   0.13934   0.12494   0.02876   0.01775   0.09313   0.04450   0.09235   0.03549   0.07762   0.04378   0.00000   0.14275   0.12129   0.04072   0.04122   0.06723   0.00599   0.09165   0.03115   0.08927   0.02542   8.14012   2.22177   1.32613   2.19241   1.05597  
 21 11.0426   2028.320245  x:  0.39537   0.00000   0.13463   0.12303   0.02913   0.01849   0.08699   0.04789   0.08766   0.03773   0.08290   0.04601   0.00000   0.13360   0.12687   0.04224   0.04292   0.07169   0.00675   0.08943   0.02479   0.09365   0.02704   8.14735   2.30532   1.39390   2.08367   1.04740  
 22 26.1652   2028.256630  x:  0.39411   0.00000   0.13611   0.12825   0.02928   0.01870   0.08910   0.04843   0.08626   0.03810   0.08435   0.04656   0.00000   0.13212   0.12281   0.04246   0.04320   0.07136   0.00666   0.09327   0.02561   0.09415   0.02737   8.14787   2.30943   1.39767   2.07609   1.04719  
 23 18.3841   2028.103143  x:  0.39383   0.00000   0.13318   0.12725   0.02910   0.01799   0.09088   0.04733   0.08869   0.03738   0.08171   0.04516   0.00000   0.13051   0.12047   0.04203   0.04206   0.07245   0.00663   0.09771   0.01901   0.09118   0.02687   8.14922   2.29121   1.38753   2.05847   1.05316  
 24  2.5789   2025.798179  x:  0.37105   0.00000   0.13976   0.13109   0.03001   0.02070   0.08763   0.05378   0.08278   0.04078   0.09295   0.04881   0.00000   0.13190   0.14528   0.04507   0.04661   0.07417   0.00835   0.11375   0.01452   0.09823   0.02926   8.17049   1.98737   1.22148   1.79230   1.14820  
 25 62.5268   2025.391640  x:  0.36759   0.00000   0.13996   0.13935   0.03006   0.02072   0.08747   0.05414   0.08513   0.04102   0.09381   0.04855   0.00000   0.13059   0.13870   0.04511   0.04777   0.07305   0.00937   0.09582   0.01135   0.09888   0.02901   8.17418   1.93666   1.19364   1.74803   1.16100  
 26 91.4189   2023.709542  x:  0.35913   0.00000   0.14460   0.14586   0.03051   0.02118   0.08883   0.05450   0.08491   0.04090   0.09328   0.04715   0.00000   0.13710   0.14791   0.04627   0.04889   0.07544   0.01054   0.09973   0.00723   0.09785   0.02873   8.19051   1.89591   1.16904   1.73589   0.94740  
 27  3.7338   2018.289794  x:  0.34163   0.00000   0.16667   0.17533   0.03198   0.02232   0.09893   0.04981   0.08670   0.03657   0.08077   0.03672   0.00000   0.17423   0.17286   0.04892   0.05203   0.08577   0.01490   0.09567   0.00232   0.08963   0.02361   8.23090   2.22420   1.35103   1.98316   1.08517  
 28  3.6505   2015.899900  x:  0.32997   0.00000   0.17996   0.19494   0.03310   0.02343   0.10591   0.04731   0.09052   0.03385   0.07187   0.02996   0.00000   0.19610   0.18523   0.05117   0.05519   0.09109   0.01782   0.08866   0.01361   0.08242   0.02012   8.27056   2.28868   1.38366   1.99022   1.07963  
 29  0.7284   2013.745580  x:  0.26142   0.00000   0.19322   0.19276   0.03324   0.02762   0.11306   0.04598   0.08428   0.03183   0.07304   0.04335   0.00000   0.19961   0.18588   0.05247   0.04956   0.09355   0.02078   0.08845   0.01356   0.07992   0.02086   8.17882   2.05426   1.26208   1.77145   1.03020  
 30  0.2564   2013.185152  x:  0.24153   0.00000   0.19037   0.19288   0.03150   0.02792   0.11119   0.04074   0.08621   0.03095   0.06737   0.03675   0.00000   0.18916   0.18928   0.05099   0.03976   0.09237   0.02234   0.08860   0.01299   0.07788   0.02027   8.08685   2.04209   1.26903   1.83982   1.03270  
 31  0.0784   2013.090797  x:  0.24153   0.00000   0.18719   0.19231   0.03128   0.02744   0.10868   0.04044   0.08728   0.03133   0.07025   0.03458   0.00000   0.18532   0.18899   0.04954   0.03835   0.09113   0.02279   0.08835   0.01282   0.08123   0.02068   8.07700   2.08640   1.29359   1.84014   1.04272  
 32  0.0486   2013.055937  x:  0.24003   0.00000   0.18771   0.18848   0.03162   0.02644   0.10807   0.04157   0.08583   0.03138   0.07200   0.03561   0.00000   0.18677   0.18500   0.04797   0.03995   0.09066   0.02391   0.08783   0.01286   0.08136   0.01973   8.10788   2.08950   1.29102   1.84484   1.04371  
 33  0.0111   2013.023356  x:  0.24149   0.00000   0.18501   0.18903   0.03145   0.02501   0.10821   0.04122   0.08688   0.03098   0.07019   0.03482   0.00000   0.18533   0.18606   0.04700   0.03960   0.09055   0.02572   0.08879   0.01282   0.08007   0.01918   8.11210   2.07314   1.28517   1.82806   1.04114  
 34  0.0130   2012.998328  x:  0.24086   0.00000   0.18452   0.19140   0.03121   0.02447   0.10858   0.04118   0.08696   0.03121   0.07050   0.03567   0.00000   0.18443   0.18861   0.04754   0.03906   0.09055   0.02749   0.08782   0.01295   0.08160   0.01989   8.09442   2.07791   1.29105   1.84663   1.04030  
 35  0.0189   2012.987823  x:  0.24214   0.00000   0.18681   0.19059   0.03134   0.02469   0.10889   0.04111   0.08682   0.03133   0.07057   0.03558   0.00000   0.18666   0.18748   0.04872   0.03922   0.09067   0.02856   0.08791   0.01298   0.08159   0.01971   8.08999   2.08181   1.29004   1.83819   1.04269  
 36  0.0061   2012.983585  x:  0.24287   0.00000   0.18657   0.19034   0.03144   0.02531   0.10844   0.04096   0.08665   0.03121   0.07100   0.03552   0.00000   0.18519   0.18734   0.04871   0.03871   0.09045   0.02919   0.08777   0.01286   0.08158   0.01934   8.09585   2.07958   1.28978   1.84018   1.04163  
 37  0.0029   2012.982572  x:  0.24278   0.00000   0.18634   0.19050   0.03142   0.02571   0.10843   0.04107   0.08691   0.03126   0.07067   0.03568   0.00000   0.18520   0.18746   0.04850   0.03906   0.09046   0.02927   0.08791   0.01281   0.08167   0.01945   8.09877   2.07944   1.28966   1.83908   1.04182  
 38  0.0019   2012.982482  x:  0.24283   0.00000   0.18632   0.19042   0.03138   0.02574   0.10852   0.04104   0.08677   0.03128   0.07066   0.03559   0.00000   0.18531   0.18737   0.04840   0.03906   0.09047   0.02929   0.08781   0.01280   0.08162   0.01947   8.09741   2.07996   1.28994   1.83979   1.04195  
 39  0.0015   2012.982471  x:  0.24278   0.00000   0.18626   0.19044   0.03137   0.02575   0.10853   0.04105   0.08679   0.03128   0.07069   0.03559   0.00000   0.18538   0.18739   0.04839   0.03903   0.09048   0.02931   0.08786   0.01279   0.08160   0.01947   8.09649   2.07996   1.28996   1.83977   1.04196  
 40  0.0007   2012.982470  x:  0.24280   0.00000   0.18624   0.19045   0.03137   0.02575   0.10853   0.04105   0.08680   0.03128   0.07069   0.03560   0.00000   0.18540   0.18739   0.04839   0.03903   0.09048   0.02931   0.08784   0.01279   0.08160   0.01947   8.09646   2.07994   1.28996   1.83974   1.04192  
 41  0.0001   2012.982470  x:  0.24280   0.00000   0.18623   0.19044   0.03137   0.02575   0.10853   0.04105   0.08679   0.03128   0.07069   0.03560   0.00000   0.18540   0.18739   0.04840   0.03903   0.09048   0.02930   0.08784   0.01279   0.08161   0.01947   8.09654   2.07993   1.28994   1.83974   1.04193  
 42  0.0000   2012.982470  x:  0.24280   0.00000   0.18623   0.19044   0.03138   0.02575   0.10853   0.04105   0.08679   0.03128   0.07069   0.03560   0.00000   0.18540   0.18739   0.04839   0.03903   0.09048   0.02930   0.08784   0.01279   0.08161   0.01947   8.09655   2.07994   1.28995   1.83975   1.04193  
 43  0.0000   2012.982470  x:  0.24280   0.00000   0.18624   0.19044   0.03137   0.02575   0.10853   0.04105   0.08679   0.03128   0.07069   0.03560   0.00000   0.18540   0.18739   0.04839   0.03903   0.09048   0.02930   0.08784   0.01279   0.08161   0.01947   8.09654   2.07994   1.28995   1.83975   1.04193  
 44  0.0000   2012.982470  x:  0.24280   0.00000   0.18624   0.19044   0.03137   0.02575   0.10853   0.04105   0.08679   0.03128   0.07069   0.03560   0.00000   0.18540   0.18739   0.04839   0.03903   0.09048   0.02930   0.08784   0.01279   0.08161   0.01947   8.09653   2.07994   1.28995   1.83975   1.04193  
 45  0.0000   2012.982470  x:  0.24280   0.00000   0.18624   0.19044   0.03137   0.02575   0.10853   0.04105   0.08679   0.03128   0.07069   0.03560   0.00000   0.18540   0.18739   0.04839   0.03903   0.09048   0.02930   0.08784   0.01279   0.08161   0.01947   8.09653   2.07994   1.28995   1.83975   1.04193  