

TREE # 1

  0  0.0000   2218.938621  x:  0.05641   0.00000   0.11630   0.01099   0.08097   0.06295   0.05549   0.05880   0.09350   0.06315   0.06688   0.11482   0.01867   0.06524   0.02370   0.05914   0.05596   0.04742   0.06634   0.06100   0.11769   0.06249   0.12696   0.07503   2.00000   1.49246   1.05186   1.32451   0.40000  
  1 99.0000   2200.650025  x:  0.07549   0.14247   0.14215   0.04166   0.06336   0.03640   0.06361   0.05806   0.08954   0.09937   0.05559   0.12875   0.03400   0.12392   0.05410   0.05079   0.04803   0.07202   0.05164   0.05592   0.11729   0.04669   0.14728   0.09411   2.00764   1.49169   1.05169   1.32656   0.42800  
  2 824.0584   2183.929760  x:  0.08748   0.12687   0.16600   0.03098   0.03789   0.00298   0.06871   0.05729   0.08549   0.12119   0.03650   0.13962   0.02524   0.15357   0.05523   0.04537   0.04041   0.08217   0.03691   0.05283   0.11455   0.02587   0.16830   0.10610   2.01916   1.49010   1.05259   1.32885   0.46347  
  3 301.6391   2177.170362  x:  0.09731   0.11376   0.18696   0.02476   0.01699   0.01906   0.07287   0.05712   0.08248   0.13968   0.02150   0.14881   0.01900   0.17965   0.05695   0.04295   0.03549   0.09015   0.02719   0.05079   0.11170   0.01006   0.18639   0.11593   2.03067   1.48852   1.05348   1.33115   0.49674  
  4 626.5608   2169.176559  x:  0.11108   0.08202   0.22749   0.04362   0.03061   0.02618   0.07526   0.05705   0.07897   0.16985   0.03248   0.16349   0.01930   0.23151   0.06557   0.05793   0.04183   0.09831   0.04576   0.05230   0.10216   0.03869   0.21950   0.12970   2.06398   1.48398   1.05641   1.33763   0.57703  
  5 254.2089   2165.055529  x:  0.09603   0.08016   0.23140   0.04930   0.04254   0.02594   0.06126   0.05795   0.08798   0.15786   0.04758   0.15513   0.03307   0.24728   0.06000   0.05356   0.04831   0.08033   0.04534   0.05901   0.10224   0.01272   0.21775   0.11465   2.11593   1.47730   1.06343   1.34572   0.64989  
  6 98.1446   2160.643619  x:  0.07410   0.09033   0.21891   0.03903   0.03149   0.02514   0.06121   0.05771   0.09284   0.12734   0.03752   0.13843   0.02733   0.25226   0.06268   0.05616   0.04190   0.06595   0.03654   0.05500   0.10234   0.03388   0.19907   0.09272   2.20965   1.46650   1.07598   1.35945   0.75275  
  7 166.0838   2156.945961  x:  0.08432   0.09882   0.19231   0.03595   0.03601   0.02430   0.07634   0.05680   0.08468   0.10860   0.03067   0.13045   0.01540   0.22832   0.05800   0.05606   0.04344   0.09038   0.05645   0.05097   0.10541   0.02611   0.17419   0.10294   2.32077   1.45683   1.08854   1.37497   0.83695  
  8 158.5695   2154.030524  x:  0.10051   0.10042   0.16959   0.03869   0.02831   0.02403   0.07515   0.05710   0.07716   0.12111   0.04009   0.13645   0.03552   0.18803   0.05856   0.05736   0.04033   0.09576   0.03978   0.05298   0.10646   0.03231   0.16289   0.11913   2.43642   1.45044   1.09914   1.38987   0.88799  
  9 154.2709   2151.305607  x:  0.10131   0.10815   0.16748   0.03928   0.03998   0.02418   0.06456   0.05747   0.08326   0.14444   0.02860   0.15216   0.01862   0.15106   0.06292   0.05224   0.04463   0.08330   0.03661   0.05407   0.10655   0.03364   0.17124   0.11993   2.56881   1.44820   1.10802   1.40506   0.90715  
 10 135.3846   2147.425633  x:  0.09088   0.11446   0.18292   0.03177   0.01961   0.02311   0.07313   0.05664   0.08790   0.15321   0.04174   0.16478   0.02036   0.13119   0.05904   0.04855   0.03924   0.07618   0.06344   0.04927   0.10926   0.03338   0.19386   0.10950   2.79893   1.45054   1.11950   1.42878   0.89627  
 11 173.4846   2137.521391  x:  0.07536   0.10802   0.21862   0.02140   0.05093   0.02492   0.09861   0.05619   0.07775   0.13392   0.02537   0.16996   0.04719   0.15726   0.04547   0.05346   0.03076   0.09922   0.04577   0.05014   0.11718   0.03357   0.23483   0.09398   3.47998   1.46548   1.14891   1.49457   0.82115  
 12 405.3615   2130.613829  x:  0.08173   0.09382   0.22898   0.05246   0.03473   0.02416   0.09065   0.05728   0.07662   0.11311   0.03803   0.15697   0.02243   0.19774   0.05747   0.05590   0.05821   0.10455   0.02555   0.05420   0.11481   0.03071   0.23889   0.10035   3.95435   1.48098   1.16654   1.53663   0.75962  
 13 702.6455   2126.723225  x:  0.09829   0.08545   0.22042   0.05139   0.02927   0.02391   0.05846   0.05834   0.08122   0.11957   0.02912   0.13906   0.02180   0.23797   0.06485   0.05711   0.04510   0.08990   0.04275   0.05700   0.10600   0.03042   0.21908   0.11691   4.20424   1.49514   1.17218   1.55389   0.72426  
 14 383.1845   2125.917098  x:  0.09959   0.08437   0.21506   0.04485   0.03366   0.02464   0.06685   0.05714   0.08403   0.13267   0.03911   0.13700   0.01446   0.25172   0.06322   0.05670   0.04002   0.08224   0.04041   0.05283   0.10147   0.02883   0.20480   0.11821   4.25779   1.50383   1.16962   1.55301   0.71755  
 15 106.1691   2125.663300  x:  0.09704   0.08371   0.21193   0.04169   0.03211   0.02438   0.06972   0.05723   0.08463   0.13949   0.03674   0.14084   0.01731   0.25687   0.06199   0.05737   0.04911   0.08166   0.04210   0.05426   0.10057   0.02928   0.19657   0.11566   4.27573   1.51264   1.16473   1.54788   0.71652  
 16 41.2659   2125.364454  x:  0.09141   0.08147   0.20965   0.04755   0.03073   0.02426   0.06606   0.05786   0.08332   0.14251   0.03626   0.15073   0.01672   0.25952   0.06069   0.05730   0.04463   0.08744   0.04254   0.05353   0.10345   0.02888   0.18855   0.11003   4.29745   1.53513   1.15078   1.53137   0.71849  
 17 27.7573   2124.829056  x:  0.09647   0.08151   0.21017   0.04570   0.03230   0.02424   0.06952   0.05572   0.08546   0.13326   0.03579   0.15230   0.01827   0.25666   0.06673   0.05439   0.04413   0.08149   0.04226   0.05382   0.10373   0.02876   0.19259   0.11509   4.33764   1.58945   1.11635   1.48763   0.72640  
 18 35.1816   2124.708428  x:  0.09637   0.08330   0.21098   0.04306   0.03207   0.02423   0.06673   0.05900   0.08389   0.13481   0.03725   0.14572   0.01656   0.25489   0.06274   0.05787   0.04528   0.08373   0.04129   0.05445   0.10194   0.02911   0.19579   0.11499   4.34685   1.60125   1.10927   1.47606   0.72853  
 19 28.4673   2124.672528  x:  0.09567   0.08295   0.21120   0.04513   0.03178   0.02422   0.06711   0.05616   0.08366   0.13692   0.03616   0.14131   0.01701   0.25406   0.06143   0.05656   0.04541   0.08439   0.04135   0.05367   0.10139   0.02941   0.19662   0.11429   4.34967   1.60305   1.10877   1.47161   0.72915  
 20  9.5424   2124.609913  x:  0.09511   0.08170   0.21225   0.04737   0.03161   0.02406   0.06965   0.06033   0.08433   0.13907   0.03484   0.13783   0.01768   0.25338   0.06369   0.05541   0.04449   0.08433   0.04182   0.05517   0.10343   0.02911   0.19611   0.11373   4.35493   1.60089   1.11217   1.46176   0.73015  
 21  5.5663   2124.208887  x:  0.09597   0.07987   0.21957   0.04297   0.03220   0.02391   0.06716   0.05594   0.08443   0.14025   0.03663   0.13895   0.01774   0.25324   0.06976   0.06017   0.04572   0.08645   0.04132   0.05317   0.10956   0.02749   0.19218   0.11459   4.38812   1.57870   1.13733   1.39972   0.73645  
 22 18.9215   2123.938915  x:  0.09798   0.07991   0.21926   0.04451   0.03154   0.02388   0.06748   0.05821   0.08372   0.13750   0.03609   0.14514   0.01709   0.25531   0.06147   0.05479   0.04550   0.08474   0.04108   0.05520   0.10167   0.02953   0.19288   0.11660   4.40997   1.56247   1.14867   1.36410   0.74086  
 23 41.1504   2123.563254  x:  0.09737   0.07727   0.20418   0.04912   0.03038   0.02306   0.07073   0.05913   0.08741   0.13822   0.03285   0.14909   0.01763   0.25948   0.06052   0.06509   0.04447   0.08198   0.04165   0.05011   0.09838   0.02569   0.20330   0.11599   4.43996   1.53753   1.13781   1.34055   0.74809  
 24 14.8659   2122.574993  x:  0.09434   0.07134   0.17949   0.04206   0.02999   0.02278   0.06958   0.05441   0.08517   0.14350   0.03724   0.15180   0.01369   0.26939   0.06812   0.05802   0.04298   0.08817   0.04213   0.06250   0.10297   0.02598   0.22133   0.11296   4.51780   1.47243   1.09237   1.29729   0.76848  
 25 58.0989   2120.840619  x:  0.09685   0.06240   0.18343   0.03773   0.03069   0.02189   0.06416   0.06258   0.07989   0.14719   0.03770   0.15150   0.01550   0.27317   0.06961   0.04457   0.04832   0.08980   0.04068   0.04226   0.10961   0.02716   0.22009   0.11546   4.64476   1.36915   1.00619   1.24318   0.80264  
 26 105.7741   2118.779255  x:  0.10264   0.05426   0.20873   0.04169   0.02661   0.01939   0.06825   0.05722   0.08109   0.14976   0.03223   0.15071   0.01354   0.26992   0.06218   0.05489   0.04390   0.08511   0.03839   0.05421   0.11141   0.02407   0.20297   0.12126   4.80415   1.24395   0.89692   1.18307   0.84573  
 27 256.3789   2118.422008  x:  0.10074   0.05126   0.21269   0.03981   0.02681   0.01892   0.06778   0.05749   0.08814   0.14991   0.03267   0.15032   0.01546   0.26721   0.07126   0.05497   0.04246   0.09282   0.03763   0.05435   0.09558   0.02180   0.20017   0.11935   4.82985   1.23927   0.89235   1.18435   0.85358  
 28 21.0957   2115.183759  x:  0.10008   0.03608   0.21729   0.03896   0.02519   0.01582   0.06988   0.05679   0.05291   0.15500   0.02921   0.15257   0.01395   0.26792   0.08349   0.05856   0.03984   0.08408   0.03829   0.05534   0.08050   0.01230   0.19988   0.11869   5.03117   1.30601   0.94597   1.26289   0.92415  
 29 24.1009   2107.578778  x:  0.11461   0.00389   0.22280   0.03177   0.01800   0.00997   0.06852   0.05601   0.07747   0.16570   0.02547   0.15757   0.01073   0.27769   0.06806   0.05447   0.03806   0.09228   0.03051   0.05592   0.09578   0.01182   0.20414   0.13322   5.48894   1.46838   1.07647   1.44881   1.08652  
 30 421.3081   2105.186215  x:  0.11160   0.01704   0.22716   0.01992   0.02727   0.01091   0.06834   0.05667   0.08478   0.15296   0.03329   0.15616   0.01215   0.24781   0.04750   0.05269   0.04070   0.08995   0.03390   0.05626   0.10371   0.01619   0.21309   0.13020   5.74612   1.55617   1.13331   1.51962   1.13384  
 31  0.4501   2102.853559  x:  0.10066   0.00351   0.23248   0.02721   0.03325   0.01124   0.07085   0.05829   0.08287   0.14212   0.03660   0.15707   0.01564   0.21877   0.04467   0.05059   0.04147   0.08600   0.04095   0.05334   0.10589   0.01895   0.22635   0.11926   6.27944   1.59559   1.15292   1.53204   1.18537  
 32  0.6962   2101.968343  x:  0.09311   0.00804   0.22605   0.02487   0.02790   0.01014   0.06896   0.05843   0.08304   0.13386   0.03223   0.15397   0.01442   0.19923   0.05240   0.05366   0.04186   0.07892   0.03896   0.05183   0.10333   0.02361   0.22076   0.11170   6.67023   1.59939   1.15628   1.53231   1.18249  
 33  0.4082   2101.534090  x:  0.09282   0.00381   0.21800   0.01985   0.02645   0.01010   0.06807   0.05802   0.08173   0.13595   0.03241   0.15502   0.01584   0.20220   0.05115   0.05482   0.04058   0.07875   0.03679   0.05255   0.10234   0.02381   0.21404   0.11142   7.00023   1.57655   1.14562   1.52508   1.17013  
 34  0.4077   2101.156956  x:  0.09431   0.00527   0.21110   0.02641   0.02470   0.01074   0.06877   0.05727   0.08286   0.13840   0.03153   0.15592   0.01561   0.20271   0.04534   0.05473   0.03917   0.08137   0.03594   0.05351   0.10308   0.02145   0.20709   0.11291   7.32944   1.55246   1.13485   1.51999   1.13456  
 35  0.4489   2100.980378  x:  0.09670   0.00541   0.21560   0.02495   0.02635   0.01150   0.07042   0.05723   0.08285   0.14028   0.03290   0.15698   0.01443   0.20252   0.05114   0.05297   0.04078   0.08432   0.03762   0.05420   0.10439   0.01904   0.21125   0.11530   7.56152   1.55198   1.13151   1.51723   1.10849  
 36  0.2193   2100.925180  x:  0.09800   0.00567   0.21928   0.02391   0.02625   0.01153   0.06992   0.05757   0.08253   0.14107   0.03213   0.15694   0.01525   0.20311   0.04881   0.05239   0.04079   0.08354   0.03726   0.05372   0.10466   0.02150   0.21478   0.11659   7.71356   1.56653   1.13742   1.52514   1.10502  
 37  0.1466   2100.909978  x:  0.09730   0.00544   0.21996   0.02430   0.02643   0.01109   0.06954   0.05776   0.08288   0.14030   0.03248   0.15654   0.01467   0.20477   0.04876   0.05349   0.04046   0.08229   0.03744   0.05297   0.10392   0.02073   0.21532   0.11590   7.81096   1.57198   1.14147   1.53046   1.11032  
 38  0.0729   2100.904216  x:  0.09697   0.00573   0.21973   0.02440   0.02642   0.01095   0.06968   0.05762   0.08265   0.14043   0.03247   0.15653   0.01486   0.20664   0.04945   0.05309   0.04042   0.08302   0.03726   0.05344   0.10381   0.02086   0.21498   0.11557   7.85010   1.57061   1.14207   1.53183   1.11642  
 39  0.0228   2100.902779  x:  0.09729   0.00566   0.21999   0.02446   0.02647   0.01100   0.06987   0.05762   0.08254   0.14057   0.03241   0.15659   0.01460   0.20645   0.04918   0.05314   0.04067   0.08326   0.03729   0.05339   0.10401   0.02092   0.21518   0.11589   7.86349   1.56958   1.14091   1.53038   1.12158  
 40  0.0102   2100.902522  x:  0.09735   0.00567   0.21993   0.02445   0.02647   0.01106   0.06981   0.05765   0.08255   0.14066   0.03243   0.15664   0.01478   0.20638   0.04924   0.05323   0.04053   0.08312   0.03731   0.05336   0.10400   0.02085   0.21518   0.11595   7.86601   1.56878   1.14006   1.52906   1.12257  
 41  0.0031   2100.902494  x:  0.09733   0.00568   0.21992   0.02444   0.02641   0.01108   0.06978   0.05765   0.08258   0.14067   0.03243   0.15665   0.01473   0.20640   0.04926   0.05319   0.04053   0.08309   0.03732   0.05337   0.10396   0.02086   0.21521   0.11592   7.86699   1.56850   1.13988   1.52875   1.12260  
 42  0.0012   2100.902493  x:  0.09731   0.00568   0.21993   0.02444   0.02642   0.01109   0.06978   0.05764   0.08259   0.14067   0.03242   0.15665   0.01473   0.20639   0.04926   0.05318   0.04054   0.08309   0.03731   0.05336   0.10396   0.02085   0.21522   0.11591   7.86727   1.56848   1.13990   1.52875   1.12260  
 43  0.0003   2100.902492  x:  0.09731   0.00568   0.21993   0.02444   0.02641   0.01109   0.06978   0.05764   0.08259   0.14067   0.03242   0.15665   0.01473   0.20639   0.04926   0.05319   0.04054   0.08309   0.03731   0.05336   0.10397   0.02085   0.21522   0.11591   7.86723   1.56849   1.13991   1.52877   1.12260  
 44  0.0000   2100.902492  x:  0.09731   0.00568   0.21994   0.02444   0.02641   0.01109   0.06978   0.05764   0.08259   0.14067   0.03242   0.15665   0.01473   0.20640   0.04926   0.05319   0.04054   0.08309   0.03731   0.05336   0.10397   0.02085   0.21522   0.11591   7.86721   1.56850   1.13991   1.52878   1.12260  
 45  0.0000   2100.902492  x:  0.09731   0.00568   0.21994   0.02444   0.02641   0.01109   0.06978   0.05764   0.08259   0.14067   0.03242   0.15665   0.01473   0.20640   0.04926   0.05319   0.04054   0.08309   0.03731   0.05336   0.10397   0.02085   0.21522   0.11591   7.86720   1.56850   1.13991   1.52878   1.12260  
 46  0.0000   2100.902492  x:  0.09731   0.00568   0.21994   0.02444   0.02641   0.01109   0.06978   0.05764   0.08259   0.14067   0.03242   0.15665   0.01473   0.20640   0.04926   0.05319   0.04054   0.08309   0.03731   0.05336   0.10396   0.02085   0.21522   0.11591   7.86720   1.56850   1.13991   1.52878   1.12260  
 47  0.0000   2100.902492  x:  0.09731   0.00568   0.21994   0.02444   0.02641   0.01109   0.06978   0.05764   0.08259   0.14067   0.03242   0.15665   0.01473   0.20640   0.04926   0.05319   0.04054   0.08309   0.03731   0.05336   0.10396   0.02085   0.21522   0.11591   7.86720   1.56850   1.13991   1.52878   1.12260  