

TREE # 1

  0  0.0000   1961.065720  x:  0.20925   0.02571   0.03211   0.02495   0.05815   0.02188   0.05666   0.08536   0.02661   0.17168   0.20925   0.02571   0.03211   0.02495   0.05815   0.02188   0.05666   0.08536   0.02661   0.17168   0.21568   8.40433   1.65311   1.43522   1.50413   1.00000  
  1 99.0000   1953.400079  x:  0.20635   0.03710   0.04477   0.04038   0.04281   0.02672   0.06135   0.10036   0.01023   0.18212   0.22085   0.03200   0.02345   0.00847   0.04236   0.00699   0.05232   0.08713   0.01150   0.18241   0.21532   8.40448   1.65227   1.43223   1.50718   0.99983  
  2 247.3114   1951.703270  x:  0.20405   0.04095   0.04836   0.04405   0.03293   0.02674   0.06322   0.10945   0.00611   0.18987   0.23001   0.03460   0.02145   0.01243   0.03228   0.01817   0.05011   0.08826   0.00765   0.19059   0.21494   8.40461   1.65154   1.42958   1.50989   0.99969  
  3 216.8920   1950.598660  x:  0.20133   0.04273   0.04891   0.04388   0.02563   0.02524   0.06418   0.11822   0.01418   0.19890   0.24129   0.03640   0.02272   0.01449   0.02509   0.01694   0.04848   0.08929   0.01315   0.20025   0.21443   8.40479   1.65056   1.42598   1.51357   0.99948  
  4 173.2011   1948.825089  x:  0.19353   0.03612   0.04205   0.03383   0.02908   0.02108   0.06375   0.13444   0.00876   0.22127   0.27061   0.03334   0.02766   0.01745   0.02988   0.01247   0.04757   0.09110   0.01344   0.22449   0.21303   8.40537   1.64754   1.41505   1.52471   0.99888  
  5 122.2794   1948.461822  x:  0.19133   0.03466   0.04103   0.03346   0.03229   0.02447   0.06335   0.13581   0.01277   0.22647   0.27859   0.03215   0.02584   0.01348   0.03232   0.01514   0.04855   0.09091   0.01082   0.23035   0.21265   8.40562   1.64633   1.41076   1.52906   0.99861  
  6 95.0027   1948.237961  x:  0.18912   0.03375   0.04219   0.03725   0.03417   0.02625   0.06239   0.12957   0.01135   0.22872   0.28576   0.03304   0.02253   0.01388   0.03291   0.01564   0.05139   0.08931   0.01487   0.23363   0.21234   8.40610   1.64416   1.40320   1.53663   0.99809  
  7 39.7073   1947.920408  x:  0.18600   0.03464   0.04350   0.03925   0.03304   0.02352   0.06084   0.11624   0.01260   0.22972   0.29563   0.03242   0.02378   0.01581   0.03170   0.01427   0.05356   0.08696   0.01083   0.23645   0.21195   8.40710   1.63978   1.38828   1.55155   0.99699  
  8 62.6801   1947.748027  x:  0.18484   0.03583   0.04287   0.03663   0.03099   0.02393   0.06085   0.11062   0.01126   0.22854   0.29974   0.03323   0.02610   0.01232   0.03090   0.01546   0.05156   0.08660   0.01193   0.23631   0.21184   8.40788   1.63647   1.37729   1.56246   0.99610  
  9 59.5925   1947.481106  x:  0.18442   0.03790   0.04191   0.03333   0.03060   0.02812   0.06295   0.10967   0.01117   0.22390   0.30305   0.03393   0.02340   0.01520   0.03122   0.01397   0.04593   0.08803   0.01137   0.23313   0.21184   8.40960   1.62948   1.35463   1.58475   0.99408  
 10 58.2674   1947.004476  x:  0.18522   0.03672   0.04203   0.03642   0.03333   0.02194   0.06583   0.11737   0.01195   0.21459   0.30439   0.03376   0.02235   0.01359   0.03174   0.01512   0.04468   0.09087   0.01185   0.22555   0.21193   8.41310   1.61564   1.31088   1.62755   0.98986  
 11 101.7181   1946.838194  x:  0.18589   0.03466   0.04224   0.03707   0.03194   0.02510   0.06425   0.12136   0.01160   0.21232   0.30243   0.03287   0.02567   0.01403   0.03105   0.01469   0.04945   0.09061   0.01154   0.22311   0.21187   8.41462   1.61003   1.29417   1.64380   0.98797  
 12 86.3203   1946.782663  x:  0.18627   0.03484   0.04219   0.03517   0.03060   0.02440   0.06133   0.12228   0.01150   0.21404   0.29874   0.03268   0.02344   0.01365   0.03103   0.01458   0.05103   0.08868   0.01147   0.22358   0.21163   8.41546   1.60755   1.28839   1.64934   0.98682  
 13 24.7538   1946.729557  x:  0.18661   0.03609   0.04253   0.03601   0.03206   0.02455   0.05970   0.12227   0.01156   0.21886   0.29182   0.03348   0.02465   0.01394   0.03106   0.01469   0.04933   0.08630   0.01158   0.22594   0.21111   8.41680   1.60417   1.28242   1.65497   0.98490  
 14 20.4364   1946.707532  x:  0.18664   0.03476   0.04192   0.03650   0.03118   0.02459   0.06165   0.12130   0.01156   0.22159   0.28796   0.03256   0.02433   0.01382   0.03112   0.01462   0.04899   0.08686   0.01166   0.22750   0.21076   8.41776   1.60215   1.27996   1.65720   0.98354  
 15 14.6279   1946.702677  x:  0.18650   0.03517   0.04232   0.03595   0.03155   0.02454   0.06231   0.12100   0.01157   0.22216   0.28707   0.03292   0.02429   0.01383   0.03095   0.01463   0.04972   0.08798   0.01166   0.22799   0.21064   8.41833   1.60117   1.27950   1.65753   0.98276  
 16  5.8626   1946.698120  x:  0.18605   0.03542   0.04229   0.03632   0.03121   0.02454   0.06143   0.12088   0.01158   0.22199   0.28678   0.03281   0.02433   0.01385   0.03148   0.01466   0.04956   0.08939   0.01173   0.22846   0.21049   8.42008   1.59858   1.27939   1.65719   0.98047  
 17  2.9077   1946.689571  x:  0.18535   0.03486   0.04196   0.03631   0.03176   0.02460   0.06076   0.12081   0.01151   0.22128   0.28668   0.03263   0.02418   0.01376   0.03032   0.01457   0.04927   0.08988   0.01167   0.22901   0.21031   8.42409   1.59282   1.27932   1.65610   0.97536  
 18  9.3156   1946.667720  x:  0.18421   0.03486   0.04247   0.03607   0.03138   0.02454   0.06191   0.12123   0.01161   0.21964   0.28710   0.03319   0.02429   0.01380   0.03109   0.01458   0.04946   0.08802   0.01161   0.22994   0.21011   8.43521   1.57737   1.27907   1.65280   0.96161  
 19 23.2125   1946.664194  x:  0.18504   0.03562   0.04213   0.03617   0.03149   0.02457   0.06208   0.12121   0.01150   0.22016   0.28751   0.03239   0.02430   0.01378   0.03101   0.01460   0.04965   0.08792   0.01177   0.22939   0.21043   8.43755   1.57502   1.27859   1.65185   0.95953  
 20  6.3131   1946.658552  x:  0.18721   0.03523   0.04207   0.03620   0.03143   0.02455   0.06191   0.12099   0.01154   0.22176   0.28841   0.03305   0.02427   0.01379   0.03104   0.01457   0.04958   0.08826   0.01161   0.22780   0.21122   8.44208   1.57158   1.27716   1.64972   0.95655  
 21  7.8649   1946.656137  x:  0.18722   0.03497   0.04300   0.03599   0.03147   0.02457   0.06183   0.12097   0.01154   0.22211   0.28858   0.03259   0.02431   0.01378   0.03106   0.01459   0.04933   0.08832   0.01172   0.22737   0.21120   8.44492   1.57063   1.27572   1.64811   0.95590  
 22  3.4018   1946.624753  x:  0.18328   0.03530   0.04233   0.03619   0.03140   0.02457   0.06204   0.12122   0.01154   0.22403   0.28928   0.03299   0.02426   0.01373   0.03101   0.01447   0.04943   0.08829   0.01157   0.22437   0.20936   8.48527   1.56076   1.25395   1.62446   0.95066  
 23 10.1478   1946.601624  x:  0.18657   0.03541   0.04246   0.03623   0.03141   0.02459   0.06205   0.12098   0.01148   0.22122   0.28937   0.03302   0.02424   0.01369   0.03101   0.01440   0.04936   0.08831   0.01150   0.22893   0.21070   8.51721   1.55304   1.23830   1.60760   0.94933  
 24 15.2706   1946.557565  x:  0.18436   0.03558   0.04260   0.03637   0.03135   0.02462   0.06220   0.12127   0.01145   0.22202   0.28966   0.03306   0.02420   0.01357   0.03096   0.01420   0.04928   0.08837   0.01145   0.22874   0.21640   8.59469   1.52612   1.22925   1.59310   0.97153  
 25  3.7627   1946.537282  x:  0.18651   0.03569   0.04266   0.03646   0.03133   0.02464   0.06226   0.12133   0.01138   0.22218   0.29042   0.03312   0.02418   0.01351   0.03094   0.01411   0.04924   0.08839   0.01139   0.22869   0.21017   8.63156   1.51564   1.22667   1.58828   0.98080  
 26 16.0707   1946.078249  x:  0.18608   0.03726   0.04445   0.03851   0.03041   0.02487   0.06297   0.12647   0.01030   0.22596   0.29442   0.03403   0.02365   0.01166   0.03011   0.01155   0.04875   0.08875   0.00984   0.23298   0.21150   9.66420   1.57158   1.26716   1.63697   0.98072  
 27  4.2179   1946.037577  x:  0.18626   0.03646   0.04370   0.03793   0.03130   0.02445   0.06252   0.12468   0.01068   0.22466   0.29262   0.03362   0.02388   0.01258   0.03093   0.01217   0.04924   0.08854   0.01116   0.23148   0.21157   9.89136   1.56671   1.26261   1.63473   0.98159  
 28  0.2110   1946.035146  x:  0.18624   0.03647   0.04362   0.03773   0.03110   0.02455   0.06254   0.12441   0.01076   0.22449   0.29261   0.03359   0.02395   0.01238   0.03075   0.01227   0.04912   0.08855   0.01078   0.23133   0.21155   9.95754   1.56459   1.26090   1.63336   0.98207  
 29  0.0601   1946.035091  x:  0.18624   0.03649   0.04365   0.03775   0.03107   0.02458   0.06256   0.12446   0.01072   0.22454   0.29270   0.03362   0.02391   0.01241   0.03073   0.01224   0.04912   0.08856   0.01078   0.23138   0.21155   9.96567   1.56483   1.26117   1.63345   0.98222  
 30  0.0082   1946.035090  x:  0.18624   0.03650   0.04365   0.03775   0.03107   0.02458   0.06256   0.12447   0.01072   0.22454   0.29271   0.03362   0.02391   0.01241   0.03073   0.01225   0.04912   0.08856   0.01079   0.23139   0.21155   9.96643   1.56489   1.26121   1.63350   0.98223  
 31  0.0008   1946.035090  x:  0.18624   0.03650   0.04365   0.03775   0.03108   0.02458   0.06256   0.12447   0.01072   0.22455   0.29271   0.03362   0.02391   0.01241   0.03073   0.01225   0.04912   0.08856   0.01079   0.23139   0.21155   9.96648   1.56489   1.26121   1.63350   0.98223  
 32  0.0001   1946.035090  x:  0.18624   0.03650   0.04365   0.03775   0.03108   0.02458   0.06256   0.12447   0.01072   0.22455   0.29271   0.03362   0.02391   0.01241   0.03073   0.01225   0.04912   0.08856   0.01079   0.23139   0.21155   9.96648   1.56489   1.26120   1.63350   0.98223  
 33  0.0000   1946.035090  x:  0.18624   0.03650   0.04365   0.03775   0.03108   0.02458   0.06256   0.12447   0.01072   0.22455   0.29271   0.03362   0.02391   0.01241   0.03073   0.01225   0.04912   0.08856   0.01079   0.23139   0.21155   9.96648   1.56489   1.26120   1.63350   0.98223  
 34  0.0000   1946.035090  x:  0.18624   0.03650   0.04365   0.03775   0.03108   0.02458   0.06256   0.12447   0.01072   0.22455   0.29271   0.03362   0.02391   0.01241   0.03073   0.01225   0.04912   0.08856   0.01079   0.23139   0.21155   9.96648   1.56489   1.26120   1.63350   0.98223  