

TREE # 1

  0  0.0000   2238.017943  x:  0.05344   0.00000   0.12093   0.02441   0.07387   0.08134   0.05199   0.05080   0.08946   0.05634   0.06376   0.10778   0.02073   0.04130   0.04953   0.07269   0.06204   0.04162   0.06024   0.04387   0.11176   0.06120   0.11002   0.07206   2.00000   1.63010   1.15561   1.41055   0.40000  
  1 99.0000   2176.651273  x:  0.12500   0.00197   0.22667   0.03112   0.02573   0.06427   0.06567   0.02524   0.04907   0.11828   0.00000   0.16027   0.03892   0.25281   0.10720   0.06704   0.00374   0.07569   0.00703   0.01591   0.10397   0.08195   0.20383   0.14362   2.01997   1.62977   1.15068   1.41317   0.45663  
  2 634.9924   2175.144579  x:  0.12701   0.00186   0.22977   0.03138   0.02438   0.06380   0.06604   0.02461   0.04790   0.12000   0.00255   0.16179   0.03931   0.25874   0.10880   0.06689   0.00281   0.07661   0.00601   0.01539   0.10373   0.08251   0.20655   0.14563   2.02061   1.62976   1.15053   1.41325   0.45838  
  3 2570.7318   2171.794835  x:  0.13029   0.00000   0.23602   0.03136   0.02227   0.06307   0.06654   0.02448   0.04557   0.12265   0.00342   0.16472   0.03879   0.26850   0.11128   0.06669   0.01178   0.07772   0.01056   0.01741   0.10310   0.08320   0.21185   0.14891   2.02247   1.62972   1.15016   1.41344   0.46275  
  4 794.2486   2168.791204  x:  0.13132   0.00000   0.24898   0.02813   0.02496   0.06355   0.06557   0.03283   0.04222   0.12186   0.00341   0.16976   0.02781   0.27313   0.11026   0.06692   0.00437   0.07443   0.02328   0.03342   0.10124   0.08119   0.22144   0.14994   2.03081   1.62951   1.14897   1.41401   0.47824  
  5 218.6696   2164.323022  x:  0.12903   0.00000   0.27350   0.02257   0.03217   0.06551   0.06237   0.04383   0.03917   0.11569   0.00339   0.17856   0.00000   0.27101   0.10417   0.06787   0.00914   0.06451   0.00896   0.04489   0.09708   0.07527   0.23897   0.14765   2.05160   1.62895   1.14631   1.41529   0.51361  
  6 262.3379   2164.323022  x:  0.12903   0.00000   0.27350   0.02257   0.03217   0.06551   0.06237   0.04383   0.03917   0.11569   0.00339   0.17856   0.00000   0.27101   0.10417   0.06787   0.00914   0.06451   0.00896   0.04489   0.09708   0.07527   0.23897   0.14765   2.05160   1.62895   1.14631   1.41529   0.51361  
  7 239.7250   2162.293696  x:  0.12830   0.00000   0.27394   0.02409   0.03130   0.06553   0.06227   0.04231   0.03984   0.11482   0.01810   0.17867   0.00039   0.26889   0.10340   0.06795   0.01197   0.06425   0.01671   0.04268   0.09701   0.07509   0.23943   0.14692   2.05341   1.62891   1.14612   1.41538   0.51565  
  8 393.2483   2159.553759  x:  0.12161   0.00000   0.27770   0.02859   0.02411   0.06565   0.06143   0.02950   0.04529   0.10686   0.01038   0.17962   0.00364   0.24888   0.09628   0.06825   0.01970   0.06166   0.03106   0.02367   0.09656   0.07364   0.24360   0.14023   2.07056   1.62851   1.14441   1.41622   0.53471  
  9 121.7397   2154.973535  x:  0.10536   0.00000   0.28777   0.02967   0.02400   0.06665   0.06079   0.02302   0.05047   0.08928   0.01671   0.18137   0.00926   0.19339   0.07926   0.06859   0.00777   0.05768   0.01753   0.01732   0.09695   0.07191   0.25364   0.12398   2.12099   1.62735   1.13932   1.41865   0.58768  
 10 167.9857   2152.498615  x:  0.09536   0.00000   0.29489   0.02861   0.02565   0.06719   0.06078   0.02722   0.05157   0.07994   0.01681   0.18224   0.01326   0.15358   0.07017   0.06896   0.01932   0.05659   0.01354   0.02750   0.09719   0.07184   0.26029   0.11398   2.16055   1.62649   1.13527   1.42061   0.62728  
 11 517.9336   2150.823412  x:  0.09401   0.00000   0.29929   0.02526   0.02878   0.06681   0.06148   0.03745   0.04680   0.08336   0.01297   0.18187   0.01609   0.13072   0.07289   0.06918   0.01161   0.05958   0.02642   0.03284   0.09773   0.07431   0.26331   0.11263   2.19627   1.62579   1.13165   1.42237   0.65832  
 12 212.4082   2147.258808  x:  0.10738   0.00000   0.30606   0.02709   0.02624   0.06369   0.06265   0.03674   0.03211   0.11092   0.01546   0.17870   0.02116   0.11190   0.09953   0.06874   0.01690   0.06772   0.01777   0.02352   0.09763   0.08223   0.26428   0.12600   2.29971   1.62383   1.12172   1.42734   0.73496  
 13 164.3217   2142.782953  x:  0.12347   0.00000   0.31013   0.02654   0.02797   0.06432   0.06179   0.02032   0.06139   0.12769   0.01481   0.17498   0.01627   0.13212   0.11526   0.06800   0.01290   0.06505   0.02008   0.04059   0.09695   0.08179   0.25996   0.14209   2.46577   1.62063   1.10747   1.43460   0.84249  
 14 245.3779   2138.072773  x:  0.13235   0.00000   0.30811   0.02803   0.02329   0.06829   0.06123   0.05402   0.07154   0.12132   0.01527   0.17324   0.00748   0.18362   0.11002   0.06746   0.01566   0.05393   0.01748   0.02849   0.09498   0.07166   0.25027   0.15097   2.67997   1.61621   1.09202   1.44278   0.96263  
 15 386.2542   2133.933867  x:  0.12902   0.00000   0.29854   0.02339   0.03432   0.06585   0.06142   0.04339   0.03621   0.10319   0.01381   0.17499   0.01802   0.22875   0.09398   0.06846   0.01563   0.06274   0.02201   0.03355   0.09545   0.06852   0.24072   0.14764   2.84620   1.61252   1.08409   1.44738   1.03039  
 16 284.7204   2132.685300  x:  0.12082   0.00000   0.29060   0.02758   0.02423   0.06347   0.06321   0.04091   0.02968   0.10269   0.01349   0.17515   0.00457   0.23395   0.09307   0.06918   0.01395   0.06836   0.02271   0.03768   0.09722   0.07772   0.23651   0.13944   2.90874   1.61100   1.08508   1.44744   1.03079  
 17 108.6205   2129.043165  x:  0.09284   0.00000   0.25788   0.02263   0.03004   0.05895   0.06789   0.04446   0.04396   0.11282   0.01446   0.17775   0.01257   0.23754   0.09901   0.07072   0.01638   0.08302   0.02029   0.03067   0.10249   0.10734   0.22787   0.11146   3.13637   1.60570   1.09426   1.44513   0.99175  
 18 194.9979   2120.148283  x:  0.09633   0.00000   0.21653   0.04727   0.02914   0.07965   0.05298   0.04007   0.03830   0.12296   0.01290   0.17684   0.02173   0.20148   0.09752   0.06512   0.01279   0.04196   0.02202   0.03706   0.09797   0.09027   0.22918   0.11495   3.70140   1.59418   1.12190   1.43647   0.83986  
 19 272.2430   2113.543661  x:  0.11537   0.00000   0.21979   0.02077   0.02404   0.07860   0.05940   0.03638   0.04395   0.11256   0.01479   0.17632   0.00580   0.17162   0.08970   0.06582   0.01536   0.05997   0.02073   0.03044   0.09368   0.06019   0.23655   0.13399   4.10624   1.58724   1.13992   1.43079   0.72172  
 20 653.9269   2111.740380  x:  0.12359   0.00000   0.25073   0.03715   0.03046   0.06551   0.06597   0.03891   0.04792   0.09882   0.01380   0.18013   0.00620   0.16789   0.08955   0.07048   0.01483   0.06598   0.02060   0.02989   0.09604   0.06955   0.24587   0.14221   4.23746   1.58684   1.14224   1.43034   0.67980  
 21 228.8644   2110.997321  x:  0.12264   0.00000   0.27351   0.02875   0.02371   0.06240   0.06283   0.03839   0.04644   0.09622   0.01431   0.18309   0.00979   0.17019   0.09168   0.07046   0.01448   0.05711   0.02068   0.03088   0.09812   0.07901   0.25255   0.14126   4.28719   1.58812   1.14066   1.43103   0.66298  
 22 121.5457   2110.769691  x:  0.11887   0.00000   0.28496   0.02708   0.02869   0.06658   0.06034   0.03734   0.04495   0.09968   0.01423   0.18365   0.00515   0.17190   0.09241   0.06879   0.01535   0.05507   0.02090   0.02941   0.09835   0.07930   0.25558   0.13749   4.30326   1.58973   1.13819   1.43194   0.65736  
 23 54.7691   2110.653282  x:  0.11516   0.00000   0.29229   0.02890   0.02653   0.07022   0.06018   0.03753   0.04492   0.10398   0.01418   0.18344   0.00727   0.17390   0.09217   0.06752   0.01492   0.05794   0.02078   0.03033   0.09778   0.07529   0.25806   0.13378   4.31170   1.59189   1.13485   1.43310   0.65422  
 24 32.1200   2110.614679  x:  0.11353   0.00000   0.29309   0.02885   0.02677   0.06727   0.06244   0.03732   0.04455   0.10538   0.01416   0.18120   0.00719   0.17415   0.09275   0.06918   0.01487   0.05623   0.02083   0.03046   0.09686   0.07278   0.25845   0.13215   4.31493   1.59545   1.12950   1.43496   0.65305  
 25  8.2020   2110.500446  x:  0.11331   0.00000   0.29157   0.02897   0.02671   0.06628   0.05785   0.03747   0.04482   0.10299   0.01417   0.17384   0.00732   0.17328   0.09336   0.06854   0.01480   0.05750   0.02073   0.03024   0.09550   0.07345   0.25842   0.13193   4.32542   1.61153   1.10583   1.44343   0.64952  
 26 11.9719   2110.441925  x:  0.11424   0.00000   0.29039   0.02859   0.02654   0.06958   0.06201   0.03713   0.04470   0.10231   0.01418   0.17428   0.00741   0.17260   0.09224   0.06752   0.01487   0.05693   0.02072   0.03006   0.09673   0.07532   0.25808   0.13286   4.33122   1.62039   1.09362   1.44816   0.64805  
 27 21.8008   2110.386977  x:  0.11493   0.00000   0.28916   0.02866   0.02657   0.06803   0.06046   0.03717   0.04486   0.10430   0.01418   0.18306   0.00683   0.17202   0.09004   0.06882   0.01492   0.05702   0.02065   0.02996   0.09862   0.07469   0.25738   0.13355   4.33717   1.62790   1.08617   1.45220   0.64793  
 28  9.1600   2110.299686  x:  0.11416   0.00000   0.28873   0.02871   0.02668   0.06724   0.06113   0.03711   0.04481   0.10111   0.01416   0.18988   0.00639   0.17221   0.09499   0.06514   0.01469   0.05704   0.02070   0.03027   0.09277   0.07338   0.25746   0.13278   4.34761   1.63610   1.08657   1.45680   0.65045  
 29  5.2430   2109.587741  x:  0.11307   0.00000   0.29223   0.02785   0.02621   0.07664   0.06014   0.03652   0.04421   0.09174   0.01405   0.19377   0.00599   0.17581   0.10701   0.08426   0.01426   0.05907   0.02040   0.03080   0.09284   0.07056   0.26110   0.13169   4.44010   1.69582   1.11877   1.49284   0.67781  
 30 16.2023   2106.476432  x:  0.11691   0.00000   0.31237   0.02581   0.02757   0.06285   0.06320   0.03576   0.04309   0.09638   0.01327   0.17952   0.00506   0.19015   0.08956   0.06349   0.01433   0.06226   0.01997   0.03073   0.10608   0.07156   0.27204   0.13552   4.83775   1.94120   1.26570   1.64648   0.79645  
 31 153.1111   2106.295939  x:  0.11813   0.00000   0.31556   0.02536   0.02746   0.06386   0.06336   0.03565   0.04322   0.09998   0.01327   0.17856   0.00560   0.19009   0.08265   0.06719   0.01424   0.06261   0.01987   0.03061   0.09508   0.07569   0.26661   0.13675   4.85995   1.94675   1.27027   1.65558   0.80235  
 32 30.3991   2105.860584  x:  0.11695   0.00000   0.32733   0.02551   0.02704   0.06415   0.06304   0.03509   0.04378   0.09739   0.01315   0.17699   0.00839   0.18703   0.08470   0.06594   0.01408   0.06194   0.01977   0.03059   0.09826   0.07203   0.23258   0.13556   4.91455   1.91413   1.25927   1.67951   0.81330  
 33 13.6424   2104.565056  x:  0.11729   0.00000   0.32614   0.02441   0.02737   0.06243   0.06356   0.03442   0.04313   0.09521   0.01285   0.17736   0.00635   0.19283   0.08404   0.06664   0.01383   0.06396   0.01951   0.03067   0.09756   0.07188   0.25851   0.13591   5.08308   1.75537   1.19202   1.73758   0.84682  
 34 26.6952   2102.505115  x:  0.11756   0.00000   0.33900   0.02352   0.02767   0.06156   0.06443   0.03348   0.04290   0.09304   0.01233   0.17464   0.00658   0.19913   0.08250   0.06780   0.01386   0.06630   0.01907   0.03065   0.09808   0.07223   0.25584   0.13618   5.35510   1.57166   1.02376   1.44996   0.90853  
 35 11.5351   2097.253484  x:  0.11302   0.00000   0.29739   0.02988   0.02654   0.06935   0.06394   0.02877   0.04580   0.10547   0.00971   0.18760   0.00747   0.17358   0.10165   0.07556   0.01192   0.06689   0.01710   0.03101   0.09732   0.08081   0.26561   0.13163   7.24456   1.71921   1.17943   1.51119   0.95647  
 36  0.8622   2096.082416  x:  0.11332   0.00000   0.29890   0.02693   0.02699   0.06554   0.06210   0.03402   0.04431   0.10057   0.00984   0.17958   0.01049   0.17681   0.09052   0.06723   0.01388   0.06198   0.01903   0.02843   0.09828   0.07601   0.25800   0.13193   7.93556   1.61124   1.08834   1.51557   0.95389  
 37  0.4570   2095.816458  x:  0.11357   0.00000   0.30272   0.02594   0.02758   0.06554   0.06305   0.03451   0.04413   0.10142   0.01151   0.17946   0.00772   0.18181   0.09066   0.06932   0.01295   0.06212   0.01833   0.03127   0.09858   0.07616   0.25877   0.13217   8.41252   1.63924   1.07970   1.48228   0.93603  
 38  0.2963   2095.769923  x:  0.11376   0.00000   0.30216   0.02703   0.02722   0.06626   0.06302   0.03362   0.04444   0.10163   0.01136   0.18070   0.00708   0.18290   0.09180   0.06988   0.01377   0.06247   0.01910   0.03086   0.09809   0.07662   0.25966   0.13236   8.59945   1.63827   1.09144   1.50143   0.92607  
 39  0.1548   2095.767669  x:  0.11412   0.00000   0.30278   0.02688   0.02715   0.06612   0.06289   0.03366   0.04451   0.10172   0.01142   0.18060   0.00741   0.18305   0.09184   0.06939   0.01352   0.06248   0.01892   0.03065   0.09820   0.07666   0.25983   0.13272   8.63627   1.63448   1.09012   1.49886   0.92561  
 40  0.0326   2095.767536  x:  0.11410   0.00000   0.30293   0.02692   0.02713   0.06609   0.06290   0.03360   0.04457   0.10173   0.01135   0.18055   0.00737   0.18306   0.09185   0.06942   0.01350   0.06248   0.01896   0.03055   0.09824   0.07666   0.25991   0.13270   8.64111   1.63537   1.09003   1.49873   0.92591  
 41  0.0041   2095.767527  x:  0.11409   0.00000   0.30291   0.02692   0.02715   0.06610   0.06290   0.03358   0.04457   0.10173   0.01134   0.18056   0.00737   0.18306   0.09186   0.06944   0.01348   0.06248   0.01893   0.03055   0.09822   0.07666   0.25989   0.13269   8.64121   1.63538   1.09008   1.49897   0.92600  
 42  0.0003   2095.767525  x:  0.11409   0.00000   0.30290   0.02692   0.02715   0.06610   0.06290   0.03358   0.04457   0.10172   0.01133   0.18057   0.00737   0.18307   0.09185   0.06944   0.01348   0.06248   0.01893   0.03055   0.09822   0.07666   0.25989   0.13269   8.64127   1.63533   1.09008   1.49890   0.92600  
 43  0.0001   2095.767525  x:  0.11409   0.00000   0.30290   0.02692   0.02715   0.06610   0.06290   0.03359   0.04457   0.10172   0.01133   0.18056   0.00737   0.18307   0.09185   0.06944   0.01348   0.06248   0.01893   0.03056   0.09822   0.07666   0.25989   0.13269   8.64133   1.63535   1.09008   1.49892   0.92599  
 44  0.0001   2095.767525  x:  0.11409   0.00000   0.30290   0.02692   0.02715   0.06610   0.06290   0.03359   0.04457   0.10172   0.01133   0.18056   0.00737   0.18307   0.09185   0.06944   0.01348   0.06248   0.01893   0.03056   0.09822   0.07666   0.25989   0.13269   8.64131   1.63535   1.09008   1.49891   0.92598  
 45  0.0000   2095.767525  x:  0.11409   0.00000   0.30290   0.02692   0.02715   0.06610   0.06290   0.03359   0.04457   0.10172   0.01133   0.18056   0.00737   0.18307   0.09185   0.06944   0.01348   0.06248   0.01893   0.03056   0.09822   0.07666   0.25989   0.13269   8.64129   1.63534   1.09008   1.49891   0.92598  
 46  0.0000   2095.767525  x:  0.11409   0.00000   0.30290   0.02692   0.02715   0.06610   0.06290   0.03359   0.04457   0.10172   0.01133   0.18056   0.00737   0.18307   0.09185   0.06944   0.01348   0.06248   0.01893   0.03056   0.09822   0.07666   0.25989   0.13269   8.64129   1.63534   1.09008   1.49891   0.92598  