

TREE # 1

  0  0.0000   2160.902224  x:  0.07448   0.00313   0.15226   0.00036   0.08478   0.05006   0.05068   0.04761   0.09182   0.06765   0.08693   0.14135   0.00000   0.10739   0.00182   0.05497   0.03775   0.09089   0.03844   0.05373   0.08643   0.05815   0.15660   0.09310   2.00000   1.92350   1.32572   1.41921   0.40000  
  1 99.0000   2140.561413  x:  0.07556   0.02004   0.15541   0.05732   0.08279   0.04826   0.05170   0.04632   0.09142   0.07344   0.08885   0.14254   0.01345   0.11241   0.03239   0.05281   0.03407   0.09314   0.03440   0.05385   0.08625   0.05706   0.15747   0.09418   2.00146   1.92328   1.32556   1.41948   0.40375  
  2 1864.2701   2125.101243  x:  0.08137   0.02663   0.17030   0.06109   0.06214   0.03539   0.05840   0.03747   0.08819   0.10666   0.08467   0.14714   0.00000   0.14268   0.02598   0.03456   0.00730   0.10896   0.00500   0.05471   0.08351   0.04244   0.16341   0.09999   2.01236   1.92159   1.32443   1.42130   0.43133  
  3 293.6369   2117.973523  x:  0.08760   0.02962   0.18808   0.05919   0.03601   0.02439   0.06483   0.02935   0.08451   0.13892   0.07737   0.15203   0.01298   0.17529   0.01946   0.01659   0.00633   0.12487   0.01969   0.05599   0.08165   0.02623   0.17068   0.10622   2.02678   1.91945   1.32289   1.42366   0.46506  
  4 449.6292   2114.582382  x:  0.09080   0.02689   0.20244   0.05762   0.01706   0.02741   0.06751   0.02954   0.08244   0.15766   0.06917   0.15491   0.00877   0.19632   0.02442   0.02318   0.02824   0.13372   0.01661   0.05661   0.08208   0.02361   0.17545   0.10942   2.04086   1.91741   1.32147   1.42583   0.49341  
  5 332.7558   2111.242364  x:  0.09177   0.01593   0.22273   0.05596   0.02344   0.04145   0.06413   0.04142   0.08286   0.16938   0.05425   0.15683   0.00599   0.21652   0.03267   0.03696   0.01844   0.13744   0.02602   0.05630   0.08412   0.03662   0.18034   0.11039   2.06873   1.91351   1.31911   1.42961   0.53846  
  6 170.3768   2105.983404  x:  0.08157   0.02620   0.25680   0.05884   0.03203   0.03621   0.03987   0.03966   0.09208   0.13364   0.04723   0.15431   0.00991   0.21688   0.02099   0.03536   0.02215   0.11257   0.01873   0.05294   0.08841   0.02990   0.18007   0.10019   2.16294   1.90070   1.31359   1.44008   0.64675  
  7 112.2794   2102.818615  x:  0.07736   0.01570   0.26796   0.05756   0.02100   0.03143   0.05692   0.03858   0.09399   0.10653   0.05925   0.15034   0.00480   0.20381   0.03141   0.02779   0.01749   0.10040   0.02038   0.05438   0.08789   0.03075   0.17658   0.09598   2.23778   1.89095   1.30963   1.44776   0.71433  
  8 231.8284   2099.137938  x:  0.08787   0.02525   0.24696   0.05685   0.03293   0.04209   0.07581   0.03689   0.08219   0.11167   0.07712   0.14730   0.01457   0.16167   0.02255   0.03136   0.02027   0.11925   0.01441   0.05977   0.08132   0.03154   0.16679   0.10650   2.37192   1.87512   1.30309   1.45959   0.78574  
  9 131.0913   2096.290765  x:  0.09002   0.02210   0.21552   0.05798   0.03161   0.03224   0.06085   0.02874   0.07628   0.12383   0.07457   0.14622   0.00240   0.13607   0.02938   0.03117   0.01970   0.12826   0.02275   0.05520   0.08094   0.03290   0.16085   0.10864   2.48471   1.86269   1.29815   1.46822   0.81967  
 10 199.2682   2093.947956  x:  0.08689   0.01444   0.17976   0.05548   0.02006   0.03092   0.05205   0.03904   0.07864   0.12919   0.06595   0.14741   0.01592   0.13191   0.03317   0.02859   0.01677   0.12666   0.01427   0.05178   0.08404   0.03523   0.16002   0.10551   2.60379   1.85059   1.29305   1.47618   0.83366  
 11 229.3214   2090.210599  x:  0.07987   0.02833   0.13739   0.05842   0.02028   0.03884   0.06287   0.04816   0.09079   0.13026   0.05728   0.15239   0.00408   0.15355   0.02797   0.02323   0.01891   0.11674   0.02114   0.05598   0.08867   0.03335   0.16358   0.09849   2.80729   1.83143   1.28408   1.48825   0.83189  
 12 279.3273   2083.521955  x:  0.08057   0.01241   0.13371   0.05977   0.03862   0.02402   0.06946   0.02245   0.09566   0.12943   0.07177   0.15932   0.01102   0.19523   0.02676   0.04796   0.01964   0.10955   0.01878   0.05957   0.08910   0.02735   0.17689   0.09919   3.20045   1.79736   1.26658   1.50819   0.78627  
 13 321.9489   2071.447493  x:  0.09237   0.02499   0.20664   0.04754   0.02716   0.04101   0.04262   0.03825   0.07227   0.12314   0.09486   0.16507   0.00514   0.22893   0.03937   0.03519   0.01687   0.11540   0.02237   0.04436   0.07631   0.02959   0.19216   0.11099   3.97805   1.73313   1.23276   1.54299   0.66224  
 14 693.5516   2067.948344  x:  0.09020   0.01157   0.24165   0.06084   0.02578   0.03434   0.05117   0.04570   0.08107   0.12891   0.06548   0.15905   0.00193   0.21627   0.02497   0.02483   0.02164   0.12239   0.02120   0.06042   0.08265   0.03302   0.18777   0.10882   4.18576   1.71964   1.22436   1.54713   0.62421  
 15 340.0395   2067.239928  x:  0.08781   0.01825   0.25099   0.05785   0.02107   0.03303   0.05766   0.04149   0.08625   0.13132   0.05294   0.15694   0.00415   0.20987   0.02664   0.03095   0.01801   0.12245   0.02136   0.05909   0.08597   0.03263   0.18433   0.10643   4.23037   1.71879   1.22282   1.54520   0.61562  
 16 163.5487   2067.099498  x:  0.08585   0.01700   0.25315   0.05692   0.02336   0.03611   0.05936   0.03940   0.08892   0.13491   0.05168   0.15573   0.00478   0.20853   0.02863   0.02861   0.01880   0.12085   0.02060   0.05498   0.08657   0.02986   0.18177   0.10447   4.23974   1.72144   1.22281   1.54099   0.61445  
 17 34.4542   2066.944732  x:  0.08283   0.01714   0.25525   0.05795   0.02175   0.03632   0.05927   0.03974   0.09123   0.14106   0.05626   0.15386   0.00499   0.20815   0.02598   0.02967   0.01873   0.11669   0.02121   0.05335   0.08674   0.03285   0.17621   0.10145   4.25159   1.73113   1.22337   1.52720   0.61437  
 18 22.6860   2066.695078  x:  0.08307   0.01868   0.25629   0.05504   0.02397   0.03338   0.05847   0.04273   0.08991   0.14369   0.05695   0.15236   0.00542   0.20967   0.03003   0.02953   0.01921   0.11364   0.02084   0.05965   0.08588   0.03100   0.16961   0.10169   4.27229   1.75366   1.22475   1.49545   0.61550  
 19 36.9864   2066.330987  x:  0.08713   0.01636   0.25516   0.05769   0.02120   0.03747   0.05785   0.03969   0.08672   0.13763   0.05303   0.15220   0.00460   0.21217   0.02739   0.03021   0.01789   0.11594   0.02129   0.05830   0.08518   0.02963   0.16743   0.10575   4.30269   1.78929   1.22690   1.44513   0.61758  
 20 70.6182   2066.239743  x:  0.08729   0.01721   0.25515   0.05729   0.02258   0.03483   0.05903   0.04023   0.08772   0.13621   0.05261   0.15334   0.00470   0.21234   0.02755   0.02867   0.01904   0.11898   0.02078   0.05506   0.08597   0.03289   0.17104   0.10591   4.31058   1.79856   1.22725   1.43203   0.61844  
 21 41.8057   2066.193928  x:  0.08577   0.01715   0.25551   0.05731   0.02228   0.03496   0.05859   0.04155   0.08978   0.13644   0.05424   0.15482   0.00429   0.21040   0.02768   0.02954   0.01862   0.12111   0.02114   0.05551   0.08737   0.03095   0.17692   0.10439   4.31474   1.80298   1.22712   1.42571   0.61895  
 22 16.1229   2066.178886  x:  0.08531   0.01733   0.25559   0.05704   0.02210   0.03586   0.05835   0.04022   0.08970   0.13710   0.05414   0.15554   0.00450   0.20952   0.02795   0.02885   0.01863   0.12019   0.02094   0.05686   0.08679   0.03195   0.17963   0.10393   4.31627   1.80392   1.22687   1.42423   0.61922  
 23  6.7089   2066.152323  x:  0.08561   0.01721   0.25573   0.05746   0.02230   0.03521   0.05944   0.04100   0.08761   0.13847   0.05320   0.15637   0.00430   0.20816   0.02739   0.02929   0.01868   0.11690   0.02100   0.05597   0.08524   0.03135   0.18273   0.10423   4.31930   1.80431   1.22598   1.42310   0.61985  
 24  4.4697   2065.025713  x:  0.10269   0.01779   0.25731   0.05648   0.02129   0.03572   0.05972   0.04041   0.09517   0.14447   0.05718   0.15813   0.00287   0.20343   0.02779   0.02601   0.01728   0.10512   0.01972   0.05582   0.10629   0.03215   0.18483   0.12131   4.46128   1.78684   1.17712   1.41462   0.65207  
 25  4.0478   2060.271608  x:  0.08708   0.01771   0.25959   0.05636   0.02138   0.03378   0.06518   0.03704   0.08381   0.14533   0.05607   0.15571   0.00089   0.20322   0.02609   0.02493   0.01196   0.12661   0.01433   0.05614   0.08296   0.02941   0.17195   0.10569   5.03398   1.70946   0.99629   1.38085   0.78188  
 26 167.7253   2057.982759  x:  0.08816   0.01847   0.26107   0.05580   0.02154   0.03339   0.06669   0.03674   0.08425   0.14791   0.05738   0.14651   0.00000   0.20348   0.02594   0.02479   0.01045   0.12970   0.01289   0.05657   0.08053   0.02900   0.17491   0.10677   5.22473   1.65572   1.05941   1.35932   0.82522  
 27 40.4336   2057.781639  x:  0.08592   0.01772   0.26237   0.05596   0.02191   0.03364   0.06776   0.03612   0.07987   0.14791   0.05737   0.16385   0.00000   0.20233   0.02559   0.02425   0.01027   0.13012   0.01254   0.05673   0.08520   0.02909   0.16986   0.10453   5.25134   1.65194   1.07072   1.35933   0.83099  
 28 31.0853   2057.743607  x:  0.08720   0.01741   0.26265   0.05598   0.02162   0.03343   0.06742   0.03653   0.08373   0.14786   0.05732   0.16808   0.00000   0.20170   0.02568   0.02451   0.01021   0.13003   0.01263   0.05663   0.08136   0.02894   0.16870   0.10582   5.25717   1.65522   1.07392   1.36245   0.83210  
 29  9.7455   2056.910986  x:  0.08639   0.01773   0.26256   0.05595   0.02197   0.03304   0.06816   0.03548   0.08095   0.14762   0.05699   0.16457   0.00000   0.20133   0.02505   0.02417   0.00951   0.13247   0.01148   0.05617   0.08134   0.02875   0.17106   0.10500   5.41773   1.86431   1.17860   1.53711   0.85749  
 30  8.9525   2052.607907  x:  0.09462   0.01665   0.25139   0.05377   0.03034   0.02977   0.06034   0.03271   0.08622   0.15332   0.06351   0.15435   0.00000   0.21507   0.02277   0.03125   0.01631   0.13058   0.00840   0.05577   0.08468   0.03101   0.18686   0.11321   6.93860   1.71762   1.24621   1.47251   0.95240  
 31  1.0199   2051.315214  x:  0.08938   0.01485   0.24507   0.05091   0.02558   0.03327   0.05684   0.03634   0.08454   0.15233   0.05954   0.15735   0.00000   0.21518   0.02702   0.03159   0.00892   0.12606   0.01727   0.05437   0.08364   0.02956   0.18180   0.10797   7.64288   1.76017   1.24042   1.49243   0.94236  
 32  0.4984   2050.558008  x:  0.08625   0.01478   0.23980   0.04963   0.02247   0.03321   0.05897   0.03688   0.08426   0.14758   0.05730   0.16123   0.00000   0.21142   0.02521   0.02521   0.01396   0.12351   0.01301   0.05465   0.08211   0.02851   0.17537   0.10484   8.30348   1.78395   1.20255   1.50772   0.91084  
 33  0.4711   2050.336159  x:  0.08970   0.01502   0.23644   0.04862   0.02453   0.03275   0.06209   0.03478   0.08524   0.14659   0.05974   0.16061   0.00000   0.21078   0.02363   0.02871   0.01214   0.12487   0.01143   0.05584   0.08491   0.03000   0.17874   0.10829   8.66863   1.74743   1.18060   1.49072   0.89318  
 34  0.3062   2050.307584  x:  0.08926   0.01514   0.23711   0.04788   0.02483   0.03180   0.06144   0.03536   0.08533   0.14888   0.05988   0.15946   0.00000   0.21044   0.02420   0.02858   0.01221   0.12628   0.01231   0.05556   0.08418   0.02997   0.18002   0.10784   8.79101   1.74275   1.18982   1.48867   0.88747  
 35  0.1000   2050.304685  x:  0.08916   0.01502   0.23762   0.04787   0.02483   0.03220   0.06133   0.03513   0.08523   0.14884   0.05987   0.15956   0.00000   0.21028   0.02396   0.02829   0.01210   0.12638   0.01207   0.05550   0.08390   0.02977   0.17949   0.10775   8.83011   1.74752   1.19283   1.49172   0.88527  
 36  0.0356   2050.304576  x:  0.08924   0.01504   0.23792   0.04786   0.02486   0.03216   0.06133   0.03518   0.08518   0.14873   0.05989   0.15967   0.00000   0.21031   0.02396   0.02830   0.01213   0.12634   0.01208   0.05552   0.08398   0.02983   0.17939   0.10783   8.82962   1.74836   1.19363   1.49271   0.88512  
 37  0.0014   2050.304567  x:  0.08923   0.01504   0.23804   0.04785   0.02486   0.03217   0.06132   0.03518   0.08517   0.14870   0.05988   0.15966   0.00000   0.21032   0.02397   0.02831   0.01212   0.12632   0.01207   0.05551   0.08396   0.02982   0.17943   0.10782   8.82933   1.74806   1.19352   1.49254   0.88510  
 38  0.0004   2050.304566  x:  0.08923   0.01503   0.23805   0.04786   0.02486   0.03217   0.06131   0.03518   0.08517   0.14870   0.05989   0.15965   0.00000   0.21032   0.02396   0.02831   0.01212   0.12633   0.01207   0.05551   0.08396   0.02982   0.17943   0.10782   8.82940   1.74807   1.19349   1.49251   0.88511  
 39  0.0001   2050.304566  x:  0.08923   0.01503   0.23806   0.04785   0.02485   0.03217   0.06131   0.03518   0.08517   0.14870   0.05989   0.15965   0.00000   0.21032   0.02397   0.02831   0.01212   0.12633   0.01207   0.05551   0.08396   0.02982   0.17943   0.10782   8.82962   1.74808   1.19347   1.49250   0.88512  
 40  0.0002   2050.304566  x:  0.08923   0.01503   0.23806   0.04785   0.02486   0.03217   0.06131   0.03518   0.08517   0.14870   0.05989   0.15965   0.00000   0.21032   0.02396   0.02831   0.01212   0.12633   0.01207   0.05551   0.08396   0.02982   0.17943   0.10782   8.82973   1.74807   1.19347   1.49251   0.88514  
 41  0.0000   2050.304566  x:  0.08923   0.01503   0.23806   0.04785   0.02485   0.03217   0.06131   0.03518   0.08517   0.14870   0.05989   0.15965   0.00000   0.21032   0.02396   0.02831   0.01212   0.12633   0.01207   0.05551   0.08396   0.02982   0.17943   0.10782   8.82962   1.74808   1.19348   1.49251   0.88514  
 42  0.0000   2050.304566  x:  0.08923   0.01503   0.23805   0.04785   0.02486   0.03217   0.06131   0.03518   0.08517   0.14870   0.05989   0.15965   0.00000   0.21032   0.02396   0.02831   0.01212   0.12633   0.01207   0.05551   0.08396   0.02982   0.17943   0.10782   8.82954   1.74808   1.19348   1.49251   0.88513  
 43  0.0001   2050.304566  x:  0.08923   0.01503   0.23805   0.04785   0.02486   0.03217   0.06131   0.03518   0.08517   0.14870   0.05989   0.15965   0.00000   0.21032   0.02396   0.02831   0.01212   0.12633   0.01207   0.05551   0.08396   0.02982   0.17943   0.10782   8.82953   1.74807   1.19348   1.49251   0.88513  
 44  0.0000   2050.304566  x:  0.08923   0.01503   0.23805   0.04785   0.02486   0.03217   0.06131   0.03518   0.08517   0.14870   0.05989   0.15965   0.00000   0.21032   0.02396   0.02831   0.01212   0.12633   0.01207   0.05551   0.08396   0.02982   0.17943   0.10782   8.82953   1.74807   1.19348   1.49251   0.88513  