

TREE # 1

  0  0.0000   1840.725284  x:  0.00000   0.03773   0.06778   0.02139   0.07217   0.09058   0.03482   0.05492   0.09952   0.02425   0.10929   0.02264   0.05743   0.02049   0.02884   0.06665   0.07764   0.03220   0.06198   0.05123   0.08497   0.11344   0.07641   2.00000   1.59993   1.24413   1.55122   0.40000  
  1 99.0000   1840.722907  x:  0.00000   0.03774   0.06778   0.02139   0.07217   0.09058   0.03482   0.05492   0.09952   0.02425   0.10929   0.02264   0.05744   0.02049   0.02884   0.06665   0.07764   0.03220   0.06197   0.05123   0.08497   0.11344   0.07642   2.00000   1.59993   1.24413   1.55122   0.40000  
  2 550.7758   1825.763674  x:  0.00000   0.02658   0.05674   0.00000   0.05280   0.08651   0.01870   0.05381   0.10127   0.01948   0.11513   0.01311   0.06435   0.01983   0.02772   0.05392   0.07712   0.02325   0.05440   0.05465   0.07556   0.12669   0.08787   2.00353   1.59972   1.24182   1.55298   0.40874  
  3 613.4488   1817.994706  x:  0.00000   0.03122   0.04420   0.00000   0.02425   0.08256   0.00190   0.05364   0.10335   0.02023   0.11963   0.01044   0.04876   0.01974   0.02852   0.03865   0.07729   0.01832   0.04707   0.05565   0.06439   0.13445   0.08466   2.00903   1.59950   1.23805   1.55574   0.42076  
  4 457.0332   1814.883879  x:  0.00000   0.03288   0.03629   0.00000   0.00517   0.08006   0.00712   0.05352   0.10468   0.02053   0.12256   0.00956   0.04249   0.01986   0.02908   0.02889   0.07743   0.01573   0.04249   0.05623   0.05713   0.13948   0.08328   2.01293   1.59935   1.23536   1.55772   0.42906  
  5 671.4811   1813.513269  x:  0.00000   0.03178   0.02959   0.00000   0.00349   0.07730   0.00629   0.05406   0.10634   0.02383   0.12501   0.02003   0.04977   0.02163   0.03135   0.02013   0.07836   0.02214   0.03950   0.05449   0.04787   0.14110   0.07524   2.02210   1.59912   1.22887   1.56241   0.44599  
  6 114.6766   1812.929868  x:  0.00000   0.03228   0.02597   0.00000   0.00936   0.07517   0.00742   0.05419   0.10758   0.02445   0.12722   0.02071   0.04834   0.02185   0.03157   0.01683   0.07880   0.02211   0.03759   0.05411   0.04177   0.14343   0.07339   2.02986   1.59891   1.22348   1.56633   0.45980  
  7 178.3732   1809.616187  x:  0.00000   0.03278   0.03240   0.00000   0.00894   0.06693   0.00785   0.05509   0.11283   0.02623   0.13532   0.02015   0.04835   0.02218   0.02948   0.03997   0.08136   0.02359   0.03983   0.05100   0.02459   0.14642   0.07016   2.08463   1.59754   1.18576   1.59368   0.54969  
  8 189.6670   1804.709748  x:  0.00000   0.03303   0.03777   0.00000   0.00911   0.06561   0.00803   0.05521   0.11648   0.02470   0.13829   0.02069   0.04723   0.02055   0.02605   0.03686   0.08254   0.02400   0.04211   0.05595   0.06985   0.14026   0.07274   2.20048   1.59476   1.10882   1.64954   0.71919  
  9 322.9311   1803.053256  x:  0.00000   0.03341   0.04141   0.00000   0.00807   0.08293   0.00747   0.05317   0.10665   0.02074   0.12236   0.01468   0.04848   0.02004   0.03745   0.02745   0.07737   0.02130   0.04923   0.05030   0.06428   0.12482   0.08052   2.24687   1.59385   1.08526   1.66682   0.75357  
 10 119.1130   1801.893205  x:  0.00000   0.03418   0.03804   0.00000   0.00771   0.08953   0.00731   0.05264   0.09627   0.02256   0.10810   0.01281   0.05105   0.02178   0.02155   0.02744   0.07399   0.01847   0.04612   0.05402   0.06066   0.12319   0.07773   2.29623   1.59306   1.06856   1.67952   0.75723  
 11 72.0532   1798.563167  x:  0.00000   0.03554   0.02859   0.00000   0.00831   0.08840   0.00755   0.05338   0.08020   0.02013   0.09070   0.01485   0.04929   0.01479   0.03383   0.03855   0.07091   0.02827   0.03180   0.06992   0.05992   0.14149   0.07980   2.48815   1.59017   1.01412   1.72228   0.73750  
 12 144.3285   1790.016691  x:  0.00000   0.03734   0.04345   0.00000   0.00846   0.07353   0.00753   0.05351   0.08756   0.02366   0.10865   0.01057   0.05151   0.05283   0.04266   0.02919   0.07513   0.01767   0.03997   0.06766   0.05603   0.16613   0.07749   3.06599   1.58165   0.86373   1.84420   0.65865  
 13 495.1156   1784.793515  x:  0.00000   0.03747   0.03809   0.00000   0.00748   0.06774   0.00718   0.05140   0.10569   0.01567   0.12914   0.01687   0.05168   0.02012   0.02760   0.02495   0.07819   0.01820   0.04435   0.04705   0.05215   0.15636   0.08674   3.35178   1.57729   0.80563   1.89831   0.62141  
 14 571.3291   1783.635608  x:  0.00000   0.03799   0.03233   0.00000   0.00721   0.06934   0.00716   0.05100   0.11217   0.02692   0.13795   0.00769   0.05591   0.01458   0.02928   0.02667   0.07723   0.01829   0.04051   0.05344   0.05162   0.14431   0.08511   3.42673   1.57637   0.81075   1.90531   0.61797  
 15 157.2644   1781.714455  x:  0.00000   0.03867   0.02291   0.00000   0.00728   0.07298   0.00703   0.05042   0.11993   0.01979   0.14869   0.01304   0.05553   0.02336   0.02918   0.03299   0.07417   0.01615   0.03003   0.06315   0.05016   0.12626   0.09204   3.55886   1.57509   0.84395   1.90892   0.62037  
 16 217.8216   1775.344478  x:  0.00000   0.04134   0.04992   0.00000   0.00718   0.07324   0.00721   0.05284   0.12252   0.00604   0.15983   0.01400   0.05708   0.01492   0.02427   0.02072   0.06934   0.02076   0.02800   0.08169   0.04408   0.12816   0.09044   3.99911   1.57266   0.99541   1.90453   0.64413  
 17 374.5136   1770.226648  x:  0.00000   0.04154   0.05496   0.00000   0.00778   0.07365   0.00744   0.05251   0.11987   0.03098   0.16062   0.02898   0.05341   0.01266   0.02213   0.01806   0.06886   0.01587   0.03975   0.07182   0.04619   0.14591   0.11324   4.48676   1.57143   1.16923   1.89543   0.67331  
 18 1423.2963   1766.291566  x:  0.00000   0.04417   0.03543   0.00000   0.00761   0.07197   0.00762   0.05136   0.11759   0.02477   0.15538   0.01295   0.05917   0.01877   0.02491   0.02484   0.07705   0.02016   0.04957   0.04289   0.05624   0.15844   0.10411   4.74705   1.57397   1.26371   1.88649   0.68984  
 19 699.5739   1766.130521  x:  0.00000   0.04434   0.03400   0.00000   0.00763   0.07048   0.00761   0.05145   0.11847   0.02382   0.15319   0.01416   0.06045   0.01734   0.02656   0.02554   0.07968   0.01471   0.05158   0.04379   0.05657   0.15826   0.10173   4.75727   1.57687   1.26646   1.88385   0.69066  
 20 49.7160   1765.846973  x:  0.00000   0.04471   0.03275   0.00000   0.00742   0.06540   0.00756   0.05099   0.12491   0.02334   0.14527   0.01287   0.06032   0.01829   0.02575   0.02417   0.08931   0.01725   0.05551   0.04786   0.05531   0.15619   0.10504   4.77469   1.59458   1.26638   1.86904   0.69283  
 21 26.9298   1765.038856  x:  0.00000   0.04548   0.03887   0.00000   0.00757   0.06776   0.00762   0.05278   0.13652   0.02519   0.13758   0.01198   0.06184   0.01862   0.02670   0.02390   0.09107   0.01476   0.04170   0.04188   0.05607   0.15817   0.10635   4.81853   1.65902   1.25858   1.81513   0.69978  
 22 50.4721   1764.036183  x:  0.00000   0.04630   0.03385   0.00000   0.00760   0.07616   0.00773   0.05059   0.13592   0.02330   0.14613   0.01303   0.06210   0.01809   0.02527   0.02540   0.07746   0.01662   0.05262   0.04687   0.05644   0.16463   0.10616   4.87243   1.74548   1.24554   1.74182   0.70894  
 23 117.8503   1763.742451  x:  0.00000   0.04641   0.03418   0.00000   0.00748   0.06800   0.00771   0.05249   0.12038   0.02344   0.15321   0.01257   0.06241   0.01799   0.02530   0.02438   0.07914   0.01626   0.05195   0.04535   0.05660   0.15948   0.10824   4.88522   1.76723   1.24155   1.72184   0.71141  
 24 40.1209   1763.644748  x:  0.00000   0.04652   0.03477   0.00000   0.00752   0.07210   0.00772   0.04818   0.11702   0.02349   0.15658   0.01298   0.06241   0.01776   0.02505   0.02452   0.08548   0.01622   0.05070   0.04583   0.05647   0.16049   0.10832   4.88539   1.76784   1.24021   1.71828   0.71204  
 25  6.8745   1762.969638  x:  0.00000   0.04808   0.03339   0.00000   0.00742   0.08349   0.00771   0.06741   0.11410   0.02279   0.16215   0.01225   0.06409   0.01774   0.02383   0.02458   0.09621   0.01615   0.05066   0.04833   0.05559   0.16578   0.11200   4.87318   1.74998   1.23102   1.70272   0.71577  
 26  7.7480   1753.236635  x:  0.00000   0.06585   0.03289   0.00000   0.00663   0.07381   0.00809   0.05521   0.11457   0.01879   0.16163   0.00000   0.08579   0.02192   0.02304   0.02158   0.08139   0.01084   0.03963   0.05789   0.05133   0.19333   0.13920   4.73912   1.55116   1.14373   1.55978   0.75197  
 27 56.0762   1753.236635  x:  0.00000   0.06585   0.03289   0.00000   0.00663   0.07381   0.00809   0.05521   0.11457   0.01879   0.16163   0.00000   0.08579   0.02192   0.02304   0.02158   0.08139   0.01084   0.03963   0.05789   0.05133   0.19333   0.13920   4.73912   1.55116   1.14373   1.55978   0.75197  
 28  4.9682   1751.131515  x:  0.00000   0.07851   0.03049   0.00000   0.00487   0.07255   0.00322   0.05320   0.11343   0.01426   0.16116   0.01397   0.09901   0.01985   0.02549   0.02159   0.07977   0.01533   0.03734   0.06013   0.04763   0.19743   0.14466   4.73961   1.55118   1.14216   1.56113   0.75265  
 29 195.3866   1749.958368  x:  0.00000   0.09120   0.02857   0.00000   0.00762   0.07119   0.01240   0.05114   0.11212   0.01144   0.16054   0.01630   0.11233   0.01834   0.02701   0.02172   0.07794   0.01646   0.03510   0.06253   0.04367   0.20189   0.15063   4.74022   1.55120   1.14025   1.56279   0.75346  
 30 279.2634   1747.430932  x:  0.00000   0.11542   0.02751   0.00000   0.00405   0.06844   0.00807   0.04750   0.10911   0.01512   0.15861   0.00000   0.13883   0.01805   0.02691   0.02260   0.07407   0.01138   0.03161   0.06733   0.03625   0.21198   0.16369   4.74188   1.55125   1.13525   1.56718   0.75556  
 31 206.4420   1747.266205  x:  0.00000   0.11809   0.02781   0.00000   0.00684   0.06821   0.00646   0.04741   0.10870   0.01535   0.15813   0.00000   0.14228   0.01841   0.02645   0.02283   0.07371   0.01161   0.03164   0.06779   0.03610   0.21367   0.16554   4.74222   1.55126   1.13425   1.56809   0.75599  
 32 149.3898   1747.076301  x:  0.00000   0.12014   0.02972   0.00000   0.00605   0.06844   0.00603   0.04901   0.10802   0.01382   0.15633   0.00000   0.14767   0.02001   0.02427   0.02337   0.07385   0.01544   0.03373   0.06772   0.03942   0.21804   0.16905   4.74341   1.55124   1.13096   1.57112   0.75743  
 33 55.8726   1746.921841  x:  0.00000   0.11758   0.03075   0.00000   0.00611   0.06944   0.00621   0.05140   0.10774   0.01311   0.15367   0.00000   0.15033   0.01899   0.02379   0.02236   0.07484   0.01205   0.03606   0.06627   0.04331   0.22334   0.17179   4.74544   1.55116   1.12567   1.57608   0.75981  
 34 37.8733   1746.757347  x:  0.00000   0.11226   0.02968   0.00000   0.00614   0.07039   0.00669   0.05207   0.10760   0.01707   0.15000   0.00000   0.15216   0.01797   0.02627   0.02202   0.07594   0.01346   0.03513   0.06437   0.04330   0.23100   0.17509   4.74928   1.55100   1.11604   1.58516   0.76416  
 35 45.1160   1746.578535  x:  0.00000   0.10735   0.02742   0.00000   0.00599   0.07044   0.00620   0.05040   0.10758   0.01379   0.14695   0.00000   0.15281   0.01942   0.02636   0.02303   0.07619   0.01310   0.03251   0.06374   0.03991   0.23871   0.17795   4.75448   1.55077   1.10357   1.59702   0.76985  
 36 66.7300   1746.404853  x:  0.00000   0.10583   0.03122   0.00000   0.00602   0.06890   0.00673   0.04754   0.10796   0.01455   0.14724   0.00000   0.14894   0.01881   0.02248   0.02293   0.07491   0.01310   0.03330   0.06623   0.03704   0.24273   0.17748   4.76170   1.55042   1.08795   1.61225   0.77711  
 37 44.4464   1746.142459  x:  0.00000   0.11117   0.03038   0.00000   0.00601   0.06652   0.00650   0.04749   0.10815   0.01414   0.15111   0.00000   0.14278   0.01982   0.02697   0.02274   0.07206   0.01291   0.03525   0.07061   0.03944   0.24436   0.17470   4.77548   1.54976   1.06059   1.63955   0.79006  
 38 65.7789   1746.020153  x:  0.00000   0.11450   0.02771   0.00000   0.00602   0.06761   0.00635   0.04998   0.10786   0.01453   0.15328   0.00000   0.14158   0.01786   0.02419   0.02276   0.07272   0.01325   0.03281   0.06864   0.04056   0.24164   0.17271   4.78319   1.54938   1.04797   1.65298   0.79638  
 39 56.3881   1745.949277  x:  0.00000   0.11526   0.02943   0.00000   0.00604   0.06948   0.00657   0.05063   0.10743   0.01483   0.15400   0.00000   0.14293   0.02018   0.02462   0.02322   0.07456   0.01276   0.03249   0.06501   0.03968   0.23664   0.17115   4.78940   1.54908   1.04094   1.66168   0.80040  
 40 35.0264   1745.910201  x:  0.00000   0.11493   0.02980   0.00000   0.00600   0.06987   0.00626   0.04955   0.10709   0.01401   0.15349   0.00000   0.14548   0.01847   0.02540   0.02251   0.07526   0.01319   0.03380   0.06399   0.03886   0.23258   0.17083   4.79411   1.54887   1.03770   1.66688   0.80275  
 41 28.2121   1745.871713  x:  0.00000   0.11263   0.02849   0.00000   0.00603   0.06895   0.00640   0.04829   0.10699   0.01467   0.15189   0.00000   0.14833   0.01913   0.02467   0.02274   0.07484   0.01302   0.03412   0.06547   0.04012   0.22712   0.17071   4.80080   1.54863   1.03594   1.67233   0.80509  
 42 21.1079   1745.852827  x:  0.00000   0.11182   0.02962   0.00000   0.00602   0.06831   0.00636   0.04985   0.10715   0.01436   0.15077   0.00000   0.14916   0.01875   0.02509   0.02277   0.07392   0.01301   0.03268   0.06669   0.04007   0.22509   0.17116   4.80611   1.54854   1.03648   1.67527   0.80623  
 43 13.5478   1745.784299  x:  0.00000   0.11247   0.02839   0.00000   0.00604   0.06870   0.00646   0.05295   0.10815   0.01465   0.14775   0.00000   0.14744   0.01921   0.02463   0.02349   0.07232   0.01309   0.03530   0.06689   0.03752   0.22310   0.17350   4.83396   1.54860   1.04468   1.68667   0.81006  
 44 13.9249   1745.530145  x:  0.00000   0.11682   0.02893   0.00000   0.00605   0.07039   0.00638   0.04924   0.11001   0.01439   0.14134   0.00000   0.14152   0.01992   0.02465   0.01996   0.07199   0.01325   0.03326   0.06475   0.03965   0.22090   0.18007   4.94097   1.54976   1.07745   1.72834   0.82367  
 45 87.5891   1745.401974  x:  0.00000   0.11763   0.02979   0.00000   0.00605   0.07015   0.00637   0.04753   0.10968   0.01430   0.14149   0.00000   0.14041   0.01811   0.02531   0.02510   0.07363   0.01284   0.03269   0.06431   0.04108   0.22124   0.18108   4.99903   1.55125   1.09482   1.74994   0.83050  
 46 189.0290   1745.067632  x:  0.00000   0.11407   0.02912   0.00000   0.00603   0.06649   0.00632   0.04999   0.10506   0.01441   0.15323   0.00000   0.14575   0.01894   0.02515   0.02302   0.07991   0.01287   0.03299   0.06734   0.03944   0.22682   0.17458   5.14976   1.55892   1.13741   1.80209   0.84605  
 47 148.3055   1744.945940  x:  0.00000   0.11229   0.02919   0.00000   0.00600   0.07027   0.00629   0.04926   0.10632   0.01444   0.15667   0.00000   0.14944   0.01881   0.02508   0.02319   0.07213   0.01291   0.03295   0.06568   0.03988   0.22949   0.16889   5.20574   1.56677   1.14891   1.81680   0.84920  
 48 63.9355   1744.515084  x:  0.00000   0.11616   0.02914   0.00000   0.00596   0.06397   0.00612   0.04963   0.11768   0.01445   0.14642   0.00000   0.15288   0.01883   0.02498   0.02326   0.07514   0.01285   0.03277   0.06379   0.03968   0.23280   0.15442   5.42401   1.62869   1.16457   1.84458   0.84481  
 49 38.2782   1743.844911  x:  0.00000   0.11638   0.02910   0.00000   0.00594   0.07650   0.00615   0.04931   0.10645   0.01430   0.14420   0.00000   0.14943   0.01859   0.02513   0.02350   0.07866   0.01280   0.03225   0.07267   0.03911   0.23018   0.15800   5.77923   1.73416   1.18231   1.88161   0.83369  
 50 183.5320   1743.523434  x:  0.00000   0.11372   0.02907   0.00000   0.00599   0.06816   0.00628   0.04925   0.10075   0.01431   0.15094   0.00000   0.14660   0.01863   0.02496   0.02319   0.07370   0.01282   0.03260   0.06533   0.03973   0.22695   0.16872   5.94412   1.78148   1.18864   1.89623   0.82811  
 51 202.9258   1743.475909  x:  0.00000   0.11260   0.02905   0.00000   0.00599   0.06910   0.00626   0.04924   0.10674   0.01430   0.15525   0.00000   0.14693   0.01860   0.02500   0.02313   0.07464   0.01281   0.03261   0.06598   0.03981   0.22611   0.17299   5.97065   1.78524   1.18794   1.89610   0.82748  
 52 27.4040   1742.069818  x:  0.00000   0.11191   0.02922   0.00000   0.00599   0.06925   0.00623   0.04940   0.10690   0.01434   0.15312   0.00000   0.14567   0.01883   0.02483   0.02285   0.07470   0.01290   0.03342   0.06633   0.03994   0.23132   0.17399   6.85511   1.56086   1.04230   1.67722   0.84111  
 53 10.2377   1742.058507  x:  0.00000   0.11187   0.02922   0.00000   0.00600   0.06926   0.00623   0.04942   0.10695   0.01434   0.15323   0.00000   0.14559   0.01884   0.02484   0.02284   0.07469   0.01291   0.03345   0.06631   0.03996   0.23126   0.17411   6.87174   1.56589   1.04465   1.67234   0.85842  
 54  0.7415   1741.795204  x:  0.00000   0.10994   0.02918   0.00000   0.00617   0.06862   0.00626   0.04978   0.10768   0.01402   0.15332   0.00000   0.14420   0.01887   0.02473   0.02265   0.07385   0.01306   0.03353   0.06515   0.04024   0.23036   0.17147   7.45842   1.61418   1.09871   1.76304   0.87006  
 55  0.8955   1741.771718  x:  0.00000   0.11082   0.02926   0.00000   0.00613   0.06911   0.00604   0.04965   0.10783   0.01422   0.15264   0.00000   0.14446   0.01886   0.02479   0.02280   0.07453   0.01302   0.03341   0.06577   0.04022   0.23042   0.17185   7.64776   1.60201   1.08400   1.74089   0.86947  
 56  0.1500   1741.771389  x:  0.00000   0.11072   0.02924   0.00000   0.00613   0.06904   0.00616   0.04966   0.10781   0.01415   0.15277   0.00000   0.14449   0.01885   0.02479   0.02279   0.07446   0.01303   0.03343   0.06571   0.04022   0.23051   0.17179   7.66200   1.60357   1.08467   1.74150   0.86949  
 57  0.0150   1741.771376  x:  0.00000   0.11075   0.02923   0.00000   0.00612   0.06903   0.00615   0.04966   0.10779   0.01416   0.15279   0.00000   0.14455   0.01885   0.02479   0.02279   0.07444   0.01302   0.03343   0.06571   0.04020   0.23054   0.17181   7.66472   1.60383   1.08497   1.74185   0.86956  
 58  0.0028   1741.771375  x:  0.00000   0.11076   0.02923   0.00000   0.00612   0.06903   0.00615   0.04966   0.10779   0.01416   0.15279   0.00000   0.14456   0.01885   0.02479   0.02279   0.07444   0.01302   0.03343   0.06571   0.04020   0.23054   0.17181   7.66483   1.60377   1.08496   1.74183   0.86957  
 59  0.0001   1741.771375  x:  0.00000   0.11076   0.02923   0.00000   0.00612   0.06903   0.00615   0.04966   0.10779   0.01416   0.15279   0.00000   0.14456   0.01885   0.02479   0.02279   0.07444   0.01302   0.03343   0.06571   0.04020   0.23054   0.17182   7.66481   1.60377   1.08496   1.74183   0.86957  
 60  0.0000   1741.771375  x:  0.00000   0.11076   0.02923   0.00000   0.00612   0.06903   0.00615   0.04966   0.10779   0.01416   0.15279   0.00000   0.14456   0.01885   0.02479   0.02279   0.07444   0.01302   0.03343   0.06571   0.04020   0.23054   0.17182   7.66481   1.60377   1.08496   1.74183   0.86957  

TREE # 2

  0  0.0000   1752.999777  x:  0.17801   0.00241   0.22216   0.09116   0.03880   0.01562   0.06214   0.02750   0.04466   0.02241   0.06449   0.03328   0.00000   0.17327   0.06242   0.01514   0.02916   0.08826   0.01732   0.04765   0.02517   0.06852   0.01567   7.66481   1.47476   1.05092   1.57728   0.86957  
  1 99.0000   1752.999205  x:  0.17801   0.00241   0.22216   0.09116   0.03880   0.01562   0.06214   0.02750   0.04466   0.02241   0.06449   0.03328   0.00000   0.17327   0.06242   0.01514   0.02916   0.08826   0.01732   0.04765   0.02517   0.06852   0.01567   7.66481   1.47476   1.05092   1.57728   0.86957  
  2 301.6964   1749.227084  x:  0.17788   0.00463   0.22306   0.09505   0.03794   0.00843   0.06249   0.02846   0.04336   0.02338   0.06541   0.02822   0.00000   0.17187   0.06423   0.01691   0.02857   0.08996   0.00000   0.04784   0.01718   0.06868   0.01588   7.66480   1.47520   1.05040   1.57786   0.86963  
  3 412.5330   1748.606374  x:  0.17732   0.00657   0.22438   0.09867   0.03616   0.01102   0.06309   0.03166   0.04216   0.02565   0.06605   0.02300   0.00000   0.16916   0.06205   0.01886   0.02774   0.09135   0.00000   0.04779   0.00784   0.06891   0.02214   7.66479   1.47605   1.04941   1.57902   0.86973  
  4 117.7795   1748.419020  x:  0.17634   0.00268   0.22628   0.10253   0.03585   0.01062   0.06386   0.03300   0.04015   0.02563   0.06709   0.01801   0.00000   0.16516   0.06217   0.01694   0.02768   0.09313   0.00000   0.04783   0.00954   0.06925   0.02635   7.66477   1.47753   1.04772   1.58104   0.86986  
  5 38.2610   1748.284700  x:  0.17442   0.00400   0.23006   0.10760   0.03703   0.01096   0.06470   0.03251   0.03808   0.02463   0.06835   0.02101   0.00000   0.15772   0.06487   0.01685   0.02890   0.09493   0.00000   0.04788   0.01062   0.06955   0.02933   7.66472   1.48083   1.04401   1.58568   0.87016  
  6 25.5734   1748.190853  x:  0.17246   0.00093   0.23287   0.10811   0.03658   0.01054   0.06465   0.03106   0.03953   0.02526   0.06795   0.02321   0.00000   0.15195   0.06517   0.01726   0.02821   0.09467   0.00000   0.04780   0.00911   0.06943   0.02917   7.66466   1.48454   1.04002   1.59099   0.87047  
  7 27.3410   1748.045111  x:  0.16929   0.00311   0.23732   0.10712   0.03502   0.01100   0.06411   0.02954   0.04255   0.02635   0.06626   0.02074   0.00000   0.14401   0.06461   0.01700   0.02667   0.09310   0.00000   0.04771   0.01017   0.06908   0.02607   7.66454   1.49234   1.03195   1.60226   0.87112  
  8 39.7972   1747.837264  x:  0.16645   0.00289   0.24093   0.10294   0.03675   0.01078   0.06385   0.03360   0.03986   0.02404   0.06540   0.01878   0.00000   0.14101   0.06316   0.01814   0.03119   0.09113   0.00000   0.04770   0.00929   0.06874   0.02206   7.66432   1.50600   1.01888   1.62209   0.87218  
  9 37.5636   1747.482562  x:  0.16545   0.00316   0.24302   0.10029   0.03695   0.01055   0.06381   0.03629   0.03429   0.02648   0.06770   0.01987   0.00000   0.14623   0.06463   0.01442   0.02625   0.09147   0.00000   0.04779   0.00828   0.06877   0.01966   7.66391   1.53026   0.99764   1.65727   0.87397  
 10 66.3847   1747.144542  x:  0.16686   0.00204   0.24244   0.10242   0.03516   0.01124   0.06417   0.03339   0.03527   0.02754   0.06994   0.01862   0.00000   0.15500   0.06720   0.02066   0.02589   0.09387   0.00000   0.04776   0.01000   0.06897   0.01977   7.66349   1.55580   0.97755   1.69427   0.87575  
 11 122.0606   1746.933722  x:  0.16910   0.00231   0.23990   0.10598   0.03527   0.01099   0.06435   0.02959   0.03951   0.02479   0.06899   0.01831   0.00000   0.15982   0.06631   0.01684   0.02896   0.09503   0.00000   0.04754   0.00837   0.06886   0.02083   7.66324   1.57080   0.96869   1.71597   0.87668  
 12 86.4252   1746.721151  x:  0.17407   0.00168   0.23133   0.11329   0.03876   0.01095   0.06324   0.03215   0.04008   0.02471   0.06294   0.01890   0.00000   0.15825   0.06422   0.01776   0.02663   0.09428   0.00000   0.04755   0.00886   0.06820   0.01773   7.66298   1.58526   0.97235   1.73658   0.87712  
 13 25.1272   1746.247359  x:  0.18149   0.00162   0.21226   0.11523   0.03137   0.01124   0.06132   0.03157   0.03589   0.02678   0.06417   0.01863   0.00000   0.14959   0.06820   0.01670   0.03003   0.09080   0.00000   0.04754   0.00860   0.06761   0.01467   7.66245   1.61540   0.99480   1.77903   0.87747  
 14 47.6520   1745.757521  x:  0.18358   0.00233   0.19889   0.11070   0.03861   0.01139   0.06339   0.02819   0.03655   0.02448   0.07019   0.01499   0.00000   0.14237   0.07291   0.01769   0.02714   0.09073   0.00000   0.04767   0.00715   0.06802   0.01511   7.66187   1.64700   1.02501   1.82304   0.87752  
 15 107.6639   1744.867470  x:  0.17411   0.00201   0.20223   0.11207   0.03685   0.01181   0.06794   0.03514   0.04289   0.02485   0.07213   0.01505   0.00000   0.14412   0.07653   0.01659   0.02766   0.10368   0.00000   0.04855   0.00699   0.06975   0.00709   7.66091   1.69926   1.08769   1.89403   0.87686  
 16 86.3325   1744.109872  x:  0.16428   0.00110   0.21496   0.11443   0.03704   0.01226   0.06216   0.02814   0.03615   0.02431   0.06070   0.01236   0.00000   0.15111   0.08225   0.01706   0.02775   0.10290   0.00000   0.04873   0.00552   0.06752   0.00639   7.66007   1.74425   1.14475   1.95416   0.87605  
 17 149.9842   1743.964651  x:  0.16572   0.00047   0.22116   0.11818   0.03824   0.01226   0.06087   0.02971   0.03806   0.02547   0.06409   0.01197   0.00000   0.15351   0.08401   0.01671   0.02827   0.09425   0.00000   0.04858   0.00553   0.06638   0.00587   7.65992   1.75268   1.15568   1.96434   0.87575  
 18 36.3031   1743.949019  x:  0.16740   0.00038   0.22249   0.11820   0.03741   0.01231   0.06180   0.02987   0.03793   0.02384   0.06407   0.01199   0.00000   0.15353   0.08409   0.01691   0.02743   0.09344   0.00000   0.04879   0.00542   0.06680   0.00577   7.65991   1.75337   1.15640   1.96449   0.87566  
 19  9.2230   1743.927983  x:  0.17187   0.00032   0.22500   0.11727   0.03777   0.01230   0.06338   0.02954   0.03774   0.02491   0.06323   0.01182   0.00000   0.15311   0.08441   0.01678   0.02795   0.09379   0.00000   0.04910   0.00538   0.06767   0.00566   7.65993   1.75386   1.15634   1.96274   0.87541  
 20  7.6558   1743.906978  x:  0.17512   0.00029   0.22656   0.11644   0.03789   0.01236   0.06078   0.03003   0.03816   0.02444   0.06357   0.01172   0.00000   0.15254   0.08487   0.01674   0.02780   0.09546   0.00000   0.04842   0.00534   0.06655   0.00569   7.65997   1.75367   1.15476   1.95836   0.87507  
 21  6.2737   1743.833946  x:  0.17520   0.00028   0.22614   0.11744   0.03815   0.01244   0.06032   0.02862   0.03710   0.02446   0.06503   0.01160   0.00000   0.15213   0.08317   0.01690   0.02783   0.09621   0.00000   0.05025   0.00529   0.06550   0.00426   7.66022   1.75095   1.14560   1.93716   0.87376  
 22  8.0921   1743.576624  x:  0.17237   0.00000   0.22194   0.11825   0.03833   0.01278   0.06105   0.03077   0.03912   0.02420   0.06200   0.01089   0.00000   0.15151   0.09080   0.01622   0.02794   0.09560   0.00000   0.05418   0.00491   0.06433   0.00457   7.66109   1.74068   1.11206   1.86188   0.86920  
 23 95.6750   1743.519923  x:  0.17144   0.00000   0.22097   0.11885   0.03842   0.01286   0.06152   0.03074   0.03900   0.02420   0.06162   0.01070   0.00000   0.15142   0.09179   0.01618   0.02794   0.09526   0.00000   0.04928   0.00481   0.06646   0.00408   7.66129   1.73723   1.10427   1.84488   0.86829  
 24 50.5072   1743.456394  x:  0.17128   0.00000   0.22086   0.11958   0.03875   0.01300   0.05863   0.03088   0.03930   0.02399   0.06185   0.01059   0.00000   0.15109   0.09278   0.01607   0.02797   0.09541   0.00000   0.05131   0.00471   0.07202   0.00397   7.66152   1.71305   1.09560   1.83776   0.87011  
 25  3.9804   1743.215208  x:  0.17124   0.00000   0.22072   0.12193   0.03889   0.01344   0.06132   0.03090   0.03914   0.02391   0.06147   0.01017   0.00000   0.15008   0.09697   0.01574   0.02807   0.09664   0.00000   0.05043   0.00460   0.06700   0.00348   7.66237   1.62044   1.06440   1.81495   0.87730  
 26 50.5759   1742.052574  x:  0.17196   0.00000   0.23202   0.14035   0.04011   0.01583   0.06500   0.02417   0.03270   0.02302   0.07225   0.01157   0.00000   0.14945   0.10169   0.01448   0.02888   0.10467   0.00000   0.04907   0.00542   0.06920   0.00638   7.66729   1.56135   1.04366   1.70983   0.81982  
 27  0.6183   1741.948492  x:  0.17240   0.00000   0.23331   0.14189   0.04025   0.01610   0.06536   0.02361   0.03225   0.02293   0.07315   0.01179   0.00000   0.14967   0.10227   0.01436   0.02898   0.10544   0.00000   0.04902   0.00557   0.06939   0.00661   7.66682   1.56446   1.04540   1.69587   0.87267  
 28  3.2794   1741.812950  x:  0.17176   0.00000   0.23283   0.14334   0.04052   0.01716   0.06563   0.02473   0.03359   0.02242   0.07272   0.01412   0.00000   0.15172   0.10786   0.01373   0.02926   0.10691   0.00000   0.04957   0.00698   0.06929   0.00604   7.66713   1.59468   1.07673   1.73319   0.87025  
 29  0.0980   1741.780322  x:  0.17126   0.00000   0.23168   0.14515   0.04024   0.01776   0.06609   0.02524   0.03345   0.02289   0.07439   0.01333   0.00000   0.15274   0.10936   0.01413   0.02931   0.10830   0.00000   0.04967   0.00601   0.06906   0.00621   7.66659   1.60845   1.08994   1.74845   0.87057  
 30  0.0378   1741.773676  x:  0.17169   0.00000   0.23053   0.14498   0.04020   0.01830   0.06581   0.02472   0.03345   0.02279   0.07456   0.01278   0.00000   0.15312   0.11055   0.01418   0.02922   0.10805   0.00000   0.04970   0.00629   0.06900   0.00618   7.66561   1.60631   1.08772   1.74440   0.86950  
 31  0.0067   1741.771948  x:  0.17193   0.00000   0.23022   0.14474   0.04025   0.01857   0.06566   0.02462   0.03344   0.02281   0.07452   0.01307   0.00000   0.15299   0.11105   0.01419   0.02923   0.10781   0.00000   0.04967   0.00611   0.06897   0.00617   7.66510   1.60352   1.08503   1.74095   0.86924  
 32  0.0079   1741.771494  x:  0.17186   0.00000   0.23044   0.14457   0.04021   0.01875   0.06569   0.02487   0.03338   0.02278   0.07449   0.01300   0.00000   0.15274   0.11100   0.01413   0.02924   0.10778   0.00000   0.04966   0.00612   0.06905   0.00615   7.66477   1.60332   1.08452   1.74128   0.86955  
 33  0.0009   1741.771386  x:  0.17180   0.00000   0.23059   0.14451   0.04019   0.01884   0.06572   0.02477   0.03344   0.02279   0.07444   0.01301   0.00000   0.15274   0.11083   0.01415   0.02923   0.10778   0.00000   0.04966   0.00612   0.06904   0.00614   7.66477   1.60392   1.08498   1.74217   0.86962  
 34  0.0010   1741.771376  x:  0.17181   0.00000   0.23055   0.14454   0.04020   0.01885   0.06571   0.02479   0.03343   0.02279   0.07444   0.01302   0.00000   0.15279   0.11077   0.01416   0.02923   0.10779   0.00000   0.04966   0.00612   0.06903   0.00614   7.66480   1.60379   1.08496   1.74181   0.86957  
 35  0.0004   1741.771375  x:  0.17182   0.00000   0.23054   0.14455   0.04020   0.01885   0.06571   0.02479   0.03343   0.02279   0.07444   0.01302   0.00000   0.15279   0.11076   0.01416   0.02923   0.10779   0.00000   0.04966   0.00612   0.06903   0.00615   7.66480   1.60377   1.08496   1.74183   0.86957  
 36  0.0000   1741.771375  x:  0.17182   0.00000   0.23054   0.14456   0.04020   0.01885   0.06571   0.02479   0.03343   0.02279   0.07444   0.01302   0.00000   0.15279   0.11076   0.01416   0.02923   0.10779   0.00000   0.04966   0.00612   0.06903   0.00615   7.66480   1.60377   1.08496   1.74183   0.86957  
 37  0.0000   1741.771375  x:  0.17182   0.00000   0.23054   0.14456   0.04020   0.01885   0.06571   0.02479   0.03343   0.02279   0.07444   0.01302   0.00000   0.15279   0.11076   0.01416   0.02923   0.10779   0.00000   0.04966   0.00612   0.06903   0.00615   7.66480   1.60377   1.08496   1.74183   0.86957  