

TREE # 1

  0  0.0000   1927.288280  x:  0.20925   0.02571   0.03211   0.02495   0.05815   0.02188   0.05666   0.08536   0.02661   0.17168   0.20925   0.02571   0.03211   0.02495   0.05815   0.02188   0.05666   0.08536   0.02661   0.17168   0.21568   8.40433   1.75343   1.32298   1.59173   1.00000  
  1 99.0000   1916.926225  x:  0.20118   0.03230   0.01564   0.01182   0.06384   0.02539   0.05644   0.08472   0.06390   0.17362   0.20127   0.01829   0.02664   0.03929   0.07000   0.00231   0.07846   0.09311   0.02444   0.17312   0.22243   8.40450   1.75299   1.32222   1.59366   0.99950  
  2 333.1125   1916.018935  x:  0.19712   0.03248   0.01079   0.01087   0.06568   0.02566   0.05639   0.08444   0.06942   0.17453   0.19727   0.01632   0.02533   0.04195   0.07387   0.01132   0.08450   0.09631   0.02432   0.17382   0.22568   8.40459   1.75275   1.32187   1.59466   0.99923  
  3 233.8576   1913.858193  x:  0.17154   0.02481   0.01064   0.02723   0.07266   0.02253   0.05639   0.08323   0.06340   0.18002   0.17195   0.01368   0.02394   0.04070   0.08786   0.00961   0.10361   0.11275   0.02709   0.17818   0.24537   8.40519   1.75116   1.31967   1.60115   0.99747  
  4 120.1028   1912.249362  x:  0.14698   0.02766   0.01601   0.01387   0.07482   0.02418   0.05657   0.08255   0.05382   0.18494   0.14758   0.01918   0.02632   0.03822   0.09304   0.00921   0.11097   0.12250   0.02609   0.18237   0.26355   8.40588   1.74941   1.31732   1.60837   0.99549  
  5 140.6071   1911.860456  x:  0.13873   0.02940   0.00967   0.01302   0.07269   0.02427   0.05647   0.08264   0.05167   0.18657   0.13944   0.01702   0.02574   0.03688   0.08992   0.00820   0.10736   0.12158   0.02478   0.18407   0.27002   8.40627   1.74850   1.31606   1.61230   0.99437  
  6 71.0804   1911.559956  x:  0.13033   0.03157   0.01246   0.01529   0.06960   0.02441   0.05633   0.08302   0.05587   0.18843   0.13119   0.01427   0.02454   0.03851   0.08482   0.00894   0.10156   0.11823   0.02446   0.18622   0.27759   8.40687   1.74717   1.31415   1.61824   0.99270  
  7 72.1107   1911.474429  x:  0.12853   0.02905   0.01185   0.01557   0.06932   0.02379   0.05631   0.08315   0.05778   0.18922   0.12946   0.01709   0.02536   0.03999   0.08346   0.00903   0.09929   0.11644   0.02623   0.18725   0.28086   8.40727   1.74632   1.31292   1.62213   0.99162  
  8 35.8134   1911.390761  x:  0.12929   0.02539   0.01231   0.01414   0.07094   0.02389   0.05636   0.08313   0.05826   0.19033   0.13018   0.01533   0.02541   0.03947   0.08395   0.00898   0.09809   0.11378   0.02549   0.18894   0.28584   8.40821   1.74446   1.31016   1.63096   0.98915  
  9 21.6310   1911.195486  x:  0.13353   0.02893   0.01194   0.01540   0.07460   0.02465   0.05638   0.08283   0.05801   0.19294   0.13398   0.01705   0.02548   0.03837   0.08653   0.00898   0.09718   0.10861   0.02449   0.19308   0.29863   8.41116   1.73875   1.30178   1.65835   0.98145  
 10 49.5050   1911.086345  x:  0.13557   0.02975   0.01206   0.01433   0.07088   0.02199   0.05612   0.08278   0.05689   0.19273   0.13570   0.01580   0.02431   0.03919   0.08535   0.00887   0.09889   0.11002   0.02750   0.19316   0.30176   8.41342   1.73502   1.29647   1.67743   0.97585  
 11 34.5435   1910.964005  x:  0.13681   0.02862   0.01197   0.01478   0.06596   0.02539   0.05587   0.08280   0.05646   0.19138   0.13665   0.01606   0.02520   0.04019   0.08296   0.00886   0.10082   0.11357   0.02623   0.19163   0.30198   8.41642   1.73058   1.29028   1.70131   0.96868  
 12 63.5859   1910.862471  x:  0.13583   0.02826   0.01204   0.01493   0.06702   0.02264   0.05602   0.08278   0.05778   0.18921   0.13555   0.01719   0.02550   0.03877   0.08172   0.00898   0.10029   0.11614   0.02297   0.18872   0.29747   8.41939   1.72708   1.28565   1.72242   0.96208  
 13 43.2964   1910.762182  x:  0.13361   0.02857   0.01193   0.01477   0.07094   0.02421   0.05619   0.08267   0.05837   0.18681   0.13335   0.01658   0.02485   0.03723   0.08200   0.00898   0.09856   0.11698   0.02569   0.18535   0.29011   8.42285   1.72377   1.28151   1.74493   0.95483  
 14 61.3983   1910.731400  x:  0.13240   0.02875   0.01189   0.01480   0.07118   0.02398   0.05594   0.08253   0.05705   0.18679   0.13229   0.01604   0.02545   0.03999   0.08391   0.00884   0.09844   0.11498   0.02535   0.18509   0.28652   8.42439   1.72331   1.28121   1.75230   0.95226  
 15 20.3304   1910.717318  x:  0.13168   0.02848   0.01195   0.01481   0.06983   0.02406   0.05585   0.08245   0.05716   0.18777   0.13178   0.01668   0.02436   0.03906   0.08520   0.00885   0.09920   0.11317   0.02517   0.18611   0.28434   8.42570   1.72394   1.28246   1.75597   0.95074  
 16  9.5582   1910.710106  x:  0.13142   0.02859   0.01195   0.01486   0.06944   0.02392   0.05592   0.08245   0.05745   0.18864   0.13161   0.01649   0.02554   0.03830   0.08522   0.00889   0.09984   0.11253   0.02541   0.18709   0.28328   8.42679   1.72487   1.28401   1.75808   0.94974  
 17  9.3753   1910.687939  x:  0.13137   0.02858   0.01195   0.01486   0.07084   0.02402   0.05625   0.08258   0.05705   0.19160   0.13167   0.01657   0.02500   0.03892   0.08266   0.00888   0.10102   0.11296   0.02528   0.19056   0.28122   8.43172   1.73005   1.29209   1.76517   0.94602  
 18  8.9768   1910.628920  x:  0.13227   0.02868   0.01191   0.01468   0.07012   0.02404   0.05439   0.08246   0.05782   0.19325   0.13203   0.01617   0.02514   0.03930   0.08539   0.00881   0.09683   0.11695   0.02529   0.19264   0.28124   8.44792   1.74867   1.31894   1.78504   0.93558  
 19 13.6797   1910.570589  x:  0.13248   0.02870   0.01189   0.01469   0.06972   0.02406   0.05907   0.08251   0.05776   0.19029   0.13200   0.01626   0.02511   0.03937   0.08555   0.00876   0.09761   0.11542   0.02528   0.18920   0.28361   8.46619   1.77034   1.34752   1.80604   0.92552  
 20 32.2613   1910.541112  x:  0.13228   0.02867   0.01194   0.01471   0.07021   0.02406   0.05606   0.08258   0.05756   0.18811   0.13196   0.01650   0.02512   0.03905   0.08427   0.00877   0.09961   0.11329   0.02525   0.18656   0.28504   8.47543   1.78158   1.36049   1.81610   0.92161  
 21 34.5909   1910.449376  x:  0.12949   0.02882   0.01190   0.01454   0.07012   0.02408   0.05615   0.08180   0.05778   0.18945   0.13426   0.01648   0.02506   0.03907   0.08427   0.00869   0.09939   0.11332   0.02523   0.18598   0.28382   8.52480   1.84817   1.37122   1.85402   0.94403  
 22  4.3579   1910.439146  x:  0.13199   0.02879   0.01188   0.01452   0.07011   0.02409   0.05613   0.08302   0.05780   0.18879   0.13153   0.01650   0.02506   0.03905   0.08432   0.00868   0.09947   0.11320   0.02522   0.18667   0.28356   8.53119   1.85471   1.37244   1.85804   0.94698  
 23 10.5093   1910.435887  x:  0.13247   0.02877   0.01189   0.01451   0.07011   0.02409   0.05613   0.08137   0.05784   0.18813   0.13099   0.01651   0.02505   0.03906   0.08422   0.00867   0.09948   0.11316   0.02522   0.18722   0.28350   8.53491   1.85502   1.37318   1.85896   0.94847  
 24  2.4642   1910.399953  x:  0.13082   0.02886   0.01185   0.01437   0.07009   0.02412   0.05610   0.08284   0.05807   0.18324   0.13243   0.01649   0.02505   0.03913   0.08427   0.00858   0.09950   0.11316   0.02516   0.19095   0.28320   8.58531   1.84957   1.38287   1.86735   0.96715  
 25  5.7112   1910.353634  x:  0.13206   0.02895   0.01181   0.01417   0.07000   0.02417   0.05607   0.08243   0.05844   0.18894   0.13173   0.01642   0.02505   0.03926   0.08405   0.00846   0.09937   0.11286   0.02514   0.18589   0.28322   8.65323   1.84185   1.39398   1.87648   0.98869  
 26 23.7520   1909.534448  x:  0.13469   0.03128   0.01119   0.01016   0.06867   0.02505   0.05578   0.08283   0.06536   0.18877   0.13446   0.01643   0.02488   0.04109   0.08185   0.00579   0.09825   0.10939   0.02411   0.18834   0.28281  10.06194   1.82361   1.35459   1.85167   0.96287  
 27  6.9512   1909.454761  x:  0.13514   0.03055   0.01106   0.01319   0.06916   0.02465   0.05580   0.08282   0.06570   0.18886   0.13478   0.01626   0.02479   0.04105   0.08269   0.00518   0.09907   0.11033   0.02449   0.18819   0.28295  10.29500   1.82347   1.35483   1.85165   0.96612  
 28  0.3877   1909.442676  x:  0.13405   0.03030   0.01181   0.01290   0.06959   0.02459   0.05589   0.08277   0.06531   0.18913   0.13350   0.01653   0.02494   0.04082   0.08355   0.00526   0.10001   0.11159   0.02463   0.18802   0.28407  10.41950   1.82490   1.35834   1.85321   0.97084  
 29  0.1180   1909.441061  x:  0.13387   0.03019   0.01158   0.01277   0.06944   0.02456   0.05588   0.08276   0.06513   0.18912   0.13341   0.01637   0.02487   0.04083   0.08330   0.00538   0.09976   0.11127   0.02463   0.18806   0.28408  10.48118   1.82545   1.35846   1.85339   0.97110  
 30  0.0431   1909.440996  x:  0.13403   0.03022   0.01159   0.01278   0.06947   0.02458   0.05588   0.08277   0.06502   0.18911   0.13357   0.01642   0.02489   0.04081   0.08332   0.00539   0.09975   0.11130   0.02462   0.18810   0.28401  10.48593   1.82533   1.35815   1.85347   0.97091  
 31  0.0040   1909.440994  x:  0.13402   0.03023   0.01159   0.01278   0.06946   0.02458   0.05588   0.08277   0.06499   0.18911   0.13354   0.01641   0.02489   0.04080   0.08331   0.00538   0.09973   0.11130   0.02462   0.18808   0.28401  10.48580   1.82534   1.35820   1.85354   0.97097  
 32  0.0001   1909.440994  x:  0.13402   0.03023   0.01159   0.01278   0.06946   0.02458   0.05588   0.08277   0.06499   0.18911   0.13355   0.01641   0.02489   0.04080   0.08331   0.00539   0.09973   0.11130   0.02462   0.18808   0.28401  10.48563   1.82534   1.35820   1.85353   0.97096  
 33  0.0002   1909.440994  x:  0.13402   0.03023   0.01159   0.01278   0.06946   0.02458   0.05588   0.08277   0.06499   0.18911   0.13355   0.01641   0.02489   0.04080   0.08331   0.00539   0.09973   0.11130   0.02462   0.18809   0.28401  10.48561   1.82534   1.35820   1.85352   0.97096  
 34  0.0000   1909.440994  x:  0.13402   0.03023   0.01159   0.01278   0.06946   0.02458   0.05588   0.08277   0.06499   0.18911   0.13355   0.01641   0.02489   0.04080   0.08331   0.00539   0.09973   0.11130   0.02462   0.18808   0.28401  10.48561   1.82534   1.35820   1.85352   0.97096  
 35  0.0000   1909.440994  x:  0.13402   0.03023   0.01159   0.01278   0.06946   0.02458   0.05588   0.08277   0.06499   0.18911   0.13355   0.01641   0.02489   0.04080   0.08331   0.00539   0.09973   0.11130   0.02462   0.18808   0.28401  10.48561   1.82534   1.35820   1.85352   0.97096  