

TREE # 1

  0  0.0000   2122.330693  x:  0.06883   0.00446   0.09926   0.00608   0.07916   0.04856   0.05201   0.03596   0.07879   0.09953   0.07402   0.12656   0.00000   0.06056   0.00415   0.07251   0.04612   0.07617   0.05875   0.05507   0.11865   0.07964   0.12743   0.08745   2.00000   1.77082   1.16732   1.21872   0.40000  
  1 99.0000   2113.627938  x:  0.07077   0.00680   0.10315   0.02683   0.07667   0.04560   0.05182   0.03345   0.07656   0.10528   0.07244   0.12811   0.04402   0.07228   0.02517   0.07154   0.04361   0.07984   0.05681   0.05444   0.11940   0.08182   0.12875   0.08939   2.00161   1.77006   1.16795   1.21957   0.40513  
  2 1049.9451   2101.977603  x:  0.07754   0.00000   0.11739   0.03656   0.06517   0.03478   0.05029   0.02567   0.06673   0.12558   0.06438   0.13361   0.03402   0.10588   0.03104   0.06670   0.03455   0.09350   0.04930   0.05167   0.12066   0.08643   0.13169   0.09616   2.00848   1.76655   1.17087   1.22313   0.42635  
  3 277.4687   2097.579299  x:  0.08498   0.04881   0.13891   0.03676   0.04536   0.02991   0.05019   0.02832   0.05512   0.15010   0.05039   0.14245   0.02586   0.13395   0.03182   0.05646   0.03053   0.10628   0.04326   0.04996   0.12471   0.08777   0.13459   0.10360   2.02343   1.75919   1.17703   1.23048   0.46478  
  4 322.1492   2093.713854  x:  0.08050   0.03987   0.15622   0.02749   0.03322   0.05443   0.05291   0.03626   0.05950   0.16772   0.04047   0.14740   0.03225   0.13205   0.02759   0.04283   0.04954   0.10447   0.05448   0.05405   0.13545   0.07728   0.13697   0.09912   2.05999   1.74217   1.19266   1.24636   0.53528  
  5 107.3487   2088.720590  x:  0.07207   0.03965   0.16914   0.03564   0.06020   0.04249   0.05279   0.02648   0.06498   0.17444   0.05640   0.14843   0.03087   0.10405   0.02646   0.04746   0.03833   0.09112   0.04992   0.05183   0.15019   0.06420   0.13639   0.09069   2.13993   1.70721   1.22538   1.27870   0.65679  
  6 154.3488   2086.098420  x:  0.07431   0.03507   0.15431   0.02255   0.05077   0.02759   0.05076   0.03788   0.06283   0.15498   0.05402   0.14193   0.03394   0.09542   0.03432   0.05706   0.03078   0.08966   0.04580   0.05153   0.14684   0.07999   0.13422   0.09293   2.19999   1.68473   1.24728   1.29988   0.71310  
  7 136.6778   2083.950707  x:  0.07947   0.03750   0.13026   0.03908   0.04368   0.03576   0.04966   0.03245   0.05918   0.12857   0.05196   0.13423   0.03043   0.09694   0.02754   0.06400   0.03502   0.09367   0.04487   0.05133   0.13388   0.09318   0.13157   0.09809   2.26958   1.66219   1.26979   1.32196   0.75323  
  8 164.1327   2082.245426  x:  0.08038   0.04036   0.11656   0.02548   0.05751   0.03864   0.05240   0.02317   0.05855   0.12480   0.05326   0.13415   0.03423   0.11112   0.02880   0.06101   0.03646   0.09913   0.05131   0.05164   0.11403   0.08757   0.13148   0.09900   2.35248   1.64313   1.29016   1.34332   0.75818  
  9 85.4801   2079.333207  x:  0.07792   0.03953   0.11010   0.03393   0.06424   0.03452   0.05440   0.05148   0.06403   0.13424   0.05916   0.13840   0.03137   0.12141   0.02778   0.05470   0.03635   0.10161   0.05142   0.05165   0.09045   0.07061   0.13165   0.09654   2.54029   1.60687   1.33070   1.38746   0.74093  
 10 186.7089   2070.082617  x:  0.07334   0.03860   0.13733   0.03230   0.04033   0.04064   0.03631   0.03150   0.05773   0.15827   0.05412   0.15047   0.02688   0.10910   0.04066   0.05917   0.03988   0.09226   0.03812   0.05079   0.12094   0.06530   0.13207   0.09196   3.12811   1.50931   1.44514   1.51603   0.65216  
 11 333.7866   2068.436527  x:  0.07586   0.03749   0.14758   0.03458   0.04316   0.03528   0.05790   0.03017   0.05757   0.16027   0.04776   0.14969   0.02962   0.10647   0.03107   0.05508   0.03586   0.09373   0.04974   0.05055   0.13410   0.07734   0.13323   0.09448   3.24616   1.49906   1.46134   1.53712   0.63628  
 12 281.2931   2067.498898  x:  0.07971   0.03682   0.15500   0.03216   0.05132   0.03650   0.04829   0.03452   0.06363   0.15562   0.04985   0.14267   0.03456   0.11071   0.02008   0.04864   0.03343   0.09991   0.04717   0.05265   0.14278   0.08460   0.13523   0.09833   3.31679   1.51803   1.45320   1.53687   0.63598  
 13 69.5647   2064.926125  x:  0.08295   0.03924   0.16824   0.03409   0.06164   0.04028   0.04974   0.04112   0.06884   0.13966   0.05658   0.12165   0.02311   0.11789   0.04289   0.04444   0.04200   0.10828   0.05284   0.05488   0.15759   0.08430   0.13886   0.10157   3.54926   1.61215   1.40353   1.51884   0.64721  
 14 148.8713   2060.166505  x:  0.07557   0.03568   0.16460   0.03251   0.04274   0.03131   0.05791   0.03197   0.05691   0.13389   0.05082   0.11967   0.03077   0.11691   0.02743   0.04623   0.03399   0.09855   0.04790   0.04687   0.15504   0.06232   0.13981   0.09419   3.94546   1.78827   1.30688   1.47646   0.67291  
 15 331.6049   2058.722705  x:  0.07620   0.03557   0.15509   0.03374   0.04621   0.03720   0.05631   0.03075   0.05989   0.15185   0.04862   0.14057   0.02939   0.10928   0.02895   0.05281   0.03194   0.09159   0.04735   0.05496   0.14589   0.08215   0.13595   0.09482   4.07614   1.84771   1.27393   1.45890   0.68279  
 16 201.8422   2058.632697  x:  0.07788   0.03543   0.15372   0.03385   0.04583   0.03442   0.05515   0.02998   0.06054   0.15384   0.05013   0.14312   0.02956   0.10687   0.02866   0.05218   0.03602   0.09390   0.04864   0.05182   0.14540   0.08326   0.13551   0.09650   4.08418   1.85096   1.27268   1.45631   0.68348  
 17 31.1245   2058.607771  x:  0.07920   0.03522   0.15275   0.03367   0.04560   0.03573   0.05542   0.03010   0.06077   0.15422   0.05037   0.14420   0.02948   0.10534   0.02928   0.05152   0.03431   0.09598   0.04863   0.05020   0.14587   0.08251   0.13556   0.09782   4.08667   1.85120   1.27359   1.45323   0.68374  
 18  9.4152   2058.545340  x:  0.08089   0.03503   0.15018   0.03386   0.04616   0.03467   0.05591   0.03022   0.06040   0.15403   0.04926   0.14635   0.02938   0.10478   0.02941   0.05116   0.03479   0.09802   0.04775   0.05434   0.14861   0.07996   0.13671   0.09951   4.09391   1.84951   1.27975   1.43791   0.68465  
 19  8.8671   2058.399921  x:  0.07944   0.03555   0.14803   0.03385   0.04656   0.03515   0.05537   0.03140   0.06067   0.15373   0.05101   0.14804   0.02900   0.10918   0.02926   0.05147   0.03480   0.09462   0.04929   0.05140   0.15234   0.08110   0.13875   0.09806   4.11111   1.84374   1.29518   1.39901   0.68695  
 20 27.6524   2058.329490  x:  0.07816   0.03537   0.15235   0.03397   0.04591   0.03497   0.05569   0.02993   0.06136   0.15439   0.04985   0.14421   0.02898   0.10694   0.02954   0.05006   0.03487   0.09582   0.04777   0.05168   0.14706   0.08308   0.13671   0.09678   4.11964   1.83927   1.30025   1.38115   0.68803  
 21 17.0516   2058.295713  x:  0.07950   0.03509   0.15528   0.03367   0.04573   0.03554   0.05526   0.03022   0.06025   0.15497   0.05056   0.14267   0.02947   0.10658   0.02870   0.05406   0.03479   0.09632   0.04927   0.05221   0.14495   0.08272   0.13565   0.09812   4.12391   1.83566   1.29969   1.37463   0.68866  
 22 10.1771   2057.999962  x:  0.08579   0.03315   0.16010   0.03310   0.04877   0.03600   0.05682   0.03088   0.06124   0.15063   0.04606   0.14550   0.02916   0.10846   0.02949   0.05398   0.03726   0.08979   0.04406   0.04878   0.14267   0.08120   0.13458   0.10441   4.16061   1.79185   1.26435   1.34354   0.69434  
 23  7.5022   2057.108919  x:  0.08680   0.03019   0.16353   0.03389   0.04363   0.03370   0.05364   0.02895   0.06206   0.14337   0.05325   0.15072   0.02719   0.11234   0.03119   0.04591   0.03277   0.09013   0.05048   0.05410   0.14145   0.08107   0.13468   0.10542   4.26964   1.66082   1.15566   1.25571   0.71126  
 24 130.5771   2056.661365  x:  0.08072   0.02920   0.15884   0.03364   0.04692   0.03458   0.05431   0.03094   0.05949   0.14695   0.04984   0.14684   0.02695   0.11413   0.03059   0.05088   0.03473   0.10008   0.04695   0.05146   0.14568   0.08236   0.13642   0.09934   4.32510   1.59572   1.10127   1.21316   0.71982  
 25 151.7564   2056.551492  x:  0.08296   0.02934   0.15323   0.03390   0.04613   0.03408   0.05382   0.03013   0.06113   0.15387   0.04902   0.13808   0.02664   0.11414   0.03062   0.05001   0.03414   0.09721   0.04762   0.05161   0.14728   0.08200   0.13694   0.10158   4.33782   1.58531   1.09308   1.20726   0.72180  
 26 17.9806   2056.282316  x:  0.08447   0.02784   0.15186   0.03215   0.04537   0.03606   0.05798   0.03083   0.05438   0.15665   0.05716   0.13586   0.02721   0.11534   0.02994   0.04750   0.03609   0.09647   0.04182   0.05278   0.14786   0.08407   0.13525   0.10309   4.36535   1.58446   1.09612   1.21194   0.72623  
 27  5.7379   2048.436470  x:  0.08790   0.00000   0.15010   0.03526   0.04485   0.03010   0.04421   0.02790   0.03758   0.16428   0.04128   0.14237   0.01629   0.14251   0.03205   0.04381   0.02975   0.10775   0.04625   0.04880   0.14458   0.08786   0.10397   0.10652   5.07435   1.61168   1.22010   1.37019   0.84009  
 28 67.7333   2048.436470  x:  0.08790   0.00000   0.15010   0.03526   0.04485   0.03010   0.04421   0.02790   0.03758   0.16428   0.04128   0.14237   0.01629   0.14251   0.03205   0.04381   0.02975   0.10775   0.04625   0.04880   0.14458   0.08786   0.10397   0.10652   5.07435   1.61168   1.22010   1.37019   0.84009  
 29 415.4390   2046.873252  x:  0.08717   0.00684   0.15306   0.03148   0.04361   0.03366   0.04893   0.02671   0.05706   0.16694   0.04736   0.14469   0.00000   0.14742   0.02511   0.04752   0.03262   0.10923   0.04465   0.05014   0.14176   0.08571   0.11711   0.10578   5.07508   1.61176   1.22102   1.37082   0.84054  
 30 118.1180   2046.394562  x:  0.08669   0.00547   0.15486   0.02937   0.04278   0.03445   0.05153   0.02556   0.06562   0.16897   0.05021   0.14617   0.00531   0.15156   0.02202   0.04902   0.03353   0.11024   0.04380   0.05081   0.13985   0.08478   0.12683   0.10530   5.07571   1.61188   1.22183   1.37128   0.84093  
 31 107.1330   2046.194136  x:  0.08640   0.00057   0.15586   0.02900   0.04247   0.03342   0.05226   0.02485   0.06653   0.17044   0.05043   0.14698   0.00419   0.15419   0.02281   0.04943   0.03301   0.11081   0.04367   0.05091   0.13856   0.08448   0.13206   0.10501   5.07624   1.61202   1.22252   1.37163   0.84126  
 32 65.1512   2045.986149  x:  0.08595   0.00257   0.15875   0.02952   0.04219   0.03028   0.05251   0.02414   0.06300   0.17406   0.04888   0.14955   0.00324   0.16046   0.02646   0.04922   0.03110   0.11193   0.04399   0.05066   0.13563   0.08428   0.14285   0.10457   5.07780   1.61246   1.22448   1.37265   0.84216  
 33 46.2759   2045.926447  x:  0.08597   0.00248   0.15998   0.02990   0.04246   0.03263   0.05164   0.02592   0.05996   0.17582   0.04794   0.15063   0.00272   0.16325   0.02420   0.04826   0.03227   0.11215   0.04435   0.05043   0.13453   0.08413   0.14618   0.10458   5.07913   1.61289   1.22610   1.37345   0.84288  
 34 23.2761   2045.910941  x:  0.08626   0.00247   0.16053   0.03004   0.04268   0.03276   0.05055   0.02421   0.05958   0.17667   0.04863   0.15106   0.00263   0.16482   0.02361   0.04793   0.03261   0.11179   0.04397   0.05054   0.13476   0.08424   0.14565   0.10487   5.08136   1.61366   1.22873   1.37474   0.84401  
 35  7.1586   2045.860629  x:  0.08719   0.00227   0.16230   0.02942   0.04271   0.03220   0.04947   0.02615   0.06045   0.17945   0.05026   0.15227   0.00268   0.17018   0.02447   0.04760   0.03240   0.11044   0.04327   0.05084   0.13620   0.08463   0.14246   0.10580   5.09180   1.61739   1.24082   1.38071   0.84920  
 36 18.3479   2045.788572  x:  0.08688   0.00221   0.16324   0.03014   0.04260   0.03249   0.05339   0.02505   0.06112   0.18092   0.04723   0.15257   0.00273   0.17349   0.02379   0.04807   0.03185   0.11030   0.04540   0.05028   0.13748   0.08381   0.13973   0.10550   5.10930   1.62404   1.26006   1.39061   0.85742  
 37 29.3786   2045.622011  x:  0.08385   0.00260   0.16132   0.02817   0.04059   0.03260   0.05167   0.02507   0.06003   0.17788   0.04664   0.14996   0.00274   0.16867   0.02469   0.04866   0.03370   0.11369   0.04248   0.05070   0.13650   0.08145   0.14190   0.10246   5.15476   1.64285   1.30589   1.41604   0.87689  
 38 38.6220   2045.555771  x:  0.08420   0.00262   0.16028   0.03121   0.04284   0.03238   0.05065   0.02582   0.06021   0.17625   0.04895   0.14920   0.00274   0.16540   0.02415   0.04839   0.03191   0.11392   0.04389   0.05058   0.13538   0.08216   0.14396   0.10282   5.17430   1.65168   1.32334   1.42693   0.88425  
 39 66.6276   2045.517411  x:  0.08658   0.00263   0.15961   0.02889   0.04362   0.03261   0.05093   0.02549   0.05982   0.17531   0.04908   0.14980   0.00264   0.16317   0.02438   0.04838   0.03208   0.11203   0.04540   0.05048   0.13440   0.08470   0.14543   0.10519   5.18721   1.65884   1.33076   1.43402   0.88724  
 40 25.4934   2045.475889  x:  0.08846   0.00252   0.15923   0.03075   0.04190   0.03210   0.05169   0.02562   0.05991   0.17509   0.04788   0.15130   0.00261   0.16165   0.02394   0.04900   0.03284   0.10976   0.04299   0.05059   0.13369   0.08650   0.14620   0.10707   5.20363   1.66944   1.33533   1.44278   0.88873  
 41 23.1684   2045.260911  x:  0.08608   0.00210   0.15957   0.03023   0.04094   0.03555   0.04926   0.02500   0.06069   0.17726   0.04697   0.15748   0.00288   0.16011   0.02525   0.05096   0.02915   0.10798   0.04366   0.05047   0.13295   0.08402   0.14492   0.10469   5.29812   1.73402   1.34715   1.49169   0.89023  
 42 35.7494   2045.126134  x:  0.08460   0.00195   0.16000   0.02986   0.04282   0.03154   0.05035   0.02550   0.06007   0.17817   0.04837   0.15862   0.00280   0.16044   0.02420   0.04987   0.03310   0.10938   0.04523   0.05050   0.13300   0.08264   0.14387   0.10321   5.35815   1.77453   1.35379   1.52203   0.89044  
 43 172.3575   2045.066828  x:  0.08551   0.00214   0.16026   0.02939   0.04341   0.03241   0.05255   0.02521   0.05948   0.17724   0.04932   0.15386   0.00256   0.16280   0.02432   0.04702   0.03201   0.11265   0.04321   0.05020   0.13395   0.08385   0.14388   0.10412   5.38584   1.79145   1.35637   1.53428   0.88949  
 44 48.1916   2045.042730  x:  0.08630   0.00226   0.16024   0.02997   0.04225   0.03239   0.05101   0.02528   0.06002   0.17620   0.04842   0.14999   0.00252   0.16469   0.02441   0.04778   0.03240   0.11347   0.04451   0.05041   0.13496   0.08443   0.14441   0.10491   5.39838   1.79737   1.35743   1.53821   0.88832  
 45 24.3330   2045.028990  x:  0.08608   0.00236   0.15998   0.02945   0.04322   0.03177   0.05090   0.02547   0.05957   0.17534   0.04813   0.14827   0.00245   0.16564   0.02350   0.04897   0.03172   0.11171   0.04384   0.05028   0.13535   0.08380   0.14482   0.10469   5.40791   1.79873   1.35825   1.53834   0.88634  
 46  8.8856   2045.000305  x:  0.08537   0.00246   0.15944   0.03007   0.04375   0.03302   0.05177   0.02526   0.05916   0.17408   0.04909   0.14686   0.00246   0.16681   0.02511   0.04899   0.03299   0.10861   0.04386   0.05039   0.13537   0.08296   0.14538   0.10398   5.43023   1.79961   1.36018   1.53670   0.88112  
 47 20.8171   2044.908169  x:  0.08456   0.00244   0.15829   0.02974   0.04053   0.03187   0.05164   0.02534   0.05941   0.17230   0.04962   0.14768   0.00225   0.16785   0.02397   0.04467   0.03173   0.10631   0.04524   0.05029   0.13433   0.08245   0.14543   0.10317   5.50345   1.79944   1.36616   1.52905   0.86393  
 48 47.2949   2044.729602  x:  0.08591   0.00204   0.15807   0.02996   0.04423   0.03214   0.05025   0.02550   0.06056   0.17274   0.04694   0.15253   0.00243   0.16755   0.02476   0.04643   0.03242   0.11191   0.04396   0.05058   0.13423   0.08425   0.14468   0.10452   5.64997   1.79679   1.37677   1.51300   0.83135  
 49 120.9823   2044.689512  x:  0.08649   0.00204   0.15922   0.02986   0.04245   0.03231   0.05155   0.02546   0.05866   0.17463   0.04943   0.15260   0.00244   0.16628   0.02425   0.04934   0.03207   0.11330   0.04446   0.05041   0.13506   0.08429   0.14455   0.10510   5.68386   1.79504   1.37761   1.50960   0.82654  
 50 55.6843   2044.580222  x:  0.08662   0.00188   0.16592   0.02970   0.04282   0.03212   0.05116   0.02537   0.05945   0.18445   0.04804   0.14752   0.00264   0.15962   0.02471   0.04739   0.03211   0.11115   0.04431   0.05100   0.13676   0.08348   0.14524   0.10523   5.78049   1.78402   1.37055   1.50208   0.82924  
 51 28.5073   2044.048565  x:  0.08333   0.00156   0.16257   0.02993   0.04248   0.03202   0.05028   0.02534   0.05941   0.18264   0.04816   0.14880   0.00267   0.16327   0.02488   0.04899   0.03274   0.11144   0.04391   0.04242   0.13320   0.09078   0.14344   0.10194   6.25652   1.71810   1.31518   1.47037   0.87808  
 52 61.5991   2043.826844  x:  0.08406   0.00143   0.16045   0.03005   0.04272   0.03210   0.05117   0.02537   0.05805   0.17974   0.04796   0.15065   0.00258   0.16541   0.02456   0.04911   0.03178   0.11220   0.04428   0.05202   0.13239   0.08965   0.14286   0.10267   6.46509   1.68900   1.29048   1.45661   0.90022  
 53 450.1896   2043.783001  x:  0.08689   0.00130   0.16048   0.03013   0.04276   0.03210   0.05097   0.02541   0.05795   0.17776   0.04795   0.15202   0.00259   0.16552   0.02514   0.04817   0.03192   0.11272   0.04423   0.05079   0.13425   0.08406   0.14352   0.10550   6.50396   1.68365   1.28581   1.45396   0.90460  
 54 56.1580   2043.781409  x:  0.08670   0.00127   0.16099   0.03015   0.04277   0.03211   0.05095   0.02542   0.05789   0.17719   0.04794   0.15246   0.00254   0.16541   0.02510   0.04797   0.03192   0.11265   0.04424   0.05082   0.13571   0.08438   0.14392   0.10531   6.50551   1.68363   1.28568   1.45368   0.90487  
 55  2.2741   2043.780484  x:  0.08672   0.00124   0.16185   0.03015   0.04276   0.03212   0.05096   0.02542   0.05788   0.17673   0.04794   0.15246   0.00256   0.16543   0.02511   0.04804   0.03192   0.11268   0.04424   0.05083   0.13532   0.08439   0.14377   0.10533   6.50764   1.68568   1.28602   1.45148   0.90596  
 56  0.3392   2043.779431  x:  0.08675   0.00128   0.16098   0.03016   0.04278   0.03212   0.05097   0.02541   0.05787   0.17726   0.04794   0.15243   0.00254   0.16548   0.02511   0.04796   0.03192   0.11268   0.04425   0.05085   0.13571   0.08439   0.14392   0.10536   6.51035   1.68806   1.28647   1.44909   0.90717  
 57  1.6457   2043.735144  x:  0.08676   0.00066   0.16083   0.03034   0.04281   0.03174   0.05065   0.02543   0.05634   0.17658   0.04751   0.15150   0.00283   0.16546   0.02550   0.04722   0.03177   0.11199   0.04437   0.05051   0.13577   0.08441   0.14323   0.10536   6.67643   1.71658   1.30826   1.47572   0.90306  
 58  0.3515   2043.732921  x:  0.08665   0.00085   0.16094   0.03028   0.04273   0.03192   0.05069   0.02542   0.05689   0.17684   0.04760   0.15162   0.00294   0.16522   0.02539   0.04737   0.03180   0.11186   0.04433   0.05039   0.13576   0.08448   0.14312   0.10525   6.71668   1.71292   1.30577   1.47224   0.90229  
 59  0.0373   2043.732880  x:  0.08664   0.00081   0.16096   0.03028   0.04274   0.03189   0.05071   0.02542   0.05683   0.17688   0.04761   0.15165   0.00294   0.16526   0.02540   0.04739   0.03180   0.11191   0.04433   0.05039   0.13574   0.08449   0.14323   0.10525   6.72015   1.71242   1.30530   1.47179   0.90227  
 60  0.0037   2043.732880  x:  0.08665   0.00081   0.16096   0.03028   0.04274   0.03189   0.05071   0.02542   0.05683   0.17688   0.04761   0.15165   0.00294   0.16527   0.02540   0.04739   0.03180   0.11192   0.04433   0.05039   0.13574   0.08449   0.14324   0.10525   6.72020   1.71248   1.30533   1.47184   0.90228  
 61  0.0001   2043.732880  x:  0.08665   0.00081   0.16096   0.03028   0.04274   0.03189   0.05071   0.02542   0.05683   0.17688   0.04761   0.15165   0.00294   0.16527   0.02540   0.04739   0.03180   0.11192   0.04433   0.05039   0.13574   0.08449   0.14324   0.10525   6.72014   1.71247   1.30533   1.47184   0.90228  
 62  0.0000   2043.732880  x:  0.08665   0.00081   0.16096   0.03028   0.04274   0.03189   0.05071   0.02542   0.05683   0.17688   0.04761   0.15165   0.00294   0.16527   0.02540   0.04739   0.03180   0.11192   0.04433   0.05039   0.13574   0.08449   0.14324   0.10525   6.72013   1.71247   1.30533   1.47184   0.90228  
 63  0.0000   2043.732880  x:  0.08665   0.00081   0.16096   0.03028   0.04274   0.03189   0.05071   0.02542   0.05683   0.17688   0.04761   0.15165   0.00294   0.16527   0.02540   0.04739   0.03180   0.11192   0.04433   0.05039   0.13574   0.08449   0.14324   0.10525   6.72013   1.71247   1.30533   1.47184   0.90228  