

TREE # 1

  0  0.0000   2237.683349  x:  0.04795   0.00000   0.08761   0.05047   0.07697   0.08763   0.06054   0.04591   0.09157   0.04634   0.06412   0.10231   0.01616   0.07003   0.02191   0.06940   0.06149   0.04969   0.06680   0.06141   0.10743   0.04800   0.09133   0.06657   2.00000   1.70937   0.98009   1.56441   0.40000  
  1 99.0000   2205.039736  x:  0.06824   0.06507   0.11229   0.06541   0.06620   0.07605   0.06785   0.03575   0.09168   0.06114   0.06265   0.11917   0.00000   0.12066   0.01175   0.05932   0.05084   0.06713   0.05830   0.06730   0.10663   0.03750   0.11271   0.08686   2.00511   1.70886   0.97949   1.56564   0.41473  
  2 757.8286   2175.320362  x:  0.09938   0.00000   0.16317   0.08439   0.03211   0.03943   0.08298   0.01092   0.09237   0.08260   0.06294   0.14941   0.00000   0.19584   0.00617   0.03219   0.02029   0.09406   0.03264   0.07814   0.10499   0.00810   0.15586   0.11800   2.02357   1.70641   0.97895   1.56965   0.46177  
  3 416.5065   2175.320362  x:  0.09938   0.00000   0.16317   0.08439   0.03211   0.03943   0.08298   0.01092   0.09237   0.08260   0.06294   0.14941   0.00000   0.19584   0.00617   0.03219   0.02029   0.09406   0.03264   0.07814   0.10499   0.00810   0.15586   0.11800   2.02357   1.70641   0.97895   1.56965   0.46177  
  4 393.6587   2171.815014  x:  0.10000   0.00625   0.16563   0.08477   0.03310   0.03957   0.08287   0.02407   0.09254   0.08217   0.06218   0.15114   0.00000   0.19897   0.01574   0.03540   0.02583   0.09389   0.03475   0.07788   0.10483   0.02566   0.15704   0.11862   2.02621   1.70613   0.97890   1.57011   0.46662  
  5 375.5591   2169.668306  x:  0.10182   0.00000   0.17260   0.08576   0.03512   0.03925   0.08227   0.02833   0.09302   0.08098   0.06012   0.15551   0.00000   0.20851   0.01014   0.03984   0.03365   0.09339   0.03903   0.07706   0.10458   0.02648   0.16062   0.12044   2.03504   1.70510   0.97895   1.57155   0.48229  
  6 122.6266   2166.122475  x:  0.10816   0.01812   0.19942   0.08932   0.03914   0.03802   0.08020   0.02635   0.09458   0.07695   0.05356   0.17262   0.00000   0.24371   0.00539   0.04846   0.04299   0.09172   0.04631   0.07438   0.10382   0.01692   0.17328   0.12678   2.07144   1.70095   0.97939   1.57724   0.54356  
  7 311.2848   2163.675520  x:  0.11207   0.01177   0.21980   0.09143   0.03889   0.03757   0.07908   0.01771   0.09551   0.07475   0.05115   0.18426   0.00000   0.27198   0.02486   0.04989   0.03953   0.09084   0.04565   0.07299   0.10331   0.01186   0.18232   0.13069   2.10663   1.69690   0.98031   1.58249   0.59761  
  8 394.5638   2160.978943  x:  0.11261   0.00699   0.23248   0.09171   0.03380   0.03859   0.07960   0.01734   0.09545   0.07547   0.05417   0.18948   0.00000   0.29107   0.02021   0.04074   0.01958   0.09130   0.03491   0.07362   0.10253   0.02150   0.18587   0.13123   2.14324   1.69277   0.98196   1.58748   0.64464  
  9 257.3619   2159.513994  x:  0.10837   0.00711   0.23133   0.08920   0.02877   0.04011   0.08190   0.02588   0.09406   0.07993   0.06100   0.18377   0.00000   0.29261   0.02129   0.02863   0.02413   0.09365   0.02639   0.07661   0.10280   0.01586   0.18008   0.12700   2.17898   1.68909   0.98440   1.59159   0.67522  
 10 129.3180   2155.362062  x:  0.09140   0.01053   0.21188   0.07883   0.02757   0.04195   0.08865   0.01388   0.08903   0.09476   0.07892   0.15227   0.00000   0.27835   0.01987   0.02651   0.03121   0.10078   0.03895   0.08586   0.10472   0.02290   0.15055   0.11002   2.30767   1.67654   0.99396   1.60538   0.76433  
 11 221.0795   2153.511285  x:  0.08841   0.01087   0.19938   0.07647   0.03325   0.04103   0.08889   0.02365   0.08850   0.09642   0.07897   0.13706   0.00000   0.26587   0.02136   0.03792   0.02114   0.10028   0.04269   0.08714   0.10581   0.01600   0.13758   0.10703   2.37650   1.67039   0.99902   1.61235   0.80247  
 12 315.5814   2150.519226  x:  0.10014   0.01139   0.17681   0.08178   0.03547   0.03656   0.08142   0.01901   0.09275   0.08398   0.05974   0.12290   0.00000   0.23552   0.02014   0.04374   0.02673   0.09229   0.02532   0.07916   0.10552   0.01954   0.12922   0.11876   2.49957   1.66127   1.00768   1.62368   0.84490  
 13 196.5348   2148.386489  x:  0.11003   0.01086   0.16453   0.08813   0.02623   0.04102   0.07799   0.02174   0.09572   0.07437   0.05189   0.12866   0.00000   0.20969   0.02075   0.03038   0.02402   0.09128   0.04217   0.07048   0.10438   0.01889   0.13703   0.12865   2.61059   1.65543   1.01418   1.63302   0.86099  
 14 198.0116   2143.842112  x:  0.11699   0.00923   0.15912   0.09657   0.05146   0.04359   0.08428   0.02071   0.09597   0.07970   0.07476   0.17211   0.00000   0.16538   0.02079   0.02878   0.02467   0.09364   0.03999   0.08112   0.10404   0.01947   0.17678   0.13561   2.89708   1.64640   1.02666   1.65528   0.85471  
 15 210.9769   2138.953521  x:  0.10593   0.00849   0.16240   0.08816   0.02108   0.03357   0.08750   0.02109   0.09178   0.08552   0.07079   0.19788   0.00000   0.16543   0.01984   0.05046   0.02617   0.09480   0.03325   0.08810   0.10583   0.01820   0.19950   0.12455   3.17410   1.64260   1.03548   1.67518   0.82036  
 16 308.5223   2131.683870  x:  0.08279   0.00713   0.17376   0.07206   0.03769   0.04480   0.08269   0.02115   0.08810   0.08708   0.03634   0.20679   0.00000   0.21472   0.01984   0.04120   0.02612   0.09742   0.03136   0.07712   0.10699   0.01870   0.20635   0.10141   3.62838   1.64303   1.04532   1.70551   0.74081  
 17 484.7443   2126.387252  x:  0.09598   0.00764   0.19546   0.09144   0.03976   0.03493   0.07358   0.02152   0.09512   0.07155   0.07054   0.18449   0.00000   0.27585   0.01980   0.03970   0.02722   0.09091   0.03503   0.06217   0.10465   0.01793   0.18469   0.11461   4.00579   1.65161   1.04661   1.72819   0.66345  
 18 431.0959   2125.335920  x:  0.11014   0.00744   0.20783   0.09481   0.03716   0.04479   0.08289   0.02119   0.09708   0.07748   0.06649   0.17523   0.00000   0.28521   0.01989   0.03993   0.02706   0.09312   0.03664   0.08070   0.10311   0.01782   0.17470   0.12876   4.07991   1.65962   1.04172   1.73021   0.64785  
 19 134.4569   2125.116494  x:  0.11318   0.00709   0.21538   0.09227   0.03835   0.03654   0.08470   0.02155   0.09559   0.08184   0.06375   0.17323   0.00000   0.28312   0.02000   0.03710   0.02659   0.09402   0.03815   0.08124   0.10314   0.01797   0.17156   0.13180   4.09471   1.66690   1.03649   1.72795   0.64581  
 20 37.2865   2124.784507  x:  0.11376   0.00650   0.23402   0.08661   0.03735   0.04154   0.08189   0.02132   0.09250   0.08363   0.06453   0.17055   0.00000   0.27313   0.01989   0.03868   0.02681   0.09298   0.03677   0.07363   0.10428   0.01810   0.16587   0.13238   4.11955   1.69176   1.01853   1.71804   0.64522  
 21 31.3856   2124.526663  x:  0.10841   0.00614   0.23901   0.09205   0.03766   0.03972   0.08132   0.02137   0.09652   0.07484   0.06295   0.16928   0.00000   0.26903   0.01987   0.03777   0.02671   0.09445   0.03689   0.07901   0.10359   0.01821   0.16521   0.12703   4.13969   1.72094   0.99897   1.70505   0.64707  
 22 29.4352   2124.286649  x:  0.10864   0.00625   0.22641   0.09707   0.03712   0.04009   0.08312   0.02133   0.09717   0.08243   0.06259   0.17021   0.00000   0.27357   0.01987   0.03824   0.02664   0.09152   0.03672   0.07631   0.10263   0.01816   0.16954   0.12726   4.15972   1.75613   0.97880   1.68804   0.65054  
 23 26.7187   2124.215743  x:  0.11093   0.00632   0.22057   0.09140   0.03747   0.03994   0.08204   0.02135   0.09409   0.07970   0.06410   0.17177   0.00000   0.27615   0.01984   0.03832   0.02661   0.09380   0.03668   0.07754   0.10350   0.01815   0.17029   0.12955   4.16592   1.76748   0.97528   1.68185   0.65181  
 24 18.0965   2124.149462  x:  0.11125   0.00616   0.22015   0.08848   0.03747   0.03991   0.08440   0.02136   0.09963   0.07936   0.06461   0.17510   0.00000   0.27666   0.01982   0.03841   0.02666   0.09270   0.03668   0.07674   0.10303   0.01819   0.16689   0.12987   4.17352   1.77949   0.98882   1.67228   0.65358  
 25  4.1795   2124.035407  x:  0.11105   0.00592   0.22167   0.09288   0.03728   0.04007   0.08089   0.02146   0.09495   0.08081   0.06381   0.17574   0.00000   0.27685   0.01978   0.03854   0.02665   0.09398   0.03670   0.07789   0.10357   0.01827   0.16526   0.12967   4.18705   1.79938   1.01478   1.65707   0.65671  
 26 19.3328   2123.984127  x:  0.11098   0.00605   0.22296   0.09249   0.03740   0.04017   0.08499   0.02144   0.09372   0.07936   0.06402   0.17018   0.00000   0.27680   0.01972   0.03875   0.02670   0.09417   0.03656   0.07660   0.10410   0.01831   0.17084   0.12960   4.19349   1.80645   1.02311   1.65524   0.65820  
 27  8.5616   2123.897052  x:  0.11124   0.00614   0.22378   0.08973   0.03728   0.04011   0.07959   0.02154   0.09822   0.08146   0.06463   0.16458   0.00000   0.27665   0.01965   0.03850   0.02667   0.09427   0.03696   0.07843   0.10352   0.01836   0.17671   0.12986   4.20474   1.81492   1.02970   1.66110   0.66071  
 28  7.4039   2120.206085  x:  0.10888   0.00000   0.21243   0.08853   0.03560   0.03939   0.08195   0.02266   0.08885   0.07789   0.06274   0.16311   0.00000   0.27411   0.01651   0.03684   0.02652   0.08283   0.03804   0.07964   0.09552   0.02157   0.16139   0.12750   4.70128   2.12353   1.18702   2.05716   0.77134  
 29 17.2724   2119.995709  x:  0.10946   0.00000   0.21150   0.09128   0.03524   0.03960   0.08269   0.02263   0.09278   0.07935   0.06196   0.16325   0.00000   0.27409   0.01621   0.03828   0.02648   0.09486   0.03669   0.07581   0.10349   0.02185   0.16000   0.12807   4.73206   2.13932   1.19484   2.07835   0.77805  
 30 62.6906   2114.936702  x:  0.11051   0.00000   0.21879   0.08946   0.03175   0.03965   0.08299   0.02470   0.09416   0.08122   0.05973   0.14811   0.00000   0.27861   0.01146   0.03569   0.02737   0.08739   0.03989   0.07986   0.11439   0.02684   0.14465   0.12913   5.53147   1.71663   0.98454   1.69150   0.91828  
 31  5.7683   2114.821958  x:  0.11065   0.00000   0.21889   0.08960   0.03161   0.03982   0.08339   0.02473   0.09413   0.08148   0.05961   0.14765   0.00000   0.27853   0.01144   0.03690   0.02743   0.09347   0.03913   0.07781   0.10368   0.02675   0.14423   0.12927   5.55023   1.70680   0.97970   1.68248   0.92150  
 32 36.0941   2112.703691  x:  0.10558   0.00000   0.21278   0.08823   0.03369   0.03839   0.08042   0.02615   0.09569   0.08108   0.05592   0.17711   0.00000   0.27039   0.01054   0.04492   0.03296   0.09616   0.03762   0.07594   0.10319   0.02392   0.17729   0.12419   6.52744   1.87347   1.06801   1.82201   0.94846  
 33  0.5831   2111.963003  x:  0.10923   0.00000   0.21728   0.09011   0.03560   0.04046   0.08328   0.02506   0.09382   0.08061   0.05783   0.16717   0.00000   0.27437   0.01345   0.04112   0.03212   0.09299   0.04001   0.07705   0.10602   0.01987   0.16708   0.12784   7.21469   1.76219   1.01221   1.73248   0.94054  
 34  0.3533   2111.812565  x:  0.10884   0.00000   0.21592   0.08991   0.03439   0.03979   0.08246   0.02391   0.09479   0.08095   0.05863   0.16553   0.00000   0.27102   0.01178   0.03995   0.03028   0.09443   0.03897   0.07695   0.10335   0.02029   0.16381   0.12745   7.45173   1.81520   1.03299   1.78388   0.91832  
 35  0.1712   2111.793637  x:  0.10865   0.00000   0.21360   0.08985   0.03414   0.03944   0.08216   0.02381   0.09494   0.08113   0.05873   0.16735   0.00000   0.26812   0.01198   0.04067   0.03031   0.09422   0.03857   0.07724   0.10427   0.02082   0.16650   0.12726   7.50882   1.80251   1.02771   1.76988   0.90834  
 36  0.0434   2111.792041  x:  0.10881   0.00000   0.21399   0.08996   0.03423   0.03964   0.08246   0.02405   0.09479   0.08104   0.05863   0.16694   0.00000   0.26736   0.01219   0.04061   0.03045   0.09435   0.03870   0.07711   0.10418   0.02107   0.16594   0.12743   7.50220   1.80274   1.02831   1.77078   0.90633  
 37  0.0050   2111.791930  x:  0.10880   0.00000   0.21376   0.08993   0.03423   0.03963   0.08240   0.02415   0.09484   0.08105   0.05869   0.16691   0.00000   0.26745   0.01213   0.04057   0.03041   0.09433   0.03870   0.07716   0.10417   0.02116   0.16594   0.12741   7.49896   1.80269   1.02817   1.77079   0.90633  
 38  0.0026   2111.791925  x:  0.10880   0.00000   0.21381   0.08993   0.03423   0.03961   0.08239   0.02417   0.09484   0.08105   0.05868   0.16692   0.00000   0.26746   0.01214   0.04058   0.03040   0.09432   0.03869   0.07716   0.10418   0.02115   0.16595   0.12741   7.49951   1.80278   1.02819   1.77081   0.90636  
 39  0.0004   2111.791925  x:  0.10880   0.00000   0.21381   0.08993   0.03423   0.03962   0.08239   0.02418   0.09484   0.08105   0.05869   0.16692   0.00000   0.26747   0.01214   0.04058   0.03040   0.09433   0.03869   0.07715   0.10418   0.02115   0.16595   0.12741   7.49990   1.80276   1.02819   1.77081   0.90636  
 40  0.0003   2111.791925  x:  0.10880   0.00000   0.21381   0.08993   0.03423   0.03961   0.08239   0.02418   0.09484   0.08105   0.05868   0.16692   0.00000   0.26747   0.01214   0.04058   0.03040   0.09433   0.03869   0.07715   0.10418   0.02115   0.16595   0.12741   7.49997   1.80276   1.02819   1.77081   0.90637  
 41  0.0000   2111.791925  x:  0.10880   0.00000   0.21381   0.08993   0.03423   0.03961   0.08239   0.02418   0.09484   0.08105   0.05868   0.16692   0.00000   0.26747   0.01214   0.04058   0.03040   0.09433   0.03869   0.07715   0.10418   0.02115   0.16595   0.12741   7.49997   1.80277   1.02819   1.77081   0.90637  