

TREE # 1

  0  0.0000   2070.965409  x:  0.01972   0.20925   0.02571   0.03211   0.02495   0.05815   0.02188   0.05666   0.08536   0.02661   0.17168   0.20925   0.02571   0.03211   0.02495   0.05815   0.02188   0.05666   0.08536   0.02661   0.17168   0.21568   8.40433   1.77731   1.26570   1.18724   1.00000  
  1 99.0000   2053.019025  x:  0.00000   0.20203   0.03439   0.04242   0.03561   0.05448   0.02723   0.05742   0.12183   0.05283   0.16745   0.20477   0.03320   0.04764   0.03610   0.08990   0.05787   0.05334   0.10614   0.08491   0.16707   0.21253   8.40407   1.77473   1.26486   1.19318   0.99909  
  2 430.1236   2049.224001  x:  0.00000   0.18691   0.02747   0.04426   0.02904   0.04886   0.02289   0.05627   0.16048   0.04589   0.16066   0.19167   0.01784   0.04911   0.02706   0.11175   0.03749   0.04909   0.13009   0.08346   0.15743   0.20580   8.40340   1.76839   1.26354   1.20767   0.99661  
  3 121.0517   2048.255603  x:  0.00000   0.17551   0.02950   0.04116   0.03213   0.05154   0.02796   0.05778   0.17481   0.04160   0.15631   0.18156   0.03111   0.04510   0.03353   0.11401   0.03630   0.05166   0.13886   0.07339   0.15093   0.20071   8.40269   1.76197   1.26220   1.22221   0.99403  
  4 78.5423   2047.696744  x:  0.00000   0.16534   0.03203   0.04021   0.03210   0.05342   0.02283   0.05828   0.17930   0.04538   0.15328   0.17233   0.02766   0.04043   0.03294   0.10909   0.04594   0.05266   0.14091   0.06625   0.14619   0.19606   8.40170   1.75333   1.26052   1.24148   0.99053  
  5 58.5005   2047.479667  x:  0.00643   0.16162   0.03114   0.04062   0.03202   0.05365   0.02454   0.05844   0.17872   0.04637   0.15251   0.16901   0.02691   0.04069   0.03185   0.10611   0.04612   0.05246   0.14030   0.06725   0.14495   0.19427   8.40107   1.74816   1.25952   1.25292   0.98841  
  6 69.6325   2046.695361  x:  0.00244   0.14714   0.02730   0.04283   0.03157   0.05332   0.02986   0.05858   0.17351   0.04857   0.14867   0.15716   0.02579   0.04415   0.02876   0.09503   0.04275   0.05126   0.13622   0.07495   0.14123   0.18766   8.39827   1.72557   1.25531   1.30270   0.97908  
  7 116.2219   2046.142464  x:  0.00330   0.14488   0.03172   0.04340   0.03095   0.05067   0.02173   0.05718   0.16788   0.04488   0.14830   0.15491   0.02710   0.04665   0.03430   0.09732   0.03818   0.05096   0.13253   0.07954   0.14223   0.18602   8.39574   1.70687   1.25212   1.34364   0.97103  
  8 89.2199   2045.425345  x:  0.00183   0.15335   0.03232   0.03959   0.03197   0.05004   0.02761   0.05605   0.16250   0.04082   0.15068   0.16026   0.02393   0.04485   0.03296   0.11213   0.04242   0.05094   0.12911   0.07615   0.14715   0.18836   8.39133   1.67764   1.24783   1.40761   0.95778  
  9 94.7039   2045.236279  x:  0.00152   0.15879   0.02944   0.04143   0.03152   0.05127   0.02537   0.05647   0.16380   0.04581   0.15213   0.16461   0.02803   0.04443   0.02975   0.11296   0.04151   0.05100   0.13048   0.07398   0.14833   0.19061   8.38972   1.66963   1.24739   1.42544   0.95354  
 10 57.0749   2045.160893  x:  0.00114   0.16282   0.02949   0.04274   0.03140   0.05205   0.02615   0.05753   0.16696   0.04658   0.15324   0.16856   0.02627   0.04445   0.03280   0.10859   0.04098   0.05092   0.13302   0.07349   0.14810   0.19277   8.38846   1.66645   1.24833   1.43317   0.95090  
 11 23.5612   2045.138609  x:  0.00108   0.16413   0.03021   0.04167   0.03162   0.05149   0.02583   0.05733   0.16850   0.04484   0.15362   0.17024   0.02668   0.04437   0.03147   0.10619   0.04160   0.05085   0.13403   0.07437   0.14761   0.19369   8.38761   1.66578   1.24951   1.43550   0.94948  
 12 13.3958   2045.130293  x:  0.00110   0.16402   0.02933   0.04069   0.03131   0.05110   0.02574   0.05627   0.16879   0.04510   0.15358   0.17082   0.02669   0.04385   0.03199   0.10610   0.04161   0.05121   0.13356   0.07470   0.14677   0.19406   8.38577   1.66648   1.25274   1.43638   0.94699  
 13  3.7894   2045.098717  x:  0.00111   0.16317   0.03088   0.04177   0.03202   0.05122   0.02625   0.05556   0.16915   0.04569   0.15328   0.17235   0.02651   0.04357   0.03146   0.10680   0.04095   0.05134   0.13166   0.07451   0.14408   0.19505   8.37699   1.67032   1.26784   1.43987   0.93554  
 14 14.3322   2045.076059  x:  0.00117   0.16282   0.02971   0.04225   0.03128   0.05140   0.02587   0.05728   0.16885   0.04470   0.15317   0.17248   0.02678   0.04509   0.03168   0.10722   0.04194   0.05071   0.13164   0.07412   0.14408   0.19512   8.36998   1.67372   1.27904   1.44254   0.92704  
 15 25.9761   2045.060831  x:  0.00114   0.16330   0.03007   0.04090   0.03185   0.05153   0.02581   0.05790   0.16835   0.04543   0.15336   0.17119   0.02654   0.04496   0.03163   0.10701   0.04142   0.05093   0.13323   0.07438   0.14684   0.19425   8.36423   1.67706   1.28635   1.44476   0.92144  
 16 13.6010   2045.054690  x:  0.00110   0.16376   0.03011   0.04183   0.03132   0.05147   0.02600   0.05692   0.16823   0.04509   0.15355   0.17039   0.02670   0.04426   0.03162   0.10682   0.04163   0.05111   0.13395   0.07455   0.14817   0.19373   8.36126   1.67911   1.28885   1.44596   0.91949  
 17  9.7051   2045.048314  x:  0.00108   0.16439   0.02959   0.04221   0.03257   0.05099   0.02584   0.05631   0.16834   0.04493   0.15391   0.16981   0.02663   0.04451   0.03173   0.10672   0.04176   0.05070   0.13388   0.07431   0.14816   0.19338   8.35630   1.68322   1.29004   1.44812   0.91856  
 18  4.5053   2045.009937  x:  0.00083   0.16744   0.03050   0.04142   0.03121   0.05018   0.02627   0.05598   0.16922   0.04572   0.15564   0.16765   0.02688   0.04607   0.03177   0.10669   0.04180   0.04985   0.13257   0.07392   0.14644   0.19208   8.32431   1.70995   1.29554   1.46208   0.91447  
 19 22.8402   2044.977708  x:  0.00078   0.16795   0.02977   0.04158   0.03158   0.05210   0.02563   0.05762   0.16945   0.04492   0.15584   0.16781   0.02653   0.04450   0.03156   0.10712   0.04153   0.05171   0.13189   0.07534   0.14569   0.19211   8.29649   1.73252   1.30005   1.47396   0.91192  
 20 48.4902   2044.946840  x:  0.00097   0.16421   0.02990   0.04168   0.03154   0.05140   0.02577   0.05739   0.16839   0.04529   0.15345   0.17164   0.02666   0.04385   0.03169   0.10735   0.04165   0.05017   0.13360   0.07511   0.14747   0.19437   8.26833   1.75298   1.30492   1.48509   0.91157  
 21 25.1202   2044.941321  x:  0.00099   0.16366   0.02999   0.04176   0.03159   0.05143   0.02581   0.05681   0.16831   0.04533   0.15323   0.17213   0.02652   0.04502   0.03156   0.10736   0.04177   0.05148   0.13395   0.07477   0.14781   0.19474   8.26246   1.75567   1.30638   1.48686   0.91255  
 22 10.0885   2044.850818  x:  0.00086   0.16331   0.02998   0.04159   0.03161   0.05239   0.02564   0.05673   0.17019   0.04530   0.15637   0.17101   0.02656   0.04514   0.03168   0.10766   0.04184   0.05046   0.13234   0.07533   0.14934   0.19634   8.14981   1.77964   1.34247   1.51050   0.94866  
 23  9.0685   2044.839419  x:  0.00088   0.16427   0.02997   0.04198   0.03160   0.05046   0.02582   0.05766   0.16943   0.04551   0.15505   0.17108   0.02659   0.04457   0.03166   0.10776   0.04188   0.05128   0.13310   0.07540   0.14841   0.19547   8.13512   1.78185   1.34615   1.51280   0.95235  
 24 20.8347   2044.827486  x:  0.00094   0.16583   0.03001   0.04177   0.03163   0.05159   0.02572   0.05703   0.16806   0.04543   0.15245   0.17151   0.02648   0.04479   0.03165   0.10796   0.04188   0.05080   0.13466   0.07565   0.14680   0.19364   8.11853   1.78315   1.34871   1.51429   0.95485  
 25 15.7324   2044.648861  x:  0.00098   0.16417   0.02996   0.04188   0.03160   0.05130   0.02553   0.05721   0.17422   0.04571   0.15029   0.17931   0.02626   0.04559   0.03170   0.10757   0.04227   0.05077   0.12879   0.07608   0.15089   0.17890   7.84182   1.77514   1.34505   1.51090   0.94833  
 26  8.8547   2043.855229  x:  0.00037   0.15920   0.03023   0.04259   0.03168   0.05074   0.02495   0.05672   0.17344   0.04711   0.15634   0.17194   0.02514   0.04599   0.03158   0.11066   0.04354   0.05037   0.13693   0.08139   0.14510   0.18560   6.67258   1.73670   1.32253   1.49259   0.91297  
 27 190.1862   2043.829002  x:  0.00052   0.16083   0.03019   0.04253   0.03165   0.05076   0.02487   0.05676   0.17550   0.04707   0.15134   0.16962   0.02512   0.04635   0.03160   0.11031   0.04357   0.05035   0.13429   0.08153   0.14688   0.18864   6.63162   1.73531   1.32167   1.49186   0.91166  
 28 36.2739   2043.792504  x:  0.00126   0.16082   0.03026   0.04260   0.03179   0.05074   0.02531   0.05678   0.17550   0.04726   0.15186   0.16735   0.02533   0.04642   0.03172   0.11105   0.04389   0.05041   0.13585   0.08298   0.14591   0.19223   6.74510   1.71261   1.30560   1.47215   0.90168  
 29  0.1203   2043.787367  x:  0.00099   0.16082   0.03026   0.04273   0.03190   0.05071   0.02551   0.05685   0.17654   0.04755   0.15189   0.16761   0.02545   0.04669   0.03181   0.11179   0.04425   0.05041   0.13656   0.08465   0.14586   0.19241   6.71878   1.71255   1.30558   1.47029   0.90262  
 30  0.0167   2043.786901  x:  0.00109   0.16088   0.03028   0.04274   0.03190   0.05072   0.02542   0.05684   0.17686   0.04761   0.15177   0.16773   0.02538   0.04672   0.03180   0.11192   0.04434   0.05039   0.13643   0.08484   0.14599   0.19211   6.73431   1.71459   1.30684   1.47203   0.90351  
 31  0.0149   2043.786890  x:  0.00107   0.16085   0.03028   0.04274   0.03189   0.05071   0.02541   0.05683   0.17689   0.04762   0.15179   0.16765   0.02537   0.04673   0.03180   0.11193   0.04434   0.05039   0.13641   0.08486   0.14597   0.19206   6.73486   1.71439   1.30672   1.47217   0.90330  
 32  0.0006   2043.786890  x:  0.00108   0.16084   0.03028   0.04274   0.03189   0.05071   0.02542   0.05683   0.17689   0.04762   0.15179   0.16765   0.02537   0.04673   0.03180   0.11192   0.04433   0.05039   0.13641   0.08486   0.14596   0.19206   6.73451   1.71439   1.30673   1.47220   0.90330  
 33  0.0004   2043.786890  x:  0.00108   0.16084   0.03028   0.04274   0.03189   0.05071   0.02542   0.05683   0.17689   0.04761   0.15179   0.16765   0.02537   0.04673   0.03180   0.11192   0.04433   0.05039   0.13641   0.08486   0.14596   0.19206   6.73456   1.71439   1.30674   1.47221   0.90331  
 34  0.0000   2043.786890  x:  0.00108   0.16084   0.03028   0.04274   0.03189   0.05071   0.02542   0.05683   0.17689   0.04761   0.15179   0.16765   0.02537   0.04673   0.03180   0.11192   0.04433   0.05039   0.13641   0.08486   0.14596   0.19206   6.73456   1.71439   1.30674   1.47221   0.90331  
 35  0.0000   2043.786890  x:  0.00108   0.16084   0.03028   0.04274   0.03189   0.05071   0.02542   0.05683   0.17689   0.04761   0.15179   0.16765   0.02537   0.04673   0.03180   0.11192   0.04433   0.05039   0.13641   0.08486   0.14596   0.19206   6.73456   1.71439   1.30674   1.47221   0.90331  
 36  0.0000   2043.786890  x:  0.00108   0.16084   0.03028   0.04274   0.03189   0.05071   0.02542   0.05683   0.17689   0.04761   0.15179   0.16765   0.02537   0.04673   0.03180   0.11192   0.04433   0.05039   0.13641   0.08486   0.14596   0.19206   6.73456   1.71439   1.30674   1.47221   0.90331  