

TREE # 1

  0  0.0000   2470.702092  x:  0.04484   0.01042   0.09528   0.00000   0.11553   0.08781   0.05022   0.05345   0.09195   0.05396   0.07214   0.10744   0.01754   0.03732   0.01886   0.08398   0.07612   0.05012   0.05910   0.05309   0.11863   0.05831   0.08943   0.06346   2.00000   2.15502   1.24614   1.49485   0.40000  
  1 99.0000   2389.278923  x:  0.08924   0.00571   0.11777   0.01131   0.11584   0.07399   0.05445   0.04355   0.08555   0.13667   0.08240   0.14585   0.00014   0.13811   0.00000   0.08889   0.07291   0.06842   0.04183   0.05375   0.12171   0.05300   0.14051   0.10786   2.00874   2.15295   1.24518   1.49610   0.42938  
  2 908.7858   2389.159055  x:  0.08928   0.00566   0.11788   0.01116   0.11579   0.07393   0.05446   0.04352   0.08553   0.13672   0.08236   0.14596   0.00000   0.13807   0.00011   0.08893   0.07290   0.06844   0.04176   0.05375   0.12172   0.05296   0.14060   0.10790   2.00879   2.15294   1.24518   1.49611   0.42952  
  3 379.9124   2388.784765  x:  0.08941   0.00544   0.11831   0.01053   0.11557   0.07366   0.05449   0.04340   0.08541   0.13690   0.08215   0.14640   0.00000   0.13783   0.00000   0.08905   0.07285   0.06850   0.04148   0.05375   0.12174   0.05278   0.14094   0.10803   2.00902   2.15288   1.24517   1.49613   0.43011  
  4 1636.3159   2376.746260  x:  0.08856   0.00327   0.14801   0.05744   0.05518   0.04840   0.05073   0.06124   0.08327   0.17468   0.01845   0.15602   0.00000   0.10751   0.00074   0.08773   0.07293   0.05831   0.05634   0.05468   0.12009   0.05540   0.14228   0.10718   2.07454   2.13888   1.24103   1.50004   0.52160  
  5 151.7589   2374.514089  x:  0.08547   0.01196   0.15914   0.06628   0.03076   0.05451   0.05366   0.05595   0.08392   0.17747   0.03044   0.15294   0.00000   0.10381   0.00088   0.08695   0.07290   0.06427   0.05485   0.05387   0.12007   0.05465   0.13889   0.10409   2.10732   2.13207   1.23912   1.50151   0.54665  
  6 137.5745   2370.410772  x:  0.07724   0.01905   0.17419   0.07740   0.04148   0.07977   0.06149   0.02884   0.08929   0.16768   0.01969   0.13770   0.00000   0.11452   0.00090   0.08573   0.07254   0.07582   0.04142   0.05209   0.12071   0.05124   0.12957   0.09586   2.21260   2.11030   1.23362   1.50556   0.59629  
  7 132.9267   2362.836433  x:  0.08229   0.00910   0.16696   0.08024   0.07048   0.09863   0.05283   0.07271   0.09589   0.13376   0.04652   0.12792   0.00000   0.13505   0.00072   0.08945   0.07234   0.05313   0.02556   0.05651   0.11998   0.04895   0.12791   0.10091   2.51341   2.04827   1.21915   1.51538   0.67072  
  8 190.1151   2350.040166  x:  0.09319   0.01393   0.09684   0.05810   0.09583   0.09179   0.04101   0.07295   0.08731   0.12394   0.06578   0.15541   0.00000   0.13392   0.00038   0.08959   0.07414   0.09736   0.09951   0.05110   0.11690   0.05710   0.14062   0.11180   3.09851   1.92939   1.19106   1.52937   0.71230  
  9 371.4998   2340.584622  x:  0.08999   0.01161   0.10129   0.05405   0.09929   0.07196   0.06274   0.05658   0.08218   0.14604   0.07261   0.15418   0.00000   0.12757   0.00000   0.08634   0.07345   0.07428   0.10873   0.05288   0.11812   0.05858   0.14184   0.10860   3.35322   1.87949   1.17857   1.53145   0.68688  
 10 424.1591   2340.584622  x:  0.08999   0.01161   0.10129   0.05405   0.09929   0.07196   0.06274   0.05658   0.08218   0.14604   0.07261   0.15418   0.00000   0.12757   0.00000   0.08634   0.07345   0.07428   0.10873   0.05288   0.11812   0.05858   0.14184   0.10860   3.35322   1.87949   1.17857   1.53145   0.68688  
 11 522.9476   2318.150156  x:  0.10567   0.00000   0.13543   0.02210   0.09269   0.05775   0.05996   0.04186   0.07715   0.16955   0.06788   0.17871   0.00000   0.14528   0.01783   0.09455   0.07031   0.07776   0.07939   0.05305   0.12152   0.04788   0.16816   0.12428   3.35776   1.87905   1.17804   1.53058   0.69531  
 12 344.2616   2308.301938  x:  0.11176   0.00000   0.14915   0.00304   0.08672   0.05191   0.05951   0.03733   0.07540   0.18153   0.06202   0.18997   0.00000   0.15243   0.00000   0.09710   0.06913   0.07891   0.06161   0.05307   0.12223   0.04234   0.17921   0.13037   3.36083   1.87883   1.17768   1.52986   0.70067  
 13 683.8950   2304.220164  x:  0.10881   0.00000   0.14890   0.00000   0.06956   0.05594   0.06341   0.04990   0.07802   0.19539   0.04078   0.19530   0.00000   0.15340   0.00193   0.09665   0.07028   0.07724   0.03235   0.05298   0.12114   0.04834   0.18002   0.12742   3.36842   1.87850   1.17655   1.52789   0.71144  
 14 148.5087   2303.277406  x:  0.10855   0.00000   0.15283   0.01236   0.06096   0.05622   0.06369   0.04997   0.07845   0.20439   0.03314   0.19885   0.00000   0.15461   0.00000   0.09672   0.07058   0.07733   0.02308   0.05319   0.12081   0.04888   0.18166   0.12716   3.37372   1.87828   1.17571   1.52654   0.71855  
 15 174.9902   2302.253568  x:  0.10560   0.00000   0.15732   0.01375   0.04069   0.05787   0.06335   0.04660   0.07942   0.21952   0.02359   0.20141   0.00000   0.15370   0.00001   0.09537   0.07170   0.07807   0.03294   0.05396   0.11968   0.04985   0.17989   0.12421   3.38760   1.87765   1.17352   1.52298   0.73593  
 16 80.2491   2301.315688  x:  0.09968   0.00000   0.16059   0.01260   0.03675   0.06213   0.06501   0.04390   0.08191   0.23987   0.03859   0.19908   0.00000   0.14901   0.00035   0.09227   0.07212   0.07707   0.03060   0.05307   0.11804   0.05052   0.17113   0.11829   3.42112   1.87600   1.16849   1.51440   0.77390  
 17 59.5098   2299.849646  x:  0.09674   0.00000   0.16244   0.01112   0.05878   0.06295   0.06525   0.03976   0.08352   0.26142   0.02945   0.19339   0.00000   0.14396   0.00098   0.09023   0.07157   0.07689   0.03403   0.05280   0.11695   0.04849   0.16060   0.11535   3.48794   1.87258   1.15892   1.49748   0.84352  
 18 130.5173   2296.902622  x:  0.11549   0.00000   0.14725   0.01439   0.05483   0.04746   0.05683   0.05959   0.07168   0.23898   0.03403   0.18003   0.00000   0.14998   0.00106   0.09907   0.06858   0.07892   0.03709   0.05506   0.12103   0.04468   0.16913   0.13410   3.65554   1.86324   1.13746   1.45609   0.98596  
 19 110.7174   2294.893671  x:  0.11273   0.00000   0.14816   0.01442   0.05001   0.06171   0.06469   0.04052   0.07726   0.19710   0.03223   0.18681   0.00000   0.15372   0.00160   0.09688   0.07076   0.07726   0.03187   0.05112   0.12068   0.04768   0.18256   0.13134   3.78098   1.85498   1.12396   1.42681   1.06432  
 20 144.9933   2293.890751  x:  0.10099   0.00000   0.16000   0.01532   0.05217   0.05126   0.06090   0.05110   0.08266   0.18409   0.03338   0.20422   0.00000   0.15168   0.00152   0.09250   0.07189   0.07851   0.03405   0.05908   0.11778   0.04678   0.18432   0.11960   3.87087   1.84628   1.11872   1.41008   1.07506  
 21 61.9736   2288.318635  x:  0.10320   0.00000   0.15429   0.01463   0.05209   0.04782   0.05414   0.04977   0.06530   0.19274   0.03277   0.23855   0.00000   0.14354   0.00156   0.09785   0.06200   0.07870   0.03429   0.02767   0.11473   0.04831   0.16499   0.12181   4.39746   1.78811   1.09652   1.32612   1.02825  
 22 106.4493   2281.610501  x:  0.11782   0.00000   0.13959   0.01214   0.05222   0.06171   0.06013   0.03710   0.05470   0.21748   0.03376   0.26148   0.00000   0.13973   0.00121   0.10762   0.06397   0.07722   0.03137   0.06880   0.11647   0.04876   0.14762   0.13643   5.21572   1.69659   1.06018   1.20117   0.94631  
 23 1178.6094   2277.011592  x:  0.12238   0.00000   0.14629   0.01184   0.05336   0.06394   0.06695   0.04413   0.08779   0.23642   0.03430   0.23525   0.00000   0.14835   0.00000   0.10357   0.07264   0.07926   0.03504   0.06387   0.12192   0.04688   0.16938   0.14099   5.62192   1.64954   1.03747   1.15077   0.90217  
 24 595.0945   2274.917888  x:  0.10952   0.00000   0.16041   0.00902   0.04953   0.05328   0.06082   0.03574   0.07219   0.24039   0.02975   0.19350   0.00000   0.15183   0.00074   0.09473   0.07159   0.07795   0.02736   0.06532   0.12231   0.04642   0.18249   0.12813   5.83697   1.62237   1.01854   1.14428   0.87884  
 25 252.0007   2274.370263  x:  0.10919   0.00000   0.16783   0.00922   0.05033   0.05891   0.06477   0.04029   0.06749   0.24054   0.02970   0.19040   0.00000   0.15451   0.00000   0.09803   0.06956   0.07879   0.02896   0.06520   0.12085   0.04762   0.18278   0.12780   5.87928   1.61583   1.00930   1.15897   0.87613  
 26 68.1818   2272.708463  x:  0.11188   0.00000   0.16928   0.00790   0.04708   0.05552   0.05601   0.03494   0.08051   0.23835   0.02821   0.19034   0.00000   0.15918   0.00025   0.10610   0.07001   0.07780   0.02497   0.06624   0.11718   0.04307   0.16821   0.13049   6.06949   1.58510   0.95801   1.26319   0.86839  
 27 108.1460   2272.248017  x:  0.11184   0.00000   0.16042   0.00839   0.04867   0.04993   0.06473   0.03385   0.07674   0.24246   0.02945   0.19717   0.00000   0.15762   0.00027   0.09610   0.07356   0.07686   0.02668   0.06591   0.12155   0.04628   0.17643   0.13045   6.12306   1.57928   0.94819   1.29732   0.86757  
 28 77.6847   2272.109790  x:  0.11132   0.00000   0.15740   0.00835   0.04969   0.05506   0.05872   0.03502   0.07541   0.24435   0.02989   0.19964   0.00000   0.15432   0.00035   0.09298   0.07272   0.07765   0.02711   0.06636   0.12388   0.04472   0.18289   0.12993   6.13972   1.58134   0.95236   1.30949   0.86813  
 29 27.7141   2271.671297  x:  0.11059   0.00000   0.15702   0.00815   0.04973   0.05244   0.06087   0.03311   0.07818   0.24582   0.03002   0.19923   0.00000   0.14024   0.00000   0.10421   0.06773   0.07781   0.02709   0.06751   0.12437   0.04861   0.19137   0.12920   6.19768   1.60895   1.00113   1.35542   0.87311  
 30 21.5239   2270.817180  x:  0.11381   0.00000   0.16180   0.00797   0.04858   0.05351   0.06465   0.03483   0.07707   0.24463   0.02927   0.19770   0.00000   0.14878   0.00095   0.09529   0.07822   0.07686   0.02641   0.06617   0.12231   0.03866   0.18442   0.13241   6.31007   1.67553   1.10298   1.44313   0.88290  
 31 81.6779   2270.604042  x:  0.11431   0.00000   0.16243   0.00780   0.04959   0.05338   0.06116   0.03404   0.07809   0.24544   0.02983   0.19809   0.00000   0.15793   0.00012   0.09226   0.07662   0.07780   0.02693   0.06684   0.12298   0.04808   0.18264   0.13292   6.33885   1.69729   1.12595   1.46442   0.88506  
 32 78.0575   2270.402909  x:  0.11077   0.00000   0.15866   0.00781   0.04946   0.05301   0.06330   0.03359   0.07943   0.24701   0.02993   0.19891   0.00000   0.16656   0.00025   0.09397   0.06766   0.07837   0.02727   0.06764   0.12699   0.04399   0.18295   0.12938   6.36404   1.73045   1.13409   1.47918   0.88519  
 33 24.7917   2269.791282  x:  0.10948   0.00000   0.15949   0.00716   0.05033   0.05311   0.06143   0.03341   0.07748   0.24977   0.03012   0.20029   0.00000   0.16693   0.00000   0.10007   0.07698   0.07530   0.02728   0.06654   0.12825   0.04428   0.18628   0.12809   6.42612   1.82900   1.13789   1.51063   0.88328  
 34 44.9463   2269.521775  x:  0.11444   0.00000   0.16398   0.00665   0.04928   0.05276   0.06274   0.03337   0.07900   0.24922   0.02948   0.19939   0.00000   0.15907   0.00051   0.09155   0.07144   0.07996   0.02608   0.06749   0.12358   0.04477   0.18567   0.13305   6.45917   1.88169   1.13810   1.52645   0.88205  
 35 68.3517   2269.481326  x:  0.11520   0.00000   0.16483   0.00668   0.04925   0.05281   0.06254   0.03370   0.07932   0.24938   0.02939   0.19965   0.00000   0.15883   0.00054   0.09054   0.06972   0.07438   0.02644   0.06767   0.12252   0.04477   0.18619   0.13381   6.46276   1.88331   1.13796   1.52682   0.88252  
 36  3.8041   2263.894245  x:  0.12134   0.00000   0.18479   0.00000   0.05147   0.04959   0.06191   0.02954   0.07363   0.27219   0.02870   0.23501   0.00000   0.18539   0.00192   0.10653   0.06703   0.08171   0.02199   0.06589   0.07759   0.03684   0.22538   0.13995   6.87882   1.82341   1.11131   1.49197   0.97254  
 37  5.1832   2263.894245  x:  0.12134   0.00000   0.18479   0.00000   0.05147   0.04959   0.06191   0.02954   0.07363   0.27219   0.02870   0.23501   0.00000   0.18539   0.00192   0.10653   0.06703   0.08171   0.02199   0.06589   0.07759   0.03684   0.22538   0.13995   6.87882   1.82341   1.11131   1.49197   0.97254  
 38 339.5358   2261.757671  x:  0.12744   0.00000   0.20188   0.00564   0.05229   0.04442   0.06076   0.03608   0.07313   0.27506   0.03239   0.24229   0.00000   0.18779   0.01253   0.10829   0.06699   0.08277   0.02340   0.05591   0.11128   0.03732   0.23056   0.14604   6.87978   1.82314   1.11096   1.49085   0.97418  
 39 116.7076   2260.553584  x:  0.13057   0.00000   0.21120   0.00000   0.05162   0.04281   0.06020   0.03676   0.07287   0.27661   0.03209   0.24651   0.00000   0.18901   0.00485   0.10882   0.06713   0.08310   0.02350   0.05179   0.12435   0.03642   0.23355   0.14918   6.88042   1.82291   1.11085   1.49006   0.97531  
 40 161.7458   2260.392953  x:  0.13151   0.00000   0.21472   0.00301   0.05213   0.04342   0.06016   0.03545   0.07284   0.27743   0.03160   0.24829   0.00000   0.18947   0.00161   0.10893   0.06733   0.08303   0.02328   0.05192   0.12600   0.03656   0.23479   0.15012   6.88079   1.82276   1.11085   1.48960   0.97587  
 41 70.3561   2260.109825  x:  0.13426   0.00000   0.22714   0.00274   0.05221   0.04726   0.06037   0.02896   0.07282   0.28054   0.02767   0.25504   0.00000   0.19118   0.00307   0.10953   0.06822   0.08241   0.02236   0.05536   0.12505   0.03858   0.23945   0.15287   6.88245   1.82204   1.11093   1.48753   0.97831  
 42 48.9519   2259.935228  x:  0.13579   0.00000   0.23868   0.00283   0.05077   0.04813   0.06124   0.03436   0.07291   0.28426   0.02851   0.26180   0.00000   0.19261   0.00338   0.10962   0.06834   0.08207   0.02380   0.05776   0.11937   0.03836   0.24399   0.15440   6.88478   1.82094   1.11124   1.48460   0.98156  
 43 37.0895   2259.892154  x:  0.13523   0.00000   0.24149   0.00300   0.05047   0.04545   0.06083   0.03358   0.07274   0.28592   0.02964   0.26386   0.00000   0.19282   0.00379   0.10937   0.06759   0.08230   0.02216   0.05580   0.11704   0.03708   0.24521   0.15384   6.88644   1.82010   1.11159   1.48252   0.98365  
 44 17.3584   2259.872958  x:  0.13422   0.00000   0.24212   0.00307   0.05074   0.04468   0.06053   0.03299   0.07275   0.28709   0.02917   0.26482   0.00000   0.19276   0.00388   0.10920   0.06735   0.08265   0.02411   0.05438   0.11640   0.03714   0.24559   0.15283   6.88835   1.81912   1.11196   1.48020   0.98595  
 45 12.1723   2259.813463  x:  0.13023   0.00000   0.24195   0.00301   0.05166   0.04654   0.06032   0.03420   0.07307   0.29121   0.02733   0.26715   0.00000   0.19228   0.00378   0.10883   0.06749   0.08322   0.02270   0.05265   0.11705   0.03845   0.24602   0.14884   6.89739   1.81453   1.11350   1.46946   0.99643  
 46 16.4687   2259.738559  x:  0.12779   0.00000   0.24068   0.00264   0.05091   0.04701   0.06074   0.03295   0.07279   0.29543   0.03047   0.26881   0.00000   0.19179   0.00367   0.10885   0.06846   0.08304   0.02323   0.05599   0.11904   0.03736   0.24585   0.14640   6.91112   1.80761   1.11527   1.45378   1.01160  
 47 33.9267   2259.639543  x:  0.13135   0.00000   0.23807   0.00322   0.04988   0.04367   0.06150   0.03364   0.07261   0.29690   0.02700   0.26820   0.00000   0.19181   0.00374   0.10945   0.06792   0.08197   0.02304   0.05820   0.11941   0.03676   0.24481   0.14996   6.93188   1.79730   1.11639   1.43186   1.03242  
 48 33.6265   2259.561144  x:  0.13601   0.00000   0.23674   0.00309   0.05018   0.04611   0.06099   0.03332   0.07295   0.29542   0.02923   0.26642   0.00000   0.19210   0.00377   0.10978   0.06699   0.08212   0.02313   0.05514   0.11802   0.03828   0.24414   0.15462   6.95043   1.78827   1.11587   1.41406   1.04904  
 49 47.9244   2259.525411  x:  0.13589   0.00000   0.23830   0.00305   0.05186   0.04683   0.06047   0.03353   0.07314   0.29052   0.02885   0.26462   0.00000   0.19216   0.00410   0.10917   0.06905   0.08381   0.02313   0.05484   0.11771   0.03561   0.24507   0.15450   6.96199   1.78301   1.11215   1.40718   1.05481  
 50 13.6912   2259.474321  x:  0.13412   0.00000   0.24122   0.00310   0.05152   0.04508   0.06062   0.03353   0.07285   0.28239   0.02943   0.26213   0.00000   0.19228   0.00377   0.10865   0.06980   0.08440   0.02289   0.05561   0.11767   0.03859   0.24682   0.15273   6.98135   1.77444   1.10412   1.39824   1.06161  
 51 27.6799   2259.430246  x:  0.13272   0.00000   0.24245   0.00354   0.04916   0.04634   0.06131   0.03330   0.07290   0.27848   0.02892   0.26151   0.00000   0.19225   0.00386   0.10908   0.06611   0.08184   0.02318   0.05533   0.11810   0.03708   0.24755   0.15133   7.00061   1.76613   1.09481   1.39218   1.06509  
 52 22.5765   2259.207366  x:  0.13342   0.00000   0.23953   0.00263   0.05376   0.04520   0.05936   0.03364   0.07433   0.28339   0.02952   0.26682   0.00000   0.19229   0.00350   0.11323   0.06731   0.07823   0.02313   0.05542   0.11793   0.03726   0.24495   0.15203   7.11118   1.71947   1.03904   1.36910   1.07055  
 53 25.2768   2259.125406  x:  0.13422   0.00000   0.23832   0.00317   0.04969   0.04584   0.06130   0.03328   0.07232   0.28656   0.02884   0.26780   0.00000   0.19209   0.00347   0.11087   0.06801   0.08371   0.02294   0.05486   0.11809   0.03730   0.24432   0.15283   7.15434   1.70159   1.02098   1.36073   1.07025  
 54 63.4504   2259.026311  x:  0.13484   0.00000   0.23995   0.00281   0.05049   0.04576   0.05857   0.03346   0.07372   0.29051   0.02875   0.26352   0.00000   0.19086   0.00350   0.10218   0.06627   0.08281   0.02298   0.05621   0.11874   0.03771   0.24635   0.15345   7.21319   1.67895   1.01563   1.35052   1.06059  
 55 20.3521   2258.829958  x:  0.13464   0.00000   0.24348   0.00237   0.05160   0.04580   0.06515   0.03305   0.07245   0.29497   0.02878   0.25630   0.00000   0.18925   0.00322   0.10623   0.06890   0.08029   0.02305   0.05427   0.11873   0.03752   0.25027   0.15325   7.33743   1.63427   1.01447   1.32970   1.03623  
 56 62.7098   2258.730108  x:  0.13436   0.00000   0.24396   0.00259   0.04948   0.04604   0.05961   0.03337   0.07286   0.29447   0.02841   0.25699   0.00000   0.19009   0.00293   0.11214   0.06814   0.08304   0.02299   0.05522   0.11887   0.03749   0.25061   0.15297   7.40087   1.61455   1.01579   1.31963   1.02378  
 57 79.0234   2258.637502  x:  0.13453   0.00000   0.24139   0.00212   0.05207   0.04573   0.06193   0.03330   0.07376   0.28844   0.02898   0.26825   0.00000   0.19410   0.00277   0.11046   0.06578   0.08475   0.02300   0.05604   0.11943   0.03756   0.24678   0.15314   7.46597   1.60453   1.01880   1.31140   1.01318  
 58 30.5330   2258.590970  x:  0.13468   0.00000   0.24026   0.00249   0.04967   0.04604   0.06083   0.03326   0.07267   0.28613   0.02877   0.27271   0.00000   0.19451   0.00282   0.10860   0.06950   0.08167   0.02304   0.05461   0.11940   0.03751   0.24536   0.15329   7.50014   1.60445   1.01995   1.30860   1.00954  
 59 32.2656   2257.997310  x:  0.13674   0.00000   0.24198   0.00115   0.05144   0.04591   0.06059   0.03331   0.07118   0.28679   0.02882   0.27644   0.00000   0.17110   0.00230   0.10997   0.06744   0.08322   0.02286   0.05514   0.12051   0.03781   0.24945   0.15534   7.96513   1.67638   1.02453   1.29792   0.99350  
 60 28.3702   2257.581716  x:  0.13563   0.00000   0.24289   0.00074   0.04912   0.04545   0.06186   0.03273   0.07904   0.29291   0.02861   0.26781   0.00000   0.19436   0.00170   0.11077   0.06895   0.08343   0.02287   0.05415   0.12123   0.03724   0.25355   0.15424   8.30336   1.72636   1.03031   1.30350   0.99182  
 61 134.2270   2257.443847  x:  0.13520   0.00000   0.24447   0.00019   0.05184   0.04595   0.06010   0.03331   0.06913   0.29433   0.02844   0.26524   0.00000   0.20106   0.00155   0.11065   0.06718   0.08275   0.02294   0.05459   0.12127   0.03707   0.25177   0.15380   8.41026   1.73795   1.03471   1.31271   0.99626  
 62 99.5182   2256.966808  x:  0.13489   0.00000   0.25128   0.00000   0.05080   0.04579   0.06053   0.03304   0.07152   0.29406   0.02821   0.26403   0.00000   0.19936   0.00130   0.11069   0.06764   0.08313   0.02289   0.05412   0.12146   0.03700   0.23916   0.15350   8.67702   1.75220   1.05413   1.35989   1.02293  
 63 74.8134   2256.966808  x:  0.13489   0.00000   0.25128   0.00000   0.05080   0.04579   0.06053   0.03304   0.07152   0.29406   0.02821   0.26403   0.00000   0.19936   0.00130   0.11069   0.06764   0.08313   0.02289   0.05412   0.12146   0.03700   0.23916   0.15350   8.67702   1.75220   1.05413   1.35989   1.02293  
 64 59.6231   2256.957380  x:  0.13503   0.00000   0.25119   0.00028   0.05081   0.04563   0.06053   0.03316   0.07177   0.29395   0.02828   0.26427   0.00000   0.19906   0.00222   0.11069   0.06771   0.08310   0.02290   0.05392   0.12191   0.03702   0.23966   0.15364   8.67708   1.75194   1.05420   1.36026   1.02315  
 65 14.1417   2256.897942  x:  0.13666   0.00000   0.25005   0.00063   0.05050   0.04401   0.06051   0.03424   0.07461   0.29261   0.02876   0.26708   0.00000   0.19535   0.00159   0.11039   0.06844   0.08273   0.02297   0.05176   0.12679   0.03646   0.24563   0.15527   8.67777   1.74880   1.05506   1.36466   1.02589  
 66 19.2847   2256.888238  x:  0.13686   0.00000   0.24984   0.00000   0.05043   0.04417   0.06051   0.03397   0.07461   0.29238   0.02865   0.26750   0.00000   0.19482   0.00172   0.11037   0.06847   0.08272   0.02297   0.05189   0.12719   0.03659   0.24649   0.15546   8.67790   1.74821   1.05523   1.36549   1.02642  
 67 19.2342   2256.861763  x:  0.13750   0.00000   0.24891   0.00066   0.05077   0.04565   0.06055   0.03224   0.07362   0.29145   0.02835   0.26926   0.00000   0.19271   0.00154   0.11036   0.06838   0.08279   0.02293   0.05342   0.12793   0.03739   0.24997   0.15611   8.67858   1.74538   1.05608   1.36942   1.02892  
 68 27.4101   2256.840059  x:  0.13753   0.00000   0.24797   0.00067   0.05069   0.04582   0.06075   0.03437   0.07171   0.29070   0.02858   0.27057   0.00000   0.19146   0.00163   0.11037   0.06775   0.08308   0.02284   0.05433   0.12618   0.03709   0.25220   0.15614   8.67954   1.74177   1.05725   1.37442   1.03219  
 69 12.3773   2256.817039  x:  0.13699   0.00000   0.24714   0.00071   0.05074   0.04417   0.06038   0.03309   0.07154   0.29022   0.02866   0.27125   0.00000   0.19140   0.00178   0.11036   0.06742   0.08326   0.02309   0.05294   0.12310   0.03651   0.25279   0.15560   8.68104   1.73677   1.05895   1.38134   1.03687  
 70 12.7514   2256.796649  x:  0.13634   0.00000   0.24692   0.00075   0.05076   0.04559   0.06049   0.03349   0.07378   0.29024   0.02853   0.27087   0.00000   0.19272   0.00172   0.11041   0.06829   0.08297   0.02237   0.05254   0.12218   0.03735   0.25123   0.15495   8.68291   1.73155   1.06073   1.38878   1.04212  
 71 12.9180   2256.786284  x:  0.13618   0.00000   0.24722   0.00079   0.05057   0.04554   0.06069   0.03353   0.07395   0.29050   0.02861   0.27020   0.00000   0.19376   0.00172   0.11040   0.06858   0.08292   0.02373   0.05330   0.12332   0.03698   0.24961   0.15478   8.68416   1.72877   1.06170   1.39295   1.04521  
 72 13.4132   2256.778743  x:  0.13622   0.00000   0.24772   0.00082   0.05042   0.04500   0.06077   0.03334   0.07323   0.29082   0.02862   0.26948   0.00000   0.19455   0.00171   0.11038   0.06835   0.08291   0.02283   0.05372   0.12485   0.03659   0.24816   0.15483   8.68528   1.72683   1.06241   1.39603   1.04761  
 73 14.3134   2256.777146  x:  0.13638   0.00000   0.24808   0.00082   0.05053   0.04510   0.06063   0.03343   0.07276   0.29098   0.02849   0.26918   0.00000   0.19457   0.00166   0.11036   0.06801   0.08300   0.02295   0.05317   0.12522   0.03709   0.24782   0.15499   8.68580   1.72660   1.06255   1.39669   1.04830  
 74  3.5995   2256.776100  x:  0.13670   0.00000   0.24882   0.00078   0.05066   0.04544   0.06048   0.03339   0.07274   0.29127   0.02862   0.26875   0.00000   0.19413   0.00171   0.11032   0.06799   0.08308   0.02295   0.05300   0.12509   0.03669   0.24773   0.15531   8.68692   1.72701   1.06259   1.39707   1.04916  
 75  1.5113   2256.774573  x:  0.13704   0.00000   0.24986   0.00081   0.05059   0.04508   0.06057   0.03344   0.07292   0.29172   0.02836   0.26817   0.00000   0.19347   0.00170   0.11032   0.06819   0.08305   0.02293   0.05331   0.12475   0.03696   0.24776   0.15564   8.68914   1.72800   1.06264   1.39756   1.05067  
 76  3.4688   2256.771990  x:  0.13653   0.00000   0.25028   0.00082   0.04997   0.04512   0.06094   0.03330   0.07291   0.29207   0.02902   0.26793   0.00000   0.19336   0.00170   0.11031   0.06796   0.08284   0.02293   0.05326   0.12477   0.03719   0.24816   0.15514   8.69431   1.73057   1.06284   1.39819   1.05362  
 77  2.8441   2256.766680  x:  0.13550   0.00000   0.25033   0.00094   0.04995   0.04532   0.06095   0.03335   0.07286   0.29240   0.02806   0.26788   0.00000   0.19364   0.00175   0.11028   0.06772   0.08271   0.02296   0.05308   0.12503   0.03673   0.24889   0.15411   8.70544   1.73604   1.06341   1.39941   1.05963  
 78 14.4526   2256.762269  x:  0.13553   0.00000   0.24967   0.00074   0.05099   0.04504   0.06013   0.03347   0.07278   0.29220   0.02859   0.26826   0.00000   0.19424   0.00174   0.11027   0.06822   0.08307   0.02291   0.05330   0.12511   0.03696   0.24893   0.15414   8.71539   1.74062   1.06421   1.40043   1.06433  
 79 12.3480   2256.757355  x:  0.13691   0.00000   0.24819   0.00085   0.05053   0.04513   0.06084   0.03338   0.07277   0.29127   0.02848   0.26906   0.00000   0.19477   0.00177   0.11023   0.06823   0.08320   0.02291   0.05311   0.12479   0.03686   0.24800   0.15552   8.72730   1.74536   1.06577   1.40159   1.06853  
 80  9.1627   2256.754611  x:  0.13701   0.00000   0.24781   0.00091   0.05015   0.04514   0.05999   0.03342   0.07302   0.29063   0.02848   0.26922   0.00000   0.19412   0.00178   0.11025   0.06760   0.08248   0.02295   0.05337   0.12478   0.03688   0.24729   0.15562   8.73499   1.74724   1.06748   1.40240   1.06926  
 81  4.5829   2256.744983  x:  0.13618   0.00000   0.24767   0.00075   0.05117   0.04506   0.06103   0.03339   0.07292   0.28897   0.02866   0.26922   0.00000   0.19166   0.00181   0.11026   0.06786   0.08238   0.02295   0.05320   0.12512   0.03692   0.24567   0.15479   8.76366   1.75268   1.07431   1.40562   1.06941  
 82 11.1580   2256.732713  x:  0.13590   0.00000   0.24843   0.00096   0.04966   0.04526   0.06020   0.03337   0.07266   0.28881   0.02845   0.26895   0.00000   0.19185   0.00181   0.11016   0.06903   0.08438   0.02286   0.05305   0.12529   0.03698   0.24614   0.15451   8.80128   1.75882   1.08226   1.41026   1.06801  
 83 20.6224   2256.710013  x:  0.13672   0.00000   0.25035   0.00069   0.05065   0.04520   0.06074   0.03336   0.07314   0.29077   0.02852   0.26850   0.00000   0.19545   0.00179   0.11013   0.06766   0.08337   0.02295   0.05338   0.12510   0.03695   0.24913   0.15533   8.87215   1.76943   1.09491   1.41957   1.06415  
 84 38.1707   2256.700458  x:  0.13682   0.00000   0.24980   0.00067   0.05045   0.04531   0.06053   0.03337   0.07212   0.29254   0.02841   0.26893   0.00000   0.19533   0.00177   0.11063   0.06933   0.08153   0.02298   0.05284   0.12507   0.03689   0.24902   0.15543   8.90286   1.77299   1.09534   1.42422   1.06180  
 85 13.6298   2256.671898  x:  0.13661   0.00000   0.24748   0.00046   0.05069   0.04522   0.06061   0.03332   0.07294   0.29684   0.02840   0.27034   0.00000   0.19339   0.00173   0.11110   0.06792   0.08321   0.02294   0.05323   0.12523   0.03694   0.24734   0.15522   8.99609   1.78243   1.09158   1.43844   1.05433  
 86 36.4935   2256.654625  x:  0.13641   0.00000   0.24897   0.00046   0.05064   0.04519   0.06056   0.03330   0.07279   0.29211   0.02847   0.26919   0.00000   0.19419   0.00178   0.10813   0.06810   0.08283   0.02294   0.05322   0.12512   0.03701   0.24754   0.15502   9.05308   1.78554   1.08684   1.44470   1.05084  
 87 18.9129   2256.646227  x:  0.13640   0.00000   0.24991   0.00048   0.05061   0.04517   0.06056   0.03329   0.07283   0.28934   0.02851   0.26837   0.00000   0.19474   0.00168   0.11106   0.06803   0.08290   0.02295   0.05315   0.12514   0.03691   0.24792   0.15501   9.08180   1.78543   1.08447   1.44590   1.05004  
 88 18.0333   2256.517559  x:  0.13713   0.00000   0.24693   0.00027   0.05060   0.04526   0.06062   0.03318   0.07287   0.29191   0.02840   0.26617   0.00000   0.19359   0.00170   0.11045   0.06813   0.08305   0.02289   0.05328   0.12531   0.03703   0.24998   0.15573   9.53526   1.73458   1.06172   1.40411   1.06587  
 89 10.0756   2256.512477  x:  0.13696   0.00000   0.24925   0.00026   0.05053   0.04527   0.06063   0.03318   0.07286   0.29196   0.02833   0.26979   0.00000   0.19392   0.00170   0.11050   0.06813   0.08305   0.02289   0.05328   0.12529   0.03703   0.24915   0.15557   9.55322   1.73254   1.06076   1.40237   1.06656  
 90  9.1789   2256.510750  x:  0.13691   0.00000   0.24943   0.00041   0.05054   0.04525   0.06063   0.03325   0.07287   0.29195   0.02835   0.26970   0.00000   0.19413   0.00169   0.11047   0.06813   0.08303   0.02290   0.05325   0.12524   0.03699   0.24889   0.15551   9.60149   1.73861   1.06422   1.40666   1.06621  
 91  0.0454   2256.510740  x:  0.13691   0.00000   0.24940   0.00040   0.05054   0.04525   0.06062   0.03325   0.07287   0.29195   0.02836   0.26969   0.00000   0.19411   0.00169   0.11048   0.06814   0.08303   0.02290   0.05325   0.12524   0.03699   0.24890   0.15551   9.60604   1.73828   1.06397   1.40643   1.06621  
 92  0.0043   2256.510740  x:  0.13691   0.00000   0.24940   0.00040   0.05054   0.04525   0.06062   0.03325   0.07287   0.29195   0.02836   0.26969   0.00000   0.19411   0.00169   0.11048   0.06814   0.08303   0.02290   0.05325   0.12524   0.03699   0.24890   0.15551   9.60605   1.73828   1.06397   1.40643   1.06621  