

TREE # 1

  0  0.0000   2058.786307  x:  0.20925   0.02571   0.03211   0.02495   0.05815   0.02188   0.05666   0.08536   0.02661   0.17168   0.20925   0.02571   0.03211   0.02495   0.05815   0.02188   0.05666   0.08536   0.02661   0.17168   0.21568   8.40433   1.71148   1.68041   1.66485   1.00000  
  1 99.0000   2041.243698  x:  0.20593   0.00000   0.09333   0.02350   0.02953   0.04014   0.06360   0.11669   0.04996   0.18043   0.21476   0.01547   0.03963   0.08885   0.03838   0.00648   0.06659   0.08871   0.04871   0.17651   0.22971   8.40425   1.71052   1.67601   1.66965   0.99969  
  2 420.3618   2041.243698  x:  0.20593   0.00000   0.09333   0.02350   0.02953   0.04014   0.06360   0.11669   0.04996   0.18043   0.21476   0.01547   0.03963   0.08885   0.03838   0.00648   0.06659   0.08871   0.04871   0.17651   0.22971   8.40425   1.71052   1.67601   1.66965   0.99969  
  3 169.3958   2039.857223  x:  0.20431   0.00190   0.09149   0.02346   0.02113   0.03529   0.06425   0.12312   0.04908   0.18394   0.21695   0.01622   0.03791   0.08328   0.03487   0.02418   0.06781   0.08976   0.04670   0.17849   0.23560   8.40421   1.71015   1.67378   1.67195   0.99953  
  4 165.4809   2038.811915  x:  0.20246   0.00000   0.08949   0.02355   0.01612   0.03172   0.06479   0.12928   0.04803   0.18764   0.21927   0.01657   0.03714   0.07747   0.03098   0.02221   0.06858   0.09077   0.04500   0.18058   0.24188   8.40417   1.70972   1.67123   1.67459   0.99935  
  5 124.5817   2037.742394  x:  0.19733   0.00986   0.08524   0.02431   0.02155   0.02849   0.06564   0.14484   0.04724   0.19760   0.22552   0.01681   0.03627   0.06369   0.02700   0.01904   0.07011   0.09301   0.04204   0.18624   0.25921   8.40403   1.70840   1.66340   1.68268   0.99882  
  6 165.1506   2036.977931  x:  0.19170   0.00280   0.08175   0.02393   0.02746   0.03518   0.06545   0.15544   0.04628   0.20665   0.23120   0.01640   0.03745   0.05785   0.03460   0.02086   0.07043   0.09400   0.04286   0.19138   0.27599   8.40387   1.70679   1.65379   1.69250   0.99812  
  7 97.5245   2036.430870  x:  0.18462   0.00588   0.08315   0.02508   0.02300   0.03732   0.06319   0.15831   0.05026   0.21481   0.23609   0.01579   0.03924   0.07112   0.03720   0.01942   0.06871   0.09239   0.04779   0.19594   0.29451   8.40359   1.70410   1.63679   1.70947   0.99685  
  8 51.1835   2036.082590  x:  0.18025   0.00237   0.08530   0.02311   0.02859   0.03272   0.06292   0.15283   0.04993   0.21725   0.23699   0.01544   0.03687   0.07702   0.03219   0.02080   0.06793   0.09059   0.04629   0.19715   0.30439   8.40331   1.70141   1.61944   1.72640   0.99544  
  9 51.6654   2035.378659  x:  0.17481   0.00502   0.08903   0.02537   0.02543   0.03587   0.06592   0.13271   0.04521   0.21523   0.23334   0.01947   0.03578   0.07072   0.03350   0.02026   0.06845   0.08878   0.03906   0.19542   0.31617   8.40255   1.69394   1.57154   1.77242   0.99137  
 10 61.6387   2035.019079  x:  0.17537   0.00579   0.08810   0.02228   0.02421   0.03428   0.06510   0.12872   0.04646   0.21193   0.22988   0.01263   0.03814   0.06585   0.03434   0.02022   0.06899   0.08949   0.04351   0.19332   0.31620   8.40209   1.68951   1.54429   1.79827   0.98891  
 11 84.0992   2034.666151  x:  0.17847   0.00496   0.08516   0.02225   0.02497   0.03216   0.06326   0.13134   0.04957   0.20714   0.22559   0.01809   0.04009   0.06317   0.03371   0.02044   0.06917   0.09129   0.05068   0.19045   0.31126   8.40154   1.68407   1.51211   1.82853   0.98581  
 12 115.4455   2034.293881  x:  0.18337   0.00405   0.08175   0.02776   0.02547   0.03499   0.06268   0.14183   0.04982   0.20244   0.22179   0.01574   0.03593   0.06637   0.03197   0.02051   0.06837   0.09259   0.04740   0.18774   0.30077   8.40089   1.67780   1.47755   1.86077   0.98215  
 13 93.4316   2034.188220  x:  0.18465   0.00475   0.08196   0.02347   0.02498   0.03474   0.06280   0.14595   0.04772   0.20217   0.22194   0.01655   0.03602   0.06828   0.03363   0.02006   0.06813   0.09210   0.04426   0.18761   0.29614   8.40067   1.67572   1.46778   1.86981   0.98088  
 14 51.3085   2034.159119  x:  0.18438   0.00456   0.08378   0.02467   0.02522   0.03351   0.06354   0.14673   0.04647   0.20400   0.22419   0.01633   0.03811   0.06828   0.03417   0.02014   0.06840   0.09065   0.04412   0.18866   0.29272   8.40053   1.67450   1.46485   1.87245   0.98005  
 15 12.6364   2034.141595  x:  0.18376   0.00455   0.08486   0.02418   0.02507   0.03468   0.06334   0.14643   0.04683   0.20620   0.22695   0.01637   0.03738   0.06760   0.03316   0.02019   0.06840   0.08969   0.04485   0.18990   0.28957   8.40038   1.67318   1.46308   1.87399   0.97911  
 16 10.8011   2034.136314  x:  0.18336   0.00457   0.08416   0.02430   0.02503   0.03409   0.06301   0.14584   0.04748   0.20706   0.22819   0.01637   0.03674   0.06753   0.03384   0.02010   0.06825   0.09027   0.04460   0.19038   0.28843   8.40026   1.67223   1.46261   1.87434   0.97843  
 17  5.2705   2034.133484  x:  0.18303   0.00462   0.08318   0.02425   0.02505   0.03431   0.06310   0.14545   0.04731   0.20734   0.22882   0.01635   0.03733   0.06778   0.03346   0.02015   0.06831   0.09104   0.04444   0.19053   0.28798   8.40009   1.67105   1.46244   1.87435   0.97756  
 18  3.1612   2034.122413  x:  0.18212   0.00482   0.08259   0.02427   0.02496   0.03410   0.06417   0.14558   0.04601   0.20648   0.22952   0.01630   0.03644   0.06797   0.03366   0.02002   0.06833   0.09098   0.04550   0.19005   0.28810   8.39890   1.66269   1.46219   1.87321   0.97145  
 19  2.5174   2034.099672  x:  0.18129   0.00455   0.08346   0.02420   0.02484   0.03418   0.06341   0.14612   0.04756   0.20487   0.22995   0.01631   0.03724   0.06753   0.03348   0.01995   0.06844   0.09033   0.04442   0.18925   0.28884   8.39630   1.64506   1.46150   1.87043   0.95860  
 20 18.4172   2034.091997  x:  0.18350   0.00456   0.08388   0.02434   0.02479   0.03415   0.06241   0.14572   0.04669   0.20657   0.22846   0.01630   0.03715   0.06749   0.03342   0.01991   0.06795   0.09098   0.04459   0.19044   0.28927   8.39515   1.64002   1.46015   1.86845   0.95522  
 21  4.2158   2034.087027  x:  0.18466   0.00448   0.08364   0.02416   0.02476   0.03414   0.06381   0.14550   0.04741   0.20778   0.22740   0.01632   0.03709   0.06762   0.03345   0.01985   0.06850   0.09081   0.04452   0.19112   0.28946   8.39425   1.63753   1.45852   1.86650   0.95381  
 22  4.4108   2034.050333  x:  0.18195   0.00449   0.08077   0.02427   0.02437   0.03395   0.06249   0.14552   0.04710   0.21046   0.22430   0.01640   0.03721   0.06738   0.03333   0.01947   0.06913   0.08733   0.04433   0.19074   0.28960   8.38639   1.62666   1.44063   1.84681   0.95097  
 23  3.4560   2033.981228  x:  0.17744   0.00393   0.08371   0.02406   0.02372   0.03382   0.06391   0.14663   0.04756   0.21189   0.22271   0.01634   0.03698   0.06676   0.03307   0.01881   0.06745   0.09143   0.04447   0.18999   0.29065   8.37122   1.60713   1.40620   1.80940   0.94735  
 24 31.3548   2033.949668  x:  0.18059   0.00372   0.08398   0.02413   0.02343   0.03369   0.06314   0.14638   0.04709   0.20899   0.22716   0.01631   0.03657   0.06692   0.03311   0.01838   0.07065   0.09173   0.04444   0.19121   0.29282   8.36397   1.59831   1.39135   1.79346   0.94750  
 25 15.8025   2033.937591  x:  0.18259   0.00365   0.08323   0.02408   0.02327   0.03364   0.06371   0.14616   0.04726   0.20769   0.22940   0.01630   0.03691   0.06662   0.03294   0.01832   0.06834   0.09069   0.04428   0.19162   0.29384   8.36111   1.59494   1.38665   1.78841   0.94843  
 26 11.3748   2033.876724  x:  0.18428   0.00311   0.08333   0.02409   0.02253   0.03339   0.06365   0.14658   0.04705   0.21162   0.23093   0.01632   0.03681   0.06623   0.03266   0.01756   0.06876   0.09096   0.04403   0.18481   0.29512   8.34389   1.57652   1.38652   1.78725   0.97168  
 27  1.8507   2033.827590  x:  0.18109   0.00272   0.08307   0.02408   0.02189   0.03317   0.06369   0.14733   0.04708   0.20893   0.22835   0.01636   0.03676   0.06575   0.03241   0.01693   0.06882   0.09102   0.04387   0.19254   0.29473   8.32958   1.56468   1.38866   1.78875   0.98872  
 28  9.6308   2033.526158  x:  0.18097   0.00000   0.08219   0.02411   0.01750   0.03178   0.06383   0.15179   0.04608   0.21155   0.23053   0.01621   0.03650   0.06306   0.03094   0.01242   0.06918   0.09149   0.04280   0.19252   0.29858   8.22925   1.63079   1.43515   1.83948   0.96462  
 29  1.9146   2033.506542  x:  0.18129   0.00106   0.08234   0.02408   0.01819   0.03126   0.06382   0.15206   0.04602   0.21110   0.23042   0.01619   0.03651   0.06366   0.03026   0.01285   0.06907   0.09153   0.04294   0.19249   0.29762   8.20900   1.63934   1.44291   1.84589   0.96350  
 30  0.0364   2033.504982  x:  0.18137   0.00085   0.08239   0.02411   0.01851   0.03122   0.06379   0.15211   0.04607   0.21091   0.23031   0.01621   0.03652   0.06391   0.03021   0.01313   0.06902   0.09152   0.04304   0.19244   0.29718   8.19723   1.64078   1.44434   1.84702   0.96338  
 31  0.0216   2033.504813  x:  0.18141   0.00084   0.08241   0.02414   0.01841   0.03126   0.06378   0.15218   0.04609   0.21080   0.23021   0.01623   0.03651   0.06397   0.03028   0.01312   0.06901   0.09153   0.04308   0.19239   0.29689   8.18294   1.64117   1.44479   1.84726   0.96328  
 32  0.0132   2033.504804  x:  0.18140   0.00084   0.08241   0.02413   0.01843   0.03125   0.06378   0.15217   0.04609   0.21081   0.23021   0.01623   0.03651   0.06396   0.03026   0.01310   0.06901   0.09153   0.04307   0.19239   0.29691   8.17968   1.64106   1.44468   1.84714   0.96321  
 33  0.0033   2033.504803  x:  0.18140   0.00084   0.08241   0.02413   0.01843   0.03125   0.06378   0.15216   0.04609   0.21081   0.23022   0.01623   0.03651   0.06395   0.03027   0.01310   0.06901   0.09153   0.04307   0.19239   0.29692   8.17932   1.64103   1.44465   1.84710   0.96320  
 34  0.0004   2033.504803  x:  0.18140   0.00084   0.08241   0.02413   0.01843   0.03125   0.06378   0.15216   0.04609   0.21081   0.23022   0.01623   0.03651   0.06396   0.03027   0.01310   0.06901   0.09153   0.04307   0.19239   0.29692   8.17930   1.64103   1.44465   1.84710   0.96320  
 35  0.0000   2033.504803  x:  0.18140   0.00084   0.08241   0.02413   0.01843   0.03125   0.06378   0.15216   0.04609   0.21081   0.23022   0.01623   0.03651   0.06396   0.03027   0.01310   0.06901   0.09153   0.04307   0.19239   0.29692   8.17930   1.64103   1.44465   1.84710   0.96320  