

TREE # 1

  0  0.0000   2020.655651  x:  0.01972   0.20925   0.02571   0.03211   0.02495   0.05815   0.02188   0.05666   0.08536   0.02661   0.17168   0.01972   0.20925   0.02571   0.03211   0.02495   0.05815   0.02188   0.05666   0.08536   0.02661   0.17168   0.21568   8.40433   1.41106   1.00216   1.23762   1.00000  
  1 99.0000   2003.528558  x:  0.00000   0.20898   0.02674   0.02832   0.01527   0.06054   0.02983   0.06081   0.08669   0.05572   0.17358   0.00049   0.20947   0.02724   0.02467   0.02597   0.07258   0.04206   0.05872   0.09420   0.06200   0.16860   0.21628   8.40443   1.41165   1.00109   1.23796   0.99920  
  2 451.9628   2003.430451  x:  0.00000   0.20896   0.02668   0.02824   0.01522   0.06056   0.02983   0.06088   0.08672   0.05572   0.17362   0.00000   0.20947   0.02717   0.02451   0.02596   0.07271   0.04201   0.05878   0.09435   0.06198   0.16853   0.21629   8.40443   1.41166   1.00106   1.23797   0.99918  
  3 200.6575   2003.152171  x:  0.00000   0.20768   0.02836   0.02785   0.02376   0.05999   0.03148   0.06298   0.08836   0.05562   0.17661   0.00000   0.20911   0.02876   0.02050   0.02622   0.07416   0.04330   0.06107   0.10167   0.06108   0.16337   0.21772   8.40467   1.41302   0.99854   1.23851   0.99701  
  4 51.2218   2002.991583  x:  0.00000   0.20545   0.03041   0.02846   0.02046   0.05830   0.03092   0.06254   0.09000   0.05437   0.18117   0.00000   0.20844   0.03149   0.02082   0.02615   0.07010   0.04607   0.06228   0.10735   0.05990   0.15501   0.22028   8.40521   1.41586   0.99329   1.23959   0.99238  
  5 26.2173   2002.874536  x:  0.00000   0.20276   0.02801   0.02878   0.02146   0.05942   0.03155   0.06034   0.08947   0.05546   0.18537   0.00000   0.20765   0.02850   0.02080   0.02617   0.06844   0.04453   0.06046   0.10450   0.06123   0.14645   0.22366   8.40628   1.42112   0.98364   1.24153   0.98339  
  6 18.5669   2002.776581  x:  0.00000   0.20129   0.02996   0.02864   0.02137   0.05972   0.02921   0.06218   0.08836   0.05521   0.18651   0.00000   0.20732   0.03033   0.02194   0.02614   0.07278   0.04412   0.06097   0.10048   0.06094   0.14369   0.22619   8.40779   1.42780   0.97146   1.24399   0.97112  
  7 22.7615   2002.663715  x:  0.00000   0.20128   0.02944   0.02880   0.02037   0.05907   0.03443   0.06304   0.08809   0.05431   0.18450   0.00000   0.20742   0.03087   0.02242   0.02606   0.07351   0.04446   0.06164   0.10054   0.05999   0.14722   0.22755   8.41017   1.43714   0.95478   1.24739   0.95254  
  8 30.0700   2002.560036  x:  0.00000   0.20212   0.02849   0.02720   0.02110   0.05790   0.03122   0.06254   0.08858   0.05521   0.18166   0.00000   0.20762   0.02958   0.02145   0.02602   0.07079   0.04477   0.06124   0.10310   0.06077   0.15243   0.22738   8.41263   1.44564   0.94006   1.25042   0.93418  
  9 48.9090   2002.542145  x:  0.00000   0.20274   0.02965   0.02926   0.02080   0.05947   0.03079   0.06153   0.08910   0.05521   0.18148   0.00000   0.20743   0.02935   0.02038   0.02594   0.07084   0.04417   0.06108   0.10366   0.06102   0.15272   0.22551   8.41353   1.44663   0.93933   1.25063   0.92920  
 10  8.9046   2002.511068  x:  0.00000   0.20405   0.02799   0.02904   0.02100   0.06094   0.03046   0.06059   0.08916   0.05437   0.18198   0.00000   0.20685   0.02996   0.02132   0.02633   0.07164   0.04520   0.06164   0.10404   0.06108   0.15167   0.22047   8.41587   1.44725   0.94154   1.25042   0.91799  
 11 10.1058   2002.475974  x:  0.00000   0.20507   0.02904   0.02799   0.02092   0.05893   0.03120   0.06191   0.08869   0.05556   0.18272   0.00000   0.20640   0.02939   0.02134   0.02525   0.07116   0.04456   0.06137   0.10341   0.06066   0.15036   0.21610   8.41901   1.44731   0.94585   1.24996   0.90427  
 12 19.6655   2002.460597  x:  0.00000   0.20479   0.02907   0.02821   0.02077   0.05813   0.03129   0.06261   0.08870   0.05530   0.18285   0.00000   0.20660   0.02938   0.02080   0.02728   0.07095   0.04430   0.06108   0.10315   0.06105   0.15040   0.21676   8.42077   1.44691   0.94864   1.24975   0.89789  
 13 12.6841   2002.422358  x:  0.00000   0.20306   0.02832   0.02870   0.02078   0.05847   0.03107   0.06278   0.08905   0.05432   0.18282   0.00000   0.20764   0.02985   0.02015   0.02574   0.07100   0.04468   0.06088   0.10314   0.06191   0.15153   0.22232   8.42563   1.44537   0.95633   1.24936   0.88255  
 14 18.9292   2002.411256  x:  0.00000   0.20263   0.02890   0.02818   0.02074   0.05928   0.03112   0.06202   0.08904   0.05534   0.18276   0.00000   0.20786   0.02919   0.02096   0.02610   0.07131   0.04473   0.06148   0.10360   0.06100   0.15190   0.22417   8.42728   1.44484   0.95838   1.24943   0.87859  
 15 13.2501   2002.389742  x:  0.00000   0.20385   0.02760   0.02922   0.02060   0.05843   0.03092   0.06149   0.08827   0.05694   0.18265   0.00000   0.20701   0.03056   0.02166   0.02606   0.07209   0.04299   0.06129   0.10484   0.06076   0.15166   0.22505   8.43298   1.44353   0.95881   1.25192   0.87777  
 16  1.6921   2002.155270  x:  0.00000   0.21574   0.02845   0.02846   0.01948   0.05860   0.03110   0.06263   0.08434   0.05501   0.18159   0.00000   0.19928   0.02723   0.02106   0.02588   0.07508   0.04526   0.05721   0.10888   0.06195   0.14852   0.22975   8.49732   1.42991   0.95996   1.28009   0.87567  
 17 16.7996   2001.907711  x:  0.00000   0.22069   0.02767   0.02514   0.01817   0.06088   0.03177   0.06441   0.08904   0.05607   0.18114   0.00000   0.19793   0.02823   0.01698   0.02591   0.07270   0.04349   0.06556   0.10682   0.06441   0.14627   0.23087   8.56654   1.41773   0.96071   1.30742   0.87518  
 18 71.8760   2001.654864  x:  0.00000   0.21345   0.02461   0.02831   0.01707   0.05769   0.03088   0.06572   0.09508   0.05879   0.18192   0.00000   0.20632   0.02442   0.01590   0.02548   0.07638   0.04722   0.06615   0.10753   0.06214   0.14568   0.22704   8.63733   1.41053   0.96152   1.32855   0.87671  
 19 61.0112   2001.394584  x:  0.00000   0.20176   0.02596   0.02330   0.01554   0.05945   0.03214   0.06492   0.09424   0.05842   0.18326   0.00000   0.21657   0.02608   0.01558   0.02575   0.07908   0.04393   0.06109   0.11235   0.06470   0.14600   0.22180   8.70933   1.40758   0.96282   1.34414   0.87941  
 20 94.3513   2001.229000  x:  0.00000   0.19628   0.02547   0.02536   0.01489   0.06087   0.03162   0.06876   0.08671   0.05777   0.18455   0.00000   0.21764   0.02287   0.01691   0.02537   0.07847   0.04288   0.06575   0.11608   0.06777   0.14664   0.22004   8.75619   1.41298   0.96477   1.34414   0.88270  
 21 41.6087   2000.898219  x:  0.00000   0.19319   0.02391   0.02419   0.01299   0.06079   0.03168   0.06714   0.08108   0.06038   0.18684   0.00000   0.21222   0.02388   0.00929   0.02545   0.07956   0.04624   0.06759   0.11701   0.06586   0.14778   0.22008   8.84253   1.43074   0.96958   1.33292   0.89025  
 22 67.0631   2000.269319  x:  0.00000   0.19434   0.02284   0.02074   0.01009   0.06015   0.03258   0.07077   0.09411   0.06104   0.19138   0.00000   0.19795   0.01998   0.01081   0.02498   0.08618   0.04297   0.06672   0.12345   0.07110   0.14875   0.22296   9.02201   1.47191   0.97990   1.30279   0.90668  
 23 167.1456   2000.204621  x:  0.00000   0.20196   0.02199   0.02076   0.00971   0.06251   0.03258   0.07378   0.09405   0.06233   0.18927   0.00000   0.20641   0.02036   0.01068   0.02508   0.08549   0.04317   0.06559   0.12413   0.07030   0.14520   0.22471   9.04108   1.47592   0.98011   1.29684   0.90833  
 24 15.0680   2000.182566  x:  0.00000   0.20508   0.02253   0.02055   0.00970   0.06083   0.03267   0.07181   0.09363   0.06134   0.18768   0.00000   0.21023   0.01973   0.01052   0.02498   0.08644   0.04290   0.06686   0.12436   0.07133   0.14335   0.22541   9.04765   1.47678   0.97988   1.29419   0.90882  
 25 15.2800   2000.174921  x:  0.00000   0.20419   0.02248   0.02054   0.00969   0.06090   0.03269   0.07198   0.09374   0.06145   0.18382   0.00000   0.20966   0.01976   0.01047   0.02498   0.08645   0.04293   0.06684   0.12457   0.07132   0.14151   0.22533   9.05085   1.47328   0.97782   1.29048   0.90852  
 26  1.9403   2000.115575  x:  0.00000   0.20424   0.02226   0.02035   0.00979   0.06096   0.03275   0.07224   0.09365   0.06188   0.18698   0.00000   0.20897   0.01969   0.01024   0.02496   0.08716   0.04298   0.06698   0.12509   0.07178   0.14261   0.22517   9.07922   1.43242   0.95344   1.25269   0.90475  
 27  4.0288   1999.864551  x:  0.00000   0.20528   0.02167   0.02035   0.01471   0.06127   0.03291   0.07232   0.09315   0.06579   0.18686   0.00000   0.20964   0.02192   0.01127   0.02496   0.09222   0.04453   0.06761   0.12704   0.07507   0.14293   0.22537   9.31978   1.45528   0.96284   1.24769   0.91539  
 28  0.4723   1999.771110  x:  0.00000   0.20417   0.02286   0.02178   0.01261   0.06096   0.03304   0.07101   0.09133   0.06891   0.18671   0.00000   0.20937   0.02364   0.01238   0.02510   0.09461   0.04678   0.06811   0.12680   0.07756   0.14403   0.22487   9.50875   1.45166   0.96204   1.25250   0.91541  
 29  0.2203   1999.752987  x:  0.00000   0.20440   0.02272   0.02124   0.01254   0.06152   0.03321   0.07146   0.09190   0.07028   0.18644   0.00000   0.20950   0.02219   0.01139   0.02511   0.09444   0.04711   0.06748   0.12629   0.07938   0.14422   0.22481   9.57574   1.45088   0.96238   1.25786   0.91420  
 30  0.0699   1999.751641  x:  0.00000   0.20467   0.02239   0.02114   0.01243   0.06132   0.03325   0.07133   0.09195   0.07040   0.18643   0.00000   0.20968   0.02219   0.01155   0.02508   0.09399   0.04700   0.06741   0.12587   0.07996   0.14388   0.22500   9.57596   1.45086   0.96212   1.25610   0.91424  
 31  0.0018   1999.751506  x:  0.00000   0.20469   0.02253   0.02122   0.01247   0.06134   0.03324   0.07136   0.09202   0.07040   0.18642   0.00000   0.20967   0.02220   0.01152   0.02508   0.09379   0.04698   0.06740   0.12582   0.08009   0.14389   0.22502   9.57174   1.45103   0.96217   1.25588   0.91434  
 32  0.0045   1999.751492  x:  0.00000   0.20464   0.02253   0.02119   0.01248   0.06134   0.03324   0.07135   0.09199   0.07040   0.18643   0.00000   0.20965   0.02220   0.01153   0.02509   0.09375   0.04701   0.06742   0.12583   0.08011   0.14393   0.22499   9.56912   1.45105   0.96220   1.25607   0.91432  
 33  0.0024   1999.751490  x:  0.00000   0.20463   0.02252   0.02120   0.01248   0.06134   0.03325   0.07135   0.09199   0.07041   0.18643   0.00000   0.20965   0.02220   0.01152   0.02509   0.09375   0.04702   0.06743   0.12585   0.08012   0.14393   0.22498   9.56784   1.45102   0.96219   1.25606   0.91430  
 34  0.0011   1999.751490  x:  0.00000   0.20464   0.02252   0.02120   0.01247   0.06134   0.03325   0.07135   0.09199   0.07042   0.18643   0.00000   0.20965   0.02220   0.01152   0.02509   0.09375   0.04702   0.06742   0.12586   0.08012   0.14393   0.22499   9.56720   1.45101   0.96219   1.25603   0.91429  
 35  0.0005   1999.751490  x:  0.00000   0.20464   0.02252   0.02120   0.01248   0.06134   0.03325   0.07135   0.09199   0.07042   0.18643   0.00000   0.20965   0.02220   0.01152   0.02509   0.09376   0.04702   0.06742   0.12585   0.08012   0.14393   0.22499   9.56708   1.45102   0.96219   1.25604   0.91429  
 36  0.0001   1999.751490  x:  0.00000   0.20464   0.02252   0.02120   0.01248   0.06134   0.03325   0.07135   0.09199   0.07042   0.18643   0.00000   0.20965   0.02220   0.01152   0.02509   0.09376   0.04702   0.06742   0.12585   0.08012   0.14393   0.22499   9.56708   1.45102   0.96219   1.25604   0.91429  

TREE # 2

  0  0.0000   2370.495120  x:  0.00000   0.20464   0.02252   0.02120   0.01248   0.06134   0.03325   0.07135   0.09199   0.07042   0.18643   0.00000   0.20965   0.02220   0.01152   0.02509   0.09376   0.04702   0.06742   0.12585   0.08012   0.14393   0.22499   9.56708   1.42703   0.88737   1.15968   0.91429  
  1 99.0000   2145.908900  x:  0.39553   0.20581   0.07827   0.10236   0.07629   0.05683   0.05380   0.06672   0.08835   0.06889   0.18395   0.19983   0.21006   0.10601   0.15176   0.04904   0.08735   0.05388   0.06207   0.12141   0.07153   0.13767   0.21638   9.56707   1.42666   0.88793   1.16016   0.91424  
  2 7154.1651   2063.903431  x:  0.37751   0.12889   0.13884   0.18920   0.09051   0.01486   0.13979   0.01693   0.06362   0.01488   0.14307   0.14005   0.13261   0.16311   0.19290   0.07842   0.03018   0.10410   0.01076   0.08538   0.00000   0.08635   0.14353   9.56723   1.42266   0.89925   1.16346   0.91390  
  3 467.8981   2057.408092  x:  0.37462   0.11538   0.14892   0.20377   0.09286   0.00812   0.15398   0.00844   0.05958   0.00623   0.13601   0.12980   0.11900   0.17274   0.19991   0.08323   0.02052   0.11235   0.00263   0.07931   0.00440   0.07766   0.13087   9.56726   1.42198   0.90119   1.16403   0.91384  
  4 3339.8388   2046.173558  x:  0.37203   0.09107   0.16078   0.22228   0.09571   0.00815   0.16944   0.00000   0.05660   0.01212   0.12510   0.11451   0.09447   0.18548   0.20988   0.08815   0.01070   0.12095   0.02276   0.07177   0.00701   0.06502   0.10929   9.56731   1.42088   0.90415   1.16508   0.91369  
  5 954.6208   2034.912424  x:  0.36894   0.05818   0.17572   0.24598   0.09937   0.01083   0.18878   0.01358   0.05356   0.01960   0.11067   0.09446   0.06128   0.20184   0.22289   0.09418   0.00000   0.13135   0.04214   0.06231   0.01014   0.04895   0.08040   9.56737   1.41943   0.90804   1.16651   0.91347  
  6 3354.0323   2017.506201  x:  0.36811   0.00000   0.19146   0.27440   0.10251   0.01962   0.20658   0.01861   0.05526   0.02832   0.09022   0.06548   0.00251   0.22210   0.24197   0.10110   0.03816   0.13881   0.05126   0.05434   0.01283   0.03491   0.03383   9.56747   1.41712   0.91395   1.16911   0.91283  
  7 1033.9264   2016.979568  x:  0.36829   0.00000   0.19154   0.27483   0.10241   0.01980   0.20646   0.01856   0.05557   0.02852   0.08985   0.06482   0.00000   0.22244   0.24239   0.10085   0.03802   0.13850   0.05113   0.05455   0.01283   0.03570   0.03278   9.56747   1.41704   0.91414   1.16921   0.91281  
  8 342.8548   2016.200205  x:  0.37179   0.00000   0.18887   0.28246   0.09744   0.02064   0.19647   0.01734   0.06027   0.02949   0.08473   0.05194   0.00000   0.22821   0.25166   0.09078   0.03559   0.12548   0.04823   0.05595   0.01244   0.02783   0.03149   9.56758   1.41476   0.91984   1.17272   0.91231  
  9 61.9665   2015.788785  x:  0.37031   0.00000   0.18793   0.29258   0.09426   0.01938   0.19056   0.01802   0.05681   0.02833   0.08224   0.04515   0.00000   0.23432   0.26074   0.08568   0.03718   0.11754   0.04984   0.05223   0.01248   0.03197   0.03869   9.56771   1.41243   0.92588   1.17668   0.91177  
 10 61.9304   2015.272574  x:  0.35704   0.00000   0.18286   0.31118   0.09095   0.01962   0.17798   0.01823   0.05003   0.02718   0.08849   0.05439   0.00000   0.24127   0.27501   0.08141   0.03747   0.10717   0.05042   0.05602   0.01249   0.03161   0.03639   9.56803   1.40755   0.93940   1.18644   0.91051  
 11 40.2189   2014.989321  x:  0.34941   0.00000   0.17753   0.32250   0.09313   0.01942   0.17039   0.01792   0.06027   0.02947   0.09140   0.05853   0.00000   0.24149   0.28362   0.08434   0.03691   0.10772   0.04921   0.05366   0.01250   0.03219   0.03892   9.56833   1.40434   0.94981   1.19499   0.90947  
 12 36.4870   2014.493971  x:  0.34725   0.00000   0.15930   0.33289   0.10170   0.01954   0.15572   0.01795   0.05773   0.02647   0.08558   0.05491   0.00000   0.22532   0.29449   0.09195   0.03542   0.11835   0.04973   0.05986   0.01235   0.03199   0.04026   9.56916   1.39985   0.97155   1.21614   0.90695  
 13 25.3011   2014.170177  x:  0.34801   0.00000   0.14893   0.33597   0.10107   0.01503   0.15322   0.01772   0.05355   0.03218   0.08703   0.05383   0.00000   0.21035   0.29864   0.09118   0.03465   0.12073   0.04705   0.05330   0.01220   0.03179   0.03711   9.56983   1.39894   0.98501   1.23137   0.90519  
 14 38.8689   2013.649956  x:  0.34933   0.00000   0.13931   0.33994   0.09566   0.02374   0.16260   0.01685   0.05433   0.02696   0.09264   0.05276   0.00000   0.18564   0.30257   0.08491   0.03371   0.11907   0.04735   0.04859   0.01210   0.03221   0.03601   9.57111   1.40109   1.00475   1.25758   0.90225  
 15 46.2122   2013.182409  x:  0.34932   0.00000   0.13581   0.34205   0.08910   0.01791   0.17486   0.01774   0.05804   0.02757   0.09429   0.05224   0.00000   0.16853   0.30415   0.08092   0.03502   0.11549   0.04882   0.05773   0.01223   0.03286   0.03871   9.57235   1.40623   1.01960   1.28060   0.90002  
 16 63.5765   2012.155952  x:  0.34190   0.00000   0.13602   0.32651   0.09552   0.02556   0.18153   0.01487   0.05598   0.03779   0.07874   0.05831   0.00000   0.16690   0.29128   0.08506   0.03191   0.09682   0.04061   0.06087   0.01186   0.03301   0.04406   9.57557   1.43580   1.03500   1.32581   0.89743  
 17 23.7060   2009.513701  x:  0.33261   0.00000   0.13729   0.27395   0.10096   0.01417   0.16601   0.01610   0.06281   0.02145   0.07562   0.06138   0.00000   0.18484   0.25573   0.08732   0.03008   0.07384   0.04567   0.05433   0.01111   0.03485   0.03627   9.58344   1.51513   1.06217   1.42523   0.89314  
 18 92.1381   2006.504320  x:  0.32442   0.00000   0.15220   0.21399   0.09274   0.02307   0.13877   0.01296   0.06057   0.02914   0.09871   0.05046   0.00000   0.21870   0.21758   0.07418   0.02626   0.08757   0.03544   0.06275   0.01021   0.03650   0.04083   9.59324   1.61700   1.09136   1.53899   0.88905  
 19 182.1645   2006.077095  x:  0.32044   0.00000   0.15691   0.21087   0.07950   0.02415   0.12884   0.01263   0.06230   0.02789   0.08770   0.05706   0.00000   0.21447   0.21561   0.06900   0.02564   0.09451   0.03474   0.06099   0.01000   0.03681   0.04068   9.59467   1.63460   1.09044   1.53957   0.89066  
 20 26.9557   2005.057769  x:  0.31185   0.00000   0.15809   0.22091   0.08031   0.02511   0.10976   0.01184   0.06174   0.02837   0.09525   0.05187   0.00000   0.18453   0.22445   0.07619   0.02314   0.08471   0.03228   0.06243   0.00963   0.03737   0.04072   9.59828   1.68471   1.07176   1.48691   0.90261  
 21 20.7077   2004.481841  x:  0.30464   0.00000   0.13495   0.22290   0.08811   0.02402   0.11254   0.01152   0.06315   0.02842   0.09441   0.05345   0.00000   0.18079   0.23034   0.06251   0.02316   0.08618   0.03132   0.06349   0.00946   0.03798   0.04135   9.60038   1.70642   1.06206   1.44711   0.91088  
 22 39.5605   2004.315418  x:  0.30424   0.00000   0.12447   0.21992   0.08080   0.02543   0.11508   0.01123   0.06307   0.02863   0.09490   0.05293   0.00000   0.18383   0.23171   0.06849   0.02228   0.08522   0.03060   0.06400   0.00937   0.03808   0.04160   9.60108   1.70478   1.06137   1.43160   0.91406  
 23 21.2978   2003.632313  x:  0.29958   0.00000   0.13579   0.19120   0.08323   0.02596   0.11352   0.01062   0.06381   0.02856   0.09390   0.05427   0.00000   0.18700   0.22304   0.06741   0.02123   0.08069   0.02884   0.06465   0.00907   0.03885   0.04192   9.60449   1.62336   1.07537   1.34832   0.93160  
 24 13.6166   2003.369103  x:  0.30212   0.00000   0.13331   0.20098   0.08239   0.02608   0.11005   0.01037   0.06417   0.02881   0.09401   0.05412   0.00000   0.18807   0.19990   0.06637   0.02138   0.07903   0.02810   0.06521   0.00898   0.03923   0.04196   9.60597   1.57954   1.05716   1.32451   0.93631  
 25 17.5251   2002.859248  x:  0.29402   0.00000   0.12914   0.19355   0.08204   0.02610   0.10658   0.00983   0.06453   0.02865   0.09386   0.05387   0.00000   0.18358   0.20890   0.06542   0.01980   0.07732   0.02659   0.06563   0.00871   0.03983   0.04151   9.60907   1.47883   0.97273   1.29952   0.93765  
 26 18.4188   2002.708657  x:  0.29149   0.00000   0.13007   0.19320   0.08235   0.02559   0.10690   0.00976   0.06478   0.02854   0.09379   0.05394   0.00000   0.18404   0.20787   0.06593   0.01932   0.07750   0.02620   0.06597   0.00862   0.04034   0.04125   9.61122   1.46657   0.96482   1.28316   0.87660  
 27  1.7841   2000.495853  x:  0.24411   0.00000   0.14670   0.21320   0.08265   0.02115   0.13040   0.00818   0.06866   0.02562   0.09495   0.05332   0.00000   0.18233   0.20942   0.07331   0.01668   0.09298   0.01991   0.07087   0.00737   0.05141   0.03278   9.63423   1.42581   0.93619   1.21415   0.92054  
 28  0.3343   1999.998912  x:  0.22784   0.00000   0.14592   0.21195   0.07979   0.02062   0.12687   0.01023   0.06857   0.02363   0.09649   0.04893   0.00000   0.19039   0.20809   0.07041   0.02387   0.09393   0.02434   0.07329   0.00810   0.05770   0.03336   9.62381   1.45166   0.96392   1.25824   0.91464  
 29  0.0626   1999.914756  x:  0.22424   0.00000   0.14405   0.20968   0.07974   0.02280   0.12691   0.00991   0.06800   0.02654   0.09375   0.04711   0.00000   0.18619   0.20421   0.06989   0.02398   0.09180   0.02266   0.07273   0.00831   0.05991   0.03327   9.59934   1.45916   0.96544   1.26451   0.91325  
 30  0.0272   1999.883604  x:  0.22529   0.00000   0.14249   0.20913   0.08110   0.02287   0.12530   0.01047   0.06774   0.02590   0.09235   0.04692   0.00000   0.18438   0.20409   0.07097   0.02367   0.09195   0.02393   0.07120   0.00877   0.06149   0.03264   9.57465   1.44375   0.95939   1.24794   0.91462  
 31  0.0225   1999.845967  x:  0.22356   0.00000   0.14458   0.20921   0.07951   0.02268   0.12488   0.01087   0.06759   0.02562   0.09299   0.04722   0.00000   0.18876   0.20483   0.07036   0.02174   0.09044   0.02391   0.06955   0.00940   0.06344   0.03251   9.53921   1.44884   0.96173   1.25397   0.91396  
 32  0.0180   1999.818595  x:  0.22647   0.00000   0.14401   0.20977   0.08003   0.02189   0.12701   0.01147   0.06727   0.02588   0.09444   0.04702   0.00000   0.18479   0.20436   0.07041   0.02149   0.09208   0.02382   0.06975   0.01015   0.06402   0.03335   9.53986   1.45721   0.96295   1.26207   0.91341  
 33  0.0071   1999.779174  x:  0.22553   0.00000   0.14321   0.21164   0.08076   0.02253   0.12598   0.01187   0.06722   0.02611   0.09507   0.04698   0.00000   0.18654   0.20668   0.06987   0.02203   0.09313   0.02166   0.07220   0.01126   0.06364   0.03343   9.57028   1.44670   0.96494   1.25286   0.91381  
 34  0.0129   1999.760991  x:  0.22559   0.00000   0.14423   0.20874   0.08040   0.02244   0.12565   0.01210   0.06730   0.02496   0.09406   0.04720   0.00000   0.18712   0.20356   0.07056   0.02238   0.09245   0.02094   0.07247   0.01181   0.06271   0.03303   9.58051   1.45130   0.96050   1.25510   0.91415  
 35  0.0107   1999.755961  x:  0.22614   0.00000   0.14390   0.20994   0.07974   0.02218   0.12569   0.01220   0.06732   0.02489   0.09372   0.04695   0.00000   0.18597   0.20526   0.07041   0.02258   0.09151   0.02092   0.07182   0.01205   0.06188   0.03331   9.57978   1.45122   0.96193   1.25608   0.91456  
 36  0.0030   1999.754062  x:  0.22527   0.00000   0.14376   0.20969   0.08040   0.02201   0.12554   0.01216   0.06734   0.02500   0.09378   0.04696   0.00000   0.18648   0.20484   0.07053   0.02254   0.09195   0.02086   0.07123   0.01217   0.06142   0.03341   9.57210   1.45172   0.96324   1.25745   0.91435  
 37  0.0055   1999.753094  x:  0.22495   0.00000   0.14398   0.20966   0.08009   0.02229   0.12590   0.01209   0.06729   0.02507   0.09402   0.04681   0.00000   0.18658   0.20447   0.07034   0.02257   0.09206   0.02106   0.07110   0.01226   0.06119   0.03327   9.56524   1.45066   0.96192   1.25554   0.91420  
 38  0.0050   1999.752494  x:  0.22454   0.00000   0.14387   0.20976   0.08002   0.02227   0.12573   0.01196   0.06733   0.02514   0.09380   0.04697   0.00000   0.18621   0.20472   0.07047   0.02241   0.09208   0.02119   0.07139   0.01235   0.06112   0.03314   9.56304   1.45159   0.96226   1.25641   0.91422  
 39  0.0011   1999.752041  x:  0.22493   0.00000   0.14403   0.20953   0.08013   0.02220   0.12580   0.01181   0.06735   0.02517   0.09374   0.04687   0.00000   0.18654   0.20445   0.07045   0.02238   0.09191   0.02126   0.07158   0.01243   0.06111   0.03332   9.56460   1.45066   0.96228   1.25608   0.91435  
 40  0.0009   1999.751525  x:  0.22497   0.00000   0.14382   0.20969   0.08020   0.02221   0.12588   0.01154   0.06742   0.02504   0.09381   0.04701   0.00000   0.18641   0.20468   0.07035   0.02249   0.09195   0.02122   0.07139   0.01248   0.06131   0.03325   9.56919   1.45115   0.96227   1.25601   0.91426  
 41  0.0017   1999.751491  x:  0.22499   0.00000   0.14392   0.20965   0.08012   0.02220   0.12586   0.01152   0.06742   0.02509   0.09376   0.04703   0.00000   0.18643   0.20464   0.07041   0.02252   0.09199   0.02120   0.07135   0.01248   0.06134   0.03324   9.56860   1.45098   0.96218   1.25601   0.91430  
 42  0.0007   1999.751490  x:  0.22499   0.00000   0.14393   0.20965   0.08012   0.02220   0.12585   0.01152   0.06742   0.02509   0.09376   0.04702   0.00000   0.18643   0.20464   0.07042   0.02252   0.09199   0.02120   0.07135   0.01248   0.06134   0.03324   9.56794   1.45103   0.96220   1.25605   0.91430  
 43  0.0007   1999.751490  x:  0.22498   0.00000   0.14393   0.20965   0.08012   0.02220   0.12585   0.01152   0.06742   0.02509   0.09376   0.04702   0.00000   0.18643   0.20464   0.07042   0.02252   0.09199   0.02120   0.07135   0.01247   0.06134   0.03325   9.56727   1.45102   0.96219   1.25604   0.91430  
 44  0.0004   1999.751490  x:  0.22499   0.00000   0.14393   0.20965   0.08012   0.02220   0.12585   0.01152   0.06742   0.02509   0.09376   0.04702   0.00000   0.18643   0.20464   0.07042   0.02252   0.09199   0.02120   0.07135   0.01247   0.06134   0.03324   9.56709   1.45102   0.96219   1.25604   0.91429  
 45  0.0002   1999.751490  x:  0.22499   0.00000   0.14393   0.20965   0.08012   0.02220   0.12585   0.01152   0.06742   0.02509   0.09376   0.04702   0.00000   0.18643   0.20464   0.07042   0.02252   0.09199   0.02120   0.07135   0.01248   0.06134   0.03325   9.56708   1.45102   0.96219   1.25604   0.91429  
 46  0.0000   1999.751490  x:  0.22499   0.00000   0.14393   0.20965   0.08012   0.02220   0.12585   0.01152   0.06742   0.02509   0.09376   0.04702   0.00000   0.18643   0.20464   0.07042   0.02252   0.09199   0.02120   0.07135   0.01248   0.06134   0.03325   9.56708   1.45102   0.96219   1.25604   0.91429  