

TREE # 1

  0  0.0000   2294.963208  x:  0.05555   0.00000   0.10721   0.00566   0.10102   0.07002   0.05643   0.05420   0.08196   0.05464   0.07622   0.11536   0.01959   0.05252   0.02222   0.07650   0.04568   0.04662   0.07475   0.07412   0.10941   0.06628   0.08274   0.07417   2.00000   1.70773   1.26889   1.30793   0.40000  
  1 99.0000   2250.106257  x:  0.10588   0.14797   0.14814   0.05248   0.08605   0.02703   0.06121   0.05756   0.05924   0.13953   0.08228   0.15997   0.01014   0.16213   0.03216   0.06360   0.00000   0.09127   0.06386   0.10132   0.11436   0.07887   0.12987   0.12450   2.01334   1.70603   1.26559   1.31251   0.44080  
  2 742.0995   2241.253298  x:  0.11159   0.13501   0.15993   0.03958   0.07559   0.01067   0.06182   0.05764   0.05147   0.14831   0.07524   0.16988   0.00000   0.17246   0.03094   0.05717   0.00000   0.09478   0.05761   0.10800   0.11538   0.07927   0.13531   0.13021   2.02083   1.70484   1.26480   1.31455   0.45785  
  3 259.4735   2230.172527  x:  0.13008   0.09629   0.19364   0.00673   0.04394   0.04795   0.06414   0.05860   0.04192   0.17874   0.05431   0.19752   0.00000   0.20696   0.03224   0.04092   0.00000   0.10528   0.04484   0.12428   0.11861   0.08022   0.15374   0.14870   2.04970   1.70059   1.26150   1.32248   0.51251  
  4 392.4363   2223.799596  x:  0.14413   0.02509   0.22836   0.05988   0.02713   0.06720   0.06372   0.05744   0.04874   0.20956   0.04525   0.22253   0.00000   0.23823   0.03261   0.03527   0.00000   0.11080   0.04587   0.13577   0.12191   0.07909   0.17069   0.16275   2.09644   1.69399   1.25686   1.33465   0.58280  
  5 252.3938   2221.559493  x:  0.14611   0.00616   0.23477   0.05937   0.05722   0.07003   0.06275   0.05737   0.05063   0.22247   0.04502   0.22636   0.00000   0.25491   0.03376   0.04677   0.00000   0.11071   0.05545   0.13354   0.12199   0.07932   0.17512   0.16473   2.12802   1.68998   1.25431   1.34184   0.61363  
  6 136.8706   2215.722172  x:  0.11967   0.01435   0.21588   0.05061   0.04241   0.06719   0.05879   0.05625   0.06121   0.22780   0.06669   0.20115   0.00000   0.28511   0.02363   0.06342   0.00000   0.08615   0.06808   0.08971   0.11272   0.07323   0.16616   0.13829   2.30061   1.66929   1.24412   1.37692   0.72036  
  7 85.3991   2211.278779  x:  0.10459   0.02734   0.18463   0.05484   0.04701   0.06686   0.06630   0.05946   0.05417   0.20943   0.05635   0.17063   0.00000   0.28537   0.06766   0.05651   0.00000   0.09167   0.05569   0.10338   0.11218   0.08040   0.15143   0.12321   2.49959   1.64859   1.23335   1.41291   0.80061  
  8 176.9167   2205.329594  x:  0.11669   0.04683   0.16125   0.06071   0.06350   0.07139   0.06058   0.05525   0.04874   0.17592   0.04173   0.15773   0.00000   0.25903   0.02854   0.03939   0.00000   0.11314   0.04849   0.13102   0.11832   0.07142   0.14080   0.13531   2.75170   1.62693   1.22169   1.45161   0.85506  
  9 211.4976   2198.778684  x:  0.14815   0.06194   0.18790   0.05202   0.05732   0.06958   0.06413   0.06281   0.05479   0.14390   0.07495   0.19282   0.00000   0.19765   0.03498   0.06175   0.00000   0.11818   0.06842   0.14345   0.12670   0.08921   0.14529   0.16677   3.11526   1.60511   1.20857   1.49442   0.85954  
 10 206.5241   2191.388810  x:  0.15253   0.06052   0.21472   0.05409   0.07059   0.06731   0.05938   0.04885   0.05615   0.18435   0.06050   0.22365   0.00000   0.16147   0.04687   0.03496   0.00000   0.09195   0.04296   0.10998   0.11633   0.08056   0.16955   0.17115   3.51779   1.59321   1.20108   1.52250   0.79071  
 11 218.2018   2184.939112  x:  0.13793   0.03880   0.21782   0.05601   0.05235   0.06350   0.06879   0.07170   0.04305   0.22741   0.02726   0.22880   0.00000   0.18283   0.03956   0.05338   0.00000   0.09861   0.06206   0.11284   0.11461   0.07337   0.18395   0.15655   3.88391   1.59195   1.19833   1.53389   0.69144  
 12 308.5285   2181.157730  x:  0.12796   0.01072   0.21453   0.05042   0.04422   0.06179   0.06560   0.06308   0.04648   0.25034   0.05675   0.22158   0.00000   0.22405   0.03419   0.04889   0.00000   0.11348   0.05532   0.13212   0.11813   0.07717   0.18507   0.14658   4.12287   1.59709   1.19885   1.53202   0.61738  
 13 345.8421   2180.401555  x:  0.13407   0.00676   0.21838   0.04936   0.04179   0.05923   0.06065   0.05452   0.05988   0.23913   0.04679   0.21792   0.00000   0.24388   0.03647   0.04874   0.00000   0.10911   0.05617   0.12867   0.12169   0.08429   0.17739   0.15269   4.17030   1.60554   1.20212   1.51908   0.60410  
 14 62.3286   2179.792556  x:  0.13928   0.00366   0.22801   0.05230   0.04453   0.06083   0.06514   0.06132   0.05086   0.22175   0.04679   0.21556   0.00000   0.26217   0.03653   0.04379   0.00000   0.10008   0.05254   0.12130   0.12229   0.08357   0.16743   0.15790   4.20880   1.61966   1.20775   1.49627   0.59723  
 15 54.0995   2179.388160  x:  0.13401   0.00576   0.23893   0.05324   0.04476   0.06219   0.06174   0.05328   0.04576   0.21394   0.04581   0.21741   0.00000   0.26444   0.03878   0.04669   0.00000   0.10164   0.05431   0.12428   0.11801   0.07439   0.16546   0.15263   4.23520   1.63821   1.21496   1.46531   0.60037  
 16 30.3846   2178.945948  x:  0.12742   0.00786   0.24553   0.05220   0.04672   0.06164   0.06378   0.06062   0.05566   0.21269   0.04568   0.21882   0.00000   0.26046   0.03684   0.04462   0.00000   0.10622   0.05171   0.12733   0.11514   0.07468   0.16798   0.14604   4.26540   1.66389   1.22464   1.42182   0.60849  
 17 52.4113   2178.506844  x:  0.12904   0.00617   0.23615   0.05245   0.04524   0.06203   0.06378   0.05758   0.04987   0.22056   0.04657   0.21600   0.00000   0.25090   0.03445   0.04543   0.00000   0.10721   0.05347   0.12461   0.12076   0.08690   0.17327   0.14766   4.29439   1.69078   1.23445   1.37529   0.61849  
 18 45.6459   2178.363205  x:  0.13403   0.00462   0.22764   0.05144   0.04364   0.06109   0.06345   0.05907   0.05168   0.22463   0.04831   0.21578   0.00000   0.24830   0.03714   0.04700   0.00000   0.10484   0.05384   0.12543   0.12225   0.07902   0.17345   0.15265   4.30292   1.69830   1.23640   1.36218   0.62156  
 19 20.8998   2178.142971  x:  0.13344   0.00318   0.22028   0.05104   0.04326   0.06078   0.06894   0.05634   0.05237   0.22546   0.04835   0.22562   0.00000   0.24807   0.03632   0.04291   0.00000   0.10005   0.05912   0.12968   0.11312   0.08059   0.16731   0.15206   4.31139   1.69995   1.23149   1.35943   0.62454  
 20  3.8024   2177.884162  x:  0.13085   0.00153   0.21653   0.05111   0.04293   0.06083   0.06406   0.05808   0.05158   0.22455   0.04787   0.23377   0.00857   0.24750   0.03569   0.04347   0.00000   0.09706   0.05769   0.13205   0.11225   0.08220   0.16298   0.14947   4.32138   1.70004   1.22416   1.35920   0.62791  
 21 19.1620   2177.462088  x:  0.12848   0.00000   0.21470   0.05113   0.04262   0.06082   0.06003   0.05954   0.05095   0.22364   0.04740   0.23935   0.00638   0.24670   0.03525   0.04438   0.00000   0.09583   0.05581   0.13302   0.11353   0.08302   0.15956   0.14710   4.33022   1.69970   1.21754   1.35957   0.63085  
 22 66.0401   2175.396909  x:  0.10969   0.00000   0.22087   0.04737   0.03908   0.05677   0.07748   0.05011   0.05356   0.21010   0.04427   0.25219   0.00964   0.23409   0.03217   0.04352   0.00000   0.10427   0.05098   0.12608   0.14686   0.07318   0.15135   0.12832   4.41781   1.69040   1.15391   1.36946   0.65908  
 23 53.6421   2172.268770  x:  0.10033   0.00000   0.24492   0.03949   0.03045   0.04909   0.05935   0.05616   0.05123   0.18899   0.04394   0.21755   0.00973   0.21083   0.03331   0.02884   0.00000   0.11654   0.06418   0.12196   0.12784   0.06985   0.16766   0.11895   4.54877   1.66729   1.07464   1.38659   0.69945  
 24 80.6638   2171.280973  x:  0.09958   0.00000   0.25500   0.03825   0.02709   0.04745   0.06351   0.05343   0.05133   0.18431   0.04222   0.20095   0.00950   0.20238   0.02788   0.04286   0.00000   0.11192   0.05015   0.12800   0.11327   0.07204   0.17290   0.11820   4.59150   1.65565   1.05831   1.39254   0.71274  
 25 98.6557   2170.118748  x:  0.09473   0.00000   0.27216   0.03545   0.02524   0.04570   0.06267   0.05384   0.05246   0.19046   0.04204   0.18768   0.01196   0.19049   0.02507   0.03848   0.00000   0.10094   0.05590   0.14034   0.12138   0.07139   0.15770   0.11335   4.63995   1.60564   1.13297   1.40149   0.72902  
 26 20.4092   2169.634931  x:  0.09289   0.00000   0.26554   0.03500   0.02393   0.04469   0.06182   0.05377   0.05182   0.18131   0.04147   0.19773   0.01208   0.18948   0.02639   0.04200   0.00000   0.11755   0.04977   0.12853   0.11450   0.07038   0.15933   0.11151   4.66540   1.58318   1.17064   1.40684   0.73659  
 27 32.5872   2169.548269  x:  0.09123   0.00000   0.26199   0.03485   0.02428   0.04446   0.06195   0.05355   0.05188   0.17530   0.04157   0.20063   0.01100   0.19146   0.02627   0.04127   0.00000   0.11286   0.05021   0.13082   0.11616   0.07007   0.17046   0.10985   4.67052   1.58448   1.17796   1.41076   0.73775  
 28  7.5269   2165.753235  x:  0.10337   0.00000   0.24656   0.02154   0.03037   0.02661   0.06038   0.05419   0.05199   0.16141   0.04524   0.19604   0.01157   0.17265   0.02494   0.04185   0.00000   0.11077   0.04734   0.12231   0.11388   0.07202   0.16258   0.12199   4.96952   2.02001   1.41359   1.76168   0.80043  
 29  4.8139   2160.612542  x:  0.11824   0.00000   0.23161   0.00832   0.04200   0.00712   0.06112   0.05484   0.05194   0.14706   0.05089   0.19856   0.00937   0.17221   0.02589   0.04095   0.00000   0.09805   0.04779   0.11765   0.11649   0.07359   0.15373   0.13686   5.34302   1.77007   1.28590   1.60110   0.84560  
 30  3.8087   2158.198820  x:  0.12786   0.00000   0.22539   0.01763   0.05063   0.01668   0.06202   0.05670   0.04321   0.15778   0.05301   0.20976   0.00586   0.18593   0.02828   0.04005   0.00000   0.08971   0.04547   0.12253   0.11875   0.07750   0.14702   0.14648   5.67180   1.57085   1.18573   1.45034   0.87932  
 31  0.8355   2156.279195  x:  0.12115   0.00000   0.21824   0.01913   0.04854   0.00886   0.06222   0.05882   0.03878   0.19664   0.05274   0.22368   0.00434   0.18943   0.03450   0.04138   0.00000   0.09212   0.04949   0.13085   0.12204   0.07939   0.15310   0.13978   6.38645   1.62987   1.18664   1.46073   0.90893  
 32  0.6534   2154.972837  x:  0.12273   0.00000   0.23282   0.01384   0.04649   0.01459   0.06241   0.05764   0.04685   0.18609   0.04848   0.22303   0.00879   0.20208   0.02806   0.04055   0.00000   0.09966   0.05167   0.13037   0.12232   0.07722   0.15331   0.14135   7.20947   1.64174   1.17802   1.45869   0.95139  
 33  0.5886   2154.425140  x:  0.12457   0.00000   0.23611   0.01918   0.04433   0.01106   0.06330   0.05724   0.04433   0.16930   0.04726   0.21657   0.00690   0.19423   0.02891   0.03962   0.00000   0.09659   0.04776   0.12755   0.12031   0.07682   0.15588   0.14320   7.74104   1.63606   1.18182   1.48038   0.96863  
 34  0.4564   2154.277209  x:  0.12246   0.00000   0.23037   0.01660   0.04396   0.01229   0.06263   0.05743   0.04362   0.17545   0.05041   0.21766   0.00526   0.18674   0.03088   0.04088   0.00000   0.09482   0.04882   0.12689   0.11991   0.07716   0.15644   0.14109   8.00271   1.63064   1.18574   1.49225   0.96440  
 35  0.2163   2154.224701  x:  0.12191   0.00000   0.22738   0.01713   0.04468   0.01176   0.06240   0.05725   0.04446   0.17675   0.05062   0.21639   0.00688   0.19014   0.02956   0.04115   0.00000   0.09560   0.04926   0.12593   0.12021   0.07746   0.15312   0.14054   8.16893   1.63023   1.18714   1.49230   0.95112  
 36  0.1219   2154.211346  x:  0.12210   0.00000   0.22825   0.01711   0.04500   0.01208   0.06243   0.05735   0.04454   0.17463   0.04998   0.21524   0.00611   0.19115   0.02997   0.04086   0.00000   0.09506   0.04903   0.12686   0.12044   0.07738   0.15376   0.14072   8.21095   1.63347   1.18626   1.49095   0.94008  
 37  0.0341   2154.210035  x:  0.12234   0.00000   0.22822   0.01708   0.04514   0.01205   0.06254   0.05737   0.04435   0.17472   0.05006   0.21565   0.00616   0.19012   0.02985   0.04081   0.00000   0.09533   0.04902   0.12684   0.12047   0.07736   0.15427   0.14096   8.20089   1.62994   1.18403   1.48903   0.93711  
 38  0.0121   2154.209857  x:  0.12244   0.00000   0.22833   0.01707   0.04512   0.01203   0.06257   0.05737   0.04435   0.17478   0.05011   0.21582   0.00618   0.19025   0.02997   0.04083   0.00000   0.09528   0.04906   0.12683   0.12042   0.07741   0.15413   0.14106   8.19187   1.63080   1.18468   1.49032   0.93632  
 39  0.0093   2154.209849  x:  0.12245   0.00000   0.22834   0.01706   0.04513   0.01202   0.06255   0.05736   0.04436   0.17480   0.05013   0.21583   0.00616   0.19029   0.02994   0.04084   0.00000   0.09529   0.04905   0.12681   0.12039   0.07741   0.15414   0.14107   8.19081   1.63079   1.18472   1.49035   0.93624  
 40  0.0014   2154.209849  x:  0.12245   0.00000   0.22835   0.01705   0.04512   0.01202   0.06255   0.05736   0.04436   0.17480   0.05013   0.21582   0.00616   0.19029   0.02994   0.04084   0.00000   0.09529   0.04904   0.12681   0.12040   0.07741   0.15414   0.14107   8.19060   1.63076   1.18471   1.49030   0.93624  
 41  0.0002   2154.209849  x:  0.12245   0.00000   0.22835   0.01705   0.04512   0.01202   0.06255   0.05736   0.04436   0.17479   0.05013   0.21582   0.00616   0.19029   0.02994   0.04084   0.00000   0.09529   0.04904   0.12680   0.12040   0.07741   0.15414   0.14107   8.19059   1.63077   1.18472   1.49030   0.93624  
 42  0.0000   2154.209849  x:  0.12245   0.00000   0.22835   0.01705   0.04512   0.01202   0.06255   0.05736   0.04436   0.17479   0.05013   0.21582   0.00616   0.19029   0.02994   0.04084   0.00000   0.09529   0.04904   0.12680   0.12040   0.07741   0.15414   0.14107   8.19059   1.63077   1.18472   1.49030   0.93624  
 43  0.0000   2154.209849  x:  0.12245   0.00000   0.22835   0.01705   0.04512   0.01202   0.06255   0.05736   0.04436   0.17479   0.05013   0.21582   0.00616   0.19029   0.02994   0.04084   0.00000   0.09529   0.04904   0.12680   0.12040   0.07741   0.15414   0.14107   8.19059   1.63077   1.18472   1.49030   0.93624  
 44  0.0000   2154.209849  x:  0.12244   0.00000   0.22835   0.01705   0.04512   0.01202   0.06255   0.05736   0.04436   0.17479   0.05013   0.21582   0.00616   0.19029   0.02994   0.04084   0.00000   0.09529   0.04904   0.12680   0.12040   0.07741   0.15414   0.14107   8.19059   1.63077   1.18472   1.49030   0.93624  