

TREE # 1

  0  0.0000   2185.556639  x:  0.00000   0.03328   0.06764   0.03677   0.09077   0.09668   0.03990   0.05935   0.10278   0.03305   0.11137   0.02609   0.05114   0.02303   0.03059   0.07723   0.07998   0.03252   0.07714   0.05554   0.09080   0.08852   0.07721   2.00000   1.59572   1.18514   1.31591   0.40000  
  1 99.0000   2185.549643  x:  0.00000   0.03328   0.06764   0.03677   0.09077   0.09668   0.03990   0.05935   0.10278   0.03305   0.11137   0.02609   0.05114   0.02303   0.03059   0.07723   0.07998   0.03252   0.07714   0.05554   0.09080   0.08852   0.07721   2.00000   1.59572   1.18514   1.31591   0.40000  
  2 880.7802   2169.010685  x:  0.00000   0.01433   0.05474   0.03047   0.07880   0.09263   0.01767   0.06125   0.11692   0.03120   0.12494   0.01321   0.08190   0.02375   0.04037   0.06072   0.07622   0.01740   0.08329   0.06059   0.07136   0.10335   0.10874   2.00518   1.59592   1.18198   1.31805   0.41287  
  3 551.9646   2161.242226  x:  0.00000   0.01558   0.04460   0.02717   0.06924   0.08964   0.00000   0.06228   0.12669   0.02917   0.13311   0.00476   0.06976   0.02169   0.04019   0.04687   0.07362   0.00912   0.08704   0.06258   0.05402   0.11096   0.11714   2.01000   1.59611   1.17919   1.32007   0.42383  
  4 444.4929   2157.496953  x:  0.00000   0.01617   0.03630   0.02473   0.06162   0.08742   0.00368   0.06310   0.13480   0.02766   0.14002   0.00000   0.06110   0.02032   0.04020   0.03532   0.07149   0.00444   0.09013   0.06422   0.03936   0.11748   0.12441   2.01418   1.59629   1.17675   1.32182   0.43314  
  5 802.7636   2153.251917  x:  0.00000   0.01627   0.02504   0.02195   0.05081   0.08423   0.00551   0.06418   0.14635   0.02585   0.15001   0.00754   0.05068   0.01894   0.04028   0.01918   0.06856   0.00714   0.09444   0.06643   0.01822   0.12718   0.13476   2.02051   1.59659   1.17305   1.32449   0.44687  
  6 1339.4060   2152.374365  x:  0.00000   0.01603   0.02624   0.02404   0.04788   0.08312   0.00551   0.06411   0.15099   0.02621   0.15540   0.00329   0.04879   0.02054   0.03973   0.01991   0.06791   0.01516   0.09562   0.06630   0.01506   0.13161   0.13611   2.02501   1.59698   1.17034   1.32639   0.45496  
  7 165.5641   2149.290568  x:  0.00000   0.01476   0.03958   0.03583   0.03812   0.07829   0.00671   0.06285   0.17315   0.03028   0.18378   0.00768   0.04045   0.02659   0.03550   0.03309   0.06603   0.01133   0.09995   0.06333   0.02110   0.15439   0.13641   2.05274   1.59958   1.15379   1.33797   0.50148  
  8 193.9808   2147.199301  x:  0.00000   0.01469   0.03921   0.02900   0.05367   0.07976   0.00675   0.06200   0.17725   0.03104   0.20097   0.00741   0.04143   0.01441   0.03555   0.02947   0.06895   0.01351   0.09681   0.06022   0.02767   0.16544   0.12838   2.08333   1.60315   1.13654   1.34962   0.54070  
  9 138.0754   2145.883706  x:  0.00000   0.01500   0.03603   0.02299   0.06569   0.08330   0.00648   0.06122   0.17240   0.02730   0.20858   0.00761   0.04225   0.02813   0.03750   0.02600   0.07223   0.01302   0.09163   0.05976   0.02794   0.16762   0.12194   2.11447   1.60708   1.11990   1.36057   0.57259  
 10 198.6236   2143.238520  x:  0.00000   0.01501   0.03267   0.03395   0.06731   0.09060   0.00620   0.06042   0.14797   0.02043   0.20232   0.00843   0.04529   0.02466   0.03742   0.03466   0.07517   0.01019   0.08201   0.06404   0.01516   0.15311   0.12526   2.18905   1.61694   1.08327   1.38395   0.62777  
 11 149.3302   2140.699002  x:  0.00000   0.01427   0.02876   0.03305   0.05573   0.09449   0.00622   0.06062   0.12222   0.03904   0.18681   0.00767   0.04452   0.02425   0.03873   0.03245   0.07436   0.01140   0.07859   0.06752   0.01993   0.13393   0.13495   2.27917   1.62874   1.04152   1.41044   0.68392  
 12 367.1851   2139.064849  x:  0.00000   0.01543   0.03647   0.03202   0.04604   0.08959   0.00642   0.06226   0.11674   0.02819   0.16880   0.00680   0.04854   0.02322   0.03682   0.02072   0.07013   0.01274   0.08801   0.06384   0.02728   0.12800   0.13375   2.34315   1.63673   1.01726   1.42604   0.70565  
 13 170.0856   2137.001825  x:  0.00000   0.01703   0.03700   0.01980   0.04397   0.07836   0.00662   0.06468   0.12803   0.02829   0.14074   0.00698   0.05496   0.02246   0.03992   0.02925   0.06467   0.01178   0.10231   0.05906   0.01931   0.12608   0.12319   2.43940   1.64799   0.98814   1.44529   0.71715  
 14 183.4859   2135.138481  x:  0.00000   0.01716   0.02589   0.03505   0.05167   0.07319   0.00637   0.06434   0.15023   0.03261   0.12388   0.00628   0.05861   0.02413   0.04110   0.02484   0.06530   0.01162   0.10559   0.06167   0.02176   0.12232   0.11762   2.54914   1.65951   0.96337   1.46288   0.71225  
 15 203.7088   2129.397935  x:  0.00000   0.01833   0.04194   0.02175   0.05385   0.08852   0.00644   0.05366   0.19570   0.02744   0.13729   0.00697   0.05495   0.02336   0.02997   0.02279   0.07760   0.01239   0.08307   0.07559   0.02249   0.10525   0.13281   2.90623   1.69229   0.90757   1.50882   0.65658  
 16 241.7529   2125.533111  x:  0.00000   0.01806   0.03522   0.02223   0.04242   0.09539   0.00681   0.06045   0.19361   0.02060   0.16557   0.00716   0.04742   0.02051   0.05784   0.02708   0.07457   0.01387   0.07498   0.06707   0.02889   0.11693   0.13195   3.17710   1.71440   0.88016   1.53792   0.60701  
 17 434.9404   2120.778455  x:  0.00000   0.01523   0.03311   0.03148   0.04113   0.09449   0.00651   0.06707   0.16495   0.03355   0.20293   0.00689   0.05031   0.02259   0.04056   0.02291   0.06518   0.01102   0.08171   0.05038   0.01925   0.14665   0.12428   3.48819   1.73718   0.86389   1.56593   0.54931  
 18 583.4231   2118.970485  x:  0.00000   0.01463   0.02782   0.03095   0.05211   0.08133   0.00685   0.06335   0.14881   0.03002   0.21138   0.00701   0.04210   0.02361   0.03472   0.02968   0.06363   0.01251   0.09435   0.06333   0.02490   0.16382   0.13801   3.61228   1.74353   0.87355   1.57160   0.53382  
 19 255.3887   2117.950806  x:  0.00000   0.01409   0.03931   0.03426   0.05767   0.07330   0.00684   0.05646   0.14274   0.03468   0.20930   0.00715   0.03897   0.02354   0.04357   0.02517   0.07041   0.01142   0.09461   0.06691   0.02010   0.17120   0.14057   3.68697   1.74413   0.89951   1.56784   0.53459  
 20 125.0585   2113.587825  x:  0.00000   0.01546   0.02958   0.03065   0.04345   0.07108   0.00738   0.05175   0.14185   0.03128   0.19200   0.00582   0.04492   0.02302   0.03599   0.02803   0.09121   0.01278   0.07522   0.06003   0.02511   0.18451   0.13834   4.00990   1.73819   1.06276   1.53263   0.56721  
 21 188.4460   2111.085776  x:  0.00000   0.01626   0.03557   0.03186   0.05266   0.09266   0.00720   0.07490   0.14800   0.03273   0.19134   0.00618   0.04552   0.02394   0.03900   0.02823   0.07429   0.01277   0.08992   0.06294   0.02400   0.16959   0.14055   4.20273   1.73279   1.16707   1.50795   0.59117  
 22 289.6539   2110.661925  x:  0.00000   0.01661   0.03346   0.03182   0.05200   0.08951   0.00726   0.06452   0.14912   0.03229   0.19827   0.00629   0.04835   0.02384   0.04055   0.02820   0.06454   0.01268   0.09480   0.06366   0.02376   0.15761   0.13596   4.23157   1.73118   1.18324   1.50345   0.59520  
 23 64.5038   2110.576443  x:  0.00000   0.01670   0.03289   0.03180   0.05230   0.08453   0.00733   0.06716   0.14939   0.03211   0.20154   0.00638   0.04878   0.02399   0.04049   0.02848   0.06846   0.01266   0.09706   0.06137   0.02360   0.15212   0.13631   4.23539   1.72971   1.18458   1.50223   0.59578  
 24 10.5514   2109.582067  x:  0.00000   0.01785   0.03500   0.03054   0.04713   0.07222   0.00757   0.07980   0.14850   0.03285   0.20412   0.00621   0.05532   0.02332   0.04019   0.02621   0.06538   0.01244   0.08862   0.07995   0.02311   0.15032   0.12715   4.25234   1.69740   1.17235   1.48500   0.59886  
 25  3.7730   2091.489157  x:  0.00000   0.03467   0.03616   0.02881   0.05829   0.06574   0.00824   0.07001   0.14843   0.03154   0.17637   0.00467   0.09041   0.02626   0.04989   0.02729   0.05673   0.01416   0.08258   0.05912   0.02152   0.15442   0.17086   4.52120   1.15008   0.94783   1.19251   0.65023  
 26 84.9872   2089.974444  x:  0.00000   0.03630   0.03337   0.02853   0.05016   0.08086   0.00816   0.06330   0.14682   0.03232   0.17716   0.00439   0.09742   0.02517   0.05217   0.02717   0.07608   0.01404   0.10237   0.07101   0.02103   0.15629   0.16323   4.54452   1.11787   0.92834   1.16360   0.65494  
 27 108.5904   2081.413011  x:  0.00000   0.04419   0.03409   0.02766   0.05123   0.07995   0.00834   0.06002   0.14642   0.03248   0.17498   0.00417   0.11390   0.02590   0.05646   0.02715   0.07757   0.01464   0.10378   0.06865   0.02015   0.16454   0.18211   4.63486   1.35103   0.86889   0.97967   0.69131  
 28 25.9979   2065.300660  x:  0.00000   0.06361   0.03074   0.02583   0.04666   0.08920   0.00834   0.05485   0.15778   0.03421   0.17028   0.00182   0.15901   0.02645   0.06991   0.02495   0.08015   0.01584   0.12048   0.06772   0.01578   0.16834   0.22421   4.73750   1.91543   1.16272   1.72783   0.70388  
 29 24.9458   2059.803763  x:  0.00000   0.07475   0.02763   0.02342   0.04619   0.08306   0.00720   0.06522   0.16813   0.03394   0.17738   0.00000   0.17675   0.02598   0.06690   0.02136   0.06968   0.01406   0.11175   0.06874   0.01533   0.16235   0.23682   5.13262   1.85665   1.15207   1.66373   0.72351  
 30  0.4786   2052.997146  x:  0.00000   0.11010   0.02975   0.02882   0.05051   0.07265   0.00555   0.06525   0.17068   0.03600   0.18874   0.00000   0.23679   0.02508   0.05657   0.02655   0.05408   0.01101   0.08893   0.06596   0.01910   0.15346   0.26759   6.31338   1.60540   1.04545   1.41899   0.75396  
 31  0.9631   2051.801984  x:  0.00000   0.12212   0.02629   0.02422   0.04628   0.08057   0.00513   0.06507   0.17144   0.03483   0.18763   0.00000   0.25357   0.02453   0.05645   0.02234   0.07461   0.01169   0.10266   0.06902   0.01725   0.15954   0.26610   6.54668   1.60442   1.03708   1.44022   0.75192  
 32  0.1594   2051.241946  x:  0.00000   0.13593   0.03110   0.02708   0.04977   0.08594   0.00612   0.06358   0.16418   0.03614   0.18080   0.00000   0.26703   0.02541   0.05749   0.02615   0.06861   0.01401   0.10482   0.06945   0.01758   0.15907   0.25835   6.73517   1.61833   1.05901   1.47651   0.73667  
 33  0.0770   2050.554652  x:  0.00000   0.15330   0.02565   0.02474   0.04740   0.07757   0.00544   0.05974   0.17202   0.03585   0.18612   0.00000   0.26629   0.02555   0.05701   0.02203   0.06012   0.01246   0.10255   0.06881   0.01674   0.16525   0.24264   6.80528   1.61389   1.04575   1.47335   0.73831  
 34  0.0270   2049.880399  x:  0.00000   0.16454   0.02865   0.02673   0.04785   0.07461   0.00588   0.07087   0.17398   0.03698   0.18952   0.00000   0.24595   0.02570   0.05806   0.02495   0.06959   0.01174   0.09825   0.06713   0.01797   0.16760   0.22356   6.57581   1.64009   1.05652   1.47535   0.73863  
 35  0.0913   2049.383971  x:  0.00000   0.17217   0.02962   0.02568   0.04866   0.08565   0.00582   0.06235   0.17109   0.03575   0.18748   0.00000   0.22234   0.02493   0.05805   0.02451   0.06808   0.01219   0.10199   0.06539   0.01737   0.16269   0.22289   6.30781   1.63808   1.06543   1.46016   0.74836  
 36  0.1043   2049.117960  x:  0.00000   0.18083   0.02909   0.02582   0.04824   0.08079   0.00577   0.06176   0.16785   0.03507   0.18867   0.00000   0.21647   0.02476   0.05700   0.02432   0.06736   0.01291   0.10239   0.07047   0.01885   0.16234   0.24214   6.29719   1.60520   1.03641   1.44292   0.74988  
 37  0.0245   2049.067309  x:  0.00000   0.18604   0.02909   0.02549   0.04859   0.08015   0.00582   0.06406   0.17013   0.03486   0.18580   0.00000   0.21701   0.02495   0.05724   0.02437   0.06788   0.01271   0.10141   0.06913   0.01749   0.16024   0.24507   6.32376   1.61222   1.05119   1.45572   0.74201  
 38  0.0255   2049.063852  x:  0.00000   0.18704   0.02898   0.02579   0.04843   0.08058   0.00590   0.06367   0.16978   0.03501   0.18591   0.00000   0.21645   0.02509   0.05745   0.02425   0.06792   0.01258   0.10147   0.06873   0.01785   0.16070   0.24567   6.32215   1.61816   1.05261   1.45966   0.74031  
 39  0.0064   2049.063430  x:  0.00000   0.18717   0.02900   0.02566   0.04839   0.08059   0.00595   0.06355   0.16971   0.03501   0.18586   0.00000   0.21669   0.02507   0.05740   0.02430   0.06790   0.01245   0.10151   0.06878   0.01776   0.16058   0.24582   6.32884   1.61823   1.05167   1.45815   0.74004  
 40  0.0044   2049.063348  x:  0.00000   0.18708   0.02898   0.02567   0.04844   0.08057   0.00600   0.06364   0.16974   0.03502   0.18588   0.00000   0.21657   0.02507   0.05741   0.02427   0.06791   0.01244   0.10150   0.06885   0.01781   0.16057   0.24576   6.33021   1.61834   1.05195   1.45778   0.74020  
 41  0.0009   2049.063319  x:  0.00000   0.18702   0.02898   0.02569   0.04844   0.08057   0.00602   0.06362   0.16974   0.03504   0.18586   0.00000   0.21650   0.02505   0.05741   0.02426   0.06790   0.01245   0.10152   0.06882   0.01778   0.16058   0.24579   6.33221   1.61838   1.05192   1.45817   0.74033  
 42  0.0010   2049.063308  x:  0.00000   0.18702   0.02897   0.02567   0.04842   0.08058   0.00602   0.06362   0.16979   0.03501   0.18584   0.00000   0.21648   0.02506   0.05741   0.02427   0.06790   0.01245   0.10151   0.06881   0.01780   0.16058   0.24579   6.33420   1.61822   1.05184   1.45823   0.74034  
 43  0.0011   2049.063300  x:  0.00000   0.18702   0.02899   0.02568   0.04843   0.08058   0.00601   0.06362   0.16976   0.03502   0.18587   0.00000   0.21641   0.02507   0.05741   0.02427   0.06791   0.01244   0.10150   0.06882   0.01779   0.16059   0.24577   6.33621   1.61820   1.05180   1.45821   0.74037  
 44  0.0010   2049.063298  x:  0.00000   0.18701   0.02898   0.02568   0.04843   0.08058   0.00601   0.06362   0.16975   0.03502   0.18586   0.00000   0.21641   0.02506   0.05741   0.02427   0.06791   0.01245   0.10151   0.06882   0.01779   0.16057   0.24577   6.33655   1.61834   1.05186   1.45825   0.74035  
 45  0.0003   2049.063298  x:  0.00000   0.18701   0.02898   0.02568   0.04843   0.08058   0.00601   0.06362   0.16976   0.03502   0.18586   0.00000   0.21641   0.02506   0.05741   0.02427   0.06791   0.01245   0.10151   0.06882   0.01779   0.16057   0.24577   6.33658   1.61835   1.05185   1.45823   0.74035  
 46  0.0000   2049.063298  x:  0.00000   0.18701   0.02898   0.02568   0.04843   0.08058   0.00601   0.06362   0.16976   0.03502   0.18586   0.00000   0.21641   0.02506   0.05741   0.02427   0.06791   0.01245   0.10151   0.06882   0.01779   0.16057   0.24577   6.33659   1.61835   1.05185   1.45823   0.74035  
 47  0.0000   2049.063298  x:  0.00000   0.18701   0.02898   0.02568   0.04843   0.08058   0.00601   0.06362   0.16976   0.03502   0.18586   0.00000   0.21641   0.02506   0.05741   0.02427   0.06791   0.01245   0.10151   0.06882   0.01779   0.16057   0.24577   6.33659   1.61835   1.05185   1.45823   0.74035  
 48  0.0000   2049.063298  x:  0.00000   0.18701   0.02898   0.02568   0.04843   0.08058   0.00601   0.06362   0.16976   0.03502   0.18586   0.00000   0.21641   0.02506   0.05741   0.02427   0.06791   0.01245   0.10151   0.06882   0.01779   0.16057   0.24577   6.33659   1.61835   1.05185   1.45823   0.74035  

TREE # 2

  0  0.0000   2081.436580  x:  0.24539   0.00211   0.20055   0.08968   0.03071   0.02176   0.08476   0.03304   0.08883   0.03281   0.06462   0.03515   0.00000   0.22147   0.06188   0.04133   0.00415   0.09296   0.07069   0.05919   0.06301   0.07673   0.02201   6.33659   1.49486   1.02063   1.32744   0.74035  
  1 99.0000   2081.432530  x:  0.24539   0.00211   0.20055   0.08968   0.03071   0.02176   0.08476   0.03304   0.08883   0.03281   0.06462   0.03515   0.00000   0.22147   0.06188   0.04133   0.00416   0.09296   0.07069   0.05919   0.06301   0.07673   0.02201   6.33659   1.49486   1.02063   1.32744   0.74035  
  2 733.5555   2067.917125  x:  0.24890   0.00203   0.19922   0.11849   0.02097   0.02554   0.07984   0.05171   0.09315   0.02592   0.06632   0.01534   0.00000   0.22115   0.09868   0.04571   0.00304   0.11400   0.05690   0.06119   0.05618   0.07832   0.00000   6.33657   1.49612   1.01908   1.32887   0.74015  
  3 425.7769   2063.119283  x:  0.25089   0.00188   0.19840   0.13492   0.01549   0.02761   0.07702   0.06214   0.09561   0.02205   0.06729   0.00419   0.00000   0.22092   0.11954   0.04810   0.00244   0.12599   0.04896   0.06233   0.05238   0.07928   0.00174   6.33655   1.49684   1.01819   1.32969   0.74004  
  4 2144.3127   2059.966842  x:  0.25221   0.00000   0.19694   0.14800   0.01378   0.02805   0.07461   0.06737   0.09754   0.02072   0.06795   0.01443   0.00000   0.22003   0.13449   0.04844   0.00209   0.13516   0.04165   0.06310   0.04970   0.07998   0.00248   6.33654   1.49750   1.01738   1.33049   0.73995  
  5 492.3274   2058.035048  x:  0.25234   0.00000   0.18966   0.16584   0.03121   0.02184   0.07091   0.05612   0.09977   0.03030   0.06802   0.01360   0.00000   0.21411   0.14541   0.03926   0.00215   0.14465   0.02786   0.06311   0.04966   0.08043   0.00250   6.33651   1.49904   1.01568   1.33260   0.73978  
  6 145.8671   2057.316424  x:  0.25083   0.00000   0.18014   0.17674   0.02390   0.02169   0.06984   0.04210   0.10018   0.02829   0.06747   0.01303   0.00000   0.20586   0.14736   0.03309   0.00222   0.14823   0.02694   0.06244   0.05211   0.08027   0.00235   6.33648   1.50082   1.01387   1.33513   0.73974  
  7 70.3091   2056.851930  x:  0.24656   0.00000   0.16220   0.18890   0.02494   0.02635   0.07009   0.04339   0.09979   0.03025   0.06679   0.01296   0.00000   0.18966   0.14408   0.03832   0.00202   0.14939   0.03170   0.06137   0.05429   0.07978   0.00234   6.33640   1.50463   1.01015   1.34060   0.73974  
  8 42.0512   2056.696329  x:  0.24416   0.00000   0.15547   0.19128   0.02381   0.02149   0.07040   0.04692   0.09935   0.02882   0.06690   0.01278   0.00000   0.18290   0.14252   0.03752   0.00205   0.14831   0.03016   0.06160   0.05320   0.07973   0.00232   6.33634   1.50684   1.00817   1.34386   0.73980  
  9 40.8986   2056.626203  x:  0.24217   0.00000   0.15365   0.19033   0.02411   0.02408   0.07066   0.04790   0.09922   0.02728   0.06738   0.01266   0.00000   0.17977   0.14362   0.03549   0.00212   0.14687   0.02763   0.06236   0.05118   0.07994   0.00231   6.33627   1.50933   1.00618   1.34758   0.73993  
 10 17.3851   2056.393538  x:  0.23486   0.00000   0.15400   0.18594   0.02295   0.02317   0.06995   0.04608   0.09988   0.02989   0.06873   0.01229   0.00000   0.17309   0.15610   0.03797   0.00201   0.14427   0.02912   0.06437   0.04771   0.08081   0.00231   6.33590   1.52216   0.99665   1.36655   0.74064  
 11 20.1659   2056.146877  x:  0.23079   0.00000   0.15681   0.18630   0.02444   0.02281   0.06927   0.04788   0.10014   0.02526   0.06680   0.01191   0.00000   0.17290   0.16300   0.03788   0.00191   0.14678   0.02920   0.06158   0.05581   0.07997   0.00224   6.33542   1.53799   0.98681   1.38945   0.74134  
 12 33.9092   2055.848248  x:  0.23168   0.00000   0.16007   0.19241   0.01966   0.02419   0.06969   0.05127   0.09989   0.03032   0.06532   0.01106   0.00000   0.17924   0.16185   0.03679   0.00188   0.15318   0.02663   0.05928   0.05535   0.07886   0.00215   6.33479   1.55835   0.97755   1.41792   0.74191  
 13 44.7511   2055.620674  x:  0.23578   0.00000   0.16172   0.19955   0.02094   0.02361   0.06940   0.05097   0.09973   0.02589   0.06659   0.01046   0.00000   0.18569   0.16025   0.03812   0.00179   0.15796   0.02922   0.06143   0.04872   0.07915   0.00211   6.33431   1.57398   0.97352   1.43889   0.74201  
 14 60.5608   2055.496404  x:  0.24452   0.00000   0.15972   0.20259   0.01996   0.02380   0.06854   0.05120   0.10035   0.02568   0.06976   0.01012   0.00000   0.18783   0.16285   0.04034   0.00180   0.15431   0.02699   0.06623   0.05163   0.08136   0.00205   6.33403   1.58287   0.98236   1.44780   0.74091  
 15 14.2217   2055.354001  x:  0.25415   0.00000   0.15751   0.20525   0.01979   0.02407   0.06853   0.05349   0.10098   0.02623   0.06842   0.00987   0.00000   0.18821   0.16912   0.03677   0.00180   0.15088   0.03024   0.06391   0.05114   0.08145   0.00205   6.33370   1.59297   0.99887   1.45606   0.73902  
 16 28.6310   2055.238603  x:  0.25824   0.00000   0.15700   0.20575   0.01944   0.02399   0.06935   0.05262   0.10084   0.02496   0.06564   0.00953   0.00000   0.18682   0.17260   0.04017   0.00176   0.15157   0.02771   0.05954   0.04925   0.07964   0.00203   6.33343   1.60102   1.01578   1.46137   0.73725  
 17 34.1171   2055.044201  x:  0.25317   0.00000   0.16012   0.20624   0.01869   0.02434   0.06987   0.05433   0.10001   0.02484   0.06741   0.00900   0.00000   0.18229   0.17556   0.03941   0.00170   0.16310   0.02854   0.06392   0.04988   0.07754   0.00198   6.33295   1.61510   1.05102   1.46785   0.73397  
 18 25.5980   2054.995111  x:  0.24767   0.00000   0.16076   0.20873   0.01842   0.02445   0.06830   0.05475   0.10129   0.02464   0.06841   0.00887   0.00000   0.18385   0.17570   0.03951   0.00173   0.16272   0.02852   0.06215   0.04969   0.08250   0.00195   6.33280   1.61910   1.05984   1.46881   0.73369  
 19 13.0595   2054.960115  x:  0.24226   0.00000   0.16055   0.21226   0.01835   0.02442   0.06956   0.05487   0.10179   0.02457   0.06716   0.00885   0.00000   0.18722   0.17654   0.03968   0.00179   0.15934   0.02841   0.06345   0.04969   0.08037   0.00196   6.33263   1.62261   1.06477   1.46896   0.73440  
 20  7.8134   2054.909200  x:  0.24101   0.00000   0.15959   0.21262   0.01836   0.02448   0.06774   0.05489   0.09871   0.02462   0.07151   0.00889   0.00000   0.18870   0.17702   0.03962   0.00187   0.15860   0.02840   0.06131   0.04974   0.07753   0.00198   6.33222   1.62933   1.06677   1.46861   0.73779  
 21  2.8392   2054.390834  x:  0.24333   0.00000   0.15363   0.20702   0.01886   0.02444   0.06859   0.05444   0.08942   0.02512   0.06488   0.00945   0.00000   0.19090   0.17796   0.03918   0.00273   0.16394   0.02824   0.06384   0.05014   0.08313   0.00206   6.32779   1.69883   1.07814   1.46566   0.77439  
 22 13.1140   2054.096664  x:  0.24630   0.00000   0.15598   0.20560   0.01889   0.02430   0.07059   0.05452   0.10469   0.02487   0.06799   0.00975   0.00000   0.18690   0.17533   0.03885   0.00327   0.16549   0.02826   0.06240   0.05018   0.08042   0.00212   6.32527   1.73494   1.08390   1.46649   0.79180  
 23 41.8861   2053.904992  x:  0.24859   0.00000   0.16807   0.21146   0.01859   0.02450   0.06491   0.05499   0.10285   0.02494   0.06548   0.00996   0.00000   0.17783   0.17179   0.03891   0.00366   0.16080   0.02814   0.06349   0.04979   0.07927   0.00215   6.32391   1.74116   1.08707   1.47668   0.78790  
 24  8.2928   2053.622709  x:  0.25014   0.00000   0.17499   0.21534   0.01914   0.02404   0.07692   0.05456   0.09858   0.02505   0.06966   0.01042   0.00000   0.17290   0.17093   0.03871   0.00416   0.15922   0.02823   0.06138   0.05052   0.08237   0.00221   6.32199   1.73882   1.09149   1.49859   0.77182  
 25 16.8918   2052.521709  x:  0.24968   0.00000   0.16099   0.20439   0.01950   0.02429   0.06970   0.05409   0.10386   0.02552   0.06680   0.01174   0.00000   0.18122   0.16941   0.03825   0.00601   0.16684   0.02822   0.06239   0.05067   0.08025   0.00243   6.31502   1.70958   1.10785   1.58881   0.69690  
 26 35.2480   2052.132728  x:  0.25074   0.00000   0.15974   0.20909   0.01883   0.02464   0.06951   0.05550   0.10481   0.02510   0.06693   0.01146   0.00000   0.18047   0.17519   0.03856   0.00656   0.17047   0.02815   0.06256   0.05059   0.08035   0.00247   6.31261   1.61352   1.08917   1.56933   0.74233  
 27  4.3781   2051.717576  x:  0.25294   0.00000   0.16010   0.21615   0.01748   0.02511   0.06963   0.05779   0.10503   0.02419   0.06713   0.01080   0.00000   0.17966   0.18495   0.03904   0.00713   0.17474   0.02783   0.06259   0.05033   0.08054   0.00245   6.31243   1.53902   1.02686   1.45922   0.70839  
 28  6.5200   2050.320877  x:  0.24315   0.00000   0.15679   0.22442   0.01793   0.02542   0.06656   0.05974   0.10232   0.02384   0.06912   0.01497   0.00000   0.19052   0.19510   0.03724   0.01270   0.17213   0.02401   0.06294   0.04784   0.07956   0.00375   6.41921   1.66829   1.05909   1.44586   0.76035  
 29  0.0708   2049.565821  x:  0.24696   0.00000   0.16040   0.21845   0.01676   0.02491   0.07014   0.05654   0.09961   0.02452   0.06710   0.01661   0.00000   0.18242   0.18788   0.03523   0.01856   0.17047   0.02814   0.06324   0.04976   0.08131   0.00480   6.24514   1.60099   1.05618   1.48906   0.73786  
 30  0.0812   2049.220603  x:  0.24808   0.00000   0.16085   0.21693   0.02001   0.02516   0.06830   0.05762   0.10279   0.02447   0.06815   0.01549   0.00000   0.18466   0.18864   0.03645   0.02421   0.17049   0.02442   0.06357   0.04827   0.08052   0.00572   6.41889   1.60193   1.03761   1.43573   0.73340  
 31  0.0818   2049.091397  x:  0.24564   0.00000   0.15960   0.21709   0.01647   0.02500   0.06844   0.05729   0.10232   0.02375   0.06817   0.01380   0.00000   0.18611   0.18687   0.03517   0.02761   0.17024   0.02554   0.06352   0.04804   0.08027   0.00618   6.33791   1.62649   1.05120   1.45622   0.74094  
 32  0.0584   2049.066170  x:  0.24543   0.00000   0.16057   0.21687   0.01800   0.02508   0.06883   0.05754   0.10157   0.02435   0.06791   0.01278   0.00000   0.18611   0.18693   0.03502   0.02880   0.17003   0.02581   0.06358   0.04847   0.08057   0.00631   6.31998   1.62092   1.05413   1.46133   0.74132  
 33  0.0188   2049.064402  x:  0.24583   0.00000   0.16060   0.21653   0.01777   0.02506   0.06885   0.05745   0.10149   0.02427   0.06789   0.01247   0.00000   0.18584   0.18703   0.03503   0.02893   0.16986   0.02566   0.06362   0.04844   0.08059   0.00630   6.34039   1.61785   1.05173   1.45830   0.74039  
 34  0.0200   2049.064167  x:  0.24581   0.00000   0.16051   0.21638   0.01778   0.02507   0.06879   0.05739   0.10153   0.02425   0.06792   0.01241   0.00000   0.18580   0.18706   0.03506   0.02873   0.16974   0.02569   0.06361   0.04842   0.08057   0.00625   6.33360   1.61820   1.05154   1.45776   0.74008  
 35  0.0034   2049.064025  x:  0.24573   0.00000   0.16060   0.21640   0.01779   0.02506   0.06885   0.05740   0.10150   0.02430   0.06790   0.01239   0.00000   0.18588   0.18695   0.03504   0.02866   0.16972   0.02569   0.06361   0.04845   0.08059   0.00620   6.34014   1.61854   1.05222   1.45884   0.74058  
 36  0.0024   2049.063463  x:  0.24583   0.00000   0.16063   0.21660   0.01780   0.02506   0.06887   0.05751   0.10146   0.02423   0.06787   0.01240   0.00000   0.18591   0.18676   0.03501   0.02892   0.16996   0.02567   0.06363   0.04850   0.08061   0.00604   6.33031   1.61775   1.05179   1.45800   0.74061  
 37  0.0012   2049.063306  x:  0.24579   0.00000   0.16054   0.21643   0.01779   0.02506   0.06881   0.05743   0.10151   0.02428   0.06791   0.01245   0.00000   0.18585   0.18693   0.03504   0.02896   0.16979   0.02568   0.06361   0.04843   0.08057   0.00601   6.33752   1.61834   1.05180   1.45816   0.74029  
 38  0.0053   2049.063299  x:  0.24577   0.00000   0.16057   0.21640   0.01779   0.02506   0.06882   0.05741   0.10151   0.02426   0.06791   0.01245   0.00000   0.18586   0.18700   0.03502   0.02898   0.16975   0.02568   0.06362   0.04843   0.08058   0.00601   6.33663   1.61837   1.05186   1.45824   0.74034  
 39  0.0007   2049.063298  x:  0.24577   0.00000   0.16057   0.21641   0.01779   0.02506   0.06882   0.05741   0.10151   0.02427   0.06791   0.01245   0.00000   0.18586   0.18701   0.03502   0.02898   0.16976   0.02568   0.06362   0.04843   0.08058   0.00601   6.33656   1.61835   1.05185   1.45823   0.74035  
 40  0.0001   2049.063298  x:  0.24577   0.00000   0.16057   0.21641   0.01779   0.02506   0.06882   0.05741   0.10151   0.02427   0.06791   0.01245   0.00000   0.18586   0.18701   0.03502   0.02898   0.16976   0.02568   0.06362   0.04843   0.08058   0.00601   6.33659   1.61835   1.05185   1.45823   0.74035  
 41  0.0000   2049.063298  x:  0.24577   0.00000   0.16057   0.21641   0.01779   0.02506   0.06882   0.05741   0.10151   0.02427   0.06791   0.01245   0.00000   0.18586   0.18701   0.03502   0.02898   0.16976   0.02568   0.06362   0.04843   0.08058   0.00601   6.33659   1.61835   1.05185   1.45823   0.74035  
 42  0.0000   2049.063298  x:  0.24577   0.00000   0.16057   0.21641   0.01779   0.02506   0.06882   0.05741   0.10151   0.02427   0.06791   0.01245   0.00000   0.18586   0.18701   0.03502   0.02898   0.16976   0.02568   0.06362   0.04843   0.08058   0.00601   6.33659   1.61835   1.05185   1.45823   0.74035  