

TREE # 1

  0  0.0000   2115.087644  x:  0.20925   0.02571   0.03211   0.02495   0.05815   0.02188   0.05666   0.08536   0.02661   0.17168   0.20925   0.02571   0.03211   0.02495   0.05815   0.02188   0.05666   0.08536   0.02661   0.17168   0.21568   8.40433   1.72038   1.17376   1.50199   1.00000  
  1 99.0000   2083.346595  x:  0.20539   0.06617   0.04260   0.00000   0.09922   0.01971   0.08507   0.07623   0.10341   0.17271   0.21612   0.01980   0.02709   0.02538   0.04928   0.01809   0.07440   0.08094   0.03729   0.17817   0.22116   8.40449   1.71960   1.17151   1.50405   1.00052  
  2 655.3846   2078.389302  x:  0.19253   0.05112   0.03700   0.00000   0.13582   0.01870   0.11461   0.05341   0.08643   0.17569   0.23543   0.01599   0.02391   0.02428   0.03066   0.02211   0.09653   0.06986   0.03853   0.19586   0.23694   8.40503   1.71695   1.16504   1.51014   1.00216  
  3 141.1048   2077.664890  x:  0.18561   0.05228   0.04044   0.00000   0.14174   0.01961   0.11801   0.05108   0.08231   0.17706   0.24491   0.02416   0.02769   0.02374   0.04010   0.01627   0.09842   0.06780   0.03857   0.20375   0.24493   8.40543   1.71507   1.16069   1.51428   1.00330  
  4 77.4757   2077.182539  x:  0.17599   0.05679   0.04288   0.00000   0.14196   0.01852   0.11583   0.05435   0.08053   0.17871   0.25737   0.02230   0.02646   0.02064   0.04461   0.02351   0.09649   0.06676   0.03647   0.21343   0.25579   8.40615   1.71182   1.15342   1.52130   1.00525  
  5 60.9551   2076.748841  x:  0.16594   0.05897   0.04103   0.00000   0.13828   0.01967   0.11084   0.05779   0.08138   0.18019   0.27018   0.01810   0.02459   0.02335   0.04017   0.01795   0.09314   0.06710   0.03652   0.22264   0.26725   8.40717   1.70736   1.14378   1.53065   1.00791  
  6 71.2158   2076.628174  x:  0.16359   0.05736   0.03945   0.00000   0.13582   0.01862   0.10927   0.05690   0.08376   0.18033   0.27364   0.02113   0.02672   0.02433   0.03747   0.01945   0.09212   0.06851   0.03859   0.22441   0.27060   8.40780   1.70482   1.13855   1.53571   1.00937  
  7 39.1279   2076.508382  x:  0.16353   0.05339   0.03925   0.00000   0.13274   0.02012   0.10916   0.05362   0.08696   0.17984   0.27527   0.02045   0.02634   0.02088   0.03842   0.01909   0.09245   0.07008   0.03853   0.22362   0.27282   8.40904   1.70001   1.12912   1.54489   1.01208  
  8 27.1671   2076.341806  x:  0.16566   0.05148   0.04084   0.00000   0.13016   0.01727   0.11057   0.05178   0.08812   0.17872   0.27539   0.01925   0.02490   0.02454   0.04045   0.01925   0.09428   0.06988   0.03681   0.22029   0.27428   8.41146   1.69099   1.11204   1.56154   1.01704  
  9 44.6951   2076.125019  x:  0.16946   0.05465   0.04123   0.00000   0.13002   0.02159   0.11273   0.05403   0.08585   0.17719   0.27362   0.02000   0.02608   0.02543   0.03915   0.02025   0.09585   0.06837   0.03695   0.21488   0.27437   8.41526   1.67726   1.08699   1.58607   1.02442  
 10 77.6159   2076.026667  x:  0.17070   0.05660   0.04029   0.00000   0.13147   0.01881   0.11287   0.05559   0.08422   0.17671   0.27211   0.02044   0.02633   0.02233   0.03809   0.01888   0.09541   0.06778   0.03788   0.21285   0.27342   8.41717   1.67075   1.07598   1.59700   1.02778  
 11 75.1500   2075.986666  x:  0.16915   0.05597   0.03870   0.00000   0.13519   0.01910   0.11046   0.05515   0.08434   0.17723   0.26987   0.02066   0.02508   0.02289   0.03906   0.01917   0.09295   0.06776   0.03818   0.21381   0.27043   8.41877   1.66653   1.07169   1.60189   1.02950  
 12 14.8351   2075.972618  x:  0.16791   0.05551   0.03977   0.00000   0.13623   0.01905   0.10963   0.05496   0.08443   0.17766   0.26865   0.01998   0.02648   0.02295   0.03874   0.01913   0.09237   0.06793   0.03761   0.21487   0.26860   8.41975   1.66436   1.07047   1.60363   1.03023  
 13 13.4430   2075.961855  x:  0.16629   0.05558   0.04080   0.00000   0.13551   0.01911   0.10994   0.05504   0.08432   0.17824   0.26736   0.02062   0.02561   0.02278   0.03823   0.01909   0.09309   0.06828   0.03771   0.21664   0.26647   8.42129   1.66150   1.07023   1.60482   1.03097  
 14  7.4374   2075.953611  x:  0.16520   0.05598   0.03966   0.00000   0.13447   0.01906   0.11072   0.05506   0.08438   0.17868   0.26646   0.02029   0.02604   0.02282   0.03874   0.01912   0.09398   0.06813   0.03781   0.21817   0.26491   8.42307   1.65851   1.07055   1.60554   1.03164  
 15  9.0836   2075.934306  x:  0.16690   0.05532   0.03974   0.00000   0.13404   0.01907   0.11184   0.05547   0.08500   0.17851   0.26677   0.02067   0.02598   0.02267   0.03848   0.01909   0.09229   0.06605   0.03731   0.21930   0.26526   8.43175   1.64635   1.07453   1.60553   1.03388  
 16  3.9275   2075.912976  x:  0.16856   0.05589   0.04016   0.00000   0.13470   0.01909   0.11118   0.05492   0.08445   0.17819   0.26754   0.01996   0.02602   0.02296   0.03875   0.01913   0.09272   0.06817   0.03860   0.21908   0.26643   8.44258   1.63240   1.07895   1.60483   1.03637  
 17 17.7257   2075.906972  x:  0.16825   0.05607   0.03975   0.00000   0.13503   0.01909   0.11057   0.05500   0.08458   0.17817   0.26777   0.02045   0.02599   0.02285   0.03854   0.01909   0.09352   0.06865   0.03731   0.21825   0.26677   8.44623   1.62885   1.07968   1.60412   1.03695  
 18  9.7608   2075.896874  x:  0.16607   0.05553   0.03993   0.00000   0.13524   0.01910   0.10980   0.05556   0.08486   0.17837   0.26801   0.02039   0.02602   0.02274   0.03872   0.01912   0.09469   0.06736   0.03799   0.21562   0.26715   8.45403   1.62409   1.07924   1.60154   1.03759  
 19  6.8538   2075.875921  x:  0.16318   0.05673   0.04000   0.00000   0.13477   0.01909   0.11166   0.05390   0.08446   0.17894   0.26816   0.02025   0.02599   0.02290   0.03854   0.01914   0.09254   0.06777   0.03778   0.21259   0.26737   8.47278   1.61675   1.07518   1.59419   1.03827  
 20  9.2909   2075.799967  x:  0.16286   0.05432   0.03971   0.00000   0.13601   0.01908   0.11533   0.05812   0.08575   0.18000   0.26862   0.01991   0.02606   0.02334   0.03920   0.01909   0.09143   0.07117   0.03773   0.21250   0.26764   8.54528   1.59384   1.05568   1.56517   1.03984  
 21 24.5339   2075.645964  x:  0.16750   0.05624   0.04010   0.00000   0.13583   0.01910   0.11184   0.05503   0.08688   0.18040   0.26897   0.01993   0.02597   0.02321   0.03871   0.01908   0.09371   0.06844   0.03797   0.21725   0.26778   8.69091   1.55036   1.01611   1.50767   1.04238  
 22 105.5723   2075.611800  x:  0.16590   0.05637   0.04010   0.00000   0.13613   0.01910   0.11215   0.05511   0.08713   0.17165   0.26831   0.01992   0.02596   0.02322   0.03873   0.01906   0.09368   0.06851   0.03798   0.21824   0.26774   8.72897   1.54961   1.01531   1.50699   1.04017  
 23  5.9552   2074.581001  x:  0.16767   0.06004   0.04064   0.00000   0.14342   0.01890   0.11566   0.05468   0.09727   0.17957   0.26952   0.01977   0.02567   0.02296   0.03834   0.01847   0.09610   0.06785   0.03887   0.21839   0.26840   9.97362   1.59442   1.04771   1.57991   0.95704  
 24 25.2218   2074.064105  x:  0.16800   0.06214   0.04098   0.00000   0.14740   0.01877   0.11744   0.05437   0.10247   0.18029   0.27197   0.01976   0.02562   0.02279   0.03818   0.01821   0.09745   0.06757   0.03934   0.21873   0.26652  10.61437   1.65796   1.07942   1.60594   1.07412  
 25 25.8293   2074.061734  x:  0.16769   0.06214   0.04097   0.00000   0.14744   0.01877   0.11747   0.05437   0.10251   0.18056   0.26965   0.01978   0.02562   0.02279   0.03819   0.01821   0.09747   0.06756   0.03933   0.21912   0.26855  10.61712   1.65818   1.07955   1.60600   1.07465  
 26  1.9018   2073.949465  x:  0.16559   0.06408   0.04092   0.00000   0.15235   0.01895   0.12069   0.05463   0.11067   0.17848   0.27165   0.01955   0.02557   0.02292   0.03762   0.01900   0.09838   0.06772   0.03967   0.21983   0.27013  10.71599   1.61695   1.05748   1.57567   1.06743  
 27  0.0643   2073.922813  x:  0.16673   0.06467   0.04100   0.00000   0.15322   0.01876   0.12053   0.05425   0.11376   0.17963   0.27085   0.01954   0.02549   0.02282   0.03771   0.01835   0.09870   0.06741   0.03978   0.21989   0.26944  10.48718   1.63366   1.06637   1.58663   1.06378  
 28  0.1104   2073.921411  x:  0.16632   0.06470   0.04103   0.00000   0.15322   0.01885   0.12072   0.05444   0.11385   0.17937   0.27099   0.01956   0.02553   0.02286   0.03770   0.01865   0.09869   0.06754   0.03977   0.21976   0.26952  10.43410   1.63085   1.06578   1.58538   1.06486  
 29  0.0453   2073.921378  x:  0.16629   0.06470   0.04102   0.00000   0.15323   0.01884   0.12074   0.05442   0.11376   0.17934   0.27102   0.01955   0.02552   0.02285   0.03767   0.01861   0.09869   0.06753   0.03978   0.21978   0.26956  10.43144   1.63051   1.06544   1.58503   1.06534  
 30  0.0025   2073.921377  x:  0.16630   0.06471   0.04102   0.00000   0.15324   0.01884   0.12075   0.05442   0.11374   0.17935   0.27102   0.01955   0.02552   0.02285   0.03768   0.01861   0.09870   0.06753   0.03978   0.21978   0.26955  10.43153   1.63058   1.06547   1.58505   1.06538  
 31  0.0001   2073.921377  x:  0.16630   0.06471   0.04102   0.00000   0.15325   0.01884   0.12075   0.05442   0.11374   0.17935   0.27102   0.01955   0.02552   0.02285   0.03768   0.01861   0.09870   0.06753   0.03978   0.21979   0.26955  10.43148   1.63058   1.06547   1.58505   1.06537  
 32  0.0000   2073.921377  x:  0.16630   0.06471   0.04102   0.00000   0.15325   0.01884   0.12075   0.05442   0.11374   0.17935   0.27102   0.01955   0.02552   0.02285   0.03768   0.01861   0.09870   0.06753   0.03978   0.21978   0.26955  10.43148   1.63057   1.06547   1.58505   1.06537  