

TREE # 1

  0  0.0000   2042.990749  x:  0.01972   0.20925   0.02571   0.03211   0.02495   0.05815   0.02188   0.05666   0.08536   0.02661   0.17168   0.01972   0.20925   0.02571   0.03211   0.02495   0.05815   0.02188   0.05666   0.08536   0.02661   0.17168   0.21568   8.40433   1.62740   1.02529   1.32638   1.00000  
  1 99.0000   2025.712162  x:  0.00000   0.20734   0.00675   0.03728   0.01513   0.05233   0.03885   0.05523   0.09447   0.04493   0.17399   0.00103   0.20504   0.02074   0.03493   0.03590   0.05245   0.03902   0.06006   0.09590   0.05000   0.17636   0.21411   8.40385   1.62751   1.02241   1.32905   1.00002  
  2 422.7455   2025.317031  x:  0.00000   0.20721   0.00569   0.03730   0.01502   0.05209   0.03874   0.05520   0.09478   0.04497   0.17413   0.00000   0.20482   0.02044   0.03493   0.03588   0.05222   0.03891   0.06018   0.09625   0.05005   0.17660   0.21402   8.40382   1.62752   1.02226   1.32918   1.00002  
  3 365.3467   2024.289656  x:  0.00000   0.20643   0.00000   0.03727   0.01603   0.05178   0.03884   0.05519   0.09527   0.04508   0.17478   0.00000   0.20373   0.02055   0.03490   0.03589   0.05187   0.03901   0.06026   0.09685   0.05023   0.17764   0.21360   8.40368   1.62757   1.02145   1.32990   1.00000  
  4 745.9443   2021.333535  x:  0.00000   0.17220   0.00000   0.03572   0.00641   0.05116   0.04168   0.05672   0.09768   0.04933   0.19985   0.00000   0.16064   0.03170   0.03329   0.03447   0.05013   0.04176   0.05776   0.10155   0.04799   0.21428   0.19670   8.39768   1.62982   0.98735   1.36004   0.99933  
  5 175.8512   2020.144399  x:  0.00000   0.15544   0.00000   0.03981   0.00853   0.05455   0.04081   0.05643   0.09075   0.05384   0.20900   0.00000   0.14232   0.01500   0.03509   0.03839   0.05475   0.04069   0.05873   0.09335   0.05136   0.22376   0.18997   8.39356   1.63101   0.96675   1.37856   0.99885  
  6 108.5570   2019.599042  x:  0.00000   0.15020   0.00000   0.03559   0.00760   0.05280   0.03965   0.05241   0.09084   0.04595   0.21006   0.00000   0.14244   0.01413   0.03676   0.03541   0.05399   0.04028   0.06184   0.09082   0.06359   0.21646   0.19079   8.38718   1.63227   0.94139   1.40256   0.99807  
  7 37.5619   2018.472675  x:  0.00000   0.14851   0.00000   0.04244   0.00777   0.04814   0.04079   0.05289   0.09550   0.05257   0.20701   0.00000   0.15163   0.01571   0.03340   0.03840   0.04960   0.04029   0.06164   0.09511   0.05901   0.19388   0.19572   8.36958   1.63542   0.87817   1.46404   0.99583  
  8 80.2659   2018.296885  x:  0.00000   0.15334   0.00000   0.03706   0.00773   0.05011   0.04227   0.05423   0.09557   0.05332   0.20439   0.00000   0.15311   0.01284   0.03593   0.03780   0.04982   0.04328   0.06018   0.09754   0.05662   0.19459   0.19581   8.36520   1.63595   0.86893   1.47525   0.99524  
  9 42.6159   2018.146595  x:  0.00000   0.16423   0.00000   0.03872   0.00745   0.05128   0.04088   0.05474   0.09416   0.05396   0.19794   0.00000   0.15379   0.01342   0.03562   0.03925   0.05138   0.04068   0.06079   0.09838   0.05956   0.20214   0.19415   8.35770   1.63648   0.86392   1.48773   0.99418  
 10 23.1069   2018.092128  x:  0.00000   0.16629   0.00000   0.04040   0.00737   0.04923   0.04223   0.05284   0.09444   0.05316   0.19517   0.00000   0.15404   0.01255   0.03451   0.03737   0.05033   0.04264   0.06088   0.09629   0.05884   0.20442   0.19303   8.35220   1.63673   0.86583   1.49327   0.99342  
 11 14.2207   2017.944479  x:  0.00000   0.16484   0.00000   0.03854   0.00723   0.04618   0.04105   0.05198   0.09631   0.05493   0.18962   0.00000   0.15478   0.01324   0.03759   0.04129   0.04681   0.04322   0.06261   0.09313   0.05839   0.20536   0.19002   8.33042   1.63796   0.87969   1.51032   0.99049  
 12 18.6352   2017.546767  x:  0.00000   0.15864   0.00000   0.03762   0.00709   0.04897   0.04344   0.05611   0.10028   0.05837   0.18185   0.00000   0.15687   0.01092   0.03307   0.03962   0.04708   0.04181   0.06256   0.09858   0.06321   0.20341   0.18502   8.26689   1.64281   0.92156   1.55633   0.98215  
 13 68.8579   2017.348610  x:  0.00000   0.15959   0.00000   0.04235   0.00676   0.04876   0.04248   0.05369   0.09947   0.05778   0.18609   0.00000   0.15688   0.01051   0.03878   0.03911   0.05001   0.04401   0.06256   0.10472   0.06417   0.20185   0.18662   8.23188   1.64757   0.94267   1.57840   0.97793  
 14 69.5769   2017.186047  x:  0.00000   0.16504   0.00000   0.04033   0.00652   0.04671   0.04283   0.05076   0.09774   0.05886   0.19633   0.00000   0.15564   0.00936   0.03525   0.04230   0.04888   0.04416   0.06292   0.10559   0.06504   0.20089   0.19217   8.20084   1.65483   0.95795   1.59333   0.97487  
 15 48.3727   2017.108721  x:  0.00000   0.16792   0.00000   0.04088   0.00652   0.04692   0.04329   0.05419   0.09947   0.06073   0.20086   0.00000   0.15470   0.00920   0.03672   0.03986   0.04632   0.04349   0.06437   0.10290   0.06621   0.20082   0.19569   8.18352   1.66133   0.96329   1.59784   0.97381  
 16 31.1839   2016.874348  x:  0.00000   0.16772   0.00000   0.04139   0.00625   0.04831   0.04147   0.05348   0.11082   0.06073   0.19915   0.00000   0.15288   0.00824   0.03598   0.04227   0.05120   0.04592   0.06432   0.10086   0.06734   0.20266   0.20205   8.11632   1.69703   0.96900   1.59702   0.97324  
 17 20.4158   2016.317690  x:  0.00000   0.16349   0.00000   0.04084   0.00633   0.04502   0.04706   0.04839   0.10749   0.06546   0.18959   0.00000   0.15069   0.00696   0.03874   0.04114   0.04589   0.04140   0.06433   0.10811   0.07035   0.20505   0.20719   7.95348   1.78359   0.97866   1.58997   0.97340  
 18 107.7125   2016.140528  x:  0.00000   0.16324   0.00000   0.04145   0.00633   0.04255   0.04284   0.05271   0.10367   0.06494   0.18855   0.00000   0.15130   0.00651   0.03660   0.04172   0.04344   0.04687   0.06654   0.11108   0.07187   0.20469   0.20327   7.89957   1.80952   0.98124   1.58767   0.97409  
 19 107.1876   2015.948149  x:  0.00000   0.16726   0.00000   0.04177   0.00635   0.04495   0.04480   0.05117   0.10631   0.06458   0.19445   0.00000   0.15467   0.00638   0.03657   0.04240   0.04295   0.04663   0.07079   0.11147   0.07146   0.20137   0.18585   7.83657   1.82954   0.98323   1.58668   0.97673  
 20 40.4003   2015.834317  x:  0.00000   0.16900   0.00000   0.04081   0.00661   0.04066   0.04375   0.05167   0.10763   0.06651   0.19672   0.00000   0.15532   0.00631   0.03737   0.04108   0.04497   0.04546   0.06483   0.11069   0.07318   0.20006   0.17984   7.79592   1.83522   0.98434   1.58762   0.97936  
 21 38.4594   2014.872508  x:  0.00000   0.17076   0.00000   0.04431   0.00753   0.04851   0.04090   0.04964   0.11166   0.06065   0.19880   0.00000   0.15014   0.00658   0.03725   0.04435   0.03253   0.04714   0.05100   0.11244   0.07554   0.20173   0.17821   7.44563   1.84743   0.99285   1.60470   1.00531  
 22 59.1391   2009.491289  x:  0.00000   0.17208   0.00000   0.03840   0.01458   0.03732   0.04843   0.05337   0.12294   0.05021   0.20477   0.00000   0.12376   0.01528   0.03403   0.04300   0.03662   0.04885   0.06617   0.12794   0.06965   0.21914   0.18775   5.42661   1.90599   1.04048   1.70557   1.15238  
 23 971.4099   2009.095493  x:  0.00000   0.16644   0.00000   0.03690   0.01555   0.03992   0.04269   0.04819   0.12315   0.05668   0.20966   0.00000   0.13682   0.01600   0.03316   0.03872   0.03610   0.05037   0.06771   0.12800   0.07056   0.22953   0.18994   5.27147   1.90874   1.04231   1.71200   1.15673  
 24 215.0328   2008.918285  x:  0.00000   0.16242   0.00000   0.03794   0.01548   0.03812   0.04616   0.05156   0.12330   0.05249   0.21349   0.00000   0.14681   0.01491   0.03391   0.04179   0.03617   0.04899   0.06633   0.12783   0.07031   0.23704   0.19119   5.20057   1.90847   1.04181   1.71333   1.15178  
 25 102.5480   2007.237284  x:  0.00000   0.16265   0.00000   0.03681   0.01745   0.03689   0.04550   0.05038   0.12874   0.05057   0.21559   0.00000   0.13782   0.01630   0.03303   0.04123   0.03318   0.04991   0.06599   0.13249   0.07074   0.24046   0.18715   4.58022   1.85883   1.01249   1.67623   0.92297  
 26 33.5406   2006.875052  x:  0.00000   0.16135   0.00000   0.03775   0.01663   0.03551   0.04603   0.05028   0.13277   0.05364   0.21537   0.00000   0.13600   0.01367   0.03400   0.04236   0.03202   0.04984   0.06764   0.13509   0.07432   0.24104   0.18663   4.43774   1.73915   0.95928   1.57639   0.94721  
 27  3.0007   2006.016789  x:  0.00000   0.15679   0.00000   0.03876   0.01539   0.04089   0.03908   0.05223   0.12581   0.05080   0.21058   0.00000   0.13673   0.00888   0.03553   0.03919   0.03998   0.04058   0.06556   0.12960   0.06503   0.23365   0.18477   4.38613   1.68460   0.93678   1.56714   0.91732  
 28  0.1680   2005.920601  x:  0.00000   0.15750   0.00000   0.03809   0.01446   0.04016   0.03975   0.05269   0.12440   0.05199   0.20919   0.00000   0.13998   0.01027   0.03509   0.03838   0.04003   0.04037   0.06584   0.12914   0.06400   0.23117   0.18616   4.55123   1.66229   0.92608   1.54341   0.90154  
 29  0.3446   2005.883799  x:  0.00000   0.15867   0.00000   0.03777   0.01331   0.04010   0.03997   0.05307   0.12194   0.05232   0.20758   0.00000   0.14178   0.01116   0.03474   0.03776   0.03990   0.04002   0.06557   0.12801   0.06244   0.22758   0.18641   4.48827   1.67642   0.93252   1.54940   0.90813  
 30  0.1159   2005.876410  x:  0.00000   0.15822   0.00000   0.03783   0.01257   0.04026   0.04010   0.05272   0.12126   0.05213   0.20823   0.00000   0.14190   0.01082   0.03468   0.03816   0.03961   0.04086   0.06612   0.12773   0.06275   0.22838   0.18641   4.48648   1.67171   0.93141   1.54761   0.90770  
 31  0.0051   2005.875806  x:  0.00000   0.15826   0.00000   0.03781   0.01250   0.04017   0.04002   0.05261   0.12144   0.05216   0.20845   0.00000   0.14156   0.01081   0.03476   0.03808   0.03978   0.04074   0.06621   0.12776   0.06296   0.22889   0.18660   4.48351   1.67365   0.93223   1.54994   0.90628  
 32  0.0042   2005.875769  x:  0.00000   0.15832   0.00000   0.03780   0.01248   0.04020   0.04001   0.05261   0.12154   0.05211   0.20838   0.00000   0.14156   0.01080   0.03475   0.03807   0.03980   0.04071   0.06625   0.12780   0.06296   0.22889   0.18662   4.48535   1.67373   0.93221   1.54995   0.90682  
 33  0.0020   2005.875767  x:  0.00000   0.15831   0.00000   0.03780   0.01248   0.04020   0.04002   0.05262   0.12157   0.05211   0.20837   0.00000   0.14157   0.01081   0.03475   0.03807   0.03979   0.04071   0.06625   0.12783   0.06295   0.22887   0.18661   4.48492   1.67369   0.93220   1.54990   0.90670  
 34  0.0004   2005.875766  x:  0.00000   0.15830   0.00000   0.03780   0.01248   0.04020   0.04001   0.05262   0.12157   0.05211   0.20837   0.00000   0.14157   0.01080   0.03475   0.03807   0.03979   0.04071   0.06625   0.12783   0.06295   0.22887   0.18661   4.48504   1.67372   0.93222   1.54993   0.90671  
 35  0.0001   2005.875766  x:  0.00000   0.15831   0.00000   0.03780   0.01248   0.04020   0.04002   0.05262   0.12157   0.05211   0.20837   0.00000   0.14157   0.01080   0.03475   0.03807   0.03979   0.04071   0.06625   0.12783   0.06295   0.22887   0.18661   4.48503   1.67372   0.93222   1.54993   0.90671  
 36  0.0000   2005.875766  x:  0.00000   0.15831   0.00000   0.03780   0.01248   0.04020   0.04002   0.05262   0.12157   0.05211   0.20837   0.00000   0.14157   0.01080   0.03475   0.03807   0.03979   0.04071   0.06625   0.12783   0.06295   0.22887   0.18661   4.48503   1.67372   0.93222   1.54993   0.90671  
 37  0.0000   2005.875766  x:  0.00000   0.15831   0.00000   0.03780   0.01248   0.04020   0.04002   0.05262   0.12157   0.05211   0.20837   0.00000   0.14157   0.01080   0.03475   0.03807   0.03979   0.04071   0.06625   0.12783   0.06295   0.22887   0.18661   4.48503   1.67372   0.93222   1.54993   0.90671  

TREE # 2

  0  0.0000   2470.202928  x:  0.00000   0.15831   0.00000   0.03780   0.01248   0.04020   0.04002   0.05262   0.12157   0.05211   0.20837   0.00000   0.14157   0.01080   0.03475   0.03807   0.03979   0.04071   0.06625   0.12783   0.06295   0.22887   0.18661   4.48503   1.64322   0.85282   1.41966   0.90671  
  1 99.0000   2204.431260  x:  0.10232   0.16103   0.54650   0.05331   0.01881   0.03957   0.04384   0.05227   0.12068   0.05291   0.20723   0.05560   0.14209   0.03986   0.04275   0.03897   0.03801   0.04421   0.06552   0.12675   0.06146   0.22735   0.18515   4.48503   1.64314   0.85287   1.41976   0.90668  
  2 46922.8037   2101.005723  x:  0.13238   0.13120   0.53409   0.09216   0.10143   0.01848   0.11664   0.04058   0.10245   0.04114   0.17623   0.04409   0.10648   0.20732   0.14444   0.05492   0.00000   0.10964   0.05005   0.10403   0.03020   0.19524   0.15456   4.48520   1.64055   0.85751   1.42066   0.90725  
  3 1031.8117   2072.564264  x:  0.15596   0.08793   0.53043   0.10424   0.08146   0.00001   0.12021   0.03542   0.08431   0.03604   0.13823   0.04020   0.05986   0.20911   0.14376   0.05190   0.00000   0.11398   0.03681   0.07951   0.00000   0.15553   0.11759   4.48540   1.63701   0.86402   1.42170   0.90810  
  4 386.6917   2036.791832  x:  0.18564   0.03239   0.52572   0.11973   0.05747   0.00227   0.12536   0.02962   0.06152   0.03012   0.08973   0.03552   0.00000   0.21271   0.14361   0.04840   0.00000   0.11987   0.02099   0.04872   0.00249   0.10505   0.07083   4.48564   1.63256   0.87221   1.42305   0.90914  
  5 2683.8232   2025.939327  x:  0.19484   0.00000   0.52394   0.12321   0.05510   0.00217   0.12635   0.03393   0.05887   0.03533   0.06786   0.03843   0.00000   0.21390   0.14229   0.04991   0.00000   0.12116   0.03653   0.04556   0.00274   0.08058   0.05180   4.48576   1.63083   0.87515   1.42412   0.90944  
  6 740.5806   2024.596207  x:  0.19722   0.00000   0.52343   0.12240   0.06077   0.00462   0.12540   0.03469   0.06459   0.03664   0.05738   0.04054   0.00000   0.21333   0.13972   0.05086   0.00000   0.11984   0.03131   0.05331   0.00125   0.06588   0.04708   4.48584   1.62990   0.87648   1.42540   0.90948  
  7 165.4117   2023.049984  x:  0.20020   0.00000   0.52280   0.12126   0.06805   0.00248   0.12412   0.03540   0.07201   0.03811   0.04424   0.04316   0.00000   0.21259   0.13642   0.05205   0.00000   0.11811   0.02435   0.06330   0.00267   0.04722   0.04143   4.48596   1.62869   0.87817   1.42706   0.90953  
  8 2384.5495   2022.858002  x:  0.20236   0.00000   0.52258   0.12021   0.06874   0.00266   0.12384   0.03141   0.07343   0.03461   0.04324   0.04172   0.00000   0.21344   0.13447   0.05173   0.00000   0.11770   0.02642   0.06310   0.00264   0.04128   0.04635   4.48608   1.62756   0.87966   1.42884   0.90952  
  9 39.5091   2022.755724  x:  0.20903   0.00000   0.52128   0.11679   0.06858   0.00264   0.12342   0.03461   0.07499   0.03715   0.04439   0.04199   0.00000   0.21748   0.12932   0.05149   0.00000   0.11721   0.02560   0.06084   0.00264   0.03973   0.05026   4.48653   1.62359   0.88479   1.43527   0.90949  
 10 15.7816   2022.602727  x:  0.22050   0.00000   0.51908   0.10925   0.06919   0.00274   0.12240   0.03220   0.07681   0.03590   0.04495   0.04274   0.00000   0.22434   0.11961   0.05220   0.00000   0.11615   0.02642   0.06286   0.00270   0.04397   0.04827   4.48757   1.61522   0.89556   1.44953   0.90942  
 11 31.5513   2022.549492  x:  0.21922   0.00000   0.51960   0.10596   0.06844   0.00277   0.12227   0.03396   0.07368   0.03477   0.04631   0.04059   0.00000   0.22513   0.12004   0.05147   0.00000   0.11664   0.02650   0.06529   0.00271   0.04274   0.04751   4.48843   1.61074   0.90112   1.45997   0.90936  
 12 11.5138   2022.483224  x:  0.21495   0.00000   0.52024   0.10497   0.06790   0.00281   0.12241   0.03160   0.07158   0.03741   0.04554   0.04246   0.00000   0.22465   0.12190   0.05186   0.00000   0.11720   0.02613   0.06500   0.00269   0.04223   0.04822   4.48989   1.60468   0.90876   1.47653   0.90924  
 13 22.1833   2022.411846  x:  0.21035   0.00000   0.52100   0.10843   0.06840   0.00278   0.12268   0.03317   0.07409   0.03505   0.04351   0.04327   0.00000   0.22301   0.12363   0.05235   0.00000   0.11723   0.02628   0.06255   0.00269   0.04329   0.04839   4.49176   1.59868   0.91684   1.49621   0.90905  
 14 31.4614   2022.387334  x:  0.21008   0.00000   0.52119   0.11153   0.06885   0.00278   0.12285   0.03255   0.07564   0.03607   0.04505   0.04147   0.00000   0.22200   0.12420   0.05174   0.00000   0.11695   0.02649   0.06233   0.00270   0.04293   0.04737   4.49261   1.59765   0.91911   1.50359   0.90891  
 15 17.3506   2022.368439  x:  0.21248   0.00000   0.52058   0.11438   0.06887   0.00278   0.12305   0.03284   0.07443   0.03569   0.04600   0.04292   0.00000   0.22074   0.12540   0.05170   0.00000   0.11664   0.02661   0.06388   0.00272   0.04276   0.04795   4.49377   1.59988   0.91936   1.51009   0.90859  
 16  6.6437   2022.342909  x:  0.21521   0.00000   0.52032   0.11436   0.06937   0.00280   0.12296   0.03293   0.07370   0.03637   0.04407   0.04118   0.00000   0.21929   0.12704   0.05228   0.00000   0.11654   0.02673   0.06432   0.00273   0.04387   0.04898   4.49581   1.60603   0.91844   1.51900   0.90797  
 17  9.2800   2022.271614  x:  0.21853   0.00000   0.51978   0.10970   0.07005   0.00290   0.12290   0.03265   0.07501   0.03565   0.04515   0.04225   0.00000   0.21831   0.12914   0.05152   0.00000   0.11725   0.02683   0.06128   0.00275   0.04283   0.04679   4.50220   1.62717   0.91518   1.54339   0.90607  
 18 19.3415   2022.188187  x:  0.21617   0.00000   0.52011   0.11060   0.06612   0.00300   0.12390   0.03263   0.07412   0.03583   0.04378   0.04190   0.00000   0.22441   0.12276   0.05164   0.00000   0.11767   0.02680   0.06191   0.00275   0.04213   0.04611   4.51039   1.65450   0.91454   1.56901   0.90419  
 19 21.0755   2022.152969  x:  0.21528   0.00000   0.52027   0.11147   0.06960   0.00300   0.12231   0.03275   0.07115   0.03572   0.04368   0.04176   0.00000   0.22511   0.12055   0.05127   0.00000   0.11590   0.02690   0.06028   0.00276   0.04201   0.04559   4.51449   1.66650   0.92048   1.57564   0.90423  
 20  9.9859   2021.952088  x:  0.21617   0.00000   0.52016   0.11252   0.06642   0.00338   0.11968   0.03291   0.07288   0.03593   0.04394   0.04184   0.00000   0.22617   0.12606   0.05398   0.00000   0.11454   0.02761   0.06022   0.00286   0.04159   0.04485   4.54031   1.73564   0.97363   1.60102   0.90739  
 21 17.7878   2021.919074  x:  0.21641   0.00000   0.52014   0.11251   0.06670   0.00341   0.12206   0.03294   0.07307   0.03616   0.04302   0.04220   0.00000   0.22508   0.12582   0.05039   0.00000   0.11650   0.02792   0.06056   0.00288   0.04217   0.04515   4.54457   1.74564   0.98168   1.60445   0.90827  
 22 26.5312   2021.903421  x:  0.21653   0.00000   0.52021   0.11236   0.06741   0.00342   0.12503   0.03305   0.07270   0.03613   0.04346   0.04204   0.00000   0.22339   0.12453   0.05202   0.00000   0.11852   0.02789   0.06034   0.00290   0.04198   0.04506   4.54687   1.74875   0.98434   1.60538   0.90930  
 23  7.4862   2021.213635  x:  0.22122   0.00000   0.51922   0.11020   0.06465   0.00539   0.13414   0.03438   0.07050   0.03777   0.04086   0.04303   0.00000   0.22980   0.12658   0.05200   0.00000   0.10781   0.03235   0.05720   0.00348   0.04094   0.04133   4.67537   1.70991   0.96277   1.57994   1.01083  
 24  1.9282   2020.991555  x:  0.22309   0.00000   0.51879   0.11188   0.06488   0.00607   0.12369   0.03469   0.06979   0.03826   0.04030   0.04338   0.00000   0.23128   0.12544   0.05261   0.00000   0.12075   0.03360   0.05664   0.00367   0.04072   0.04051   4.71592   1.69647   0.95553   1.57121   1.03754  
 25 50.5158   2020.272945  x:  0.22638   0.00000   0.51784   0.11306   0.06339   0.00792   0.12606   0.03612   0.06731   0.04005   0.03779   0.04439   0.00000   0.23466   0.12759   0.05321   0.00000   0.12078   0.03799   0.05352   0.00434   0.03947   0.03688   4.84330   1.62659   0.93268   1.52175   0.91939  
 26  5.9746   2020.120336  x:  0.21621   0.00000   0.51774   0.11138   0.06594   0.00877   0.12451   0.03741   0.07006   0.04147   0.03994   0.04526   0.00000   0.23229   0.12763   0.05369   0.00000   0.11978   0.04115   0.05677   0.00476   0.04124   0.03977   4.79190   1.63687   0.92861   1.52796   0.91088  
 27  0.3485   2019.637570  x:  0.22402   0.00000   0.51372   0.11464   0.06324   0.01043   0.12646   0.03645   0.06652   0.04020   0.04067   0.04385   0.00000   0.23644   0.12919   0.05281   0.00000   0.12161   0.04316   0.05258   0.00592   0.04127   0.04143   4.32577   1.64501   0.94395   1.53489   0.90628  
 28  0.6677   2018.687879  x:  0.23610   0.00000   0.49921   0.11866   0.06038   0.01446   0.12886   0.03227   0.06453   0.03533   0.04325   0.03991   0.00000   0.24033   0.12943   0.05054   0.00000   0.12298   0.04494   0.05057   0.00950   0.04119   0.04569   4.87779   1.69350   0.97395   1.57445   0.96115  
 29  0.2854   2016.946470  x:  0.22200   0.00000   0.46520   0.11944   0.06733   0.02031   0.12595   0.03328   0.07403   0.03759   0.03387   0.04384   0.00000   0.22381   0.13212   0.05285   0.00000   0.11681   0.04677   0.06223   0.01659   0.03522   0.03116   4.62191   1.67506   0.95522   1.56178   0.94100  
 30  0.0915   2013.961796  x:  0.19254   0.00000   0.38710   0.12825   0.05970   0.03071   0.12360   0.03674   0.06569   0.04031   0.04234   0.04615   0.00000   0.20005   0.14670   0.05467   0.00000   0.11315   0.03726   0.04929   0.03168   0.04642   0.04715   4.37377   1.58894   0.89709   1.48420   0.87184  
 31  0.1114   2012.297750  x:  0.21068   0.00000   0.31596   0.12931   0.05519   0.03603   0.12204   0.03468   0.06410   0.03802   0.04173   0.04158   0.00000   0.19857   0.13774   0.05099   0.00000   0.11872   0.03063   0.05341   0.04339   0.04058   0.04360   4.51472   1.69383   0.95694   1.56234   0.93852  
 32  0.1276   2011.388764  x:  0.18773   0.00000   0.28445   0.14618   0.06197   0.03425   0.12376   0.03360   0.06831   0.03749   0.03765   0.04014   0.00000   0.18815   0.15388   0.05062   0.00000   0.11873   0.03698   0.05277   0.04790   0.03652   0.03526   4.56502   1.68830   0.94982   1.56673   0.91685  
 33  0.0340   2009.432258  x:  0.20188   0.00000   0.27603   0.13348   0.06404   0.01468   0.13018   0.03339   0.06896   0.03755   0.03427   0.04152   0.00000   0.23441   0.14755   0.05413   0.00000   0.11952   0.04703   0.05250   0.04213   0.04014   0.03386   4.58219   1.59943   0.89990   1.50932   0.87954  
 34  0.0428   2008.723501  x:  0.19303   0.00000   0.26607   0.13742   0.06504   0.00678   0.13131   0.03464   0.06695   0.03824   0.03880   0.04207   0.00000   0.23129   0.15617   0.05367   0.00000   0.12159   0.04505   0.05304   0.04082   0.04069   0.03874   4.52379   1.63789   0.91881   1.52351   0.90518  
 35  0.0910   2008.475809  x:  0.18900   0.00000   0.25404   0.14033   0.06397   0.00982   0.12946   0.03521   0.06586   0.03850   0.04092   0.04177   0.00000   0.21803   0.15919   0.05257   0.00000   0.12222   0.04004   0.05306   0.04319   0.04067   0.04161   4.47964   1.66955   0.93531   1.54082   0.91525  
 36  0.0996   2008.311169  x:  0.19018   0.00000   0.26066   0.13987   0.06404   0.00759   0.12749   0.03517   0.06674   0.03837   0.04052   0.04071   0.00000   0.20782   0.15813   0.05156   0.00000   0.12270   0.03487   0.05291   0.04037   0.03985   0.04166   4.48515   1.68434   0.94296   1.55622   0.90874  
 37  0.0180   2008.033715  x:  0.19376   0.00000   0.25315   0.13513   0.06060   0.00713   0.12386   0.03465   0.06689   0.03832   0.03794   0.04151   0.00000   0.20397   0.14575   0.05257   0.00000   0.11917   0.03680   0.05400   0.03724   0.03957   0.03681   4.52662   1.64475   0.91644   1.53963   0.90148  
 38  0.0168   2007.219400  x:  0.18399   0.00000   0.26815   0.14023   0.05700   0.01062   0.12259   0.03401   0.06396   0.03758   0.03794   0.04231   0.00000   0.18612   0.14220   0.05237   0.00000   0.11366   0.04298   0.05038   0.02219   0.04139   0.03943   4.49541   1.65313   0.92496   1.52535   0.90579  
 39  0.0103   2006.254114  x:  0.18559   0.00000   0.23024   0.14574   0.05930   0.00992   0.12484   0.03368   0.06392   0.03656   0.04100   0.04037   0.00000   0.18984   0.15178   0.05085   0.00000   0.11593   0.04517   0.04830   0.01212   0.04117   0.04225   4.43437   1.68285   0.94310   1.53992   0.90367  
 40  0.0505   2005.978118  x:  0.18723   0.00000   0.22291   0.14369   0.06221   0.01016   0.12732   0.03436   0.06566   0.03737   0.04105   0.03997   0.00000   0.20477   0.15830   0.05139   0.00000   0.12081   0.04128   0.05208   0.01539   0.04038   0.04156   4.46662   1.68150   0.93855   1.55233   0.90895  
 41  0.0429   2005.885751  x:  0.18786   0.00000   0.23016   0.14145   0.06296   0.01037   0.12770   0.03466   0.06634   0.03786   0.04049   0.04027   0.00000   0.20943   0.15853   0.05187   0.00000   0.12214   0.03919   0.05335   0.01239   0.04012   0.04044   4.49008   1.67592   0.93337   1.55476   0.91018  
 42  0.0438   2005.876073  x:  0.18649   0.00000   0.22865   0.14145   0.06298   0.01064   0.12782   0.03474   0.06630   0.03807   0.03975   0.04074   0.00000   0.20853   0.15847   0.05213   0.00000   0.12178   0.03777   0.05257   0.01248   0.04025   0.04001   4.48730   1.67388   0.93198   1.55109   0.90661  
 43  0.0073   2005.875775  x:  0.18664   0.00000   0.22892   0.14154   0.06296   0.01078   0.12784   0.03475   0.06624   0.03807   0.03980   0.04071   0.00000   0.20835   0.15829   0.05211   0.00000   0.12156   0.03779   0.05263   0.01248   0.04018   0.04001   4.48485   1.67360   0.93222   1.54975   0.90657  
 44  0.0027   2005.875767  x:  0.18660   0.00000   0.22887   0.14157   0.06295   0.01080   0.12783   0.03475   0.06625   0.03807   0.03979   0.04071   0.00000   0.20836   0.15830   0.05211   0.00000   0.12156   0.03780   0.05262   0.01247   0.04020   0.04002   4.48494   1.67370   0.93221   1.54988   0.90674  
 45  0.0003   2005.875766  x:  0.18661   0.00000   0.22887   0.14157   0.06295   0.01080   0.12783   0.03475   0.06625   0.03807   0.03979   0.04071   0.00000   0.20837   0.15831   0.05211   0.00000   0.12157   0.03780   0.05262   0.01248   0.04020   0.04002   4.48503   1.67372   0.93222   1.54993   0.90672  
 46  0.0001   2005.875766  x:  0.18661   0.00000   0.22887   0.14157   0.06295   0.01080   0.12783   0.03475   0.06625   0.03807   0.03979   0.04071   0.00000   0.20837   0.15831   0.05211   0.00000   0.12157   0.03780   0.05262   0.01248   0.04020   0.04002   4.48503   1.67372   0.93222   1.54993   0.90671  
 47  0.0000   2005.875766  x:  0.18661   0.00000   0.22887   0.14157   0.06295   0.01080   0.12783   0.03475   0.06625   0.03807   0.03979   0.04071   0.00000   0.20837   0.15831   0.05211   0.00000   0.12157   0.03780   0.05262   0.01248   0.04020   0.04002   4.48503   1.67372   0.93222   1.54993   0.90671  
 48  0.0000   2005.875766  x:  0.18661   0.00000   0.22887   0.14157   0.06295   0.01080   0.12783   0.03475   0.06625   0.03807   0.03979   0.04071   0.00000   0.20837   0.15831   0.05211   0.00000   0.12157   0.03780   0.05262   0.01248   0.04020   0.04002   4.48503   1.67372   0.93222   1.54993   0.90671  