

TREE # 1

  0  0.0000   2043.574398  x:  0.05870   0.00789   0.14633   0.03403   0.07304   0.07129   0.05486   0.03894   0.08001   0.05712   0.05899   0.09704   0.00000   0.08087   0.02179   0.06268   0.05655   0.05123   0.04459   0.04755   0.08600   0.04247   0.11438   0.07732   2.00000   1.25883   0.89063   1.28995   0.40000  
  1 99.0000   2043.573128  x:  0.05870   0.00789   0.14634   0.03403   0.07304   0.07129   0.05486   0.03894   0.08000   0.05712   0.05899   0.09704   0.00000   0.08087   0.02179   0.06268   0.05654   0.05123   0.04458   0.04755   0.08600   0.04247   0.11438   0.07732   2.00000   1.25883   0.89063   1.28995   0.40000  
  2 486.1858   2023.442535  x:  0.06728   0.00696   0.17392   0.03329   0.05440   0.04736   0.05898   0.00000   0.06520   0.05701   0.05220   0.10809   0.00000   0.08560   0.02344   0.03280   0.03293   0.05440   0.00284   0.04322   0.07831   0.02385   0.13083   0.08593   2.01568   1.28227   0.86321   1.30826   0.38128  
  3 483.1757   2022.929796  x:  0.06762   0.00690   0.17500   0.03327   0.05368   0.04644   0.05916   0.00033   0.06463   0.05704   0.05193   0.10852   0.00000   0.08585   0.02350   0.03164   0.03203   0.05453   0.00142   0.04305   0.07801   0.02315   0.13147   0.08628   2.01629   1.28317   0.86215   1.30898   0.38060  
  4 1121.6548   2017.340047  x:  0.07316   0.00555   0.19282   0.03306   0.04173   0.03136   0.06199   0.00182   0.05511   0.05824   0.04762   0.11556   0.00000   0.09099   0.02427   0.01256   0.01753   0.05683   0.00706   0.04053   0.07311   0.01226   0.14211   0.09185   2.02692   1.29850   0.84418   1.32123   0.37022  
  5 851.3511   2012.714114  x:  0.07742   0.00000   0.21414   0.03445   0.03255   0.02305   0.06344   0.00233   0.04669   0.06482   0.04451   0.12255   0.00000   0.10379   0.02555   0.02192   0.02313   0.05872   0.00861   0.04153   0.06870   0.02952   0.15358   0.09614   2.04564   1.32265   0.81616   1.34184   0.36472  
  6 218.5661   2007.053364  x:  0.08132   0.00000   0.24914   0.03674   0.04770   0.05889   0.06208   0.00233   0.05066   0.07775   0.04612   0.13112   0.00000   0.12954   0.01700   0.02583   0.03472   0.06038   0.00969   0.04485   0.06471   0.01892   0.16828   0.10013   2.09277   1.37460   0.75841   1.39011   0.38256  
  7 214.2716   2001.330394  x:  0.07732   0.00000   0.25835   0.02964   0.05624   0.05242   0.06068   0.00209   0.06915   0.07454   0.05204   0.12114   0.00000   0.14108   0.04263   0.01650   0.02103   0.05849   0.00892   0.03606   0.07682   0.02853   0.16112   0.09627   2.16494   1.43021   0.71219   1.45220   0.46561  
  8 150.1411   1996.309403  x:  0.07664   0.00000   0.25280   0.03547   0.04775   0.02947   0.06215   0.00207   0.06722   0.07004   0.04953   0.11125   0.00000   0.13797   0.02511   0.02873   0.02475   0.05904   0.00840   0.04165   0.07804   0.01143   0.15030   0.09569   2.23013   1.47095   0.69247   1.50205   0.53583  
  9 249.4999   1994.456582  x:  0.07833   0.00000   0.24652   0.03714   0.04305   0.03043   0.06270   0.00191   0.06064   0.07024   0.04614   0.10984   0.00000   0.13366   0.01135   0.02063   0.02515   0.05997   0.00795   0.04296   0.07433   0.01836   0.14685   0.09742   2.25878   1.48495   0.69393   1.52112   0.56044  
 10 234.6021   1992.014726  x:  0.08418   0.00000   0.23212   0.04032   0.03291   0.03925   0.06399   0.00175   0.04049   0.07517   0.03823   0.11313   0.00000   0.12596   0.02010   0.01542   0.03221   0.06255   0.00773   0.04466   0.06228   0.01750   0.14535   0.10336   2.30989   1.50420   0.71189   1.55068   0.59094  
 11 214.2358   1987.992760  x:  0.09373   0.00000   0.21048   0.03435   0.03917   0.04179   0.06581   0.00177   0.03537   0.08296   0.04077   0.13011   0.00000   0.12379   0.01827   0.02916   0.01337   0.06409   0.00813   0.03652   0.04938   0.01762   0.15757   0.11306   2.40817   1.53211   0.77187   1.59914   0.61430  
 12 170.9708   1981.121018  x:  0.10744   0.00000   0.17977   0.02872   0.04755   0.02598   0.06915   0.00181   0.05889   0.09091   0.05078   0.16206   0.00000   0.13567   0.01715   0.01811   0.03570   0.06564   0.00789   0.03273   0.04994   0.01484   0.18834   0.12706   2.61891   1.58424   0.91452   1.69660   0.64695  
 13 475.1788   1975.383340  x:  0.10132   0.00000   0.18968   0.05477   0.03490   0.03515   0.06667   0.00164   0.06234   0.08222   0.04534   0.16514   0.00000   0.15932   0.01934   0.01795   0.02430   0.06459   0.00766   0.05651   0.08897   0.01603   0.20277   0.12122   2.81087   1.62018   1.05484   1.77642   0.66994  
 14 366.8196   1970.436358  x:  0.08144   0.00000   0.23997   0.03644   0.04140   0.03566   0.06469   0.00167   0.04528   0.07568   0.03568   0.13316   0.00000   0.17834   0.01580   0.01826   0.03091   0.06497   0.00776   0.04010   0.08953   0.01277   0.19036   0.10154   2.96338   1.63548   1.16956   1.82845   0.68558  
 15 233.9018   1969.059402  x:  0.08364   0.00000   0.26380   0.04322   0.03866   0.03598   0.06726   0.00165   0.05256   0.08239   0.05057   0.11560   0.00000   0.17682   0.01768   0.01743   0.02935   0.06623   0.00779   0.04415   0.07385   0.01402   0.17529   0.10380   3.01361   1.63475   1.20212   1.83989   0.68847  
 16 130.3823   1968.721487  x:  0.09001   0.00000   0.27162   0.04141   0.03987   0.03600   0.06691   0.00171   0.05896   0.08340   0.04169   0.11563   0.00000   0.17371   0.01837   0.01851   0.02872   0.06527   0.00798   0.04698   0.07265   0.01461   0.16645   0.11018   3.03073   1.62905   1.20612   1.83803   0.68886  
 17 41.8693   1968.295037  x:  0.09538   0.00000   0.27887   0.04257   0.04081   0.03606   0.06513   0.00177   0.05509   0.08310   0.04729   0.12677   0.00000   0.17012   0.01777   0.01918   0.03058   0.06457   0.00816   0.04112   0.08042   0.01449   0.15464   0.11558   3.06713   1.60685   1.19947   1.82291   0.68980  
 18 28.6403   1965.695321  x:  0.08238   0.00000   0.28410   0.02918   0.04194   0.03416   0.07438   0.00167   0.05421   0.08689   0.05191   0.15716   0.00000   0.16720   0.01941   0.01782   0.02817   0.07138   0.00804   0.06231   0.07401   0.01563   0.15066   0.10273   3.33008   1.43348   1.12373   1.69393   0.69237  
 19 69.2259   1962.427457  x:  0.07801   0.00000   0.27905   0.05047   0.04269   0.03398   0.06966   0.00172   0.06182   0.08400   0.04156   0.15981   0.00000   0.16584   0.02034   0.01804   0.02812   0.06589   0.00816   0.04526   0.06280   0.01681   0.16710   0.09856   3.66111   1.21839   1.02422   1.52729   0.68944  
 20 447.8316   1960.984991  x:  0.09010   0.00000   0.26907   0.03809   0.03607   0.03792   0.06620   0.00172   0.05925   0.08443   0.04732   0.13863   0.00000   0.16801   0.01936   0.01938   0.02829   0.06527   0.00822   0.04488   0.07285   0.01555   0.17819   0.11073   3.80771   1.13017   0.97882   1.44938   0.68321  
 21 275.4098   1960.785251  x:  0.09231   0.00000   0.26544   0.04001   0.04354   0.03532   0.06829   0.00169   0.05512   0.08569   0.04714   0.13398   0.00000   0.17056   0.01996   0.01809   0.02806   0.06714   0.00810   0.04714   0.07482   0.01606   0.17674   0.11295   3.83005   1.12216   0.97227   1.43440   0.68072  
 22 66.4445   1960.476658  x:  0.09144   0.00000   0.25591   0.04035   0.04012   0.03602   0.07229   0.00155   0.05646   0.08769   0.04550   0.13214   0.00000   0.18196   0.01964   0.01745   0.02692   0.06957   0.00778   0.04389   0.07448   0.01513   0.16484   0.11210   3.86753   1.12750   0.96418   1.39760   0.67566  
 23 30.7115   1960.229475  x:  0.09224   0.00000   0.25626   0.03966   0.04086   0.03515   0.06440   0.00160   0.05510   0.08421   0.04695   0.13385   0.00000   0.18480   0.01989   0.01695   0.02675   0.06439   0.00777   0.04710   0.07098   0.01534   0.16510   0.11291   3.89940   1.13934   0.96136   1.36010   0.67893  
 24 35.7274   1959.985440  x:  0.09288   0.00000   0.26207   0.04012   0.04098   0.03618   0.06947   0.00162   0.05599   0.08379   0.04694   0.13494   0.00000   0.17715   0.01991   0.01804   0.02754   0.06830   0.00801   0.04583   0.07296   0.01586   0.17285   0.11354   3.93310   1.15460   0.96015   1.31974   0.68570  
 25 48.2431   1959.966574  x:  0.09224   0.00000   0.26229   0.04011   0.04089   0.03580   0.06887   0.00161   0.05598   0.08743   0.04657   0.13477   0.00000   0.17597   0.01980   0.01788   0.02743   0.06700   0.00797   0.04567   0.07403   0.01570   0.17326   0.11291   3.93675   1.15598   0.96005   1.31807   0.68595  
 26  7.7606   1959.190128  x:  0.09193   0.00000   0.25953   0.04017   0.04054   0.03446   0.05610   0.00164   0.05679   0.08883   0.04540   0.12941   0.00000   0.17212   0.02010   0.01794   0.02660   0.08135   0.00770   0.04341   0.07494   0.01611   0.17476   0.11233   4.15776   1.21174   0.95533   1.37077   0.68393  
 27  4.0594   1958.046607  x:  0.09413   0.00000   0.25631   0.03908   0.04028   0.03489   0.06857   0.00148   0.05427   0.08320   0.04579   0.12182   0.00000   0.17042   0.02046   0.01817   0.02638   0.06449   0.00751   0.04099   0.07489   0.01705   0.17802   0.11414   4.48511   1.29356   0.94880   1.44985   0.68248  
 28 311.5601   1953.907576  x:  0.10904   0.00000   0.28999   0.03899   0.03264   0.02426   0.07195   0.00089   0.04714   0.09393   0.04203   0.13468   0.00000   0.20711   0.02017   0.01360   0.02000   0.07103   0.00535   0.03602   0.06233   0.01685   0.19778   0.12975   4.76211   1.33250   0.99793   1.51057   0.82024  
 29  0.4186   1951.983150  x:  0.10578   0.00000   0.27723   0.03731   0.03645   0.03166   0.06973   0.00259   0.04387   0.10145   0.04258   0.12956   0.00000   0.22106   0.02131   0.02466   0.02435   0.07007   0.01056   0.03585   0.05967   0.02247   0.19068   0.12706   5.02624   1.34264   1.02830   1.53108   0.91786  
 30  0.8462   1950.947408  x:  0.10411   0.00000   0.28224   0.03818   0.03870   0.03358   0.07080   0.00284   0.05292   0.10002   0.04302   0.14088   0.00000   0.22226   0.02104   0.02068   0.02198   0.07085   0.01072   0.04399   0.06844   0.02098   0.18994   0.12557   5.42489   1.28348   0.94735   1.46685   0.98103  
 31  0.2945   1950.680719  x:  0.10325   0.00000   0.28842   0.03873   0.03913   0.03209   0.07003   0.00298   0.05181   0.09746   0.04447   0.13141   0.00000   0.22368   0.02066   0.01828   0.02413   0.06935   0.01029   0.03774   0.06880   0.01941   0.18814   0.12497   5.57085   1.27005   0.94630   1.45475   1.02671  
 32  0.1081   1950.598128  x:  0.10266   0.00000   0.28820   0.03862   0.03806   0.03144   0.07063   0.00299   0.05002   0.09704   0.04465   0.12990   0.00000   0.22333   0.02066   0.01913   0.02363   0.07008   0.00945   0.04128   0.06693   0.01787   0.18670   0.12457   5.58798   1.28597   0.95908   1.47067   1.05470  
 33  0.0264   1950.522244  x:  0.10137   0.00000   0.28468   0.03835   0.03811   0.03240   0.07048   0.00302   0.05145   0.09658   0.04310   0.13335   0.00000   0.22057   0.02165   0.01914   0.02250   0.07002   0.00800   0.03911   0.06743   0.01869   0.18652   0.12356   5.54274   1.29362   0.96291   1.47686   1.08027  
 34  0.0254   1950.483656  x:  0.10227   0.00000   0.28209   0.03839   0.03923   0.03220   0.07018   0.00311   0.05083   0.09704   0.04452   0.13300   0.00000   0.21748   0.02125   0.01887   0.02376   0.06974   0.00694   0.03974   0.06743   0.01882   0.18716   0.12462   5.48041   1.28269   0.95217   1.46476   1.08125  
 35  0.0311   1950.442158  x:  0.10334   0.00000   0.28438   0.03848   0.03822   0.03167   0.07025   0.00354   0.05221   0.09771   0.04445   0.12955   0.00000   0.21934   0.02036   0.01990   0.02382   0.06939   0.00664   0.03974   0.06835   0.01962   0.18628   0.12575   5.42589   1.28131   0.95648   1.46642   1.06250  
 36  0.0155   1950.384200  x:  0.10219   0.00000   0.28829   0.03924   0.03841   0.03267   0.07062   0.00441   0.05151   0.09680   0.04376   0.13279   0.00000   0.22338   0.02021   0.01922   0.02356   0.06990   0.00586   0.03974   0.06716   0.01926   0.18608   0.12478   5.47978   1.28583   0.95096   1.46958   1.06080  
 37  0.0172   1950.356974  x:  0.10125   0.00000   0.28648   0.03819   0.03889   0.03137   0.07007   0.00510   0.05066   0.09699   0.04404   0.13190   0.00000   0.22338   0.02109   0.01921   0.02360   0.06983   0.00638   0.03978   0.06827   0.01935   0.18695   0.12389   5.51049   1.28417   0.95401   1.46682   1.05912  
 38  0.0162   1950.345335  x:  0.10198   0.00000   0.28477   0.03836   0.03857   0.03190   0.07015   0.00557   0.05127   0.09731   0.04413   0.13185   0.00000   0.22075   0.02114   0.01914   0.02364   0.06981   0.00614   0.03963   0.06745   0.01881   0.18760   0.12473   5.49546   1.28408   0.95674   1.46728   1.06003  
 39  0.0096   1950.344231  x:  0.10214   0.00000   0.28486   0.03857   0.03855   0.03183   0.07026   0.00568   0.05116   0.09718   0.04408   0.13234   0.00000   0.22049   0.02107   0.01916   0.02345   0.06977   0.00628   0.03968   0.06754   0.01884   0.18717   0.12488   5.50181   1.28403   0.95565   1.46770   1.05907  
 40  0.0055   1950.344132  x:  0.10216   0.00000   0.28491   0.03846   0.03856   0.03181   0.07026   0.00570   0.05111   0.09713   0.04408   0.13225   0.00000   0.22038   0.02104   0.01913   0.02341   0.06978   0.00626   0.03967   0.06759   0.01889   0.18706   0.12491   5.50031   1.28422   0.95570   1.46791   1.05985  
 41  0.0015   1950.344113  x:  0.10216   0.00000   0.28498   0.03847   0.03856   0.03182   0.07025   0.00571   0.05112   0.09713   0.04408   0.13221   0.00000   0.22039   0.02101   0.01913   0.02343   0.06979   0.00627   0.03965   0.06754   0.01890   0.18707   0.12491   5.49828   1.28422   0.95566   1.46784   1.06003  
 42  0.0012   1950.344110  x:  0.10214   0.00000   0.28497   0.03848   0.03856   0.03182   0.07025   0.00571   0.05112   0.09713   0.04408   0.13223   0.00000   0.22042   0.02102   0.01914   0.02343   0.06978   0.00627   0.03966   0.06756   0.01889   0.18708   0.12490   5.49720   1.28422   0.95559   1.46781   1.06013  
 43  0.0007   1950.344109  x:  0.10214   0.00000   0.28497   0.03848   0.03856   0.03182   0.07026   0.00571   0.05112   0.09713   0.04408   0.13222   0.00000   0.22042   0.02102   0.01913   0.02343   0.06978   0.00627   0.03966   0.06756   0.01889   0.18708   0.12490   5.49708   1.28422   0.95558   1.46782   1.06010  
 44  0.0001   1950.344109  x:  0.10214   0.00000   0.28497   0.03848   0.03856   0.03182   0.07026   0.00571   0.05112   0.09713   0.04408   0.13222   0.00000   0.22042   0.02103   0.01913   0.02343   0.06978   0.00627   0.03966   0.06756   0.01889   0.18708   0.12490   5.49702   1.28422   0.95558   1.46782   1.06009  
 45  0.0001   1950.344109  x:  0.10214   0.00000   0.28497   0.03848   0.03856   0.03182   0.07026   0.00571   0.05112   0.09713   0.04408   0.13222   0.00000   0.22042   0.02103   0.01913   0.02343   0.06978   0.00627   0.03966   0.06756   0.01889   0.18708   0.12490   5.49701   1.28422   0.95558   1.46782   1.06009  