

TREE # 1

  0  0.0000   2005.131107  x:  0.20925   0.02571   0.03211   0.02495   0.05815   0.02188   0.05666   0.08536   0.02661   0.17168   0.20925   0.02571   0.03211   0.02495   0.05815   0.02188   0.05666   0.08536   0.02661   0.17168   0.21568   8.40433   1.81215   1.34172   1.54436   1.00000  
  1 99.0000   1987.796776  x:  0.20247   0.01752   0.05144   0.01827   0.05022   0.05528   0.06654   0.08714   0.03297   0.18109   0.19820   0.08030   0.02932   0.04333   0.05330   0.01097   0.06521   0.08308   0.09583   0.17508   0.21889   8.40433   1.81110   1.33876   1.54762   0.99944  
  2 513.6764   1984.936801  x:  0.18400   0.01061   0.06131   0.01623   0.03328   0.04747   0.07606   0.09038   0.03611   0.20314   0.16628   0.08031   0.02653   0.03365   0.04687   0.02662   0.08100   0.07234   0.09993   0.18384   0.22761   8.40435   1.80834   1.33055   1.55652   0.99764  
  3 104.5242   1982.581874  x:  0.16222   0.02176   0.06587   0.01979   0.03207   0.04295   0.08099   0.09299   0.03769   0.22633   0.12786   0.07798   0.03099   0.02892   0.04434   0.01240   0.09082   0.06274   0.10035   0.19386   0.23760   8.40438   1.80475   1.31962   1.56825   0.99522  
  4 173.1335   1981.442681  x:  0.14773   0.01394   0.06206   0.01673   0.04271   0.04618   0.07891   0.09274   0.03351   0.23975   0.10298   0.07637   0.03384   0.03476   0.04851   0.01143   0.09031   0.06100   0.09822   0.20036   0.24409   8.40440   1.80169   1.31019   1.57822   0.99308  
  5 126.1389   1981.174296  x:  0.14304   0.01775   0.05850   0.01889   0.04249   0.04873   0.07576   0.09171   0.03433   0.24340   0.09743   0.07722   0.03357   0.03583   0.04998   0.01606   0.08537   0.06368   0.09853   0.20304   0.24666   8.40442   1.79982   1.30426   1.58434   0.99168  
  6 56.8014   1980.867491  x:  0.13784   0.01552   0.05416   0.01795   0.03655   0.04923   0.07135   0.08978   0.03524   0.24735   0.09517   0.07808   0.03182   0.03404   0.04945   0.01354   0.07685   0.06813   0.09844   0.20686   0.25026   8.40446   1.79638   1.29345   1.59544   0.98903  
  7 58.4200   1980.314673  x:  0.13204   0.01545   0.06162   0.01831   0.04080   0.04363   0.07084   0.08758   0.03388   0.25337   0.10535   0.07831   0.03179   0.03645   0.04458   0.01436   0.06952   0.07024   0.09881   0.21562   0.25852   8.40461   1.78463   1.25709   1.63265   0.97983  
  8 40.1784   1979.745737  x:  0.13430   0.01620   0.05938   0.01600   0.03898   0.05145   0.07412   0.08849   0.03569   0.25381   0.11340   0.07486   0.03186   0.03592   0.05204   0.01349   0.07654   0.06840   0.09691   0.22008   0.26340   8.40484   1.76947   1.21244   1.67847   0.96781  
  9 76.9251   1979.554203  x:  0.13814   0.01403   0.05637   0.02159   0.03906   0.05094   0.07368   0.08930   0.03447   0.25031   0.11144   0.07534   0.03102   0.03548   0.05043   0.01305   0.07918   0.06739   0.09781   0.21782   0.26197   8.40496   1.76313   1.19583   1.69580   0.96266  
 10 65.1471   1979.308522  x:  0.14409   0.01564   0.05326   0.01773   0.03975   0.04730   0.07175   0.09023   0.03359   0.24316   0.10533   0.07675   0.03083   0.03506   0.04645   0.01375   0.08074   0.06627   0.09962   0.21181   0.25748   8.40515   1.75458   1.17536   1.71750   0.95560  
 11 86.5150   1979.226290  x:  0.14457   0.01486   0.05743   0.01800   0.03888   0.04690   0.07201   0.08962   0.03532   0.23911   0.10182   0.07646   0.03308   0.03462   0.04858   0.01385   0.07828   0.06615   0.09938   0.20716   0.25344   8.40526   1.75058   1.16858   1.72537   0.95214  
 12 28.6984   1979.208216  x:  0.14272   0.01519   0.05820   0.01796   0.03859   0.04801   0.07286   0.08921   0.03426   0.23819   0.10160   0.07566   0.03149   0.03484   0.04810   0.01373   0.07763   0.06560   0.09916   0.20532   0.25137   8.40534   1.74884   1.16768   1.72717   0.95049  
 13 10.4238   1979.196160  x:  0.13993   0.01509   0.05724   0.01798   0.03870   0.04789   0.07328   0.08913   0.03481   0.23811   0.10251   0.07565   0.03233   0.03493   0.04756   0.01380   0.07825   0.06582   0.09932   0.20384   0.24907   8.40546   1.74644   1.16795   1.72845   0.94811  
 14  7.1458   1979.189715  x:  0.13937   0.01522   0.05722   0.01800   0.03889   0.04712   0.07262   0.08940   0.03435   0.23870   0.10291   0.07618   0.03179   0.03449   0.04868   0.01377   0.07863   0.06594   0.09954   0.20367   0.24788   8.40561   1.74386   1.16899   1.72917   0.94549  
 15  5.0279   1979.171736  x:  0.14095   0.01526   0.05783   0.01800   0.03850   0.04784   0.07150   0.08994   0.03458   0.24097   0.10310   0.07663   0.03182   0.03538   0.04803   0.01370   0.07869   0.06598   0.09833   0.20466   0.24583   8.40618   1.73434   1.17352   1.73105   0.93571  
 16  7.9856   1979.164670  x:  0.14168   0.01523   0.05749   0.01794   0.03901   0.04803   0.07274   0.08951   0.03443   0.24122   0.10297   0.07656   0.03205   0.03439   0.04793   0.01380   0.07807   0.06620   0.09863   0.20504   0.24611   8.40645   1.73019   1.17546   1.73160   0.93143  
 17 10.2008   1979.161132  x:  0.14173   0.01527   0.05717   0.01797   0.03873   0.04748   0.07338   0.08915   0.03449   0.24062   0.10286   0.07622   0.03194   0.03512   0.04826   0.01375   0.07793   0.06612   0.09899   0.20505   0.24716   8.40662   1.72790   1.17641   1.73165   0.92902  
 18  6.4172   1979.158131  x:  0.14118   0.01521   0.05742   0.01797   0.03882   0.04769   0.07267   0.08924   0.03460   0.23932   0.10283   0.07587   0.03194   0.03488   0.04811   0.01376   0.07829   0.06608   0.09924   0.20480   0.24899   8.40684   1.72577   1.17701   1.73128   0.92675  
 19  4.0543   1979.157721  x:  0.14108   0.01525   0.05743   0.01797   0.03871   0.04771   0.07276   0.08947   0.03436   0.23913   0.10284   0.07618   0.03208   0.03488   0.04812   0.01378   0.07826   0.06608   0.09899   0.20475   0.24922   8.40692   1.72544   1.17678   1.73089   0.92635  
 20  1.1385   1979.157223  x:  0.14100   0.01522   0.05740   0.01797   0.03883   0.04769   0.07291   0.08965   0.03461   0.23902   0.10283   0.07653   0.03186   0.03487   0.04812   0.01376   0.07821   0.06605   0.09868   0.20470   0.24937   8.40708   1.72497   1.17620   1.73008   0.92581  
 21  1.6314   1979.151836  x:  0.14114   0.01527   0.05749   0.01796   0.03886   0.04773   0.07278   0.08859   0.03449   0.23938   0.10293   0.07663   0.03185   0.03492   0.04813   0.01370   0.07854   0.06651   0.09849   0.20465   0.24930   8.40918   1.71947   1.16756   1.71874   0.91964  
 22  2.3693   1979.150193  x:  0.14117   0.01523   0.05734   0.01796   0.03887   0.04772   0.07271   0.08936   0.03453   0.23951   0.10306   0.07615   0.03198   0.03491   0.04818   0.01374   0.07809   0.06604   0.09893   0.20477   0.24915   8.40987   1.71756   1.16492   1.71523   0.91802  
 23  6.4706   1979.149542  x:  0.14115   0.01523   0.05743   0.01796   0.03889   0.04771   0.07286   0.08973   0.03453   0.23930   0.10299   0.07594   0.03189   0.03499   0.04816   0.01370   0.07818   0.06662   0.09900   0.20507   0.24900   8.41028   1.71593   1.16409   1.71402   0.91848  
 24  0.9180   1979.146226  x:  0.14099   0.01522   0.05734   0.01795   0.03891   0.04772   0.07273   0.08930   0.03453   0.23841   0.10307   0.07616   0.03197   0.03494   0.04820   0.01370   0.07811   0.06616   0.09881   0.20627   0.24850   8.41255   1.70653   1.16029   1.70819   0.92232  
 25  3.2563   1979.144577  x:  0.14131   0.01525   0.05730   0.01795   0.03896   0.04775   0.07270   0.08937   0.03450   0.23931   0.10332   0.07614   0.03194   0.03499   0.04823   0.01368   0.07800   0.06633   0.09874   0.20484   0.24909   8.41381   1.70189   1.15856   1.70551   0.92444  
 26  2.7976   1979.109734  x:  0.14380   0.01534   0.05626   0.01762   0.04015   0.04825   0.07179   0.08900   0.03422   0.23408   0.10629   0.07544   0.03195   0.03572   0.04893   0.01306   0.07623   0.06748   0.09717   0.20254   0.24671   8.47481   1.70999   1.16603   1.70499   0.92660  
 27  0.0986   1979.103783  x:  0.14358   0.01507   0.05625   0.01764   0.04043   0.04766   0.07188   0.08905   0.03403   0.23487   0.10626   0.07433   0.03185   0.03570   0.04879   0.01329   0.07653   0.06741   0.09533   0.20290   0.24691   8.51681   1.71038   1.16626   1.70584   0.92711  
 28  0.0205   1979.103162  x:  0.14350   0.01531   0.05613   0.01773   0.04026   0.04758   0.07182   0.08904   0.03411   0.23480   0.10616   0.07415   0.03188   0.03553   0.04882   0.01318   0.07642   0.06742   0.09507   0.20289   0.24697   8.51301   1.71043   1.16596   1.70647   0.92699  
 29  0.0039   1979.103109  x:  0.14353   0.01529   0.05611   0.01769   0.04019   0.04758   0.07181   0.08903   0.03412   0.23470   0.10617   0.07413   0.03186   0.03550   0.04884   0.01323   0.07639   0.06745   0.09503   0.20284   0.24694   8.50561   1.71041   1.16591   1.70642   0.92689  
 30  0.0066   1979.103103  x:  0.14353   0.01529   0.05612   0.01770   0.04021   0.04757   0.07181   0.08903   0.03411   0.23472   0.10618   0.07412   0.03186   0.03551   0.04883   0.01322   0.07640   0.06745   0.09501   0.20285   0.24694   8.50194   1.71041   1.16595   1.70634   0.92684  
 31  0.0027   1979.103103  x:  0.14353   0.01529   0.05612   0.01770   0.04021   0.04757   0.07181   0.08903   0.03411   0.23472   0.10618   0.07412   0.03186   0.03551   0.04883   0.01322   0.07640   0.06745   0.09501   0.20284   0.24694   8.50190   1.71041   1.16595   1.70635   0.92684  
 32  0.0000   1979.103103  x:  0.14353   0.01529   0.05612   0.01770   0.04021   0.04757   0.07181   0.08903   0.03411   0.23472   0.10618   0.07412   0.03186   0.03551   0.04883   0.01322   0.07640   0.06745   0.09501   0.20284   0.24694   8.50190   1.71041   1.16595   1.70635   0.92684  