

TREE # 1

  0  0.0000   2293.963067  x:  0.00235   0.08264   0.02744   0.06572   0.06211   0.09396   0.06684   0.06297   0.12433   0.06169   0.15471   0.00000   0.08541   0.02459   0.03332   0.06961   0.08202   0.03427   0.06018   0.08475   0.07941   0.15410   0.16961   2.00000   1.60666   1.12810   1.41237   0.40000  
  1 99.0000   2293.961757  x:  0.00235   0.08265   0.02744   0.06572   0.06211   0.09396   0.06684   0.06297   0.12433   0.06169   0.15471   0.00000   0.08541   0.02459   0.03333   0.06961   0.08202   0.03427   0.06018   0.08475   0.07940   0.15410   0.16961   2.00000   1.60666   1.12810   1.41237   0.40000  
  2 385.6796   2291.842134  x:  0.00000   0.08600   0.02720   0.06527   0.05952   0.09428   0.06703   0.06358   0.12656   0.06221   0.15477   0.00000   0.08892   0.02067   0.03291   0.06669   0.08245   0.03336   0.06073   0.08648   0.07721   0.15512   0.17207   2.00245   1.60647   1.12768   1.41325   0.40382  
  3 364.7981   2288.640423  x:  0.01435   0.08946   0.02458   0.06306   0.04902   0.09545   0.06749   0.06528   0.13467   0.06204   0.15522   0.00000   0.09445   0.00990   0.02703   0.05449   0.08387   0.03193   0.06208   0.09137   0.06716   0.15850   0.18195   2.01532   1.60585   1.12587   1.41774   0.42161  
  4 378.1742   2283.681278  x:  0.01420   0.07868   0.01757   0.05758   0.03052   0.09741   0.06782   0.06722   0.14858   0.05801   0.15397   0.00000   0.09192   0.01763   0.01353   0.03235   0.08593   0.03266   0.06346   0.09706   0.04763   0.16382   0.19965   2.04461   1.60518   1.12211   1.42795   0.45921  
  5 356.7405   2281.234828  x:  0.01501   0.07008   0.02121   0.05458   0.02488   0.09840   0.06785   0.06775   0.15667   0.05566   0.15290   0.00000   0.08608   0.01881   0.02972   0.02384   0.08670   0.03465   0.06420   0.09893   0.03602   0.16708   0.21147   2.07178   1.60475   1.11880   1.43725   0.48954  
  6 312.4411   2273.587793  x:  0.01697   0.07719   0.04319   0.05166   0.05841   0.09998   0.06773   0.06687   0.17751   0.05598   0.15082   0.00000   0.07134   0.02280   0.02597   0.05488   0.08656   0.04137   0.06669   0.09334   0.03631   0.17900   0.25168   2.21196   1.60300   1.10247   1.48399   0.62176  
  7 233.5956   2267.573085  x:  0.01912   0.06965   0.01544   0.05705   0.06181   0.09653   0.06517   0.06253   0.16545   0.05401   0.15331   0.00000   0.09034   0.02393   0.03620   0.06046   0.08191   0.03647   0.05937   0.08442   0.07178   0.17827   0.25292   2.33626   1.60249   1.09211   1.52189   0.69922  
  8 248.9962   2260.075570  x:  0.01924   0.08037   0.04299   0.07067   0.03644   0.08902   0.06379   0.06038   0.11804   0.06831   0.15841   0.00000   0.08807   0.02469   0.03207   0.04145   0.07618   0.02525   0.05101   0.07800   0.10158   0.16253   0.21360   2.54444   1.60365   1.08137   1.57931   0.77354  
  9 282.5670   2253.295449  x:  0.01959   0.10355   0.02404   0.07180   0.03770   0.09225   0.07019   0.06906   0.09930   0.07041   0.16068   0.00000   0.08096   0.02592   0.03482   0.04023   0.08467   0.04781   0.07757   0.09749   0.08454   0.14789   0.15901   2.76472   1.60702   1.07780   1.63242   0.79607  
 10 266.5519   2243.061431  x:  0.02123   0.09007   0.03164   0.06504   0.05308   0.09807   0.06919   0.06857   0.12962   0.06550   0.15762   0.00000   0.11818   0.02668   0.03089   0.05073   0.08873   0.02851   0.07199   0.09972   0.04186   0.13750   0.10782   3.11851   1.61592   1.08213   1.70736   0.76606  
 11 338.5702   2216.545787  x:  0.02077   0.12826   0.01675   0.04853   0.04467   0.10044   0.06000   0.06149   0.17009   0.05874   0.14401   0.00000   0.10867   0.02895   0.03488   0.05284   0.08296   0.02450   0.03826   0.10409   0.01547   0.14559   0.19851   4.14469   1.64988   1.11370   1.90306   0.56507  
 12 527.7443   2210.272629  x:  0.02157   0.12173   0.03168   0.04325   0.04022   0.10470   0.06401   0.06877   0.20045   0.05513   0.14004   0.00000   0.11433   0.02946   0.03370   0.04300   0.08805   0.03343   0.06578   0.11486   0.04242   0.15647   0.22327   4.43931   1.66158   1.12589   1.95430   0.50452  
 13 1109.6101   2209.417703  x:  0.02131   0.11658   0.03068   0.06104   0.04484   0.10125   0.06979   0.07416   0.19704   0.06361   0.14632   0.00000   0.11619   0.02989   0.03352   0.04071   0.08890   0.02881   0.07523   0.11233   0.03784   0.16935   0.22896   4.47756   1.66840   1.13485   1.94762   0.49938  
 14 77.2687   2208.288758  x:  0.02096   0.11303   0.03386   0.04877   0.04461   0.09502   0.07151   0.06934   0.18588   0.06732   0.16310   0.00000   0.12396   0.02995   0.03280   0.04286   0.09118   0.03705   0.07756   0.10869   0.03380   0.19677   0.22928   4.53305   1.69127   1.16599   1.90336   0.50197  
 15 48.6322   2206.807274  x:  0.02083   0.11946   0.03268   0.04758   0.04579   0.10074   0.06861   0.07252   0.18834   0.05343   0.17169   0.00000   0.11552   0.03025   0.03416   0.04211   0.09294   0.02345   0.07405   0.11658   0.03891   0.21323   0.22392   4.60571   1.72728   1.21372   1.82720   0.51159  
 16 97.6862   2205.661717  x:  0.02080   0.12176   0.03322   0.05930   0.04280   0.10758   0.06544   0.07489   0.19862   0.05810   0.16649   0.00000   0.11691   0.03022   0.03442   0.04242   0.08961   0.03655   0.06315   0.11836   0.04240   0.20688   0.22195   4.66960   1.76062   1.25557   1.75268   0.52179  
 17 136.6352   2204.877318  x:  0.02141   0.12180   0.03101   0.05395   0.04207   0.10561   0.07017   0.07108   0.19924   0.06932   0.15484   0.00000   0.11859   0.03068   0.03506   0.04426   0.08769   0.03112   0.07257   0.11435   0.04144   0.18580   0.22786   4.71261   1.78315   1.28021   1.69858   0.52907  
 18 94.9884   2204.716084  x:  0.02148   0.12165   0.03298   0.05493   0.04515   0.10143   0.07101   0.07247   0.19527   0.06255   0.15267   0.00000   0.12248   0.03075   0.03456   0.04212   0.09043   0.03267   0.07419   0.11308   0.03983   0.17867   0.23156   4.72190   1.78714   1.28110   1.68594   0.53026  
 19 30.6175   2204.469931  x:  0.02133   0.11780   0.03359   0.05395   0.04266   0.10144   0.06644   0.07920   0.19214   0.06502   0.15711   0.00000   0.12385   0.03052   0.03435   0.04732   0.09681   0.03139   0.07272   0.11963   0.03958   0.17560   0.23474   4.74018   1.78713   1.24927   1.65677   0.53033  
 20  9.0903   2203.721791  x:  0.02102   0.11791   0.03361   0.05417   0.04738   0.10675   0.07319   0.07085   0.19269   0.06477   0.16390   0.00000   0.12311   0.03040   0.03408   0.04119   0.09274   0.03196   0.07123   0.12167   0.04044   0.17831   0.23512   4.79494   1.78129   1.14676   1.56882   0.53011  
 21 60.9472   2203.476088  x:  0.02117   0.12080   0.03290   0.05523   0.04227   0.10284   0.06818   0.07277   0.19516   0.06152   0.15961   0.00000   0.12222   0.03057   0.03448   0.04337   0.08920   0.03230   0.07545   0.11294   0.03967   0.18352   0.23279   4.81335   1.77361   1.11596   1.54033   0.53053  
 22 53.4329   2203.294965  x:  0.02140   0.12167   0.03187   0.05235   0.04583   0.09948   0.06814   0.07761   0.19524   0.06471   0.15135   0.00000   0.12102   0.03057   0.03468   0.03910   0.09371   0.03212   0.07234   0.11034   0.04103   0.18877   0.23087   4.82719   1.75490   1.10317   1.52209   0.53174  
 23 19.0789   2202.454793  x:  0.02124   0.11778   0.03337   0.05636   0.03969   0.10115   0.07678   0.07029   0.18706   0.06150   0.13401   0.00000   0.12310   0.02986   0.03400   0.04715   0.09969   0.03149   0.07006   0.11917   0.04102   0.19987   0.23191   4.89072   1.64283   1.06726   1.44591   0.53917  
 24 39.7946   2201.050734  x:  0.01959   0.11487   0.03379   0.05523   0.04618   0.10456   0.06452   0.07158   0.18315   0.06307   0.14841   0.00000   0.12337   0.02944   0.03312   0.04202   0.08840   0.03147   0.07361   0.12090   0.04131   0.19699   0.23598   4.99332   1.45524   1.01800   1.32708   0.55143  
 25 140.6996   2200.801803  x:  0.01905   0.11651   0.03306   0.05475   0.04251   0.10267   0.07326   0.07484   0.18771   0.06225   0.15789   0.00000   0.12139   0.02951   0.03362   0.04370   0.09291   0.03161   0.07138   0.11434   0.04274   0.19346   0.23568   5.01185   1.42421   1.01032   1.30837   0.55397  
 26 54.9354   2200.611027  x:  0.01883   0.11796   0.03232   0.05769   0.04222   0.09585   0.06947   0.06677   0.19170   0.06363   0.16093   0.00000   0.11984   0.02963   0.03384   0.04264   0.10020   0.03127   0.07171   0.11485   0.04383   0.19226   0.23502   5.02297   1.42024   1.00917   1.30806   0.55636  
 27  6.3032   2190.760052  x:  0.01648   0.13934   0.03157   0.05760   0.03344   0.05114   0.08261   0.07704   0.18817   0.06906   0.16219   0.00000   0.14561   0.03436   0.03553   0.03931   0.06421   0.02615   0.06319   0.14187   0.05284   0.18899   0.25113   5.54546   1.45801   1.00210   1.45917   0.67796  
 28 15.3500   2181.554152  x:  0.01414   0.16917   0.03182   0.06114   0.02455   0.10677   0.06809   0.07388   0.16062   0.07416   0.15991   0.00000   0.18255   0.04117   0.03826   0.02537   0.08943   0.02034   0.07171   0.10987   0.05689   0.18641   0.27784   6.11902   1.50202   0.99554   1.62768   0.81045  
 29 601.8347   2174.135787  x:  0.00000   0.21099   0.02888   0.05563   0.03500   0.10725   0.07091   0.07771   0.19761   0.07142   0.15406   0.00000   0.21233   0.04898   0.04114   0.02749   0.08954   0.03165   0.07284   0.14149   0.05254   0.17779   0.28966   7.32592   1.60669   1.13957   1.58120   0.84374  
 30  0.8169   2170.542251  x:  0.00000   0.24447   0.02877   0.05129   0.02341   0.09702   0.07007   0.07492   0.20451   0.06857   0.14825   0.00000   0.23942   0.05560   0.04107   0.03601   0.09045   0.02290   0.07160   0.14333   0.04112   0.17521   0.29039   8.81762   1.48145   0.99050   1.48825   0.80545  
 31  0.8058   2169.415926  x:  0.00000   0.25297   0.02912   0.05403   0.03846   0.09562   0.06948   0.07431   0.19462   0.06863   0.15117   0.00000   0.24702   0.05825   0.04013   0.02633   0.08933   0.02292   0.06930   0.13187   0.03612   0.17782   0.28458   9.44059   1.49138   1.00994   1.54127   0.78177  
 32  0.5507   2168.674477  x:  0.00000   0.25250   0.02955   0.05742   0.03136   0.09890   0.07039   0.07583   0.18641   0.07098   0.15590   0.00000   0.24574   0.05933   0.03876   0.03163   0.08728   0.02653   0.06796   0.12218   0.03467   0.17839   0.27081   9.97502   1.57478   1.08280   1.61473   0.76071  
 33  0.3683   2167.869347  x:  0.00000   0.23889   0.02902   0.05652   0.02796   0.10340   0.07119   0.07666   0.18634   0.07382   0.15158   0.00000   0.22986   0.05871   0.03558   0.02911   0.08861   0.02446   0.07134   0.13146   0.03897   0.17248   0.24856  10.76809   1.57230   1.02337   1.59469   0.75490  
 34  0.2939   2167.492223  x:  0.00000   0.22731   0.02966   0.05510   0.03277   0.10338   0.06914   0.07562   0.18391   0.07084   0.15307   0.00000   0.22097   0.05792   0.03553   0.03196   0.09275   0.02369   0.07396   0.13241   0.04284   0.17655   0.24768  11.23737   1.53200   1.04595   1.58969   0.78170  
 35  0.2654   2167.311467  x:  0.00000   0.22215   0.03104   0.05574   0.03191   0.10169   0.07028   0.07531   0.18674   0.06860   0.15725   0.00000   0.21853   0.05759   0.03637   0.02811   0.08974   0.02658   0.07250   0.12812   0.04317   0.17705   0.25408  11.68760   1.55792   1.05181   1.58870   0.79928  
 36  0.2400   2167.234959  x:  0.00000   0.21962   0.03028   0.05597   0.03139   0.10011   0.07064   0.07578   0.18768   0.06988   0.15480   0.00000   0.21858   0.05710   0.03755   0.03102   0.08860   0.02455   0.07106   0.12821   0.04103   0.17729   0.26049  11.97916   1.56159   1.04627   1.59485   0.80229  
 37  0.1860   2167.221759  x:  0.00000   0.21908   0.02980   0.05560   0.03086   0.09990   0.07004   0.07561   0.18802   0.07022   0.15373   0.00000   0.21824   0.05653   0.03772   0.02996   0.08947   0.02502   0.07103   0.12888   0.03984   0.17761   0.26125  12.03833   1.55525   1.04751   1.59806   0.79972  
 38  0.0479   2167.216277  x:  0.00000   0.21855   0.02945   0.05542   0.03151   0.10097   0.06998   0.07531   0.18769   0.07017   0.15475   0.00000   0.21789   0.05559   0.03794   0.02987   0.08979   0.02494   0.07072   0.12942   0.03950   0.17740   0.26154  12.02938   1.56051   1.04866   1.59821   0.79812  
 39  0.0049   2167.211098  x:  0.00000   0.21864   0.02966   0.05574   0.03104   0.10181   0.07001   0.07547   0.18800   0.06986   0.15437   0.00000   0.21797   0.05405   0.03810   0.03029   0.08939   0.02495   0.07051   0.12873   0.03989   0.17743   0.26125  11.99600   1.55778   1.04905   1.59781   0.79823  
 40  0.0104   2167.208606  x:  0.00000   0.21948   0.02978   0.05559   0.03118   0.10086   0.07003   0.07555   0.18801   0.07001   0.15427   0.00000   0.21865   0.05330   0.03813   0.03016   0.08992   0.02487   0.07083   0.12883   0.04009   0.17752   0.26122  12.01507   1.55806   1.04739   1.59709   0.79928  
 41  0.0093   2167.208229  x:  0.00000   0.21967   0.02974   0.05557   0.03122   0.10075   0.07011   0.07551   0.18786   0.07012   0.15435   0.00000   0.21870   0.05322   0.03808   0.03018   0.08952   0.02492   0.07079   0.12913   0.04019   0.17741   0.26098  12.03423   1.55834   1.04827   1.59771   0.79926  
 42  0.0148   2167.208207  x:  0.00000   0.21974   0.02972   0.05561   0.03122   0.10075   0.07006   0.07551   0.18785   0.07010   0.15436   0.00000   0.21867   0.05322   0.03805   0.03022   0.08958   0.02493   0.07078   0.12911   0.04020   0.17739   0.26094  12.03918   1.55857   1.04839   1.59790   0.79915  
 43  0.0035   2167.208200  x:  0.00000   0.21980   0.02972   0.05560   0.03122   0.10078   0.07007   0.07551   0.18787   0.07009   0.15434   0.00000   0.21864   0.05322   0.03803   0.03020   0.08957   0.02492   0.07078   0.12910   0.04020   0.17740   0.26098  12.04106   1.55849   1.04834   1.59780   0.79912  
 44  0.0009   2167.208199  x:  0.00000   0.21982   0.02973   0.05559   0.03122   0.10078   0.07007   0.07551   0.18786   0.07009   0.15435   0.00000   0.21862   0.05322   0.03802   0.03021   0.08958   0.02493   0.07078   0.12911   0.04020   0.17741   0.26102  12.04061   1.55845   1.04829   1.59778   0.79914  
 45  0.0004   2167.208198  x:  0.00000   0.21982   0.02973   0.05559   0.03122   0.10078   0.07007   0.07551   0.18786   0.07010   0.15435   0.00000   0.21861   0.05322   0.03802   0.03021   0.08958   0.02493   0.07078   0.12911   0.04021   0.17740   0.26103  12.04012   1.55849   1.04834   1.59780   0.79915  
 46  0.0004   2167.208198  x:  0.00000   0.21982   0.02973   0.05560   0.03122   0.10078   0.07007   0.07551   0.18785   0.07010   0.15435   0.00000   0.21859   0.05322   0.03802   0.03021   0.08957   0.02493   0.07078   0.12911   0.04020   0.17741   0.26102  12.03997   1.55849   1.04833   1.59781   0.79914  
 47  0.0001   2167.208198  x:  0.00000   0.21982   0.02973   0.05560   0.03122   0.10078   0.07007   0.07551   0.18786   0.07010   0.15435   0.00000   0.21859   0.05322   0.03802   0.03021   0.08957   0.02493   0.07078   0.12911   0.04020   0.17740   0.26102  12.03998   1.55849   1.04833   1.59781   0.79915  
 48  0.0000   2167.208198  x:  0.00000   0.21982   0.02973   0.05560   0.03122   0.10078   0.07007   0.07551   0.18785   0.07010   0.15435   0.00000   0.21859   0.05322   0.03802   0.03021   0.08957   0.02493   0.07078   0.12911   0.04020   0.17740   0.26102  12.04002   1.55849   1.04833   1.59781   0.79915  
 49  0.0000   2167.208198  x:  0.00000   0.21982   0.02973   0.05560   0.03122   0.10078   0.07007   0.07551   0.18785   0.07010   0.15435   0.00000   0.21859   0.05322   0.03802   0.03021   0.08957   0.02493   0.07078   0.12911   0.04020   0.17740   0.26102  12.04002   1.55849   1.04833   1.59781   0.79915  
 50  0.0000   2167.208198  x:  0.00000   0.21982   0.02973   0.05560   0.03122   0.10078   0.07007   0.07551   0.18785   0.07010   0.15435   0.00000   0.21859   0.05322   0.03802   0.03021   0.08957   0.02493   0.07078   0.12911   0.04020   0.17740   0.26102  12.04002   1.55849   1.04833   1.59781   0.79915  

TREE # 2

  0  0.0000   2203.278095  x:  0.20816   0.00000   0.19119   0.08705   0.04666   0.02507   0.10552   0.02977   0.05563   0.04912   0.06903   0.05394   0.03270   0.18003   0.08747   0.06241   0.00172   0.10212   0.08418   0.05803   0.05329   0.07664   0.07585  12.04002   1.43793   1.01677   1.45256   0.79915  
  1 99.0000   2203.269621  x:  0.20816   0.00000   0.19119   0.08705   0.04666   0.02507   0.10552   0.02977   0.05563   0.04912   0.06903   0.05394   0.03270   0.18003   0.08747   0.06241   0.00173   0.10212   0.08418   0.05803   0.05329   0.07664   0.07585  12.04002   1.43793   1.01677   1.45256   0.79915  
  2 1004.7146   2179.221883  x:  0.22212   0.00000   0.19347   0.15013   0.04862   0.07106   0.12001   0.04815   0.06704   0.03320   0.08556   0.02383   0.00000   0.17685   0.14722   0.08275   0.00048   0.14486   0.07484   0.07135   0.03207   0.09209   0.07406  12.03999   1.43923   1.01467   1.45589   0.79970  
  3 391.6015   2175.841886  x:  0.23488   0.00000   0.18998   0.17275   0.03841   0.04106   0.12302   0.02998   0.07130   0.02677   0.08780   0.03208   0.00000   0.17117   0.17344   0.07688   0.00042   0.16319   0.06571   0.07431   0.03302   0.09620   0.07342  12.03995   1.44109   1.01226   1.46002   0.80009  
  4 118.2316   2175.484474  x:  0.24075   0.00000   0.18661   0.17612   0.04069   0.03547   0.12389   0.03432   0.06940   0.03627   0.08593   0.02948   0.00000   0.16721   0.17819   0.07179   0.00048   0.16597   0.06298   0.07336   0.03550   0.09529   0.07323  12.03992   1.44254   1.01066   1.46290   0.80033  
  5 48.7551   2175.313705  x:  0.24908   0.00000   0.18061   0.17576   0.04343   0.03798   0.12502   0.03263   0.06429   0.03414   0.08279   0.02946   0.00000   0.16085   0.17983   0.06722   0.00054   0.16609   0.06155   0.07178   0.03553   0.09287   0.07313  12.03986   1.44542   1.00783   1.46848   0.80070  
  6 24.2693   2175.190243  x:  0.25791   0.00000   0.17414   0.17369   0.04009   0.03752   0.12558   0.03535   0.06608   0.03301   0.08291   0.02968   0.00000   0.15467   0.17912   0.07072   0.00051   0.16474   0.06280   0.07232   0.03410   0.09189   0.07339  12.03976   1.45033   1.00354   1.47767   0.80126  
  7 20.2071   2175.119067  x:  0.26173   0.00000   0.17233   0.17336   0.04172   0.03866   0.12493   0.03210   0.06853   0.03495   0.08482   0.02908   0.00000   0.15365   0.17830   0.07273   0.00051   0.16376   0.06365   0.07308   0.03555   0.09318   0.07350  12.03966   1.45527   0.99997   1.48657   0.80171  
  8 18.4126   2174.888367  x:  0.26569   0.00000   0.17561   0.17517   0.04522   0.03711   0.12188   0.03543   0.06845   0.03161   0.08844   0.02986   0.00000   0.16011   0.17572   0.07023   0.00067   0.16131   0.06322   0.07293   0.03514   0.09819   0.07243  12.03920   1.47738   0.98714   1.52519   0.80335  
  9 22.0873   2174.696959  x:  0.26385   0.00000   0.17988   0.17577   0.03872   0.03941   0.12123   0.03334   0.06604   0.03441   0.08483   0.02870   0.00000   0.16437   0.17562   0.06996   0.00076   0.16183   0.06202   0.07224   0.03335   0.09626   0.07158  12.03879   1.49689   0.97947   1.55793   0.80441  
 10 48.6258   2174.556951  x:  0.25704   0.00000   0.18179   0.17471   0.04107   0.03870   0.12415   0.03410   0.06699   0.03306   0.08072   0.02932   0.00000   0.16278   0.17797   0.07334   0.00074   0.16476   0.06242   0.07287   0.03681   0.09050   0.07253  12.03846   1.51252   0.97989   1.58201   0.80463  
 11 31.2882   2174.411522  x:  0.24770   0.00000   0.18017   0.17212   0.04300   0.03760   0.12628   0.03324   0.06788   0.03384   0.08377   0.02866   0.00000   0.15690   0.18011   0.07166   0.00084   0.16660   0.06289   0.07264   0.03145   0.08952   0.07372  12.03809   1.52913   0.98912   1.60474   0.80410  
 12 27.8307   2174.251559  x:  0.23979   0.00000   0.17654   0.17141   0.03962   0.03951   0.12624   0.03420   0.06672   0.03345   0.08738   0.02924   0.00000   0.15133   0.18192   0.06923   0.00098   0.16722   0.06245   0.07253   0.03608   0.09363   0.07345  12.03764   1.54827   1.00619   1.62864   0.80304  
 13 43.1082   2173.920311  x:  0.23812   0.00000   0.17011   0.17686   0.04152   0.03791   0.12032   0.03373   0.06502   0.03303   0.08028   0.02711   0.00000   0.15216   0.18106   0.07458   0.00121   0.16385   0.06019   0.07285   0.03452   0.09861   0.06838  12.03667   1.58790   1.05464   1.67220   0.80013  
 14 38.3059   2173.690625  x:  0.24466   0.00000   0.17101   0.18024   0.04155   0.04059   0.12063   0.03463   0.06769   0.03490   0.08092   0.03322   0.00000   0.15722   0.18092   0.07289   0.00141   0.16286   0.06219   0.07304   0.03344   0.09399   0.07146  12.03595   1.61607   1.09160   1.70058   0.79835  
 15 60.7156   2173.550943  x:  0.25048   0.00000   0.17420   0.17966   0.04044   0.03968   0.12274   0.03413   0.06836   0.03320   0.08356   0.02806   0.00000   0.16050   0.18002   0.07131   0.00155   0.16305   0.06362   0.07287   0.03467   0.09006   0.07413  12.03553   1.63219   1.11292   1.71552   0.79768  
 16 68.2201   2173.490547  x:  0.25473   0.00000   0.17954   0.17553   0.04093   0.03952   0.12594   0.03412   0.06592   0.03382   0.08494   0.02876   0.00000   0.16013   0.17969   0.07362   0.00157   0.16632   0.06172   0.07280   0.03449   0.09199   0.07274  12.03531   1.63882   1.12047   1.71897   0.79846  
 17 13.6272   2173.452316  x:  0.25621   0.00000   0.18239   0.17336   0.04088   0.04015   0.12559   0.03433   0.06881   0.03341   0.08213   0.02839   0.00000   0.15879   0.18030   0.07158   0.00162   0.16793   0.06294   0.07361   0.03428   0.09430   0.07185  12.03514   1.64193   1.12134   1.71655   0.80054  
 18  5.0140   2173.100799  x:  0.25719   0.00000   0.18767   0.17475   0.04127   0.04095   0.11178   0.03518   0.06699   0.03293   0.08443   0.02840   0.00000   0.15276   0.18519   0.07415   0.00205   0.16926   0.06409   0.07172   0.03433   0.09144   0.07486  12.03339   1.66309   1.10886   1.67295   0.82557  
 19  7.0331   2172.652579  x:  0.25489   0.00000   0.18002   0.18070   0.04069   0.04176   0.12586   0.03494   0.06944   0.03291   0.08507   0.02818   0.00000   0.15668   0.18406   0.07314   0.00282   0.16528   0.05934   0.07445   0.03424   0.09173   0.07047  12.03111   1.68361   1.08928   1.61571   0.85431  
 20 36.7238   2172.538080  x:  0.25461   0.00000   0.17627   0.18104   0.04082   0.04109   0.12888   0.03469   0.06630   0.03351   0.08332   0.02812   0.00000   0.15992   0.18443   0.07440   0.00293   0.16885   0.06566   0.07286   0.03390   0.09576   0.07500  12.03055   1.67863   1.08388   1.60483   0.85472  
 21 12.1235   2171.736164  x:  0.25551   0.00000   0.16324   0.17572   0.04103   0.04494   0.12291   0.03624   0.07256   0.03224   0.08672   0.02702   0.00000   0.17081   0.18595   0.07419   0.00418   0.19087   0.06130   0.06592   0.03427   0.09235   0.06899  12.02686   1.59079   1.04739   1.54950   0.82274  
 22 16.3780   2170.852905  x:  0.25729   0.00000   0.16877   0.18213   0.04104   0.04650   0.12304   0.03698   0.06849   0.03280   0.08688   0.02620   0.00000   0.16504   0.19018   0.07442   0.00569   0.18754   0.05868   0.08707   0.03334   0.09261   0.07384  12.02268   1.48259   1.00658   1.49076   0.78296  
 23 83.9346   2170.477638  x:  0.25833   0.00000   0.17791   0.19037   0.04081   0.04688   0.12874   0.03670   0.07083   0.03277   0.08618   0.02615   0.00000   0.15699   0.19445   0.07691   0.00630   0.17676   0.06059   0.07507   0.03367   0.09475   0.07313  12.02098   1.43662   0.99066   1.46849   0.76802  
 24 62.2069   2170.465968  x:  0.25836   0.00000   0.17792   0.19029   0.04083   0.04676   0.12884   0.03666   0.07020   0.03291   0.08674   0.02622   0.00000   0.15723   0.19545   0.07685   0.00630   0.17643   0.06249   0.07548   0.03372   0.09417   0.07094  12.02089   1.43350   0.99110   1.46939   0.77165  
 25  3.2646   2170.425085  x:  0.25827   0.00000   0.17729   0.18916   0.04088   0.04702   0.12900   0.03671   0.07061   0.03284   0.08637   0.02607   0.00000   0.15838   0.19732   0.07716   0.00636   0.17577   0.06080   0.07538   0.03362   0.09473   0.07269  12.02055   1.42050   0.99393   1.47481   0.78999  
 26  7.7490   2170.415212  x:  0.25815   0.00000   0.17778   0.19137   0.04081   0.04700   0.12909   0.03667   0.07064   0.03283   0.08639   0.02610   0.00000   0.15701   0.19402   0.07693   0.00639   0.17772   0.06106   0.07536   0.03360   0.09453   0.07266  12.02047   1.41874   0.99456   1.47612   0.79315  
 27  2.7397   2168.669064  x:  0.26232   0.00000   0.17942   0.22237   0.04087   0.05419   0.13298   0.03904   0.07132   0.02927   0.09112   0.02271   0.00000   0.15165   0.22259   0.07683   0.00908   0.18678   0.05719   0.07681   0.02964   0.10134   0.07037  12.00471   1.58197   1.06312   1.64434   0.80159  
 28  0.4017   2168.220513  x:  0.26434   0.00000   0.17552   0.23218   0.03825   0.05525   0.12950   0.03705   0.07179   0.02980   0.08986   0.02938   0.00000   0.15385   0.23298   0.07293   0.01266   0.19609   0.05595   0.07703   0.03234   0.10105   0.07064  12.02255   1.54101   1.03405   1.57256   0.79870  
 29  0.0462   2167.760873  x:  0.26256   0.00000   0.17634   0.23098   0.03995   0.05699   0.12865   0.03825   0.07062   0.03063   0.08957   0.02057   0.00000   0.15437   0.22997   0.07236   0.01794   0.19391   0.05792   0.07577   0.03094   0.09974   0.07102  12.06685   1.51784   1.03219   1.54924   0.79322  
 30  0.0225   2167.291984  x:  0.26113   0.00000   0.17813   0.22152   0.04075   0.05491   0.13033   0.03817   0.07074   0.02976   0.08927   0.02735   0.00000   0.15195   0.22060   0.07155   0.02539   0.18541   0.05546   0.07547   0.02981   0.10024   0.07044  12.11886   1.55873   1.05648   1.61439   0.79745  
 31  0.0419   2167.216102  x:  0.26106   0.00000   0.17745   0.21778   0.03991   0.05342   0.12889   0.03779   0.07091   0.03009   0.08957   0.02503   0.00000   0.15486   0.21845   0.06989   0.02839   0.18724   0.05552   0.07568   0.03202   0.10094   0.06986  12.11118   1.56212   1.04757   1.59987   0.80146  
 32  0.0153   2167.209067  x:  0.26098   0.00000   0.17729   0.21812   0.04022   0.05320   0.12900   0.03801   0.07071   0.03031   0.08958   0.02479   0.00000   0.15446   0.21949   0.07000   0.02945   0.18797   0.05571   0.07541   0.03096   0.10075   0.07010  12.08674   1.55868   1.04830   1.59729   0.79908  
 33  0.0179   2167.208321  x:  0.26103   0.00000   0.17741   0.21861   0.04024   0.05318   0.12912   0.03804   0.07077   0.03019   0.08958   0.02492   0.00000   0.15427   0.21994   0.07013   0.02974   0.18789   0.05557   0.07550   0.03125   0.10077   0.07008  12.06756   1.55851   1.04851   1.59806   0.79920  
 34  0.0143   2167.208227  x:  0.26102   0.00000   0.17742   0.21867   0.04018   0.05322   0.12912   0.03802   0.07080   0.03023   0.08957   0.02494   0.00000   0.15440   0.21985   0.07008   0.02978   0.18785   0.05561   0.07554   0.03120   0.10079   0.07005  12.05013   1.55850   1.04816   1.59770   0.79935  
 35  0.0087   2167.208199  x:  0.26103   0.00000   0.17740   0.21860   0.04020   0.05323   0.12911   0.03802   0.07078   0.03020   0.08958   0.02492   0.00000   0.15436   0.21980   0.07009   0.02974   0.18784   0.05559   0.07551   0.03122   0.10077   0.07007  12.04065   1.55846   1.04834   1.59782   0.79912  
 36  0.0057   2167.208198  x:  0.26102   0.00000   0.17740   0.21859   0.04020   0.05322   0.12911   0.03802   0.07078   0.03021   0.08958   0.02493   0.00000   0.15434   0.21982   0.07010   0.02973   0.18785   0.05560   0.07551   0.03122   0.10078   0.07007  12.04008   1.55849   1.04833   1.59780   0.79915  
 37  0.0005   2167.208198  x:  0.26102   0.00000   0.17740   0.21859   0.04020   0.05322   0.12911   0.03802   0.07078   0.03021   0.08957   0.02493   0.00000   0.15435   0.21982   0.07010   0.02973   0.18786   0.05560   0.07551   0.03122   0.10078   0.07007  12.04002   1.55849   1.04833   1.59781   0.79915  
 38  0.0000   2167.208198  x:  0.26102   0.00000   0.17740   0.21859   0.04020   0.05322   0.12911   0.03802   0.07078   0.03021   0.08957   0.02493   0.00000   0.15435   0.21982   0.07010   0.02973   0.18785   0.05560   0.07551   0.03122   0.10078   0.07007  12.04002   1.55849   1.04833   1.59781   0.79915  
 39  0.0000   2167.208198  x:  0.26102   0.00000   0.17740   0.21859   0.04020   0.05322   0.12911   0.03802   0.07078   0.03021   0.08957   0.02493   0.00000   0.15435   0.21982   0.07010   0.02973   0.18785   0.05560   0.07551   0.03122   0.10078   0.07007  12.04002   1.55849   1.04833   1.59781   0.79915  