

TREE # 1

  0  0.0000   2107.912032  x:  0.01443   0.06120   0.04176   0.03157   0.05782   0.08483   0.04783   0.06456   0.11572   0.03079   0.15591   0.00000   0.08020   0.01077   0.02137   0.05335   0.07608   0.04357   0.09373   0.08397   0.08870   0.11890   0.16968   2.00000   1.62149   1.27723   1.46681   0.40000  
  1 99.0000   2107.911081  x:  0.01443   0.06120   0.04176   0.03157   0.05782   0.08483   0.04783   0.06456   0.11572   0.03079   0.15591   0.00000   0.08020   0.01077   0.02137   0.05335   0.07608   0.04356   0.09373   0.08397   0.08870   0.11890   0.16968   2.00000   1.62149   1.27723   1.46681   0.40000  
  2 360.4848   2103.714026  x:  0.00635   0.07776   0.02839   0.03067   0.04638   0.08307   0.04463   0.06666   0.11842   0.02211   0.15911   0.00000   0.10205   0.00000   0.01732   0.05244   0.08089   0.03471   0.09099   0.09168   0.08092   0.12249   0.18272   2.00539   1.62143   1.27550   1.46833   0.41109  
  3 472.8337   2102.739676  x:  0.00285   0.08034   0.02579   0.03053   0.04412   0.08273   0.04404   0.06706   0.11895   0.02054   0.15971   0.00000   0.10585   0.00060   0.01655   0.05229   0.08183   0.03298   0.09042   0.09320   0.07933   0.12319   0.18529   2.00653   1.62142   1.27515   1.46865   0.41340  
  4 1452.7213   2099.719474  x:  0.00479   0.06456   0.01211   0.03182   0.02887   0.08073   0.04294   0.06863   0.12274   0.02122   0.16412   0.00000   0.10384   0.00093   0.01400   0.05244   0.08762   0.02346   0.08462   0.10328   0.06426   0.12686   0.20439   2.01941   1.62129   1.27173   1.47226   0.43711  
  5 152.0710   2097.937625  x:  0.00490   0.06015   0.02874   0.03308   0.02381   0.07902   0.04296   0.06989   0.12681   0.02284   0.16928   0.00000   0.10413   0.00105   0.01666   0.05264   0.09290   0.02390   0.07887   0.11304   0.05048   0.13104   0.22644   2.03813   1.62117   1.26678   1.47738   0.46771  
  6 167.9227   2095.863490  x:  0.00472   0.06488   0.02397   0.03132   0.04673   0.07869   0.04581   0.06949   0.13030   0.02455   0.17575   0.00000   0.09556   0.00113   0.01570   0.05309   0.09517   0.03506   0.07494   0.11969   0.04989   0.13536   0.25424   2.07577   1.62101   1.25759   1.48703   0.51888  
  7 142.1780   2093.602159  x:  0.00459   0.06899   0.02693   0.02975   0.04000   0.08129   0.04529   0.06538   0.12679   0.02092   0.17807   0.00000   0.08834   0.00085   0.02057   0.05254   0.08477   0.02551   0.08529   0.10692   0.08107   0.13390   0.26584   2.14297   1.62087   1.24372   1.50212   0.58299  
  8 107.8256   2091.948320  x:  0.00450   0.06532   0.02575   0.03335   0.03277   0.08245   0.04415   0.06622   0.12093   0.02866   0.17468   0.00000   0.10044   0.00079   0.01199   0.05230   0.07930   0.03922   0.09056   0.09156   0.08365   0.12889   0.25327   2.20904   1.62101   1.23244   1.51489   0.62316  
  9 121.2829   2089.967607  x:  0.00467   0.06418   0.02115   0.03271   0.03544   0.08242   0.04401   0.06885   0.11425   0.02354   0.16625   0.00000   0.10961   0.00076   0.03116   0.05313   0.07926   0.04058   0.09228   0.08182   0.07002   0.12102   0.21969   2.31469   1.62145   1.21700   1.53324   0.66724  
 10 190.6930   2087.483925  x:  0.00526   0.07225   0.02502   0.02940   0.03992   0.08121   0.04460   0.06935   0.11254   0.01898   0.15718   0.00000   0.10384   0.00109   0.01639   0.05253   0.08431   0.02669   0.08862   0.08885   0.05840   0.11598   0.18041   2.43856   1.62222   1.20158   1.55255   0.70034  
 11 244.5068   2085.341163  x:  0.00457   0.07913   0.02202   0.03328   0.03276   0.07924   0.04345   0.06638   0.12195   0.03671   0.15484   0.00000   0.10301   0.00089   0.02343   0.05295   0.09021   0.03101   0.08088   0.11444   0.06986   0.12212   0.16478   2.59078   1.62389   1.18919   1.57122   0.69859  
 12 139.5774   2079.110447  x:  0.00568   0.06104   0.02493   0.03273   0.03541   0.07933   0.04365   0.06480   0.13718   0.01078   0.16012   0.00000   0.11372   0.00084   0.01938   0.05251   0.08935   0.04176   0.07632   0.13094   0.08383   0.13575   0.17761   2.96160   1.62861   1.16704   1.61077   0.65538  
 13 296.8802   2071.263262  x:  0.00504   0.05928   0.02729   0.02127   0.05012   0.08224   0.04546   0.06983   0.14319   0.03273   0.17311   0.00000   0.12172   0.00102   0.01797   0.05139   0.08055   0.01806   0.08531   0.11332   0.07193   0.14554   0.22584   3.54567   1.63648   1.13838   1.66875   0.57371  
 14 862.7291   2068.205063  x:  0.00475   0.07856   0.02402   0.03777   0.03883   0.08172   0.04440   0.07045   0.13566   0.02897   0.17850   0.00000   0.09959   0.00140   0.01883   0.05256   0.08283   0.02451   0.08830   0.09938   0.05835   0.14122   0.24891   3.77231   1.63997   1.13269   1.68755   0.54063  
 15 582.7225   2067.757759  x:  0.00471   0.08049   0.02375   0.02765   0.03505   0.08052   0.04334   0.06753   0.12704   0.02861   0.17915   0.00000   0.09694   0.00142   0.01902   0.05288   0.08775   0.02841   0.08523   0.09944   0.05857   0.13391   0.25310   3.80341   1.64112   1.13855   1.68545   0.53732  
 16 79.0651   2067.382737  x:  0.00467   0.07876   0.02438   0.03263   0.03757   0.07909   0.04410   0.06622   0.11469   0.02915   0.17939   0.00000   0.10004   0.00136   0.01881   0.05285   0.09243   0.02609   0.08054   0.10278   0.06202   0.12264   0.25715   3.83167   1.64327   1.15354   1.67661   0.53681  
 17 53.2634   2066.383405  x:  0.00490   0.08065   0.02429   0.03093   0.03674   0.08342   0.04511   0.07562   0.11782   0.02890   0.17601   0.00000   0.10020   0.00141   0.01885   0.05234   0.07920   0.02818   0.08890   0.11187   0.05977   0.11589   0.25915   3.91183   1.65506   1.23648   1.62139   0.54766  
 18 36.3400   2065.763841  x:  0.00513   0.08101   0.02463   0.03208   0.03784   0.08127   0.04388   0.06716   0.12519   0.02943   0.17585   0.00000   0.10154   0.00146   0.01890   0.05438   0.08950   0.02693   0.08733   0.10213   0.06069   0.12727   0.25743   3.96152   1.66392   1.29116   1.58346   0.55591  
 19 88.7639   2065.720726  x:  0.00513   0.08134   0.02461   0.03171   0.03736   0.08065   0.04596   0.06974   0.12334   0.02940   0.17856   0.00000   0.10131   0.00147   0.01906   0.05212   0.08892   0.02693   0.08424   0.10098   0.06124   0.13047   0.25648   3.96437   1.66586   1.29325   1.58073   0.55644  
 20  9.8625   2065.657184  x:  0.00513   0.08145   0.02467   0.03173   0.03771   0.08044   0.04257   0.06995   0.11999   0.02936   0.18463   0.00000   0.10136   0.00149   0.01897   0.05510   0.08689   0.02682   0.08378   0.10168   0.06091   0.13354   0.25495   3.96726   1.67129   1.29237   1.57696   0.55698  
 21  6.2683   2065.443730  x:  0.00511   0.08197   0.02447   0.03190   0.03729   0.08275   0.04801   0.06462   0.11852   0.02920   0.19670   0.00000   0.10298   0.00154   0.01896   0.05364   0.08785   0.02720   0.09030   0.10431   0.05942   0.13318   0.25262   3.97540   1.69239   1.28427   1.56516   0.55833  
 22 12.4479   2064.833533  x:  0.00545   0.08346   0.02473   0.03165   0.03795   0.08163   0.04067   0.07244   0.12812   0.02903   0.20286   0.00000   0.10537   0.00163   0.01904   0.04815   0.09486   0.02717   0.09071   0.10223   0.06221   0.12278   0.25288   3.99660   1.74983   1.25923   1.53525   0.56165  
 23 32.9453   2064.242198  x:  0.00599   0.08671   0.02459   0.03084   0.03645   0.08014   0.04770   0.07169   0.13081   0.02854   0.19013   0.00000   0.10898   0.00174   0.01862   0.05940   0.08971   0.02655   0.08187   0.10090   0.06300   0.12049   0.25699   4.01693   1.80132   1.23615   1.51000   0.56466  
 24 60.7391   2063.820912  x:  0.00655   0.08808   0.02449   0.03125   0.03697   0.08045   0.04324   0.06548   0.12323   0.02827   0.17387   0.00000   0.11107   0.00183   0.01877   0.05134   0.08508   0.02672   0.08192   0.10390   0.06140   0.12792   0.26102   4.03012   1.82806   1.22446   1.49893   0.56662  
 25 42.5646   2063.427224  x:  0.00708   0.08878   0.02480   0.03055   0.03685   0.08294   0.04493   0.07431   0.11565   0.02799   0.16543   0.00000   0.11321   0.00191   0.01825   0.05519   0.09423   0.02728   0.09133   0.10691   0.06337   0.13584   0.26308   4.04159   1.83363   1.22344   1.50313   0.56845  
 26 13.2878   2053.710388  x:  0.01743   0.13283   0.02472   0.02514   0.03356   0.06811   0.04169   0.06922   0.13232   0.02068   0.18016   0.00000   0.18040   0.00420   0.01408   0.05042   0.08958   0.02706   0.08243   0.11903   0.07028   0.12566   0.27483   4.33599   1.73601   1.32778   1.78890   0.61802  
 27 19.5046   2053.588439  x:  0.01754   0.13351   0.02470   0.02525   0.03334   0.07835   0.04069   0.06892   0.13268   0.02061   0.18045   0.00000   0.18121   0.00423   0.01410   0.05039   0.09037   0.02688   0.07931   0.11863   0.07035   0.12547   0.27495   4.33969   1.73381   1.32840   1.79126   0.61865  
 28 24.7264   2052.986924  x:  0.01802   0.13512   0.02423   0.02571   0.03304   0.07834   0.04078   0.06976   0.13221   0.02016   0.18276   0.00000   0.18393   0.00437   0.01417   0.05025   0.09053   0.02702   0.08065   0.11985   0.06987   0.12438   0.27583   4.40107   1.56287   1.22565   1.63020   0.62537  
 29  3.2964   2050.701899  x:  0.01914   0.14319   0.01580   0.03338   0.02846   0.07911   0.04082   0.07217   0.12762   0.01544   0.18167   0.00000   0.19327   0.00511   0.01234   0.05148   0.09615   0.02264   0.08371   0.11720   0.05652   0.12915   0.28108   4.98960   1.66597   1.19255   1.56549   0.66878  
 30  0.6206   2049.720642  x:  0.02446   0.13759   0.01879   0.03459   0.03392   0.07973   0.04229   0.07090   0.12872   0.02253   0.17562   0.00000   0.19846   0.00681   0.01696   0.05316   0.09512   0.02946   0.08301   0.11408   0.06097   0.13156   0.27357   5.46486   1.69866   1.21689   1.58645   0.66623  
 31  0.3535   2049.205128  x:  0.02773   0.13649   0.01949   0.03001   0.03103   0.07900   0.04173   0.07071   0.12854   0.01982   0.17617   0.00000   0.19858   0.00817   0.01171   0.05237   0.09435   0.02550   0.08239   0.11558   0.06008   0.12940   0.26793   5.86272   1.68589   1.23221   1.63383   0.67094  
 32  0.2592   2049.105398  x:  0.02857   0.13429   0.01815   0.02987   0.03035   0.07879   0.04135   0.07117   0.12921   0.01835   0.17817   0.00000   0.19661   0.00864   0.01514   0.05208   0.09428   0.02469   0.08254   0.11698   0.05970   0.12933   0.26700   5.97774   1.66901   1.21546   1.61972   0.67300  
 33  0.1287   2049.051665  x:  0.02913   0.12975   0.01788   0.03127   0.03157   0.07890   0.04143   0.07130   0.13022   0.01846   0.17898   0.00000   0.19201   0.00917   0.01380   0.05212   0.09443   0.02538   0.08268   0.11863   0.05986   0.13023   0.26626   6.04401   1.66177   1.20153   1.60037   0.67501  
 34  0.0465   2049.001717  x:  0.02911   0.12590   0.01841   0.03116   0.03059   0.07919   0.04160   0.07104   0.12951   0.01865   0.17779   0.00000   0.18618   0.00984   0.01364   0.05240   0.09499   0.02496   0.08237   0.11766   0.05920   0.13032   0.26906   6.02587   1.68189   1.22482   1.62470   0.67861  
 35  0.0166   2048.883188  x:  0.02781   0.12707   0.01816   0.02831   0.03102   0.07928   0.04101   0.07109   0.12964   0.01842   0.18062   0.00000   0.18627   0.01148   0.01416   0.05186   0.09445   0.02542   0.08154   0.11699   0.05837   0.13077   0.27755   5.81760   1.66173   1.20426   1.60727   0.68272  
 36  0.0389   2048.731040  x:  0.02792   0.12908   0.01801   0.03332   0.03088   0.07870   0.04218   0.07146   0.13171   0.01845   0.17991   0.00000   0.19211   0.01491   0.01374   0.05268   0.09389   0.02460   0.08328   0.11863   0.05848   0.13209   0.27581   5.80742   1.66243   1.21445   1.60559   0.68040  
 37  0.0051   2048.660586  x:  0.02769   0.12853   0.01795   0.03036   0.03085   0.07869   0.04103   0.07115   0.12916   0.01864   0.17829   0.00000   0.19271   0.01707   0.01338   0.05223   0.09495   0.02517   0.08194   0.11763   0.05700   0.12992   0.27013   5.86925   1.67371   1.21604   1.60832   0.67618  
 38  0.0328   2048.633935  x:  0.02559   0.12948   0.01820   0.03039   0.03047   0.07926   0.04193   0.07131   0.12950   0.01847   0.17968   0.00000   0.19139   0.01823   0.01389   0.05263   0.09472   0.02501   0.08250   0.11742   0.05835   0.13080   0.26853   5.80550   1.66930   1.21337   1.61078   0.67366  
 39  0.0242   2048.612182  x:  0.02344   0.13031   0.01778   0.03108   0.03147   0.07897   0.04119   0.07124   0.12986   0.01854   0.17868   0.00000   0.18977   0.01834   0.01367   0.05237   0.09462   0.02486   0.08219   0.11775   0.05722   0.13072   0.26787   5.86749   1.66626   1.21398   1.60931   0.67591  
 40  0.0244   2048.605887  x:  0.02289   0.13093   0.01813   0.03080   0.03076   0.07890   0.04140   0.07113   0.12973   0.01859   0.17897   0.00000   0.19014   0.01778   0.01358   0.05235   0.09461   0.02524   0.08227   0.11775   0.05774   0.13055   0.26898   5.91138   1.66806   1.21331   1.60911   0.67697  
 41  0.0320   2048.605202  x:  0.02282   0.13088   0.01817   0.03068   0.03102   0.07897   0.04150   0.07119   0.12964   0.01859   0.17925   0.00000   0.19063   0.01766   0.01368   0.05242   0.09464   0.02512   0.08230   0.11760   0.05766   0.13055   0.26966   5.91242   1.66897   1.21401   1.61091   0.67675  
 42  0.0021   2048.604945  x:  0.02274   0.13044   0.01812   0.03073   0.03094   0.07899   0.04142   0.07119   0.12971   0.01860   0.17926   0.00000   0.19101   0.01772   0.01367   0.05241   0.09461   0.02513   0.08226   0.11762   0.05772   0.13062   0.26989   5.91195   1.66843   1.21371   1.61039   0.67650  
 43  0.0005   2048.604918  x:  0.02274   0.13034   0.01814   0.03072   0.03094   0.07898   0.04147   0.07118   0.12968   0.01859   0.17923   0.00000   0.19106   0.01771   0.01365   0.05240   0.09462   0.02512   0.08229   0.11761   0.05767   0.13057   0.26974   5.91260   1.66855   1.21376   1.61040   0.67661  
 44  0.0005   2048.604915  x:  0.02274   0.13035   0.01814   0.03072   0.03094   0.07897   0.04146   0.07118   0.12968   0.01858   0.17923   0.00000   0.19108   0.01770   0.01366   0.05241   0.09462   0.02512   0.08228   0.11762   0.05767   0.13057   0.26970   5.91187   1.66861   1.21381   1.61048   0.67669  
 45  0.0005   2048.604915  x:  0.02274   0.13034   0.01814   0.03072   0.03094   0.07897   0.04146   0.07118   0.12969   0.01858   0.17923   0.00000   0.19108   0.01770   0.01366   0.05241   0.09462   0.02512   0.08228   0.11762   0.05768   0.13057   0.26970   5.91178   1.66857   1.21378   1.61044   0.67669  
 46  0.0001   2048.604915  x:  0.02274   0.13034   0.01814   0.03072   0.03094   0.07898   0.04146   0.07118   0.12968   0.01858   0.17923   0.00000   0.19108   0.01770   0.01366   0.05241   0.09462   0.02512   0.08228   0.11762   0.05768   0.13057   0.26970   5.91177   1.66858   1.21378   1.61045   0.67668  
 47  0.0000   2048.604915  x:  0.02274   0.13034   0.01814   0.03072   0.03094   0.07898   0.04146   0.07118   0.12968   0.01858   0.17923   0.00000   0.19108   0.01770   0.01366   0.05241   0.09462   0.02512   0.08228   0.11762   0.05768   0.13057   0.26970   5.91177   1.66858   1.21378   1.61045   0.67668  
 48  0.0000   2048.604915  x:  0.02274   0.13034   0.01814   0.03072   0.03094   0.07898   0.04146   0.07118   0.12968   0.01858   0.17923   0.00000   0.19108   0.01770   0.01366   0.05241   0.09462   0.02512   0.08228   0.11762   0.05768   0.13057   0.26970   5.91177   1.66858   1.21378   1.61045   0.67668  

TREE # 2

  0  0.0000   2068.527828  x:  0.20672   0.00000   0.14954   0.08103   0.05857   0.00927   0.10381   0.01626   0.09413   0.03136   0.06276   0.06378   0.04531   0.18041   0.06279   0.02710   0.01909   0.09317   0.04446   0.06004   0.04875   0.06689   0.05379   5.91177   1.53295   1.17528   1.45673   0.67668  
  1 99.0000   2068.527031  x:  0.20672   0.00000   0.14954   0.08103   0.05857   0.00927   0.10381   0.01626   0.09413   0.03136   0.06276   0.06378   0.04531   0.18041   0.06279   0.02710   0.01909   0.09317   0.04445   0.06004   0.04875   0.06689   0.05379   5.91177   1.53295   1.17528   1.45673   0.67668  
  2 336.1395   2064.135505  x:  0.21137   0.00000   0.14879   0.09667   0.05906   0.00180   0.10557   0.01506   0.09255   0.03781   0.06960   0.05416   0.04112   0.18070   0.07486   0.02278   0.01854   0.09928   0.04007   0.06260   0.04313   0.06945   0.05045   5.91176   1.53343   1.17483   1.45730   0.67683  
  3 584.6878   2062.007885  x:  0.21933   0.00000   0.14574   0.10495   0.05706   0.00226   0.10864   0.01393   0.08943   0.02164   0.07262   0.03798   0.03332   0.17993   0.07829   0.02314   0.02002   0.10545   0.03562   0.06487   0.03688   0.07196   0.04683   5.91180   1.53497   1.17434   1.45793   0.67732  
  4 168.9289   2061.345669  x:  0.22758   0.00000   0.14152   0.10316   0.05438   0.00230   0.11165   0.01628   0.08628   0.02539   0.07124   0.02569   0.02746   0.17851   0.07341   0.02652   0.02054   0.10835   0.03456   0.06558   0.03498   0.07300   0.04551   5.91187   1.53711   1.17377   1.45862   0.67797  
  5 86.0774   2061.024193  x:  0.24336   0.00000   0.13406   0.10225   0.05261   0.00246   0.11613   0.01177   0.08169   0.02605   0.07086   0.02794   0.02739   0.17630   0.07186   0.02450   0.01816   0.11151   0.03528   0.06606   0.03606   0.07387   0.04539   5.91203   1.54208   1.17231   1.46040   0.67946  
  6 36.4955   2060.877773  x:  0.25306   0.00000   0.13007   0.10237   0.05269   0.00239   0.11822   0.01599   0.08011   0.02559   0.07100   0.03014   0.02851   0.17507   0.07249   0.02391   0.01917   0.11255   0.03583   0.06602   0.03673   0.07399   0.04565   5.91214   1.54582   1.17123   1.46179   0.68054  
  7 65.2691   2060.792696  x:  0.25980   0.00000   0.12934   0.10234   0.05521   0.00235   0.11731   0.01482   0.08262   0.02576   0.07108   0.02964   0.02960   0.17449   0.07413   0.02640   0.02170   0.11036   0.03600   0.06501   0.03683   0.07287   0.04649   5.91232   1.55099   1.16992   1.46373   0.68190  
  8 22.3103   2060.712111  x:  0.26525   0.00000   0.13055   0.10247   0.05642   0.00234   0.11492   0.01548   0.08607   0.02551   0.07103   0.02894   0.02883   0.17426   0.07442   0.02575   0.01845   0.10717   0.03557   0.06428   0.03651   0.07178   0.04685   5.91260   1.55855   1.16823   1.46659   0.68374  
  9 25.3763   2060.612505  x:  0.26892   0.00000   0.13396   0.10317   0.05417   0.00243   0.11163   0.01524   0.08782   0.02587   0.07107   0.02976   0.02670   0.17470   0.07286   0.02272   0.02099   0.10535   0.03539   0.06510   0.03603   0.07207   0.04594   5.91313   1.57191   1.16566   1.47179   0.68677  
 10 24.4256   2060.355429  x:  0.27079   0.00000   0.14183   0.10484   0.05030   0.00257   0.10764   0.01541   0.08470   0.02613   0.07175   0.03050   0.02991   0.17720   0.07275   0.02764   0.01948   0.10790   0.03539   0.06775   0.03655   0.07508   0.04403   5.91482   1.61270   1.15896   1.48811   0.69538  
 11 39.6196   2059.979002  x:  0.26567   0.00000   0.14501   0.10242   0.05834   0.00261   0.11078   0.01531   0.07896   0.02630   0.07147   0.02798   0.02985   0.18008   0.07453   0.02334   0.01977   0.11287   0.03601   0.06568   0.03715   0.07516   0.04643   5.91756   1.67419   1.15147   1.51360   0.70709  
 12 73.4775   2059.690357  x:  0.25729   0.00000   0.13620   0.10513   0.05602   0.00273   0.11793   0.01521   0.08227   0.02678   0.07239   0.03106   0.02533   0.17950   0.07587   0.02592   0.01953   0.11230   0.03443   0.06298   0.03440   0.07133   0.04563   5.91992   1.71985   1.15064   1.53433   0.71366  
 13 59.7543   2059.546149  x:  0.25279   0.00000   0.12903   0.10718   0.05339   0.00283   0.11931   0.01496   0.08500   0.02675   0.07235   0.02810   0.02929   0.17757   0.07629   0.02379   0.01971   0.10981   0.03544   0.06459   0.03635   0.07148   0.04505   5.92127   1.74106   1.15396   1.54548   0.71517  
 14 51.9871   2059.350064  x:  0.24959   0.00000   0.12175   0.10917   0.05732   0.00287   0.11334   0.01506   0.08321   0.02701   0.07262   0.02929   0.02671   0.17135   0.07641   0.02483   0.01948   0.10735   0.03509   0.06885   0.03643   0.07756   0.04520   5.92362   1.76389   1.17027   1.56306   0.71151  
 15 23.8102   2058.808165  x:  0.24920   0.00000   0.12074   0.10885   0.05434   0.00332   0.10457   0.01498   0.07856   0.02815   0.07267   0.02863   0.02967   0.15987   0.08115   0.02310   0.01961   0.11115   0.03280   0.06091   0.03114   0.07357   0.04449   5.93067   1.81640   1.22963   1.61424   0.69448  
 16 45.4067   2058.103605  x:  0.25247   0.00000   0.12920   0.11475   0.05458   0.00366   0.11010   0.01503   0.08177   0.02861   0.07585   0.02822   0.02493   0.15745   0.08324   0.02412   0.01915   0.11676   0.03807   0.06298   0.04199   0.06813   0.04561   5.94053   1.88308   1.31434   1.68608   0.66997  
 17 130.6888   2057.604153  x:  0.25630   0.00000   0.13481   0.11642   0.05778   0.00388   0.12093   0.01489   0.08644   0.02983   0.07521   0.02932   0.02923   0.16789   0.08037   0.02314   0.01925   0.11557   0.03416   0.06854   0.03471   0.07301   0.04568   5.94741   1.92502   1.37235   1.73631   0.65481  
 18 126.7219   2057.449459  x:  0.25741   0.00000   0.13264   0.11527   0.05574   0.00402   0.12039   0.01486   0.08348   0.02994   0.07546   0.02876   0.02726   0.17984   0.08452   0.02309   0.01923   0.11100   0.03520   0.06536   0.03604   0.07626   0.04488   5.94965   1.93272   1.38770   1.75272   0.65480  
 19 28.3242   2057.313814  x:  0.25769   0.00000   0.12861   0.11834   0.05746   0.00404   0.11537   0.01488   0.08185   0.03010   0.07687   0.02884   0.02788   0.18821   0.08126   0.02319   0.01920   0.11296   0.03472   0.06671   0.03588   0.07055   0.04520   5.95174   1.93090   1.39527   1.76770   0.66276  
 20 13.8241   2056.878328  x:  0.25721   0.00000   0.12729   0.11756   0.05593   0.00435   0.11326   0.01483   0.08994   0.03085   0.07196   0.02922   0.02650   0.18719   0.08611   0.02251   0.01884   0.12270   0.03466   0.06742   0.03570   0.07468   0.04879   5.95904   1.90851   1.40632   1.81646   0.70218  
 21 19.0308   2056.502517  x:  0.25650   0.00000   0.13113   0.11834   0.05799   0.00452   0.11865   0.01470   0.08639   0.03139   0.07961   0.02881   0.02750   0.17894   0.08560   0.02220   0.01881   0.11659   0.03467   0.06598   0.03583   0.07538   0.04140   5.96540   1.88717   1.41137   1.85458   0.73358  
 22 53.7038   2056.389909  x:  0.25634   0.00000   0.13316   0.12187   0.05663   0.00457   0.12093   0.01461   0.08190   0.03148   0.07778   0.02845   0.02739   0.17619   0.08612   0.02239   0.01890   0.11167   0.03400   0.06701   0.03514   0.07387   0.04666   5.96749   1.88036   1.40993   1.86264   0.73904  
 23 22.8126   2056.048599  x:  0.25665   0.00000   0.13368   0.12595   0.05876   0.00471   0.12122   0.01458   0.07943   0.03215   0.06730   0.02882   0.02678   0.17539   0.08980   0.02211   0.01877   0.11039   0.03384   0.06928   0.03555   0.07070   0.03924   5.97454   1.86020   1.38885   1.86321   0.72808  
 24  8.4639   2053.348050  x:  0.25927   0.00000   0.13002   0.13743   0.05857   0.00647   0.11473   0.01454   0.08184   0.03669   0.08042   0.02778   0.02593   0.17538   0.09853   0.01946   0.01785   0.11884   0.03310   0.06844   0.03333   0.07454   0.04266   6.03100   1.70152   1.21095   1.84741   0.62320  
 25 79.8421   2052.031708  x:  0.26178   0.00000   0.13170   0.15852   0.06228   0.00750   0.11523   0.01465   0.08377   0.03981   0.07918   0.02822   0.02759   0.17725   0.09545   0.01845   0.01814   0.12331   0.02454   0.05448   0.04064   0.08383   0.04252   6.05822   1.65055   1.18759   1.71628   0.64587  
 26 14.3386   2050.483778  x:  0.26486   0.00000   0.13367   0.17179   0.06411   0.00902   0.11544   0.01485   0.08447   0.04366   0.08320   0.02803   0.02658   0.17950   0.10382   0.01707   0.01651   0.12703   0.04138   0.05688   0.03038   0.08513   0.04220   6.09209   1.58817   1.16113   1.54755   0.67731  
 27 296.2369   2049.878738  x:  0.26605   0.00000   0.13409   0.16600   0.06246   0.00979   0.11550   0.01495   0.08360   0.04547   0.08825   0.02791   0.02503   0.18037   0.11459   0.01585   0.01668   0.12739   0.03167   0.06862   0.03230   0.07966   0.04215   6.10472   1.56512   1.15187   1.48282   0.68984  
 28 140.1547   2048.929408  x:  0.27127   0.00000   0.13010   0.18090   0.05964   0.01097   0.11878   0.01361   0.08207   0.04892   0.09480   0.02358   0.02216   0.18031   0.12663   0.02061   0.01840   0.13071   0.02983   0.07286   0.02878   0.07944   0.04090   5.83796   1.68283   1.22639   1.61954   0.67955  
 29  0.3324   2048.735580  x:  0.26936   0.00000   0.13010   0.19135   0.05867   0.01250   0.11803   0.01364   0.08240   0.05233   0.09617   0.02612   0.02319   0.17919   0.13190   0.01805   0.01822   0.13032   0.03154   0.07166   0.03250   0.07903   0.04180   5.90402   1.67923   1.21754   1.62347   0.67434  
 30  0.0562   2048.681833  x:  0.26975   0.00000   0.13041   0.19522   0.05813   0.01382   0.11769   0.01386   0.08262   0.05368   0.09559   0.02484   0.02282   0.17912   0.13329   0.01896   0.01810   0.12973   0.03060   0.07105   0.03051   0.07893   0.04152   5.93780   1.65560   1.20467   1.59765   0.67612  
 31  0.0351   2048.633612  x:  0.26936   0.00000   0.13078   0.19348   0.05800   0.01590   0.11716   0.01388   0.08234   0.05396   0.09353   0.02491   0.02244   0.17955   0.13113   0.01768   0.01807   0.12868   0.03016   0.07097   0.03060   0.07875   0.04125   5.86316   1.67338   1.22243   1.61295   0.67823  
 32  0.0258   2048.612334  x:  0.26941   0.00000   0.13070   0.19138   0.05778   0.01703   0.11729   0.01369   0.08222   0.05361   0.09339   0.02532   0.02273   0.17925   0.12978   0.01907   0.01822   0.12909   0.03067   0.07111   0.03133   0.07884   0.04139   5.91547   1.67296   1.21762   1.61319   0.67778  
 33  0.0439   2048.606645  x:  0.26981   0.00000   0.13043   0.19072   0.05758   0.01751   0.11774   0.01361   0.08224   0.05317   0.09424   0.02499   0.02275   0.17907   0.12979   0.01853   0.01816   0.12973   0.03080   0.07118   0.03082   0.07895   0.04146   5.92218   1.66870   1.21207   1.61176   0.67643  
 34  0.0082   2048.605341  x:  0.26980   0.00000   0.13057   0.19073   0.05767   0.01770   0.11766   0.01364   0.08229   0.05282   0.09475   0.02515   0.02276   0.17926   0.13011   0.01859   0.01812   0.12985   0.03070   0.07120   0.03094   0.07901   0.04146   5.90337   1.66743   1.21341   1.60944   0.67638  
 35  0.0135   2048.604997  x:  0.26971   0.00000   0.13060   0.19095   0.05770   0.01772   0.11761   0.01366   0.08227   0.05253   0.09477   0.02510   0.02272   0.17926   0.13031   0.01857   0.01814   0.12972   0.03071   0.07119   0.03096   0.07900   0.04145   5.91586   1.66896   1.21438   1.61053   0.67687  
 36  0.0086   2048.604919  x:  0.26967   0.00000   0.13057   0.19107   0.05768   0.01770   0.11761   0.01366   0.08228   0.05242   0.09465   0.02512   0.02273   0.17921   0.13036   0.01859   0.01814   0.12966   0.03073   0.07117   0.03094   0.07898   0.04146   5.91141   1.66870   1.21373   1.61049   0.67671  
 37  0.0036   2048.604915  x:  0.26970   0.00000   0.13057   0.19107   0.05768   0.01770   0.11762   0.01366   0.08228   0.05241   0.09462   0.02512   0.02274   0.17923   0.13035   0.01859   0.01814   0.12968   0.03072   0.07118   0.03094   0.07897   0.04146   5.91179   1.66857   1.21378   1.61047   0.67668  
 38  0.0004   2048.604915  x:  0.26970   0.00000   0.13057   0.19108   0.05768   0.01770   0.11762   0.01366   0.08228   0.05241   0.09462   0.02512   0.02274   0.17923   0.13035   0.01858   0.01814   0.12968   0.03072   0.07118   0.03094   0.07898   0.04146   5.91177   1.66858   1.21378   1.61045   0.67668  
 39  0.0000   2048.604915  x:  0.26970   0.00000   0.13057   0.19108   0.05768   0.01770   0.11762   0.01366   0.08228   0.05241   0.09462   0.02512   0.02274   0.17923   0.13035   0.01858   0.01814   0.12969   0.03072   0.07118   0.03094   0.07898   0.04146   5.91178   1.66858   1.21378   1.61045   0.67668  
 40  0.0000   2048.604915  x:  0.26970   0.00000   0.13057   0.19108   0.05768   0.01770   0.11762   0.01366   0.08228   0.05241   0.09462   0.02512   0.02274   0.17923   0.13034   0.01858   0.01814   0.12969   0.03072   0.07118   0.03094   0.07898   0.04146   5.91177   1.66858   1.21378   1.61045   0.67668  
 41  0.0000   2048.604915  x:  0.26970   0.00000   0.13057   0.19108   0.05768   0.01770   0.11762   0.01366   0.08228   0.05241   0.09462   0.02512   0.02274   0.17923   0.13034   0.01858   0.01814   0.12968   0.03072   0.07118   0.03094   0.07898   0.04146   5.91177   1.66858   1.21378   1.61045   0.67668  
 42  0.0000   2048.604915  x:  0.26970   0.00000   0.13057   0.19108   0.05768   0.01770   0.11762   0.01366   0.08228   0.05241   0.09462   0.02512   0.02274   0.17923   0.13034   0.01858   0.01814   0.12968   0.03072   0.07118   0.03094   0.07898   0.04146   5.91177   1.66858   1.21378   1.61045   0.67668  