

TREE # 1

  0  0.0000   2076.717644  x:  0.10321   0.00000   0.10285   0.00739   0.05466   0.06912   0.07008   0.04070   0.07740   0.06845   0.05442   0.14856   0.00172   0.08269   0.02161   0.06365   0.05045   0.06424   0.03949   0.06236   0.12316   0.03992   0.13202   0.12183   2.00000   1.77072   1.11858   1.61648   0.40000  
  1 99.0000   2076.716667  x:  0.10321   0.00000   0.10285   0.00740   0.05466   0.06912   0.07008   0.04070   0.07740   0.06845   0.05442   0.14856   0.00172   0.08269   0.02161   0.06365   0.05045   0.06424   0.03949   0.06236   0.12316   0.03992   0.13202   0.12183   2.00000   1.77072   1.11858   1.61648   0.40000  
  2 356.1542   2075.623458  x:  0.10374   0.00000   0.10380   0.00692   0.05419   0.06882   0.07022   0.04057   0.07705   0.06867   0.05346   0.14873   0.00000   0.08416   0.02204   0.06368   0.04974   0.06476   0.03845   0.06286   0.12307   0.03881   0.13225   0.12236   2.00047   1.77072   1.11864   1.61646   0.40130  
  3 1264.2362   2073.021328  x:  0.10708   0.00000   0.10895   0.00798   0.05125   0.06738   0.07058   0.04085   0.07517   0.07001   0.04594   0.14866   0.00000   0.08447   0.00892   0.06261   0.04560   0.06576   0.03121   0.06426   0.12194   0.03033   0.13238   0.12570   2.00629   1.77099   1.11973   1.61613   0.41312  
  4 284.1955   2069.987404  x:  0.11184   0.00000   0.11346   0.00840   0.04679   0.06675   0.06983   0.04401   0.07338   0.07183   0.03070   0.14537   0.00000   0.06249   0.01257   0.05874   0.04099   0.06138   0.01942   0.06175   0.11920   0.01555   0.12871   0.13045   2.02422   1.77226   1.12333   1.61504   0.44194  
  5 198.7068   2065.826948  x:  0.11738   0.00000   0.10702   0.00920   0.04163   0.07033   0.06632   0.04794   0.07468   0.07498   0.01910   0.13382   0.00000   0.06267   0.01329   0.05006   0.04535   0.05477   0.03214   0.05661   0.11070   0.04843   0.11603   0.13595   2.10730   1.77930   1.13843   1.61071   0.54388  
  6 109.9983   2062.668943  x:  0.11303   0.00000   0.10024   0.00820   0.04955   0.07325   0.06762   0.04488   0.07888   0.07265   0.06433   0.12692   0.00000   0.06157   0.01354   0.06131   0.05325   0.06010   0.03225   0.05735   0.11116   0.04141   0.11049   0.13155   2.21060   1.78892   1.15636   1.60582   0.63191  
  7 190.0364   2058.995128  x:  0.09032   0.00000   0.09281   0.00880   0.07053   0.07381   0.07025   0.04209   0.08479   0.05764   0.05533   0.14206   0.00000   0.07093   0.01352   0.05909   0.06102   0.04939   0.04312   0.05537   0.12526   0.02340   0.13043   0.10876   2.35202   1.80334   1.17926   1.60107   0.66478  
  8 112.1723   2051.765790  x:  0.08497   0.00000   0.10573   0.01071   0.08088   0.06830   0.07085   0.04336   0.08491   0.07661   0.04028   0.17359   0.00000   0.05301   0.01374   0.07196   0.06140   0.09814   0.05397   0.06525   0.14479   0.03345   0.15958   0.10319   2.73104   1.84313   1.23560   1.59231   0.66976  
  9 219.3621   2030.768006  x:  0.14221   0.00000   0.10495   0.01902   0.04530   0.06636   0.06371   0.05421   0.07363   0.09613   0.05551   0.20061   0.00000   0.07532   0.01648   0.06208   0.04416   0.05666   0.02166   0.03863   0.15234   0.04095   0.16521   0.15982   3.80490   1.95619   1.38666   1.57514   0.61097  
 10 576.4839   2025.641480  x:  0.15050   0.00000   0.10478   0.02207   0.03275   0.06986   0.07005   0.04455   0.07174   0.08175   0.05070   0.18032   0.00000   0.07782   0.01728   0.05675   0.04322   0.04717   0.02478   0.08779   0.13385   0.03528   0.14169   0.16792   4.11137   1.98755   1.42174   1.57718   0.58819  
 11 618.4539   2021.958941  x:  0.14788   0.00000   0.10827   0.02405   0.04310   0.07295   0.07385   0.03780   0.07309   0.06407   0.03895   0.14280   0.00000   0.08790   0.01781   0.05234   0.04297   0.06760   0.02184   0.08068   0.10704   0.02619   0.11012   0.16519   4.29550   2.00517   1.43239   1.58746   0.57065  
 12 344.1290   2020.787410  x:  0.13664   0.00000   0.12073   0.02432   0.03873   0.06978   0.07377   0.04460   0.07323   0.07561   0.03534   0.11918   0.00000   0.09235   0.01773   0.06423   0.04311   0.06174   0.02214   0.07839   0.10025   0.02446   0.10576   0.15391   4.35723   2.00928   1.42050   1.60394   0.56578  
 13 101.3412   2019.616378  x:  0.13082   0.00000   0.12772   0.02411   0.03075   0.06669   0.07062   0.03052   0.07012   0.07641   0.03835   0.11059   0.00000   0.09090   0.01784   0.05376   0.03698   0.06146   0.02069   0.07577   0.10568   0.02670   0.10685   0.14803   4.41904   2.00950   1.37607   1.64723   0.56564  
 14 55.4062   2016.855543  x:  0.13313   0.00000   0.13119   0.02319   0.03871   0.06580   0.06859   0.04883   0.06459   0.07059   0.04138   0.10977   0.00000   0.09162   0.01787   0.04070   0.03422   0.06254   0.01581   0.08148   0.11235   0.02790   0.10226   0.15016   4.57937   2.00733   1.24178   1.77451   0.56742  
 15 210.0284   2015.299731  x:  0.14072   0.00000   0.12326   0.02302   0.03628   0.06715   0.06996   0.04115   0.06645   0.06767   0.03464   0.11716   0.00000   0.09186   0.01736   0.05856   0.04092   0.06107   0.02094   0.07824   0.10780   0.02282   0.09928   0.15764   4.67153   2.00477   1.16158   1.85019   0.56929  
 16 281.8784   2015.170857  x:  0.14015   0.00000   0.11804   0.02288   0.03718   0.06740   0.07157   0.03998   0.06973   0.07210   0.03449   0.11825   0.00000   0.09210   0.01737   0.05731   0.03928   0.06126   0.01868   0.07902   0.10139   0.02263   0.10229   0.15706   4.67861   2.00322   1.15613   1.85642   0.56948  
 17 28.5467   2015.140376  x:  0.13996   0.00000   0.11743   0.02289   0.03531   0.06691   0.07119   0.04112   0.06934   0.07185   0.03500   0.11881   0.00000   0.09215   0.01741   0.05652   0.03869   0.06199   0.02057   0.07857   0.09922   0.02145   0.10339   0.15685   4.67996   2.00124   1.15629   1.85794   0.56966  
 18  7.8189   2014.947813  x:  0.13843   0.00000   0.11904   0.02288   0.03462   0.06437   0.06836   0.04136   0.06485   0.06735   0.03570   0.12166   0.00000   0.09154   0.01746   0.05859   0.03912   0.06173   0.01721   0.07875   0.09313   0.02412   0.10650   0.15523   4.68686   1.98253   1.16322   1.86719   0.57110  
 19  9.2237   2013.863043  x:  0.14173   0.00000   0.12744   0.02248   0.04476   0.06276   0.06915   0.03676   0.06081   0.07450   0.03643   0.12618   0.00000   0.09344   0.01785   0.05761   0.03699   0.05931   0.02346   0.07953   0.09233   0.02087   0.10529   0.15793   4.72525   1.87062   1.20693   1.91907   0.57901  
 20 52.0320   2013.152900  x:  0.14098   0.00000   0.12415   0.02271   0.03623   0.06644   0.07324   0.03989   0.06975   0.07302   0.03427   0.12491   0.00000   0.09631   0.01788   0.05837   0.03938   0.06418   0.01831   0.08003   0.10180   0.02034   0.10534   0.15679   4.74952   1.80221   1.23320   1.94948   0.58412  
 21 139.2338   2012.825839  x:  0.14288   0.00000   0.11720   0.02275   0.03839   0.06526   0.06813   0.04041   0.06698   0.07151   0.03263   0.11825   0.00000   0.09707   0.01784   0.06273   0.03136   0.06571   0.01889   0.08166   0.10669   0.01982   0.11059   0.15849   4.75871   1.79509   1.23213   1.94624   0.58739  
 22  8.6020   2010.225577  x:  0.15053   0.00000   0.11614   0.02281   0.04045   0.05382   0.06672   0.03775   0.05171   0.07914   0.02747   0.10592   0.00000   0.10547   0.01863   0.05691   0.05578   0.07409   0.01508   0.08600   0.11404   0.01113   0.13340   0.16443   4.83230   1.78041   1.19803   1.88880   0.61565  
 23 25.5252   1999.473413  x:  0.15504   0.00000   0.18485   0.02312   0.04157   0.05402   0.09170   0.03549   0.07338   0.07058   0.02128   0.13479   0.00000   0.12944   0.02228   0.06574   0.02634   0.08544   0.01221   0.09039   0.11601   0.00408   0.16622   0.16190   5.13291   1.73977   1.04739   1.64121   0.73440  
 24 194.2911   1999.170372  x:  0.15093   0.00000   0.18103   0.02319   0.03938   0.05625   0.09105   0.03568   0.06578   0.07504   0.02021   0.14059   0.00000   0.13142   0.02231   0.06630   0.02420   0.08677   0.01050   0.09057   0.11755   0.00282   0.15844   0.15760   5.14101   1.73957   1.04384   1.63494   0.73760  
 25 39.4609   1999.121975  x:  0.15036   0.00000   0.17974   0.02321   0.03901   0.05320   0.09513   0.03590   0.06373   0.07509   0.02012   0.14124   0.00000   0.13139   0.02232   0.06670   0.02302   0.08681   0.01041   0.09018   0.11823   0.00325   0.15712   0.15700   5.14240   1.73991   1.04360   1.63432   0.73821  
 26 14.4336   1998.186622  x:  0.14795   0.00000   0.18004   0.02362   0.03819   0.04120   0.07634   0.03588   0.07252   0.08049   0.01809   0.15035   0.00000   0.13648   0.02285   0.06626   0.02466   0.08953   0.00903   0.09343   0.12027   0.00371   0.14759   0.15412   5.17055   1.77897   1.06594   1.65669   0.75036  
 27  2.1396   1996.482620  x:  0.14473   0.00000   0.18581   0.02435   0.03568   0.06339   0.06402   0.03529   0.06555   0.08866   0.01470   0.16024   0.00000   0.14485   0.02398   0.06719   0.02556   0.09511   0.00722   0.09651   0.12135   0.00762   0.14830   0.14991   5.23007   1.86137   1.11336   1.70494   0.77623  
 28 113.1082   1994.743667  x:  0.14849   0.00000   0.18578   0.02640   0.03488   0.06086   0.07891   0.03656   0.06125   0.08793   0.01669   0.16302   0.00000   0.15520   0.02628   0.06987   0.02745   0.09762   0.01430   0.09537   0.12097   0.00708   0.14906   0.15308   5.43916   2.08093   1.29274   1.90648   0.82922  
 29  1.0927   1991.788886  x:  0.14337   0.00000   0.18589   0.02497   0.03293   0.06134   0.07497   0.03808   0.05240   0.09329   0.02332   0.16669   0.00000   0.16899   0.02919   0.06448   0.03396   0.09888   0.02338   0.09298   0.11795   0.00952   0.13494   0.14744   5.95885   1.79068   1.12162   1.61572   0.90051  
 30  3.5316   1988.397467  x:  0.15684   0.00000   0.18344   0.02677   0.03707   0.05472   0.08978   0.03700   0.07207   0.07505   0.01825   0.14574   0.00000   0.19102   0.03409   0.06189   0.03270   0.09373   0.01530   0.08699   0.10664   0.01053   0.13604   0.16114   7.06662   1.81756   1.18975   1.70636   1.02759  
 31  0.9166   1987.277925  x:  0.15425   0.00000   0.17502   0.02521   0.03634   0.05629   0.07545   0.03833   0.06574   0.08057   0.02511   0.14925   0.00000   0.19624   0.03555   0.06334   0.02889   0.08820   0.01353   0.08545   0.11807   0.01190   0.13520   0.16118   7.71798   1.91717   1.17082   1.75830   1.07972  
 32  0.3901   1986.898164  x:  0.15101   0.00000   0.17083   0.02401   0.03583   0.05685   0.07520   0.03787   0.06105   0.08275   0.01702   0.14958   0.00000   0.19542   0.03551   0.06321   0.03109   0.08573   0.01419   0.08386   0.12059   0.01246   0.13705   0.15991   8.04054   1.88649   1.14634   1.71875   1.08758  
 33  0.3849   1986.543005  x:  0.14737   0.00000   0.17013   0.02119   0.03686   0.05852   0.07594   0.03767   0.06151   0.08340   0.02070   0.15086   0.00000   0.18773   0.03477   0.06218   0.03169   0.08369   0.01103   0.08430   0.11867   0.01298   0.14430   0.16028   8.47618   1.84486   1.16890   1.68664   1.08812  
 34  0.2711   1986.305970  x:  0.14409   0.00000   0.17210   0.01893   0.03694   0.05856   0.07265   0.03738   0.06521   0.08346   0.01963   0.15392   0.00000   0.17855   0.03344   0.06224   0.02883   0.08544   0.01462   0.08557   0.11537   0.01284   0.14381   0.16073   8.80927   1.85431   1.17291   1.70572   1.07015  
 35  0.2247   1986.201683  x:  0.14413   0.00000   0.17205   0.01832   0.03644   0.05729   0.07738   0.03748   0.06377   0.08245   0.01973   0.15421   0.00000   0.17402   0.03274   0.06265   0.03134   0.08770   0.01363   0.08617   0.11543   0.01261   0.14222   0.16241   8.97237   1.89377   1.17815   1.73618   1.05924  
 36  0.1875   1986.180207  x:  0.14572   0.00000   0.17358   0.01884   0.03717   0.05703   0.07686   0.03788   0.06367   0.08186   0.02049   0.15279   0.00000   0.17445   0.03276   0.06343   0.03078   0.08881   0.01337   0.08629   0.11746   0.01244   0.14010   0.16391   9.05047   1.88587   1.17017   1.72197   1.05723  
 37  0.0462   1986.171836  x:  0.14533   0.00000   0.17432   0.01950   0.03658   0.05739   0.07666   0.03763   0.06364   0.08239   0.01985   0.15226   0.00000   0.17508   0.03280   0.06328   0.03100   0.08924   0.01329   0.08599   0.11757   0.01223   0.13980   0.16345   9.12974   1.88014   1.17219   1.72436   1.05349  
 38  0.0346   1986.168944  x:  0.14518   0.00000   0.17417   0.01991   0.03677   0.05748   0.07673   0.03766   0.06367   0.08248   0.02007   0.15258   0.00000   0.17574   0.03287   0.06306   0.03104   0.08900   0.01342   0.08598   0.11705   0.01205   0.14060   0.16312   9.14830   1.88470   1.17159   1.72427   1.05146  
 39  0.0100   1986.168408  x:  0.14519   0.00000   0.17360   0.01993   0.03675   0.05736   0.07680   0.03768   0.06366   0.08222   0.02004   0.15288   0.00000   0.17588   0.03285   0.06321   0.03093   0.08874   0.01337   0.08605   0.11711   0.01194   0.14052   0.16315   9.15024   1.88335   1.17143   1.72427   1.05027  
 40  0.0015   1986.168262  x:  0.14522   0.00000   0.17363   0.01983   0.03674   0.05740   0.07678   0.03768   0.06372   0.08231   0.02006   0.15293   0.00000   0.17603   0.03283   0.06324   0.03102   0.08874   0.01340   0.08613   0.11720   0.01188   0.14064   0.16322   9.14710   1.88244   1.17098   1.72322   1.04975  
 41  0.0014   1986.168196  x:  0.14519   0.00000   0.17370   0.01977   0.03677   0.05743   0.07678   0.03767   0.06369   0.08230   0.02006   0.15283   0.00000   0.17622   0.03283   0.06323   0.03098   0.08878   0.01338   0.08610   0.11716   0.01184   0.14053   0.16322   9.14701   1.88339   1.17144   1.72409   1.04972  
 42  0.0008   1986.168193  x:  0.14518   0.00000   0.17371   0.01977   0.03676   0.05742   0.07679   0.03767   0.06368   0.08229   0.02006   0.15282   0.00000   0.17623   0.03283   0.06321   0.03098   0.08878   0.01339   0.08608   0.11714   0.01184   0.14053   0.16321   9.14792   1.88318   1.17133   1.72393   1.04979  
 43  0.0007   1986.168192  x:  0.14519   0.00000   0.17371   0.01977   0.03676   0.05742   0.07678   0.03767   0.06368   0.08229   0.02006   0.15283   0.00000   0.17622   0.03283   0.06321   0.03098   0.08877   0.01339   0.08608   0.11714   0.01184   0.14054   0.16322   9.14801   1.88322   1.17135   1.72396   1.04981  
 44  0.0001   1986.168192  x:  0.14519   0.00000   0.17371   0.01977   0.03676   0.05742   0.07679   0.03767   0.06368   0.08229   0.02006   0.15283   0.00000   0.17622   0.03283   0.06321   0.03098   0.08878   0.01339   0.08607   0.11714   0.01183   0.14053   0.16322   9.14793   1.88321   1.17134   1.72396   1.04984  
 45  0.0000   1986.168192  x:  0.14519   0.00000   0.17371   0.01977   0.03676   0.05742   0.07678   0.03767   0.06368   0.08229   0.02006   0.15283   0.00000   0.17622   0.03283   0.06321   0.03098   0.08878   0.01339   0.08608   0.11714   0.01183   0.14053   0.16322   9.14793   1.88320   1.17134   1.72395   1.04985  
 46  0.0000   1986.168192  x:  0.14519   0.00000   0.17371   0.01977   0.03676   0.05742   0.07678   0.03767   0.06368   0.08229   0.02006   0.15283   0.00000   0.17622   0.03283   0.06321   0.03098   0.08878   0.01339   0.08608   0.11714   0.01183   0.14053   0.16322   9.14794   1.88321   1.17134   1.72395   1.04985  
 47  0.0000   1986.168192  x:  0.14519   0.00000   0.17371   0.01977   0.03676   0.05742   0.07678   0.03767   0.06368   0.08229   0.02006   0.15283   0.00000   0.17622   0.03283   0.06321   0.03098   0.08878   0.01339   0.08608   0.11714   0.01183   0.14053   0.16322   9.14794   1.88320   1.17134   1.72395   1.04985  
 48  0.0000   1986.168192  x:  0.14519   0.00000   0.17371   0.01977   0.03676   0.05742   0.07678   0.03767   0.06368   0.08229   0.02006   0.15283   0.00000   0.17622   0.03283   0.06321   0.03098   0.08878   0.01339   0.08608   0.11714   0.01183   0.14053   0.16322   9.14795   1.88320   1.17134   1.72395   1.04985  
 49  0.0000   1986.168192  x:  0.14519   0.00000   0.17371   0.01977   0.03676   0.05742   0.07678   0.03767   0.06368   0.08229   0.02006   0.15283   0.00000   0.17622   0.03283   0.06321   0.03098   0.08878   0.01339   0.08608   0.11714   0.01183   0.14053   0.16322   9.14794   1.88320   1.17134   1.72395   1.04985  