

TREE # 1

  0  0.0000   1901.547087  x:  0.00000   0.02773   0.08388   0.01955   0.07033   0.06916   0.03282   0.06146   0.08551   0.04110   0.11078   0.01294   0.06598   0.02630   0.02589   0.06126   0.09054   0.03722   0.05361   0.06549   0.08290   0.10193   0.10914   2.00000   1.60175   1.20232   1.36876   0.40000  
  1 99.0000   1901.545650  x:  0.00000   0.02773   0.08388   0.01955   0.07032   0.06916   0.03282   0.06146   0.08551   0.04110   0.11078   0.01294   0.06598   0.02630   0.02589   0.06126   0.09054   0.03722   0.05361   0.06549   0.08290   0.10193   0.10914   2.00000   1.60175   1.20232   1.36876   0.40000  
  2 505.4309   1891.640425  x:  0.00000   0.02057   0.07898   0.01654   0.06099   0.05988   0.02449   0.06314   0.08205   0.04597   0.11449   0.00000   0.07503   0.02711   0.02445   0.05466   0.09498   0.03091   0.04437   0.06951   0.07775   0.10794   0.12106   2.00260   1.60178   1.20089   1.37001   0.41013  
  3 624.7549   1885.557870  x:  0.00000   0.02466   0.06936   0.02317   0.04136   0.04069   0.01634   0.06399   0.07623   0.02259   0.11820   0.00000   0.07005   0.02404   0.02627   0.04357   0.09945   0.02558   0.02714   0.07047   0.06821   0.11292   0.13113   2.00994   1.60208   1.19665   1.37352   0.43388  
  4 311.5398   1882.763169  x:  0.00000   0.02433   0.06287   0.03109   0.02636   0.02645   0.02065   0.06296   0.07254   0.03082   0.11865   0.00000   0.05429   0.02198   0.02954   0.03769   0.09982   0.02807   0.01816   0.06686   0.06148   0.11262   0.12963   2.01880   1.60256   1.19145   1.37775   0.45805  
  5 217.7811   1879.096179  x:  0.00000   0.02454   0.05145   0.03470   0.02074   0.02344   0.03060   0.06056   0.06561   0.02991   0.11910   0.00000   0.06219   0.03604   0.03021   0.03577   0.09794   0.03618   0.04253   0.06030   0.04878   0.11037   0.12061   2.05639   1.60464   1.16956   1.39561   0.54647  
  6 118.9075   1874.676726  x:  0.00000   0.02498   0.05270   0.03245   0.04522   0.04003   0.02788   0.06073   0.06496   0.03204   0.11814   0.00000   0.05918   0.01760   0.02591   0.04083   0.09559   0.03578   0.03616   0.06269   0.05121   0.10683   0.11450   2.11451   1.60792   1.13739   1.42179   0.66257  
  7 239.3731   1873.319609  x:  0.00000   0.02516   0.06351   0.02792   0.04723   0.04270   0.02548   0.06107   0.07149   0.03148   0.11538   0.00000   0.05587   0.03155   0.02813   0.04636   0.09347   0.03374   0.02658   0.06524   0.06313   0.10399   0.11287   2.14138   1.60950   1.12443   1.43238   0.69700  
  8 170.9092   1872.176506  x:  0.00000   0.02544   0.07760   0.02171   0.03486   0.03707   0.02682   0.06078   0.08186   0.03066   0.11037   0.00000   0.06168   0.02265   0.02863   0.05121   0.09089   0.03288   0.02940   0.06367   0.07662   0.10166   0.11284   2.17777   1.61164   1.11068   1.44383   0.71216  
  9 84.1885   1867.586233  x:  0.00000   0.02641   0.08660   0.03781   0.03423   0.03739   0.01668   0.06385   0.09198   0.03338   0.10565   0.00000   0.04748   0.02448   0.01407   0.03933   0.09937   0.02718   0.04938   0.06759   0.08176   0.11519   0.13348   2.41311   1.62503   1.03915   1.50542   0.70447  
 10 72.9284   1860.941519  x:  0.00000   0.02830   0.08381   0.05118   0.04368   0.03842   0.02398   0.06425   0.09216   0.03602   0.10856   0.00000   0.05988   0.02336   0.05503   0.02862   0.10735   0.02734   0.04535   0.06999   0.07414   0.12861   0.14704   2.84830   1.64902   0.91468   1.61500   0.67976  
 11 688.0109   1853.497243  x:  0.00000   0.03112   0.06064   0.02809   0.03779   0.03449   0.02135   0.05866   0.07144   0.03527   0.12053   0.00000   0.07221   0.02737   0.02978   0.05649   0.09936   0.03200   0.01964   0.06332   0.05308   0.11876   0.12856   3.24371   1.66857   0.82314   1.70524   0.65330  
 12 560.1203   1851.952117  x:  0.00000   0.03201   0.05468   0.01192   0.03672   0.03437   0.01998   0.06080   0.06419   0.03487   0.12284   0.00000   0.06809   0.02726   0.03012   0.04536   0.09538   0.02507   0.02175   0.06825   0.05505   0.10994   0.12187   3.32179   1.67113   0.82451   1.71566   0.65133  
 13 186.6717   1849.948862  x:  0.00000   0.03297   0.05251   0.02316   0.03489   0.03578   0.01668   0.06315   0.05679   0.03723   0.12660   0.00000   0.07862   0.02801   0.02458   0.03169   0.08802   0.02028   0.01757   0.07350   0.06309   0.09286   0.11254   3.44940   1.67361   0.85692   1.72082   0.65388  
 14 182.3394   1838.021167  x:  0.00000   0.03854   0.04748   0.01317   0.04392   0.02822   0.01732   0.06661   0.05856   0.03828   0.14993   0.00000   0.08376   0.02932   0.02624   0.04697   0.09863   0.06901   0.01293   0.08428   0.06586   0.08582   0.14862   4.35809   1.68753   1.18960   1.71263   0.69775  
 15 327.9236   1833.286199  x:  0.00000   0.04075   0.05549   0.01502   0.03564   0.04110   0.01536   0.05944   0.06102   0.04090   0.14830   0.00000   0.08314   0.03001   0.03338   0.06234   0.09853   0.03074   0.01307   0.07028   0.04936   0.12174   0.13225   4.65981   1.69442   1.30445   1.70179   0.71410  
 16 453.7302   1833.053731  x:  0.00000   0.04091   0.05403   0.01553   0.03964   0.03587   0.02054   0.06098   0.06167   0.04067   0.14524   0.00000   0.08387   0.03040   0.03198   0.06470   0.10016   0.02450   0.01299   0.07014   0.04963   0.12223   0.13248   4.67435   1.69645   1.30912   1.69863   0.71507  
 17 62.6214   1832.936895  x:  0.00000   0.04110   0.05245   0.01595   0.04181   0.03220   0.01657   0.06165   0.06157   0.04125   0.14018   0.00000   0.08422   0.03039   0.03338   0.06658   0.10142   0.02356   0.01398   0.06976   0.04965   0.12156   0.13096   4.68032   1.70007   1.30943   1.69297   0.71569  
 18 24.8372   1832.662426  x:  0.00000   0.04155   0.05046   0.01473   0.04081   0.03454   0.01707   0.06225   0.06074   0.04135   0.12563   0.00000   0.08627   0.03084   0.03204   0.06436   0.10477   0.02545   0.01146   0.07044   0.04843   0.12197   0.13074   4.69210   1.71418   1.30586   1.67089   0.71776  
 19 29.8196   1831.863467  x:  0.00000   0.04252   0.05279   0.01634   0.03700   0.03777   0.01790   0.05811   0.05256   0.04218   0.12638   0.00000   0.08550   0.03028   0.03383   0.07054   0.10186   0.02165   0.01409   0.07857   0.04828   0.11769   0.13897   4.72248   1.76402   1.28651   1.59002   0.72528  
 20 46.8217   1831.053535  x:  0.00000   0.04352   0.05256   0.01445   0.03968   0.03571   0.01680   0.06302   0.06290   0.04284   0.14018   0.00000   0.08770   0.03094   0.03125   0.06432   0.09909   0.02329   0.01301   0.07277   0.04881   0.12038   0.13711   4.75163   1.81411   1.26513   1.50550   0.73301  
 21 131.6889   1830.967112  x:  0.00000   0.04366   0.05375   0.01418   0.04031   0.03436   0.01711   0.06120   0.05967   0.04279   0.14246   0.00000   0.08824   0.03088   0.03035   0.06321   0.10391   0.02463   0.01297   0.07272   0.05248   0.12334   0.13443   4.75259   1.81492   1.26285   1.49874   0.73381  
 22 14.3234   1830.248127  x:  0.00000   0.04545   0.05552   0.01484   0.03501   0.03784   0.01662   0.06832   0.06614   0.04415   0.14755   0.00000   0.09004   0.03039   0.03003   0.06559   0.12368   0.02221   0.01394   0.08339   0.04759   0.11776   0.13050   4.73766   1.77230   1.24583   1.46925   0.73987  
 23  7.5488   1825.166679  x:  0.00000   0.05697   0.05351   0.00935   0.03529   0.03930   0.01071   0.05535   0.06829   0.05248   0.14516   0.00000   0.10504   0.03336   0.02348   0.05355   0.12887   0.01267   0.01316   0.07350   0.05429   0.11738   0.16590   4.62931   1.47307   1.13688   1.28919   0.77905  
 24 96.2786   1823.947085  x:  0.00000   0.05987   0.05770   0.00938   0.03570   0.03426   0.01085   0.07051   0.06218   0.05397   0.14254   0.00000   0.10926   0.03334   0.02068   0.05247   0.11512   0.01768   0.01347   0.08720   0.05509   0.13297   0.16807   4.60036   1.39768   1.10952   1.24514   0.78908  
 25 194.9722   1823.825885  x:  0.00000   0.06016   0.05308   0.00975   0.03533   0.03369   0.01099   0.06567   0.06636   0.05416   0.14261   0.00000   0.10988   0.03317   0.02021   0.05248   0.11317   0.01805   0.01351   0.09320   0.05680   0.13595   0.16687   4.59566   1.39941   1.11004   1.24839   0.78983  
 26 10.5215   1821.427399  x:  0.00000   0.06615   0.06452   0.00541   0.03778   0.02571   0.00838   0.06236   0.06542   0.05795   0.14747   0.00000   0.11908   0.03425   0.01415   0.04481   0.11196   0.01612   0.01190   0.10131   0.04659   0.14398   0.17417   4.47901   1.55171   1.16124   1.40960   0.80222  
 27 16.5041   1820.430331  x:  0.00000   0.06869   0.05226   0.00580   0.03164   0.03141   0.00720   0.07474   0.06240   0.06005   0.15099   0.00000   0.12159   0.03417   0.01458   0.04897   0.11349   0.01301   0.01227   0.09776   0.05815   0.15020   0.18100   4.42907   1.61794   1.18337   1.47951   0.80778  
 28 220.9356   1816.144841  x:  0.00000   0.07597   0.05167   0.01312   0.02842   0.03070   0.01666   0.07446   0.06634   0.06625   0.14260   0.00000   0.13356   0.03572   0.01333   0.02511   0.12479   0.02354   0.02122   0.08597   0.05606   0.15029   0.20745   4.63902   1.71205   1.20500   1.58848   0.85618  
 29  0.6500   1813.442400  x:  0.00000   0.07943   0.05769   0.01898   0.02473   0.01805   0.01342   0.07061   0.06386   0.07131   0.14630   0.00000   0.13467   0.03139   0.02993   0.03399   0.12417   0.02068   0.01719   0.09367   0.05174   0.14961   0.22383   5.12433   1.73680   1.18781   1.61642   0.94044  
 30  0.7373   1810.920474  x:  0.00000   0.08051   0.04574   0.01299   0.01666   0.03165   0.01287   0.06735   0.06375   0.07749   0.13846   0.00000   0.13554   0.02997   0.02944   0.03360   0.12486   0.02043   0.02279   0.08685   0.04930   0.14753   0.23238   6.10497   1.68467   1.14121   1.55786   1.05633  
 31  0.9460   1809.925820  x:  0.00000   0.08069   0.04520   0.01398   0.03030   0.03011   0.01180   0.06744   0.06185   0.08091   0.14077   0.00000   0.13660   0.03121   0.02363   0.03219   0.12349   0.01638   0.02246   0.08576   0.04767   0.14866   0.23371   6.61294   1.65507   1.11144   1.53186   1.12091  
 32  0.7880   1809.530846  x:  0.00000   0.07993   0.05044   0.01403   0.02678   0.02512   0.01306   0.06925   0.06278   0.08214   0.14344   0.00000   0.13666   0.03106   0.01744   0.03355   0.12231   0.01597   0.02082   0.08734   0.05177   0.14937   0.23120   6.90798   1.65428   1.10720   1.54400   1.15041  
 33  0.3456   1809.379686  x:  0.00000   0.07909   0.05101   0.01283   0.02559   0.02431   0.01193   0.06966   0.06369   0.08293   0.14555   0.00000   0.13478   0.03128   0.02001   0.03041   0.12328   0.01918   0.01957   0.08868   0.05278   0.14981   0.22941   7.08679   1.66870   1.11559   1.56639   1.16357  
 34  0.2222   1809.329395  x:  0.00000   0.07813   0.04981   0.01255   0.02495   0.02513   0.01282   0.07015   0.06302   0.08349   0.14579   0.00000   0.13321   0.03189   0.02030   0.03295   0.12378   0.01905   0.01883   0.08964   0.05103   0.15009   0.22733   7.21571   1.68521   1.12588   1.58218   1.16759  
 35  0.1330   1809.314891  x:  0.00000   0.07747   0.05007   0.01287   0.02473   0.02529   0.01225   0.06971   0.06305   0.08383   0.14459   0.00000   0.13251   0.03220   0.02012   0.03207   0.12360   0.01826   0.01864   0.08958   0.05005   0.15050   0.22559   7.29025   1.68690   1.12513   1.58089   1.16748  
 36  0.0776   1809.307483  x:  0.00000   0.07693   0.04928   0.01268   0.02522   0.02511   0.01230   0.06961   0.06324   0.08424   0.14359   0.00000   0.13194   0.03238   0.01994   0.03211   0.12391   0.01839   0.01904   0.08864   0.05083   0.15003   0.22516   7.33587   1.68553   1.12256   1.57862   1.16282  
 37  0.0360   1809.301119  x:  0.00000   0.07662   0.05002   0.01304   0.02535   0.02538   0.01249   0.06946   0.06305   0.08487   0.14469   0.00000   0.13164   0.03230   0.02015   0.03209   0.12396   0.01837   0.01891   0.08880   0.05117   0.14994   0.22562   7.35304   1.68340   1.12011   1.57967   1.15187  
 38  0.0105   1809.299010  x:  0.00000   0.07674   0.04971   0.01298   0.02509   0.02510   0.01242   0.06973   0.06312   0.08521   0.14472   0.00000   0.13190   0.03216   0.02004   0.03210   0.12383   0.01847   0.01901   0.08916   0.05082   0.15024   0.22614   7.35737   1.68303   1.12090   1.57891   1.14620  
 39  0.0048   1809.298739  x:  0.00000   0.07684   0.04981   0.01287   0.02512   0.02523   0.01241   0.06973   0.06320   0.08530   0.14446   0.00000   0.13205   0.03213   0.02009   0.03209   0.12379   0.01842   0.01900   0.08918   0.05086   0.15028   0.22639   7.35757   1.68309   1.12148   1.57856   1.14564  
 40  0.0008   1809.298695  x:  0.00000   0.07688   0.04979   0.01288   0.02514   0.02523   0.01238   0.06969   0.06317   0.08533   0.14448   0.00000   0.13211   0.03213   0.02006   0.03213   0.12383   0.01844   0.01895   0.08913   0.05086   0.15023   0.22649   7.35874   1.68308   1.12139   1.57852   1.14568  
 41  0.0014   1809.298685  x:  0.00000   0.07691   0.04977   0.01287   0.02514   0.02521   0.01239   0.06969   0.06316   0.08534   0.14449   0.00000   0.13213   0.03213   0.02006   0.03211   0.12383   0.01842   0.01893   0.08912   0.05087   0.15023   0.22651   7.35965   1.68308   1.12136   1.57857   1.14571  
 42  0.0011   1809.298678  x:  0.00000   0.07694   0.04979   0.01287   0.02514   0.02520   0.01240   0.06968   0.06317   0.08533   0.14446   0.00000   0.13215   0.03214   0.02007   0.03212   0.12382   0.01842   0.01893   0.08911   0.05086   0.15019   0.22646   7.36044   1.68319   1.12143   1.57873   1.14562  
 43  0.0003   1809.298674  x:  0.00000   0.07698   0.04977   0.01287   0.02514   0.02521   0.01239   0.06968   0.06316   0.08531   0.14448   0.00000   0.13216   0.03214   0.02007   0.03211   0.12382   0.01842   0.01893   0.08912   0.05086   0.15019   0.22642   7.36074   1.68316   1.12136   1.57865   1.14554  
 44  0.0002   1809.298674  x:  0.00000   0.07698   0.04978   0.01287   0.02514   0.02521   0.01239   0.06969   0.06316   0.08530   0.14448   0.00000   0.13215   0.03214   0.02006   0.03212   0.12383   0.01842   0.01893   0.08912   0.05087   0.15020   0.22643   7.36114   1.68309   1.12135   1.57862   1.14555  
 45  0.0002   1809.298673  x:  0.00000   0.07698   0.04978   0.01287   0.02514   0.02521   0.01239   0.06969   0.06316   0.08529   0.14448   0.00000   0.13214   0.03214   0.02007   0.03212   0.12383   0.01842   0.01893   0.08912   0.05086   0.15020   0.22644   7.36135   1.68311   1.12135   1.57862   1.14555  
 46  0.0001   1809.298673  x:  0.00000   0.07698   0.04978   0.01287   0.02514   0.02521   0.01239   0.06969   0.06316   0.08529   0.14448   0.00000   0.13214   0.03214   0.02007   0.03212   0.12382   0.01842   0.01893   0.08912   0.05087   0.15020   0.22645   7.36135   1.68312   1.12136   1.57864   1.14555  
 47  0.0000   1809.298673  x:  0.00000   0.07698   0.04978   0.01287   0.02514   0.02521   0.01239   0.06969   0.06316   0.08529   0.14448   0.00000   0.13214   0.03214   0.02007   0.03212   0.12382   0.01842   0.01893   0.08912   0.05087   0.15020   0.22645   7.36132   1.68312   1.12136   1.57863   1.14554  
 48  0.0000   1809.298673  x:  0.00000   0.07698   0.04978   0.01287   0.02514   0.02521   0.01239   0.06969   0.06316   0.08529   0.14448   0.00000   0.13214   0.03214   0.02007   0.03212   0.12382   0.01842   0.01893   0.08912   0.05087   0.15020   0.22645   7.36134   1.68312   1.12136   1.57864   1.14554  
 49  0.0000   1809.298673  x:  0.00000   0.07698   0.04978   0.01287   0.02514   0.02521   0.01239   0.06969   0.06316   0.08529   0.14448   0.00000   0.13214   0.03214   0.02007   0.03212   0.12382   0.01842   0.01893   0.08912   0.05087   0.15020   0.22645   7.36135   1.68312   1.12136   1.57863   1.14554  
 50  0.0000   1809.298673  x:  0.00000   0.07698   0.04978   0.01287   0.02514   0.02521   0.01239   0.06969   0.06316   0.08529   0.14448   0.00000   0.13214   0.03214   0.02007   0.03212   0.12382   0.01842   0.01893   0.08912   0.05087   0.15020   0.22645   7.36135   1.68312   1.12136   1.57863   1.14554  
 51  0.0000   1809.298673  x:  0.00000   0.07698   0.04978   0.01287   0.02514   0.02521   0.01239   0.06969   0.06316   0.08529   0.14448   0.00000   0.13214   0.03214   0.02007   0.03212   0.12382   0.01842   0.01893   0.08912   0.05087   0.15020   0.22645   7.36135   1.68312   1.12136   1.57863   1.14554  

TREE # 2

  0  0.0000   1826.733592  x:  0.18546   0.00000   0.15310   0.08381   0.04601   0.02845   0.08849   0.02097   0.03859   0.02877   0.08711   0.05178   0.01639   0.14692   0.02927   0.04686   0.06947   0.05706   0.02317   0.05992   0.04671   0.03564   0.02628   7.36135   1.54882   1.08647   1.43068   1.14554  
  1 99.0000   1826.732690  x:  0.18546   0.00000   0.15310   0.08381   0.04601   0.02845   0.08849   0.02097   0.03859   0.02877   0.08711   0.05178   0.01639   0.14692   0.02927   0.04686   0.06947   0.05706   0.02317   0.05992   0.04671   0.03564   0.02628   7.36135   1.54882   1.08647   1.43068   1.14554  
  2 377.1642   1821.355202  x:  0.18878   0.00000   0.15320   0.09033   0.04716   0.02929   0.08865   0.02073   0.03176   0.02943   0.09230   0.04229   0.00000   0.14662   0.02499   0.05167   0.06637   0.05834   0.01865   0.06186   0.04034   0.03229   0.01987   7.36133   1.54921   1.08594   1.43122   1.14547  
  3 404.8862   1820.118712  x:  0.19586   0.00000   0.15271   0.09614   0.04647   0.02653   0.08889   0.02131   0.02609   0.02802   0.09619   0.02513   0.00000   0.14491   0.02734   0.04032   0.06127   0.05879   0.02367   0.06245   0.03324   0.03325   0.02217   7.36125   1.55034   1.08423   1.43281   1.14516  
  4 107.3254   1819.908867  x:  0.20292   0.00000   0.15203   0.09692   0.04571   0.02766   0.08901   0.02141   0.02880   0.02925   0.09625   0.02080   0.00000   0.14282   0.02701   0.04472   0.05887   0.05824   0.02609   0.06165   0.03340   0.03545   0.02610   7.36113   1.55195   1.08181   1.43508   1.14469  
  5 31.6958   1819.491793  x:  0.22740   0.00000   0.14953   0.10012   0.04580   0.02765   0.08927   0.02030   0.02934   0.02930   0.09734   0.02770   0.00000   0.13623   0.02804   0.04379   0.05329   0.05779   0.02456   0.06101   0.03333   0.03564   0.02611   7.36062   1.55877   1.07185   1.44464   1.14267  
  6 31.0709   1819.108434  x:  0.24115   0.00000   0.14812   0.09535   0.04657   0.02673   0.08904   0.02436   0.02841   0.02637   0.09418   0.02411   0.00000   0.13473   0.02898   0.04385   0.06180   0.05854   0.02231   0.06188   0.03743   0.03278   0.02158   7.35995   1.56745   1.06005   1.45683   1.13999  
  7 30.3063   1818.641252  x:  0.24541   0.00000   0.14886   0.09082   0.04676   0.02782   0.08834   0.01703   0.02551   0.03321   0.09330   0.02269   0.00000   0.13808   0.03011   0.04366   0.06838   0.05917   0.02219   0.06299   0.03478   0.03193   0.02021   7.35899   1.57930   1.04524   1.47347   1.13623  
  8 42.0646   1817.360406  x:  0.23933   0.00000   0.15429   0.09044   0.04641   0.03080   0.08754   0.02453   0.02241   0.03263   0.09909   0.02633   0.00000   0.15112   0.03335   0.04752   0.06944   0.05940   0.02185   0.06439   0.02156   0.03339   0.02293   7.35620   1.61291   1.00618   1.52053   1.12540  
  9 81.3425   1815.836959  x:  0.22388   0.00000   0.16043   0.10015   0.04662   0.02701   0.08712   0.01893   0.02470   0.02564   0.10815   0.02348   0.00000   0.16330   0.03825   0.05091   0.05809   0.05907   0.01804   0.06461   0.03174   0.03194   0.01971   7.35266   1.65437   0.96201   1.57834   1.11189  
 10 176.5371   1815.434096  x:  0.21710   0.00000   0.15803   0.10417   0.04746   0.02916   0.08785   0.02339   0.02532   0.03270   0.10532   0.02239   0.00000   0.15779   0.04011   0.05004   0.05324   0.05894   0.01864   0.06299   0.03435   0.02881   0.01550   7.35166   1.66442   0.95762   1.59183   1.10841  
 11 54.0240   1814.639014  x:  0.20326   0.00000   0.14727   0.11084   0.04881   0.02849   0.08921   0.02048   0.02043   0.02927   0.09559   0.02152   0.00000   0.13539   0.04358   0.05399   0.05128   0.05974   0.01554   0.06149   0.03001   0.02575   0.01721   7.34973   1.68091   0.96390   1.61272   1.10238  
 12 54.1473   1814.261325  x:  0.19987   0.00000   0.14270   0.11363   0.04832   0.02818   0.08893   0.01938   0.02369   0.02828   0.09989   0.02178   0.00000   0.12797   0.04525   0.05507   0.05418   0.06053   0.01758   0.06490   0.02786   0.03045   0.01191   7.34876   1.68750   0.97572   1.61990   1.09986  
 13 44.0971   1813.503808  x:  0.19795   0.00000   0.13631   0.11814   0.04814   0.02911   0.08758   0.02140   0.02288   0.03217   0.11586   0.02228   0.00000   0.12165   0.04844   0.05560   0.06092   0.06212   0.01316   0.07261   0.03184   0.02987   0.01723   7.34663   1.69994   1.01207   1.63156   1.09504  
 14 73.8709   1812.463933  x:  0.20188   0.00000   0.13576   0.11747   0.04908   0.03029   0.08667   0.02046   0.01761   0.02991   0.12480   0.02382   0.00000   0.12732   0.05211   0.06078   0.05993   0.06107   0.02175   0.07043   0.03306   0.02007   0.01530   7.34377   1.71460   1.06963   1.64313   1.08955  
 15 96.8938   1810.964070  x:  0.20969   0.00000   0.14104   0.11442   0.05165   0.02985   0.08709   0.02003   0.01765   0.02989   0.12402   0.02056   0.00000   0.14183   0.05761   0.06273   0.05331   0.05987   0.01081   0.06202   0.03018   0.02280   0.01048   7.33994   1.73320   1.15031   1.65635   1.08304  
 16 196.0750   1810.641740  x:  0.21290   0.00000   0.14866   0.12259   0.05428   0.02735   0.08934   0.02042   0.01798   0.03104   0.11567   0.02131   0.00000   0.14733   0.05881   0.06422   0.05397   0.06565   0.01162   0.07035   0.03017   0.02345   0.01100   7.33900   1.73736   1.16962   1.65795   1.08293  
 17 47.4866   1810.612246  x:  0.21324   0.00000   0.15041   0.12453   0.05314   0.03002   0.08942   0.01998   0.01835   0.03036   0.11467   0.02124   0.00000   0.14755   0.05898   0.06370   0.05493   0.06496   0.01140   0.07081   0.03026   0.02318   0.01098   7.33890   1.73764   1.17104   1.65732   1.08372  
 18 15.3008   1810.597505  x:  0.21338   0.00000   0.15211   0.12592   0.05173   0.02935   0.08922   0.02017   0.01768   0.03072   0.11445   0.02144   0.00000   0.14717   0.05905   0.06396   0.05600   0.06350   0.01147   0.07010   0.03047   0.02358   0.01088   7.33883   1.73763   1.17113   1.65582   1.08535  
 19  8.5461   1810.588152  x:  0.21343   0.00000   0.15321   0.12637   0.05183   0.02876   0.08900   0.02010   0.01857   0.03086   0.11468   0.02139   0.00000   0.14670   0.05912   0.06394   0.05654   0.06311   0.01132   0.06962   0.02998   0.02278   0.01097   7.33877   1.73748   1.17066   1.65387   1.08742  
 20  8.6355   1810.537591  x:  0.21347   0.00000   0.15795   0.12617   0.05542   0.02944   0.08802   0.02006   0.01803   0.03079   0.11624   0.02136   0.00000   0.14401   0.05942   0.06408   0.05719   0.06397   0.01163   0.06797   0.03023   0.02347   0.01104   7.33838   1.73616   1.16634   1.64000   1.10213  
 21 15.7061   1810.430425  x:  0.21357   0.00000   0.16005   0.12275   0.05171   0.02945   0.08870   0.02015   0.01753   0.03074   0.11723   0.02104   0.00000   0.14215   0.06015   0.06471   0.05452   0.06572   0.01099   0.07110   0.03002   0.02262   0.01051   7.33754   1.73228   1.15593   1.60844   1.13545  
 22 32.6075   1810.333991  x:  0.21415   0.00000   0.15238   0.12631   0.05365   0.02949   0.09062   0.02002   0.01767   0.03090   0.11657   0.02114   0.00000   0.14660   0.06093   0.06530   0.05565   0.06316   0.01109   0.07117   0.02984   0.02288   0.01061   7.33678   1.72680   1.14562   1.57932   1.16638  
 23 34.2908   1810.325065  x:  0.21425   0.00000   0.15144   0.12719   0.05288   0.02953   0.08935   0.02004   0.01773   0.03093   0.11650   0.02123   0.00000   0.14720   0.06102   0.06537   0.05605   0.06495   0.01112   0.07001   0.02987   0.02292   0.01063   7.33672   1.72483   1.14452   1.57705   1.16896  
 24  7.5092   1810.295717  x:  0.21460   0.00000   0.15109   0.12723   0.05336   0.02953   0.08507   0.02015   0.01767   0.03095   0.11607   0.02111   0.00000   0.14740   0.06130   0.06563   0.05541   0.06370   0.01107   0.07145   0.02973   0.02291   0.01059   7.33669   1.70666   1.14000   1.57364   1.17436  
 25  3.6532   1810.220046  x:  0.21549   0.00000   0.15178   0.12745   0.05309   0.02969   0.08925   0.02003   0.01763   0.03104   0.11768   0.02103   0.00000   0.14707   0.06203   0.06624   0.05584   0.06450   0.01111   0.07069   0.02951   0.02288   0.01061   7.33667   1.65639   1.12780   1.56551   1.18693  
 26 26.2278   1810.089994  x:  0.21721   0.00000   0.15212   0.12829   0.05289   0.02996   0.08911   0.01995   0.01767   0.03118   0.11923   0.02051   0.00000   0.14642   0.06383   0.06791   0.05520   0.06445   0.01145   0.07082   0.02863   0.02308   0.01088   7.33916   1.61912   1.10223   1.50521   1.13274  
 27  1.5037   1809.574407  x:  0.22292   0.00000   0.15172   0.12954   0.04886   0.03127   0.08918   0.01954   0.01984   0.03122   0.12289   0.01719   0.00000   0.14530   0.06916   0.07481   0.04871   0.06228   0.01479   0.06938   0.02433   0.02622   0.01390   7.34600   1.66694   1.13388   1.55423   1.15625  
 28  0.2704   1809.322478  x:  0.22957   0.00000   0.14977   0.13338   0.05166   0.03220   0.08926   0.02018   0.01876   0.03236   0.12511   0.01905   0.00000   0.14436   0.07445   0.08301   0.04974   0.06338   0.01267   0.06936   0.02419   0.02565   0.01233   7.35775   1.68898   1.12457   1.58456   1.14000  
 29  0.0423   1809.301338  x:  0.22702   0.00000   0.15026   0.13266   0.05083   0.03230   0.08912   0.02022   0.01898   0.03235   0.12439   0.01833   0.00000   0.14457   0.07604   0.08505   0.04971   0.06316   0.01295   0.06978   0.02566   0.02530   0.01229   7.36205   1.68362   1.12125   1.57948   1.14612  
 30  0.0109   1809.298993  x:  0.22627   0.00000   0.15028   0.13231   0.05080   0.03219   0.08911   0.02004   0.01893   0.03214   0.12391   0.01841   0.00000   0.14452   0.07656   0.08556   0.04972   0.06316   0.01283   0.06975   0.02513   0.02520   0.01244   7.36231   1.68246   1.12110   1.57806   1.14621  
 31  0.0025   1809.298806  x:  0.22645   0.00000   0.15018   0.13215   0.05089   0.03215   0.08913   0.02007   0.01895   0.03211   0.12381   0.01842   0.00000   0.14446   0.07674   0.08554   0.04978   0.06316   0.01290   0.06967   0.02511   0.02520   0.01236   7.36154   1.68315   1.12155   1.57855   1.14533  
 32  0.0012   1809.298703  x:  0.22652   0.00000   0.15017   0.13208   0.05089   0.03212   0.08912   0.02008   0.01892   0.03211   0.12379   0.01842   0.00000   0.14447   0.07691   0.08538   0.04978   0.06317   0.01285   0.06965   0.02516   0.02523   0.01241   7.36084   1.68334   1.12155   1.57878   1.14531  
 33  0.0004   1809.298674  x:  0.22646   0.00000   0.15020   0.13213   0.05086   0.03213   0.08912   0.02006   0.01893   0.03212   0.12382   0.01842   0.00000   0.14448   0.07698   0.08529   0.04978   0.06316   0.01288   0.06969   0.02514   0.02521   0.01239   7.36102   1.68311   1.12132   1.57865   1.14559  
 34  0.0004   1809.298673  x:  0.22644   0.00000   0.15020   0.13214   0.05087   0.03214   0.08912   0.02007   0.01893   0.03212   0.12382   0.01842   0.00000   0.14448   0.07698   0.08529   0.04978   0.06316   0.01287   0.06969   0.02514   0.02521   0.01239   7.36126   1.68311   1.12135   1.57863   1.14554  
 35  0.0002   1809.298673  x:  0.22645   0.00000   0.15020   0.13214   0.05087   0.03214   0.08912   0.02007   0.01893   0.03212   0.12382   0.01842   0.00000   0.14448   0.07698   0.08529   0.04978   0.06316   0.01287   0.06969   0.02514   0.02521   0.01239   7.36133   1.68312   1.12136   1.57863   1.14554  
 36  0.0001   1809.298673  x:  0.22645   0.00000   0.15020   0.13214   0.05087   0.03214   0.08912   0.02007   0.01893   0.03212   0.12382   0.01842   0.00000   0.14448   0.07698   0.08529   0.04978   0.06316   0.01287   0.06969   0.02514   0.02521   0.01239   7.36134   1.68312   1.12136   1.57863   1.14554  
 37  0.0000   1809.298673  x:  0.22645   0.00000   0.15020   0.13214   0.05087   0.03214   0.08912   0.02007   0.01893   0.03212   0.12382   0.01842   0.00000   0.14448   0.07698   0.08529   0.04978   0.06316   0.01287   0.06969   0.02514   0.02521   0.01239   7.36135   1.68312   1.12136   1.57863   1.14554  
 38  0.0000   1809.298673  x:  0.22645   0.00000   0.15020   0.13214   0.05087   0.03214   0.08912   0.02007   0.01893   0.03212   0.12382   0.01842   0.00000   0.14448   0.07698   0.08529   0.04978   0.06316   0.01287   0.06969   0.02514   0.02521   0.01239   7.36135   1.68312   1.12136   1.57863   1.14554  