

TREE # 1

  0  0.0000   2074.162119  x:  0.20925   0.02571   0.03211   0.02495   0.05815   0.02188   0.05666   0.08536   0.02661   0.17168   0.20925   0.02571   0.03211   0.02495   0.05815   0.02188   0.05666   0.08536   0.02661   0.17168   0.21568   8.40433   1.49198   1.20674   1.28177   1.00000  
  1 99.0000   2014.380230  x:  0.20925   0.01848   0.03154   0.04229   0.05436   0.03534   0.03906   0.07713   0.01021   0.16880   0.19597   0.19860   0.04196   0.01452   0.07734   0.01857   0.05741   0.07774   0.17554   0.18316   0.21180   8.40422   1.49078   1.20526   1.28497   0.99766  
  2 1183.0614   2010.591063  x:  0.20896   0.02646   0.03156   0.03972   0.05022   0.02900   0.01421   0.06482   0.01923   0.16370   0.17031   0.20096   0.03558   0.01484   0.09161   0.02169   0.05958   0.06182   0.17379   0.20152   0.20506   8.40402   1.48851   1.20311   1.29089   0.99285  
  3 131.8748   2007.816968  x:  0.20815   0.02545   0.03192   0.04158   0.04772   0.02865   0.02000   0.05142   0.00703   0.15695   0.13330   0.20211   0.03335   0.01504   0.10428   0.01870   0.06092   0.04577   0.16908   0.22490   0.19602   8.40371   1.48494   1.19983   1.30014   0.98545  
  4 170.0854   2006.866077  x:  0.20731   0.02277   0.03189   0.04352   0.04879   0.03224   0.02677   0.05069   0.01627   0.15331   0.11006   0.20396   0.03731   0.01556   0.10697   0.01772   0.06047   0.04546   0.16678   0.23768   0.19096   8.40346   1.48220   1.19738   1.30711   0.97986  
  5 159.3609   2006.092938  x:  0.20579   0.01998   0.03143   0.04318   0.05128   0.03379   0.02252   0.05849   0.01279   0.15067   0.08962   0.20542   0.04176   0.01552   0.10424   0.02074   0.05905   0.05429   0.16391   0.24818   0.18701   8.40313   1.47873   1.19440   1.31579   0.97278  
  6 108.6958   2005.906600  x:  0.20448   0.02450   0.03178   0.04212   0.05125   0.03174   0.02316   0.06076   0.01252   0.15043   0.08648   0.20682   0.03967   0.01408   0.10011   0.01715   0.05870   0.05622   0.16324   0.25169   0.18629   8.40286   1.47613   1.19230   1.32215   0.96739  
  7 40.3998   2005.589689  x:  0.20099   0.02447   0.03187   0.04121   0.05006   0.02946   0.02482   0.06078   0.01304   0.15070   0.08682   0.20987   0.03376   0.01757   0.09069   0.02082   0.05929   0.05607   0.16171   0.25865   0.18577   8.40208   1.46872   1.18633   1.34035   0.95168  
  8 49.6445   2005.150918  x:  0.19621   0.01939   0.03133   0.04145   0.04927   0.03210   0.02203   0.05841   0.01338   0.15136   0.09156   0.21221   0.03405   0.01351   0.08279   0.01815   0.05939   0.05419   0.15830   0.26687   0.18602   8.40076   1.45687   1.17692   1.36937   0.92602  
  9 96.1680   2004.661764  x:  0.19161   0.02474   0.03151   0.04262   0.05042   0.03441   0.02162   0.05717   0.01213   0.15196   0.09901   0.21409   0.04317   0.01699   0.08539   0.01870   0.05924   0.05400   0.15505   0.27307   0.18767   8.39888   1.44105   1.16458   1.40821   0.89056  
 10 114.1595   2004.363396  x:  0.19131   0.02348   0.03160   0.04277   0.05138   0.02998   0.02377   0.05993   0.01261   0.15173   0.10111   0.21404   0.04158   0.01308   0.09417   0.02095   0.05811   0.05569   0.15488   0.27112   0.18973   8.39752   1.43139   1.15758   1.43209   0.86707  
 11 81.2418   2004.217012  x:  0.19266   0.02141   0.03139   0.04222   0.05132   0.03052   0.02325   0.06146   0.01273   0.15129   0.10031   0.21320   0.03835   0.01618   0.09852   0.01777   0.05810   0.05680   0.15580   0.26676   0.19104   8.39668   1.42658   1.15448   1.44419   0.85396  
 12 72.3854   2004.101491  x:  0.19582   0.02318   0.03137   0.04154   0.05025   0.03482   0.02306   0.06052   0.01248   0.15053   0.09677   0.21133   0.03624   0.01501   0.09859   0.01907   0.05878   0.05631   0.15785   0.25855   0.19193   8.39569   1.42301   1.15292   1.45374   0.84140  
 13 39.3346   2004.017324  x:  0.19909   0.02285   0.03143   0.04212   0.04977   0.03187   0.02255   0.05818   0.01252   0.14995   0.09304   0.20958   0.03865   0.01524   0.09600   0.01890   0.05935   0.05501   0.16014   0.25062   0.19178   8.39470   1.42096   1.15278   1.46007   0.83091  
 14 34.7426   2004.001593  x:  0.19984   0.02297   0.03135   0.04274   0.05171   0.03196   0.02238   0.05894   0.01251   0.15024   0.09328   0.20913   0.03844   0.01537   0.09560   0.01894   0.05804   0.05370   0.16068   0.25015   0.18924   8.39381   1.42199   1.15504   1.45985   0.82620  
 15  5.9762   2003.972164  x:  0.20086   0.02281   0.03159   0.04163   0.04993   0.03200   0.02263   0.05907   0.01251   0.15104   0.09442   0.20851   0.03872   0.01534   0.09589   0.01894   0.05822   0.05457   0.16144   0.25078   0.18402   8.39133   1.42551   1.16158   1.45799   0.81481  
 16 11.5440   2003.957113  x:  0.20057   0.02304   0.03085   0.04315   0.05058   0.03197   0.02253   0.05842   0.01248   0.15126   0.09451   0.20854   0.03826   0.01521   0.09595   0.01889   0.05982   0.05560   0.16125   0.25162   0.18496   8.38940   1.42835   1.16607   1.45645   0.80781  
 17  9.5594   2003.942193  x:  0.19978   0.02288   0.03230   0.04244   0.05096   0.03202   0.02255   0.05848   0.01249   0.15120   0.09422   0.20899   0.03841   0.01526   0.09580   0.01892   0.05947   0.05528   0.16083   0.25255   0.18824   8.38698   1.43182   1.17101   1.45479   0.80049  
 18 13.5649   2003.938000  x:  0.19949   0.02290   0.03135   0.04209   0.05059   0.03200   0.02263   0.05878   0.01250   0.15107   0.09410   0.20919   0.03859   0.01532   0.09574   0.01894   0.05886   0.05489   0.16064   0.25275   0.18934   8.38609   1.43298   1.17242   1.45442   0.79850  
 19 10.3976   2003.937177  x:  0.19938   0.02293   0.03148   0.04255   0.05020   0.03201   0.02258   0.05898   0.01250   0.15083   0.09410   0.20934   0.03857   0.01534   0.09573   0.01895   0.05867   0.05479   0.16042   0.25263   0.18937   8.38536   1.43363   1.17270   1.45471   0.79836  
 20  1.5593   2003.930636  x:  0.19853   0.02292   0.03142   0.04221   0.05052   0.03198   0.02256   0.05874   0.01249   0.14875   0.09426   0.21093   0.03851   0.01532   0.09583   0.01894   0.05884   0.05487   0.15862   0.25128   0.18868   8.37682   1.44072   1.17490   1.45889   0.79859  
 21  2.9835   2003.908455  x:  0.19890   0.02291   0.03141   0.04222   0.05040   0.03195   0.02245   0.05898   0.01244   0.15254   0.09375   0.21036   0.03852   0.01527   0.09603   0.01894   0.05915   0.05460   0.15913   0.25065   0.18872   8.34358   1.46570   1.18318   1.47579   0.80144  
 22  7.6723   2003.903081  x:  0.19956   0.02297   0.03141   0.04234   0.05046   0.03194   0.02241   0.05827   0.01241   0.15135   0.09410   0.20915   0.03837   0.01529   0.09593   0.01895   0.05821   0.05534   0.16048   0.25131   0.18900   8.33485   1.47050   1.18592   1.47982   0.80241  
 23  9.1738   2003.899655  x:  0.20000   0.02293   0.03141   0.04223   0.05044   0.03192   0.02244   0.05900   0.01240   0.15017   0.09440   0.20833   0.03853   0.01524   0.09581   0.01894   0.05900   0.05491   0.16140   0.25177   0.18920   8.32872   1.47265   1.18821   1.48230   0.80319  
 24  8.8523   2003.879253  x:  0.19955   0.02295   0.03140   0.04224   0.05041   0.03187   0.02229   0.05881   0.01234   0.15077   0.09425   0.20902   0.03848   0.01528   0.09604   0.01898   0.05878   0.05495   0.16047   0.25068   0.18916   8.28512   1.47346   1.20798   1.49480   0.80942  
 25  4.4724   2003.550958  x:  0.19549   0.02310   0.03138   0.04168   0.05028   0.03083   0.02047   0.05971   0.01086   0.15138   0.09634   0.20530   0.03748   0.01496   0.09539   0.01931   0.05884   0.05581   0.16141   0.24597   0.18921   7.42925   1.45521   1.18927   1.46252   0.79926  
 26  2.5840   2003.542683  x:  0.19960   0.02312   0.03138   0.04166   0.05030   0.03079   0.02045   0.05981   0.01080   0.15143   0.09684   0.20656   0.03748   0.01496   0.09522   0.01932   0.05881   0.05591   0.15987   0.24667   0.18975   7.40630   1.45470   1.18870   1.46169   0.79898  
 27 16.7220   2003.524450  x:  0.19928   0.02298   0.03139   0.04187   0.05028   0.03137   0.02183   0.05913   0.01140   0.15102   0.09587   0.20518   0.03779   0.01511   0.09537   0.01923   0.05885   0.05511   0.15859   0.24904   0.18917   7.34474   1.44875   1.18339   1.45795   0.79483  
 28  0.0489   2003.503421  x:  0.19966   0.02304   0.03140   0.04180   0.05039   0.03125   0.02126   0.05926   0.01148   0.15099   0.09586   0.19962   0.03794   0.01510   0.09519   0.01902   0.05882   0.05540   0.15491   0.24845   0.18925   7.42370   1.44693   1.18121   1.45851   0.79435  
 29  0.0193   2003.500975  x:  0.19941   0.02305   0.03139   0.04170   0.05034   0.03113   0.02138   0.05938   0.01134   0.15113   0.09633   0.19862   0.03775   0.01507   0.09510   0.01921   0.05887   0.05547   0.15447   0.24815   0.18933   7.37827   1.45014   1.18409   1.45999   0.79618  
 30  0.0457   2003.500944  x:  0.19941   0.02305   0.03139   0.04169   0.05032   0.03114   0.02140   0.05934   0.01132   0.15114   0.09637   0.19866   0.03772   0.01505   0.09513   0.01923   0.05888   0.05541   0.15446   0.24827   0.18931   7.38194   1.45037   1.18427   1.45999   0.79626  
 31  0.0036   2003.500943  x:  0.19941   0.02305   0.03139   0.04169   0.05032   0.03114   0.02141   0.05934   0.01131   0.15114   0.09638   0.19866   0.03772   0.01505   0.09513   0.01922   0.05888   0.05541   0.15447   0.24825   0.18931   7.38188   1.45032   1.18423   1.45997   0.79623  
 32  0.0001   2003.500943  x:  0.19941   0.02305   0.03139   0.04169   0.05032   0.03114   0.02141   0.05934   0.01131   0.15114   0.09638   0.19866   0.03772   0.01505   0.09513   0.01922   0.05888   0.05541   0.15446   0.24825   0.18931   7.38184   1.45032   1.18423   1.45997   0.79623  
 33  0.0000   2003.500943  x:  0.19941   0.02305   0.03139   0.04169   0.05032   0.03114   0.02141   0.05934   0.01131   0.15114   0.09638   0.19866   0.03772   0.01505   0.09513   0.01922   0.05888   0.05541   0.15446   0.24825   0.18931   7.38185   1.45032   1.18423   1.45997   0.79623  