

TREE # 1

  0  0.0000   2005.811042  x:  0.20925   0.02571   0.03211   0.02495   0.05815   0.02188   0.05666   0.08536   0.02661   0.17168   0.20925   0.02571   0.03211   0.02495   0.05815   0.02188   0.05666   0.08536   0.02661   0.17168   0.21568   8.40433   1.54312   1.17615   1.42362   1.00000  
  1 99.0000   1993.619483  x:  0.20860   0.02402   0.02658   0.02575   0.04800   0.05943   0.06655   0.08651   0.08237   0.17466   0.20351   0.04281   0.04332   0.01163   0.05732   0.00886   0.05300   0.10026   0.04180   0.17357   0.21808   8.40430   1.54392   1.17599   1.42501   1.00036  
  2 417.9809   1992.573668  x:  0.20746   0.01502   0.02559   0.02534   0.04000   0.05734   0.07192   0.08714   0.08779   0.17831   0.19660   0.04320   0.04519   0.01391   0.05685   0.02067   0.05083   0.11075   0.04209   0.17614   0.22013   8.40425   1.54486   1.17598   1.42657   1.00076  
  3 111.5608   1991.736363  x:  0.20568   0.00819   0.02604   0.02518   0.03280   0.05024   0.07717   0.08788   0.08926   0.18397   0.18574   0.04143   0.04551   0.01290   0.05637   0.01425   0.04880   0.12323   0.04036   0.18025   0.22295   8.40418   1.54642   1.17605   1.42910   1.00137  
  4 103.9974   1991.293373  x:  0.20381   0.01531   0.02643   0.02531   0.03141   0.04549   0.08087   0.08852   0.09078   0.18998   0.17396   0.04034   0.04546   0.01383   0.05611   0.01331   0.04781   0.13406   0.03939   0.18475   0.22575   8.40409   1.54825   1.17617   1.43208   1.00205  
  5 102.0353   1990.961522  x:  0.20098   0.01383   0.02616   0.02566   0.04056   0.04719   0.08061   0.08864   0.08921   0.19687   0.15969   0.04049   0.04440   0.01229   0.05634   0.01375   0.04918   0.14112   0.03986   0.19012   0.22902   8.40397   1.55108   1.17643   1.43661   1.00309  
  6 58.1145   1990.855323  x:  0.19904   0.01352   0.02621   0.02522   0.03913   0.05014   0.07794   0.08833   0.08757   0.20013   0.15307   0.04123   0.04417   0.01553   0.05658   0.01302   0.05016   0.14014   0.04058   0.19289   0.23056   8.40386   1.55332   1.17678   1.44014   1.00386  
  7 32.9392   1990.771288  x:  0.19700   0.01394   0.02630   0.02514   0.03638   0.05162   0.07536   0.08799   0.08619   0.20297   0.14775   0.04161   0.04414   0.01293   0.05672   0.01379   0.05044   0.13755   0.04080   0.19542   0.23191   8.40375   1.55594   1.17724   1.44420   1.00473  
  8 43.1917   1990.687934  x:  0.19332   0.01339   0.02568   0.02658   0.03707   0.04873   0.07571   0.08773   0.08935   0.20627   0.14442   0.04127   0.04555   0.01346   0.05627   0.01395   0.04843   0.13081   0.04031   0.19872   0.23372   8.40347   1.56225   1.17860   1.45385   1.00678  
  9 17.3338   1990.634437  x:  0.19112   0.01328   0.02709   0.02342   0.03732   0.04832   0.07761   0.08787   0.09035   0.20778   0.14477   0.04078   0.04465   0.01340   0.05630   0.01406   0.04934   0.12866   0.04028   0.20038   0.23470   8.40319   1.56849   1.18019   1.46320   1.00873  
 10 21.8673   1990.480804  x:  0.18610   0.01352   0.02684   0.02679   0.03646   0.05010   0.08220   0.08840   0.08901   0.21034   0.14944   0.04025   0.04166   0.01330   0.05683   0.01401   0.05281   0.12824   0.04071   0.20354   0.23680   8.40219   1.59084   1.18652   1.49624   1.01555  
 11 41.3058   1990.249159  x:  0.18306   0.01413   0.02333   0.02462   0.03691   0.05104   0.07995   0.08825   0.08561   0.21056   0.15539   0.04229   0.04633   0.01307   0.05656   0.01346   0.04922   0.13226   0.04090   0.20456   0.23807   8.40058   1.62685   1.19822   1.54823   1.02615  
 12 73.9245   1990.112561  x:  0.18446   0.01393   0.02868   0.02585   0.03729   0.05087   0.07570   0.08777   0.08649   0.20853   0.15636   0.04208   0.04694   0.01328   0.05611   0.01367   0.04721   0.13477   0.04051   0.20275   0.23753   8.39953   1.65006   1.20706   1.58057   1.03263  
 13 97.1756   1989.952867  x:  0.19023   0.01365   0.02602   0.02520   0.03714   0.04896   0.07152   0.08683   0.08996   0.20358   0.15294   0.03977   0.04308   0.01344   0.05587   0.01384   0.04925   0.13572   0.03961   0.19751   0.23492   8.39830   1.67730   1.21980   1.61637   1.03957  
 14 75.5366   1989.859130  x:  0.19594   0.01370   0.02640   0.02541   0.03701   0.04880   0.07617   0.08698   0.08837   0.19956   0.14766   0.04207   0.04477   0.01329   0.05643   0.01369   0.05001   0.13370   0.04064   0.19275   0.23166   8.39749   1.69495   1.23127   1.63657   1.04307  
 15 39.9448   1989.834903  x:  0.19668   0.01377   0.02625   0.02534   0.03699   0.05051   0.07742   0.08759   0.08793   0.19964   0.14701   0.04043   0.04440   0.01333   0.05600   0.01368   0.04812   0.13329   0.03922   0.19236   0.23056   8.39721   1.70054   1.23772   1.64012   1.04323  
 16 13.3678   1989.690018  x:  0.19624   0.01355   0.02628   0.02536   0.03708   0.04941   0.07615   0.09028   0.08822   0.20531   0.14889   0.04083   0.04388   0.01330   0.05501   0.01371   0.04843   0.13357   0.04218   0.19499   0.22484   8.39515   1.73982   1.29272   1.65461   1.04073  
 17 19.2390   1989.659800  x:  0.19566   0.01353   0.02642   0.02543   0.03712   0.04949   0.07598   0.08850   0.08867   0.20529   0.14925   0.04149   0.04501   0.01333   0.05663   0.01374   0.04986   0.13379   0.03946   0.19549   0.22575   8.39468   1.74823   1.30436   1.65715   1.03991  
 18 30.1120   1989.643721  x:  0.19485   0.01362   0.02642   0.02540   0.03713   0.04951   0.07634   0.08601   0.08844   0.20330   0.14916   0.04133   0.04435   0.01333   0.05668   0.01370   0.04907   0.13386   0.04041   0.19543   0.22953   8.39434   1.75340   1.31072   1.65805   1.03901  
 19 10.5758   1989.638482  x:  0.19453   0.01365   0.02643   0.02543   0.03713   0.04955   0.07624   0.08729   0.08842   0.20206   0.14901   0.04107   0.04479   0.01332   0.05595   0.01369   0.04952   0.13381   0.04034   0.19525   0.23185   8.39415   1.75556   1.31259   1.65814   1.03838  
 20  5.5423   1989.637716  x:  0.19456   0.01365   0.02642   0.02541   0.03713   0.04950   0.07619   0.08774   0.08843   0.20194   0.14901   0.04127   0.04457   0.01332   0.05644   0.01369   0.04932   0.13378   0.04031   0.19520   0.23223   8.39407   1.75616   1.31267   1.65805   1.03808  
 21  1.9961   1989.634311  x:  0.19559   0.01363   0.02642   0.02542   0.03713   0.04954   0.07620   0.08760   0.08842   0.20298   0.14927   0.04101   0.04477   0.01331   0.05653   0.01367   0.04940   0.13363   0.04042   0.19493   0.23267   8.39298   1.76241   1.31040   1.65643   1.03404  
 22  1.1294   1989.633601  x:  0.19541   0.01363   0.02641   0.02541   0.03713   0.04952   0.07621   0.08756   0.08841   0.20284   0.14923   0.04141   0.04453   0.01332   0.05619   0.01367   0.04933   0.13364   0.04020   0.19498   0.23246   8.39269   1.76376   1.30989   1.65609   1.03310  
 23  2.9297   1989.632894  x:  0.19468   0.01363   0.02642   0.02541   0.03713   0.04952   0.07620   0.08758   0.08843   0.20218   0.14903   0.04123   0.04462   0.01331   0.05633   0.01366   0.04936   0.13373   0.04029   0.19515   0.23184   8.39228   1.76506   1.30939   1.65580   1.03206  
 24  1.8229   1989.628085  x:  0.19501   0.01357   0.02642   0.02540   0.03714   0.04956   0.07617   0.08756   0.08843   0.20195   0.14916   0.04119   0.04459   0.01324   0.05633   0.01344   0.04938   0.13330   0.04030   0.19590   0.23186   8.38029   1.76297   1.31102   1.66195   1.02154  
 25  0.1928   1989.626884  x:  0.19416   0.01358   0.02643   0.02540   0.03714   0.04956   0.07614   0.08755   0.08842   0.20247   0.14909   0.04120   0.04457   0.01322   0.05633   0.01338   0.04939   0.13323   0.04029   0.19448   0.23191   8.37699   1.76290   1.31132   1.66288   1.02044  
 26  1.3296   1989.598451  x:  0.19364   0.01339   0.02642   0.02535   0.03718   0.04982   0.07589   0.08749   0.08830   0.20222   0.14992   0.04114   0.04437   0.01270   0.05635   0.01191   0.04954   0.13045   0.04022   0.19537   0.23169   8.29327   1.77339   1.31460   1.67089   1.03101  
 27  1.3312   1989.595229  x:  0.19343   0.01347   0.02637   0.02533   0.03740   0.05020   0.07582   0.08746   0.08851   0.20202   0.15042   0.04122   0.04434   0.01280   0.05635   0.01231   0.04962   0.12973   0.04031   0.19534   0.23158   8.23985   1.77672   1.31605   1.67468   1.03169  
 28  0.0545   1989.594984  x:  0.19347   0.01349   0.02638   0.02534   0.03743   0.05021   0.07583   0.08747   0.08860   0.20208   0.15030   0.04123   0.04435   0.01281   0.05635   0.01224   0.04962   0.13009   0.04033   0.19535   0.23160   8.22035   1.77646   1.31600   1.67438   1.03115  
 29  0.0158   1989.594971  x:  0.19349   0.01349   0.02638   0.02534   0.03740   0.05022   0.07584   0.08747   0.08866   0.20207   0.15028   0.04124   0.04437   0.01280   0.05635   0.01225   0.04961   0.13007   0.04033   0.19534   0.23159   8.21976   1.77608   1.31584   1.67391   1.03106  
 30  0.0007   1989.594969  x:  0.19349   0.01348   0.02638   0.02534   0.03741   0.05023   0.07584   0.08747   0.08869   0.20207   0.15029   0.04124   0.04436   0.01281   0.05635   0.01225   0.04961   0.13007   0.04033   0.19534   0.23159   8.22034   1.77608   1.31583   1.67391   1.03108  
 31  0.0004   1989.594969  x:  0.19349   0.01349   0.02638   0.02534   0.03741   0.05023   0.07584   0.08747   0.08869   0.20207   0.15029   0.04124   0.04437   0.01280   0.05635   0.01225   0.04961   0.13007   0.04033   0.19534   0.23159   8.22050   1.77612   1.31585   1.67395   1.03109  
 32  0.0001   1989.594969  x:  0.19349   0.01349   0.02638   0.02534   0.03741   0.05023   0.07584   0.08747   0.08869   0.20207   0.15029   0.04124   0.04437   0.01280   0.05635   0.01225   0.04961   0.13007   0.04033   0.19534   0.23159   8.22051   1.77612   1.31585   1.67395   1.03109  
 33  0.0000   1989.594969  x:  0.19349   0.01349   0.02638   0.02534   0.03741   0.05023   0.07584   0.08747   0.08869   0.20207   0.15029   0.04124   0.04437   0.01280   0.05635   0.01225   0.04961   0.13007   0.04033   0.19534   0.23159   8.22051   1.77612   1.31585   1.67395   1.03109  