

TREE # 1

  0  0.0000   2268.204374  x:  0.04437   0.00395   0.08150   0.01217   0.07334   0.08184   0.08484   0.06144   0.10107   0.08131   0.07975   0.09136   0.02147   0.04680   0.00000   0.09630   0.06382   0.03781   0.05305   0.05692   0.12097   0.05220   0.09400   0.06299   2.00000   1.65921   1.02986   1.27420   0.40000  
  1 99.0000   2248.501641  x:  0.05963   0.00996   0.09916   0.00000   0.08147   0.06278   0.10047   0.07719   0.11359   0.09761   0.06367   0.10065   0.02861   0.10971   0.15672   0.09057   0.04719   0.03325   0.03427   0.06447   0.13814   0.05914   0.11522   0.07825   2.00566   1.65903   1.02932   1.27519   0.41530  
  2 1174.5134   2237.105075  x:  0.07175   0.00000   0.11881   0.07856   0.09077   0.03538   0.11609   0.09125   0.12758   0.11451   0.04183   0.10986   0.02879   0.14855   0.17672   0.07628   0.02517   0.02993   0.00988   0.07143   0.15996   0.05467   0.13651   0.09037   2.01428   1.65858   1.02914   1.27640   0.43558  
  3 632.1360   2225.645470  x:  0.08084   0.03474   0.13840   0.07782   0.09801   0.00000   0.13025   0.10269   0.14180   0.12881   0.01257   0.11938   0.02695   0.18075   0.16052   0.05285   0.00567   0.03012   0.00727   0.07697   0.18557   0.04004   0.15680   0.09946   2.02681   1.65775   1.02960   1.27797   0.46080  
  4 411.2192   2225.645470  x:  0.08084   0.03474   0.13840   0.07782   0.09801   0.00000   0.13025   0.10269   0.14180   0.12881   0.01257   0.11938   0.02695   0.18075   0.16052   0.05285   0.00567   0.03012   0.00727   0.07697   0.18557   0.04004   0.15680   0.09946   2.02681   1.65775   1.02960   1.27797   0.46080  
  5 503.7527   2217.588606  x:  0.07999   0.01368   0.14218   0.05341   0.10025   0.03655   0.13270   0.10416   0.14587   0.12996   0.01413   0.11984   0.02312   0.18567   0.13569   0.04144   0.05964   0.03134   0.02659   0.07728   0.19379   0.02963   0.16051   0.09861   2.03359   1.65727   1.03028   1.27859   0.47091  
  6 463.9410   2209.863008  x:  0.07951   0.00000   0.14471   0.03413   0.10059   0.03436   0.13392   0.10442   0.14792   0.13069   0.01436   0.12024   0.02187   0.18963   0.11577   0.03284   0.06126   0.03142   0.02219   0.07679   0.19991   0.02264   0.16311   0.09813   2.03902   1.65682   1.03090   1.27911   0.47856  
  7 345.4976   2200.674765  x:  0.07893   0.00486   0.14946   0.00000   0.10120   0.03129   0.13598   0.10486   0.15140   0.13193   0.01501   0.12158   0.02152   0.19679   0.07959   0.01932   0.06501   0.03155   0.01650   0.07601   0.21058   0.01260   0.16754   0.09755   2.04891   1.65603   1.03192   1.28014   0.49206  
  8 1012.2628   2194.724270  x:  0.07818   0.00800   0.15575   0.00526   0.10283   0.02657   0.13871   0.10539   0.15606   0.13417   0.01729   0.12323   0.02130   0.20699   0.02674   0.00670   0.06966   0.03168   0.01172   0.07499   0.22547   0.00653   0.17353   0.09681   2.06371   1.65485   1.03334   1.28172   0.51164  
  9 364.5038   2192.014654  x:  0.07790   0.00813   0.15818   0.00520   0.10341   0.02437   0.13977   0.10557   0.15789   0.13502   0.01773   0.12382   0.02119   0.21120   0.00520   0.00959   0.07127   0.03171   0.01127   0.07465   0.23156   0.01002   0.17592   0.09652   2.07019   1.65435   1.03395   1.28242   0.51992  
 10 975.6161   2189.498331  x:  0.07684   0.00884   0.16912   0.00536   0.10580   0.01197   0.14440   0.10612   0.16622   0.13873   0.01516   0.12610   0.02005   0.23156   0.00917   0.00578   0.07399   0.03164   0.02234   0.07325   0.26061   0.01826   0.18732   0.09546   2.10930   1.65143   1.03740   1.28671   0.56600  
 11 93.4000   2187.707667  x:  0.07613   0.01006   0.17722   0.00645   0.10762   0.00532   0.14777   0.10656   0.17241   0.14138   0.01426   0.12764   0.01908   0.24693   0.01325   0.01355   0.07620   0.03150   0.02549   0.07269   0.28262   0.01174   0.19583   0.09475   2.14136   1.64906   1.04029   1.29018   0.60256  
 12 741.6191   2185.940543  x:  0.07648   0.01131   0.18048   0.00718   0.10870   0.02192   0.14877   0.10678   0.17538   0.14164   0.01682   0.12702   0.01845   0.25792   0.01781   0.01539   0.06935   0.03079   0.01199   0.07279   0.29830   0.01646   0.20041   0.09510   2.18301   1.64613   1.04448   1.29426   0.64090  
 13 189.6788   2183.311223  x:  0.07957   0.01149   0.16819   0.00702   0.10305   0.04284   0.14097   0.10386   0.16596   0.13460   0.00989   0.11958   0.01785   0.25655   0.01443   0.01630   0.04443   0.03284   0.03090   0.07594   0.29697   0.01028   0.19298   0.09819   2.27730   1.64002   1.05496   1.30232   0.70083  
 14 133.5959   2181.010096  x:  0.08135   0.01162   0.15020   0.00576   0.09540   0.04208   0.13076   0.10032   0.15090   0.12654   0.03945   0.11259   0.01899   0.24420   0.01374   0.01630   0.04107   0.03192   0.03875   0.07801   0.28075   0.00955   0.17902   0.09997   2.40346   1.63257   1.06874   1.31244   0.76680  
 15 267.7013   2174.856679  x:  0.08079   0.01364   0.11933   0.00677   0.08752   0.02201   0.11841   0.09768   0.12687   0.11958   0.02038   0.10847   0.02313   0.20893   0.01415   0.01451   0.06805   0.02978   0.01757   0.07797   0.23307   0.01499   0.15212   0.09941   2.65471   1.61956   1.09467   1.33168   0.87608  
 16 358.2862   2171.232746  x:  0.07749   0.01361   0.14552   0.00625   0.11058   0.02135   0.13606   0.10777   0.14626   0.13377   0.02165   0.12547   0.02086   0.17795   0.01312   0.01470   0.06481   0.04012   0.01957   0.07374   0.18639   0.01533   0.15398   0.09611   2.84548   1.61576   1.10812   1.34435   0.90554  
 17 151.0514   2169.544735  x:  0.07841   0.01300   0.15240   0.00617   0.10983   0.02181   0.13957   0.10653   0.15204   0.13562   0.02108   0.12620   0.02855   0.17630   0.01276   0.01459   0.06405   0.02048   0.02116   0.07638   0.18227   0.01497   0.16119   0.09703   2.93474   1.61721   1.11125   1.34893   0.89373  
 18 136.3091   2159.246245  x:  0.08741   0.01200   0.17560   0.00701   0.07132   0.01758   0.14520   0.08249   0.17438   0.13200   0.01891   0.10842   0.04592   0.20190   0.01361   0.01354   0.06973   0.04225   0.01675   0.09881   0.21126   0.01668   0.21705   0.10603   3.63883   1.63769   1.12676   1.38144   0.73577  
 19 343.9178   2153.242788  x:  0.08090   0.01456   0.16797   0.00700   0.09118   0.01489   0.13940   0.09761   0.16917   0.12963   0.01834   0.10832   0.00622   0.22234   0.01374   0.01358   0.06983   0.03295   0.01674   0.08479   0.24285   0.01667   0.22021   0.09952   3.98082   1.65203   1.12845   1.39581   0.65008  
 20 486.2637   2151.938798  x:  0.07728   0.01333   0.16059   0.00653   0.10606   0.01534   0.13756   0.10788   0.16288   0.13172   0.01891   0.11709   0.02193   0.23287   0.01388   0.01379   0.06911   0.03605   0.01800   0.07239   0.25586   0.01586   0.21156   0.09590   4.07843   1.65913   1.12433   1.39903   0.62496  
 21 246.6979   2151.454084  x:  0.08056   0.01282   0.16247   0.00639   0.10242   0.01583   0.14481   0.10265   0.16086   0.14088   0.01918   0.13096   0.02115   0.23822   0.01387   0.01365   0.06867   0.03531   0.01824   0.07809   0.26232   0.01578   0.18884   0.09918   4.11232   1.67067   1.10905   1.39711   0.61860  
 22 37.4572   2151.176283  x:  0.07763   0.01290   0.16814   0.00641   0.09888   0.01580   0.14721   0.10133   0.16571   0.13846   0.01885   0.12096   0.02202   0.23777   0.01376   0.01373   0.06872   0.03488   0.01809   0.07086   0.26292   0.01568   0.17777   0.09625   4.13288   1.69010   1.08091   1.39069   0.61962  
 23 19.0312   2150.962620  x:  0.07825   0.01285   0.16744   0.00629   0.10372   0.01496   0.14343   0.10547   0.16592   0.13544   0.01874   0.11863   0.02263   0.23612   0.01359   0.01347   0.06900   0.03538   0.01766   0.07963   0.26192   0.01590   0.18031   0.09687   4.14974   1.71043   1.05128   1.38274   0.62260  
 24 27.3143   2150.854568  x:  0.07933   0.01280   0.16420   0.00627   0.10182   0.01545   0.14121   0.10330   0.16353   0.13663   0.01889   0.12464   0.02121   0.23472   0.01346   0.01356   0.06863   0.03527   0.01780   0.07506   0.26010   0.01581   0.18824   0.09795   4.15854   1.72153   1.03580   1.37673   0.62492  
 25 20.4787   2150.820462  x:  0.07615   0.01290   0.16160   0.00624   0.10083   0.01574   0.14453   0.10341   0.16231   0.13887   0.01905   0.12441   0.02110   0.23520   0.01340   0.01356   0.06817   0.03527   0.01800   0.07618   0.25952   0.01579   0.19000   0.09477   4.16193   1.72349   1.03525   1.37156   0.62585  
 26  3.8545   2150.638462  x:  0.08173   0.01302   0.15729   0.00608   0.10385   0.01512   0.15304   0.10487   0.16101   0.14175   0.01903   0.11963   0.02077   0.23813   0.01320   0.01363   0.06791   0.03538   0.01775   0.07456   0.25804   0.01589   0.19112   0.10035   4.18168   1.72901   1.04185   1.33896   0.63102  
 27  7.2810   2150.262877  x:  0.07842   0.01286   0.16347   0.00605   0.10487   0.01495   0.14357   0.10242   0.16355   0.13472   0.01813   0.12602   0.02082   0.23995   0.01284   0.01377   0.06688   0.03524   0.01719   0.07558   0.25829   0.01624   0.18743   0.09704   4.22221   1.73438   1.05605   1.27914   0.64109  
 28 26.6191   2149.898903  x:  0.07920   0.01273   0.16646   0.00588   0.09570   0.01513   0.13443   0.11722   0.16432   0.14747   0.01775   0.12510   0.02123   0.23026   0.01230   0.01389   0.06532   0.03506   0.01684   0.07488   0.26568   0.01649   0.18590   0.09782   4.26237   1.72121   1.05314   1.26315   0.65010  
 29 10.0359   2147.004155  x:  0.07683   0.01147   0.15751   0.00371   0.12027   0.01327   0.13838   0.09446   0.16617   0.15662   0.01417   0.12215   0.02270   0.18845   0.00756   0.01438   0.05530   0.03421   0.01296   0.07318   0.30123   0.01808   0.18227   0.09545   4.56977   1.58860   0.99573   1.22811   0.71710  
 30 36.8969   2144.562281  x:  0.07666   0.00974   0.15842   0.00257   0.11350   0.01138   0.15358   0.11495   0.16095   0.13319   0.01067   0.13428   0.01854   0.21566   0.00342   0.01473   0.04782   0.03309   0.00930   0.06988   0.28681   0.01919   0.17909   0.09527   4.82523   1.48015   0.94538   1.21498   0.77366  
 31 140.6068   2144.202760  x:  0.07576   0.00954   0.15915   0.00205   0.11870   0.01114   0.14239   0.10918   0.16124   0.14687   0.01025   0.12861   0.01749   0.23279   0.00276   0.01474   0.04682   0.03299   0.00870   0.06974   0.27524   0.01929   0.17808   0.09438   4.86394   1.47166   0.94188   1.21866   0.78240  
 32 34.4655   2142.632864  x:  0.07519   0.00840   0.15088   0.00158   0.11954   0.01033   0.14174   0.11248   0.16996   0.14368   0.00920   0.13298   0.01641   0.22987   0.00114   0.01538   0.03979   0.03230   0.00774   0.06866   0.27647   0.02044   0.17681   0.09380   5.02718   1.66992   1.06032   1.35980   0.82295  
 33  7.8758   2142.502958  x:  0.07492   0.00819   0.16015   0.00155   0.12085   0.01055   0.14297   0.11181   0.15623   0.14389   0.00881   0.13111   0.01659   0.22887   0.00114   0.01546   0.03928   0.03226   0.00756   0.06850   0.27689   0.02061   0.17804   0.09354   5.04077   1.68334   1.06825   1.36942   0.82586  
 34 16.7546   2139.752961  x:  0.07447   0.00519   0.15329   0.00194   0.12314   0.01224   0.13796   0.11476   0.15985   0.14275   0.00999   0.13189   0.01333   0.24221   0.00725   0.01850   0.01940   0.03072   0.00980   0.06754   0.26136   0.02400   0.17520   0.09308   5.42025   1.80141   1.14440   1.48288   0.87745  
 35  3.7794   2138.228375  x:  0.07659   0.00384   0.15901   0.00324   0.11777   0.00777   0.14048   0.11182   0.15480   0.13832   0.01783   0.12565   0.01394   0.23783   0.00506   0.02075   0.01166   0.02998   0.01659   0.07157   0.25440   0.02784   0.18163   0.09520   5.70241   1.72765   1.09550   1.43138   0.85797  
 36  0.6831   2137.315907  x:  0.07770   0.00412   0.15942   0.00361   0.11344   0.00000   0.14149   0.10976   0.15703   0.13636   0.01969   0.12279   0.01489   0.23560   0.00547   0.02134   0.01781   0.02978   0.01537   0.07394   0.25080   0.02839   0.18579   0.09630   5.85586   1.71744   1.08490   1.41976   0.83979  
 37  0.8275   2136.340768  x:  0.07995   0.00678   0.15765   0.00435   0.10409   0.00092   0.14418   0.10467   0.16874   0.13461   0.01495   0.11794   0.01727   0.22524   0.00643   0.02352   0.01620   0.03057   0.01084   0.07791   0.24984   0.02822   0.19274   0.09856   6.27663   1.67596   1.04766   1.36752   0.78759  
 38  0.4913   2135.907382  x:  0.07959   0.00660   0.15956   0.00313   0.10581   0.00697   0.14218   0.10428   0.16189   0.13708   0.01532   0.12179   0.01767   0.22853   0.00690   0.02493   0.01996   0.03178   0.01219   0.07576   0.25175   0.02546   0.18728   0.09820   6.60178   1.67354   1.04635   1.37119   0.77301  
 39  0.2401   2135.692452  x:  0.07852   0.00560   0.15885   0.00204   0.10845   0.00357   0.14125   0.10618   0.15874   0.13831   0.01604   0.12452   0.01710   0.23085   0.00756   0.02588   0.01976   0.03168   0.01148   0.07416   0.25178   0.02416   0.18418   0.09713   6.92098   1.69295   1.06291   1.39682   0.79582  
 40  0.3172   2135.636284  x:  0.07866   0.00609   0.15843   0.00311   0.10784   0.00306   0.14175   0.10646   0.16078   0.13726   0.01505   0.12266   0.01683   0.22981   0.00743   0.02670   0.01931   0.03117   0.01284   0.07506   0.24947   0.02480   0.18608   0.09726   7.06033   1.69208   1.06221   1.39685   0.80384  
 41  0.1311   2135.623762  x:  0.07891   0.00603   0.15882   0.00308   0.10731   0.00360   0.14243   0.10599   0.16221   0.13707   0.01551   0.12186   0.01686   0.22901   0.00738   0.02674   0.01914   0.03110   0.01219   0.07566   0.25047   0.02457   0.18767   0.09752   7.12273   1.69112   1.06096   1.39323   0.80795  
 42  0.0605   2135.620543  x:  0.07896   0.00594   0.15867   0.00299   0.10747   0.00356   0.14201   0.10577   0.16158   0.13742   0.01560   0.12236   0.01672   0.22921   0.00714   0.02648   0.01920   0.03123   0.01236   0.07542   0.25148   0.02451   0.18719   0.09757   7.15855   1.68855   1.05911   1.38939   0.80923  
 43  0.0176   2135.618287  x:  0.07888   0.00603   0.15867   0.00306   0.10729   0.00365   0.14197   0.10601   0.16160   0.13724   0.01544   0.12222   0.01680   0.22969   0.00691   0.02594   0.01926   0.03126   0.01223   0.07543   0.25084   0.02462   0.18727   0.09749   7.16055   1.69093   1.06090   1.39229   0.80984  
 44  0.0020   2135.618084  x:  0.07892   0.00598   0.15866   0.00306   0.10733   0.00357   0.14214   0.10592   0.16177   0.13724   0.01544   0.12216   0.01681   0.22935   0.00689   0.02586   0.01928   0.03119   0.01224   0.07544   0.25094   0.02465   0.18730   0.09752   7.15971   1.69113   1.06090   1.39283   0.80893  
 45  0.0012   2135.618051  x:  0.07891   0.00602   0.15868   0.00306   0.10739   0.00357   0.14213   0.10592   0.16177   0.13726   0.01549   0.12219   0.01680   0.22931   0.00691   0.02582   0.01928   0.03119   0.01224   0.07543   0.25087   0.02463   0.18729   0.09751   7.16107   1.69118   1.06087   1.39283   0.80875  
 46  0.0008   2135.618030  x:  0.07891   0.00600   0.15867   0.00306   0.10739   0.00358   0.14211   0.10594   0.16177   0.13725   0.01547   0.12221   0.01681   0.22931   0.00694   0.02579   0.01926   0.03119   0.01225   0.07543   0.25080   0.02463   0.18728   0.09752   7.16265   1.69104   1.06078   1.39266   0.80874  
 47  0.0009   2135.618023  x:  0.07891   0.00600   0.15868   0.00306   0.10737   0.00358   0.14213   0.10594   0.16176   0.13725   0.01547   0.12218   0.01681   0.22932   0.00695   0.02577   0.01926   0.03119   0.01225   0.07543   0.25088   0.02463   0.18728   0.09752   7.16223   1.69099   1.06081   1.39267   0.80888  
 48  0.0003   2135.618023  x:  0.07891   0.00600   0.15867   0.00306   0.10737   0.00358   0.14212   0.10593   0.16176   0.13725   0.01547   0.12218   0.01681   0.22933   0.00695   0.02577   0.01927   0.03119   0.01225   0.07543   0.25088   0.02463   0.18729   0.09752   7.16202   1.69098   1.06078   1.39265   0.80887  
 49  0.0002   2135.618023  x:  0.07891   0.00600   0.15867   0.00306   0.10737   0.00358   0.14212   0.10593   0.16176   0.13725   0.01547   0.12218   0.01681   0.22933   0.00695   0.02577   0.01927   0.03119   0.01225   0.07543   0.25088   0.02463   0.18729   0.09752   7.16209   1.69098   1.06078   1.39265   0.80887  
 50  0.0001   2135.618023  x:  0.07891   0.00600   0.15867   0.00306   0.10737   0.00358   0.14212   0.10593   0.16176   0.13725   0.01547   0.12218   0.01681   0.22933   0.00695   0.02577   0.01927   0.03119   0.01225   0.07543   0.25088   0.02463   0.18729   0.09752   7.16209   1.69098   1.06078   1.39265   0.80887  
 51  0.0000   2135.618023  x:  0.07891   0.00600   0.15867   0.00306   0.10737   0.00358   0.14212   0.10593   0.16176   0.13725   0.01547   0.12218   0.01681   0.22933   0.00695   0.02577   0.01927   0.03119   0.01225   0.07543   0.25088   0.02463   0.18729   0.09752   7.16209   1.69098   1.06078   1.39265   0.80887  
 52  0.0000   2135.618023  x:  0.07891   0.00600   0.15867   0.00306   0.10737   0.00358   0.14212   0.10593   0.16176   0.13725   0.01547   0.12218   0.01681   0.22933   0.00695   0.02577   0.01927   0.03119   0.01225   0.07543   0.25088   0.02463   0.18729   0.09752   7.16209   1.69098   1.06078   1.39265   0.80887  