

TREE # 1

  0  0.0000   2413.004769  x:  0.20925   0.02571   0.03211   0.02495   0.05815   0.02188   0.05666   0.08536   0.02661   0.17168   0.20925   0.02571   0.03211   0.02495   0.05815   0.02188   0.05666   0.08536   0.02661   0.17168   0.21568   8.40433   1.60145   1.20456   1.22337   1.00000  
  1 99.0000   2304.664017  x:  0.21043   0.00505   0.28810   0.08571   0.05529   0.21905   0.05586   0.09590   0.09597   0.18362   0.21407   0.02582   0.03849   0.02558   0.05414   0.03577   0.05662   0.09434   0.03163   0.17499   0.22199   8.40425   1.60109   1.20195   1.22781   1.00228  
  2 1674.6588   2303.594669  x:  0.21120   0.00000   0.28967   0.08502   0.05463   0.21820   0.05540   0.09544   0.09429   0.18535   0.21483   0.02568   0.03857   0.02548   0.05376   0.03513   0.05662   0.09532   0.03158   0.17549   0.22297   8.40424   1.60104   1.20165   1.22851   1.00264  
  3 171.2164   2301.153479  x:  0.23357   0.00000   0.31973   0.08229   0.06369   0.19551   0.06296   0.07790   0.06184   0.20397   0.22640   0.03431   0.03488   0.03482   0.06150   0.06192   0.05659   0.09088   0.03460   0.18156   0.23839   8.40394   1.59971   1.19319   1.24808   1.01245  
  4 116.5539   2300.476031  x:  0.24531   0.00000   0.33056   0.08478   0.06822   0.18583   0.06645   0.06842   0.05429   0.20054   0.22753   0.02714   0.03731   0.02495   0.06232   0.06211   0.05632   0.08393   0.02999   0.18066   0.24025   8.40378   1.59900   1.18877   1.25954   1.01829  
  5 65.7483   2299.960037  x:  0.26159   0.00000   0.34144   0.08740   0.06919   0.17379   0.06670   0.06270   0.05335   0.18845   0.22565   0.02923   0.03723   0.03008   0.06047   0.05199   0.05668   0.08156   0.03609   0.17679   0.23854   8.40351   1.59797   1.18169   1.27925   1.02851  
  6 46.9174   2299.702032  x:  0.27014   0.00000   0.34518   0.08681   0.06772   0.16890   0.06498   0.06922   0.05459   0.18265   0.22340   0.03142   0.03412   0.02972   0.06111   0.05330   0.05647   0.08620   0.03014   0.17432   0.23614   8.40326   1.59734   1.17588   1.29700   1.03798  
  7 36.3570   2299.504006  x:  0.27310   0.00000   0.34386   0.08473   0.06534   0.16969   0.06296   0.07274   0.05650   0.18290   0.22127   0.02946   0.03961   0.02752   0.06155   0.05767   0.05615   0.08816   0.03451   0.17315   0.23349   8.40294   1.59708   1.16971   1.31861   1.04994  
  8 32.4600   2299.185728  x:  0.27041   0.00000   0.33757   0.08278   0.06305   0.17768   0.06197   0.06904   0.05845   0.18878   0.21849   0.02559   0.03436   0.02968   0.06014   0.05792   0.05650   0.08458   0.03409   0.17308   0.22991   8.40233   1.59752   1.15993   1.35893   1.07302  
  9 46.0479   2299.054160  x:  0.26660   0.00000   0.33455   0.08383   0.06430   0.18169   0.06335   0.06729   0.05745   0.19077   0.21811   0.03126   0.03635   0.02830   0.05986   0.05539   0.05642   0.08364   0.03200   0.17364   0.22939   8.40203   1.59846   1.15672   1.37725   1.08401  
 10 54.6487   2298.985572  x:  0.26114   0.00000   0.33395   0.08663   0.06758   0.18247   0.06566   0.06935   0.05479   0.18908   0.21973   0.02953   0.03658   0.02928   0.06125   0.05340   0.05609   0.08594   0.03252   0.17466   0.23139   8.40184   1.60072   1.15792   1.38691   1.09097  
 11 18.3898   2298.919975  x:  0.25374   0.00000   0.33554   0.08680   0.06688   0.17965   0.06420   0.06920   0.05667   0.18568   0.22323   0.03026   0.03480   0.02723   0.06044   0.05424   0.05642   0.08566   0.03393   0.17602   0.23564   8.40159   1.60629   1.16451   1.39561   1.09932  
 12 12.5772   2298.880433  x:  0.25012   0.00000   0.33665   0.08631   0.06591   0.17789   0.06321   0.06882   0.05801   0.18422   0.22482   0.02966   0.03677   0.02916   0.06009   0.05473   0.05649   0.08468   0.03206   0.17643   0.23750   8.40143   1.61086   1.17016   1.40056   1.10474  
 13 25.6712   2298.644470  x:  0.24891   0.00000   0.34057   0.08230   0.06420   0.17529   0.06637   0.07146   0.05666   0.18901   0.22167   0.03013   0.03616   0.02877   0.06366   0.05224   0.05300   0.08175   0.03278   0.17185   0.23213   8.40026   1.65237   1.22211   1.42481   1.13913  
 14 13.8467   2298.512119  x:  0.25183   0.00000   0.34002   0.08331   0.06638   0.17587   0.06620   0.06866   0.05652   0.19055   0.21992   0.02990   0.03634   0.02862   0.06060   0.05345   0.05891   0.08622   0.03257   0.17173   0.22991   8.39959   1.67756   1.25125   1.43824   1.15744  
 15 56.2541   2298.442027  x:  0.25688   0.00000   0.33732   0.08616   0.06709   0.17866   0.06294   0.06789   0.05582   0.18981   0.22077   0.02993   0.03631   0.02884   0.05842   0.05420   0.05483   0.08703   0.03244   0.17546   0.23214   8.39924   1.69233   1.26398   1.44512   1.16432  
 16 22.2651   2298.396323  x:  0.26102   0.00000   0.33528   0.08702   0.06534   0.18114   0.06224   0.06938   0.05557   0.18924   0.22274   0.03005   0.03633   0.02874   0.06109   0.05312   0.05730   0.08514   0.03254   0.17835   0.23570   8.39901   1.70364   1.26962   1.44993   1.16604  
 17 14.9611   2298.312885  x:  0.26374   0.00000   0.33396   0.08363   0.06363   0.18291   0.06882   0.06826   0.05823   0.18885   0.22602   0.02980   0.03643   0.02864   0.06045   0.05260   0.05603   0.08737   0.03233   0.17686   0.24059   8.39860   1.72727   1.27204   1.45932   1.16092  
 18  9.3927   2298.112825  x:  0.26109   0.00000   0.33602   0.07952   0.06667   0.18358   0.06437   0.07051   0.05346   0.18900   0.22733   0.02988   0.03643   0.02875   0.05625   0.05173   0.05711   0.08521   0.03250   0.17008   0.24168   8.39767   1.78183   1.27269   1.48152   1.14203  
 19 23.0142   2297.978354  x:  0.25741   0.00000   0.33829   0.08317   0.06510   0.17968   0.06046   0.06691   0.05430   0.19179   0.22536   0.02979   0.03634   0.02846   0.06191   0.05080   0.05613   0.08840   0.03224   0.17139   0.23818   8.39703   1.81569   1.27316   1.49690   1.12742  
 20 36.3053   2297.906327  x:  0.25570   0.00000   0.34012   0.08666   0.06243   0.17607   0.06305   0.06906   0.05452   0.19418   0.22333   0.02970   0.03642   0.02850   0.05867   0.05071   0.05657   0.08714   0.03240   0.17741   0.23502   8.39668   1.82831   1.27476   1.50513   1.11888  
 21 17.6950   2297.745373  x:  0.25553   0.00000   0.34312   0.07669   0.06692   0.17584   0.06298   0.06865   0.05466   0.19304   0.22165   0.02955   0.03651   0.02838   0.05943   0.04847   0.05643   0.08806   0.03235   0.18847   0.23290   8.39578   1.82935   1.28658   1.52241   1.09874  
 22  6.2853   2297.215319  x:  0.25764   0.00000   0.34462   0.07870   0.05646   0.17723   0.06193   0.06600   0.04653   0.19492   0.22616   0.02949   0.03661   0.02831   0.05795   0.04722   0.05647   0.09141   0.03210   0.18144   0.23888   8.39270   1.81298   1.32846   1.57390   1.03736  
 23 20.5719   2297.064930  x:  0.26012   0.00000   0.34492   0.08141   0.06145   0.17381   0.05999   0.06870   0.05239   0.20311   0.22959   0.02918   0.03682   0.02819   0.05730   0.04451   0.05647   0.09076   0.03208   0.17798   0.24348   8.39172   1.80744   1.33762   1.58559   1.02386  
 24 26.0809   2294.606315  x:  0.26631   0.00000   0.36402   0.07137   0.04993   0.15969   0.05210   0.06763   0.04290   0.22914   0.22856   0.02741   0.03782   0.02656   0.05144   0.02670   0.05642   0.10078   0.03116   0.18463   0.26844   8.37206   1.72863   1.26545   1.50202   1.12196  
 25  3.1153   2294.543379  x:  0.26733   0.00000   0.36418   0.07115   0.04960   0.15978   0.05181   0.06761   0.04263   0.22945   0.24092   0.02738   0.03782   0.02655   0.05127   0.02622   0.05638   0.10111   0.03105   0.18527   0.26033   8.37158   1.72643   1.26324   1.49948   1.12496  
 26  8.5376   2294.345035  x:  0.26644   0.00000   0.36741   0.06995   0.04795   0.16128   0.05079   0.06845   0.04344   0.23617   0.24349   0.02597   0.03836   0.02540   0.05018   0.03355   0.05617   0.10500   0.03076   0.18686   0.26235   8.38583   1.70803   1.24885   1.47862   1.13949  
 27  0.0805   2294.282566  x:  0.26391   0.00000   0.36969   0.07173   0.04872   0.16733   0.05199   0.06908   0.04529   0.24011   0.24208   0.02462   0.03873   0.02468   0.05009   0.03175   0.05603   0.10886   0.03070   0.18760   0.26234   8.41312   1.70254   1.24386   1.46820   1.14254  
 28  0.0353   2294.277037  x:  0.26412   0.00000   0.37222   0.07167   0.04873   0.16709   0.05130   0.06889   0.04460   0.24122   0.24167   0.02513   0.03868   0.02508   0.05029   0.03139   0.05612   0.10999   0.03074   0.18757   0.26186   8.42359   1.70496   1.24636   1.47011   1.14019  
 29  0.0112   2294.276811  x:  0.26431   0.00000   0.37276   0.07164   0.04865   0.16686   0.05155   0.06884   0.04466   0.24117   0.24169   0.02510   0.03867   0.02502   0.05025   0.03141   0.05613   0.11007   0.03073   0.18747   0.26171   8.42461   1.70527   1.24682   1.47065   1.13955  
 30  0.0018   2294.276794  x:  0.26433   0.00000   0.37291   0.07164   0.04870   0.16689   0.05150   0.06886   0.04467   0.24109   0.24170   0.02508   0.03866   0.02501   0.05025   0.03143   0.05613   0.11006   0.03073   0.18745   0.26170   8.42465   1.70520   1.24677   1.47059   1.13944  
 31  0.0002   2294.276793  x:  0.26433   0.00000   0.37295   0.07165   0.04868   0.16692   0.05150   0.06886   0.04467   0.24106   0.24170   0.02509   0.03866   0.02502   0.05025   0.03143   0.05613   0.11005   0.03073   0.18745   0.26171   8.42464   1.70516   1.24672   1.47054   1.13945  
 32  0.0001   2294.276792  x:  0.26432   0.00000   0.37296   0.07165   0.04868   0.16692   0.05151   0.06886   0.04467   0.24106   0.24170   0.02509   0.03866   0.02501   0.05025   0.03143   0.05613   0.11005   0.03073   0.18745   0.26172   8.42465   1.70516   1.24672   1.47054   1.13947  
 33  0.0000   2294.276792  x:  0.26432   0.00000   0.37296   0.07165   0.04868   0.16692   0.05151   0.06886   0.04467   0.24106   0.24170   0.02509   0.03866   0.02501   0.05025   0.03143   0.05613   0.11005   0.03073   0.18745   0.26172   8.42467   1.70516   1.24673   1.47055   1.13948  
 34  0.0000   2294.276792  x:  0.26432   0.00000   0.37296   0.07165   0.04868   0.16692   0.05151   0.06886   0.04467   0.24106   0.24170   0.02509   0.03866   0.02501   0.05025   0.03143   0.05613   0.11005   0.03073   0.18745   0.26172   8.42467   1.70516   1.24673   1.47055   1.13948  
 35  0.0000   2294.276792  x:  0.26432   0.00000   0.37296   0.07165   0.04868   0.16692   0.05151   0.06886   0.04467   0.24106   0.24170   0.02509   0.03866   0.02501   0.05025   0.03143   0.05613   0.11005   0.03073   0.18745   0.26172   8.42467   1.70516   1.24673   1.47055   1.13948  
 36  0.0000   2294.276792  x:  0.26432   0.00000   0.37296   0.07165   0.04868   0.16692   0.05151   0.06886   0.04467   0.24106   0.24170   0.02509   0.03866   0.02501   0.05025   0.03143   0.05613   0.11005   0.03073   0.18745   0.26172   8.42467   1.70516   1.24673   1.47055   1.13948  
 37  0.0000   2294.276792  x:  0.26432   0.00000   0.37296   0.07165   0.04868   0.16692   0.05151   0.06886   0.04467   0.24106   0.24170   0.02509   0.03866   0.02501   0.05025   0.03143   0.05613   0.11005   0.03073   0.18745   0.26172   8.42467   1.70516   1.24673   1.47055   1.13948  