

TREE # 1

  0  0.0000   2230.669629  x:  0.00000   0.04096   0.07211   0.03019   0.08798   0.09531   0.04890   0.05541   0.09786   0.03067   0.10944   0.02131   0.05302   0.02465   0.03202   0.07833   0.07808   0.03629   0.07886   0.06269   0.09068   0.09369   0.06642   2.00000   1.66994   1.15871   1.47110   0.40000  
  1 99.0000   2230.660770  x:  0.00000   0.04097   0.07211   0.03019   0.08798   0.09531   0.04890   0.05541   0.09786   0.03067   0.10944   0.02131   0.05303   0.02465   0.03202   0.07833   0.07808   0.03629   0.07886   0.06269   0.09068   0.09369   0.06642   2.00000   1.66994   1.15871   1.47110   0.40000  
  2 960.1530   2214.967660  x:  0.00000   0.02314   0.05485   0.03161   0.07692   0.08933   0.05237   0.04921   0.09804   0.02694   0.12201   0.00000   0.07514   0.02812   0.03772   0.06846   0.07460   0.03032   0.08462   0.07904   0.07471   0.11009   0.08876   2.00539   1.66938   1.15688   1.47244   0.41392  
  3 509.6144   2197.719149  x:  0.00000   0.02588   0.00786   0.03359   0.04836   0.07394   0.05925   0.03459   0.09854   0.02151   0.14832   0.00000   0.04687   0.02125   0.04030   0.04323   0.06657   0.01964   0.09654   0.10186   0.02979   0.13994   0.10579   2.02088   1.66777   1.15179   1.47625   0.45076  
  4 452.1376   2194.975628  x:  0.00000   0.02574   0.01754   0.03471   0.04074   0.06781   0.06031   0.03239   0.09977   0.02628   0.15963   0.00000   0.04668   0.02533   0.03604   0.03674   0.06515   0.02820   0.09893   0.09945   0.01201   0.14894   0.10045   2.03200   1.66684   1.14808   1.47920   0.47129  
  5 180.4945   2191.459163  x:  0.00000   0.02554   0.01029   0.03650   0.03528   0.05707   0.06101   0.03499   0.10162   0.02933   0.18276   0.00000   0.05362   0.02539   0.03080   0.03400   0.06402   0.03617   0.10067   0.08318   0.02426   0.16300   0.08394   2.06553   1.66422   1.13713   1.48800   0.52531  
  6 162.7464   2187.256830  x:  0.00000   0.02610   0.02467   0.03721   0.05207   0.05698   0.06025   0.03838   0.10244   0.02029   0.20352   0.00000   0.04592   0.02106   0.04422   0.04815   0.06542   0.02617   0.09818   0.06951   0.03036   0.16896   0.09455   2.12971   1.65957   1.11723   1.50392   0.61170  
  7 207.6624   2183.763944  x:  0.00000   0.02601   0.01762   0.02903   0.06543   0.07431   0.05543   0.04029   0.10106   0.03834   0.19918   0.00000   0.04345   0.03528   0.03402   0.05780   0.07029   0.02441   0.08855   0.07596   0.02872   0.15294   0.10305   2.20381   1.65493   1.09658   1.52068   0.68367  
  8 209.7568   2180.017878  x:  0.00000   0.02738   0.01257   0.03311   0.06701   0.08962   0.05067   0.04067   0.09815   0.03090   0.17694   0.00000   0.05434   0.01838   0.02693   0.05705   0.07305   0.03161   0.08042   0.08738   0.01980   0.12969   0.09827   2.28735   1.65035   1.07608   1.53765   0.74153  
  9 254.9993   2177.000452  x:  0.00000   0.02939   0.01244   0.03547   0.05728   0.09563   0.05102   0.03865   0.09568   0.01789   0.14722   0.00000   0.05909   0.02970   0.03869   0.04700   0.07196   0.03152   0.08063   0.09668   0.02004   0.11239   0.08781   2.37069   1.64615   1.05817   1.55280   0.78342  
 10 331.7716   2174.662393  x:  0.00000   0.03004   0.01893   0.03172   0.04579   0.09143   0.05590   0.03658   0.09545   0.02924   0.11982   0.00000   0.06186   0.02264   0.04430   0.03803   0.06796   0.02222   0.08765   0.09830   0.02515   0.10934   0.08822   2.44710   1.64268   1.04499   1.56439   0.80455  
 11 258.4035   2170.381408  x:  0.00000   0.03073   0.01626   0.03262   0.04426   0.07214   0.06157   0.04229   0.09587   0.02158   0.09100   0.00000   0.06064   0.02797   0.02821   0.04858   0.06292   0.02845   0.10097   0.08727   0.02352   0.12163   0.10343   2.60817   1.63657   1.02578   1.58281   0.80419  
 12 187.5887   2154.401246  x:  0.00000   0.03271   0.00215   0.03483   0.06312   0.03968   0.05658   0.03838   0.09747   0.03631   0.11221   0.00000   0.06829   0.02829   0.05158   0.06781   0.06425   0.03272   0.11175   0.08393   0.00697   0.13163   0.09781   3.19757   1.61663   0.96765   1.64179   0.74131  
 13 429.3503   2135.923845  x:  0.00000   0.03743   0.02260   0.04625   0.06163   0.02491   0.05013   0.01855   0.09772   0.03305   0.18264   0.00000   0.06038   0.03098   0.03305   0.06764   0.06575   0.03120   0.11980   0.12505   0.03354   0.16120   0.10751   4.20588   1.58331   0.87453   1.73850   0.62943  
 14 2739.6695   2127.064220  x:  0.00000   0.03902   0.02449   0.04178   0.04687   0.07805   0.06784   0.04490   0.09954   0.02712   0.21747   0.00000   0.06123   0.03168   0.03117   0.05163   0.06266   0.02313   0.12002   0.10490   0.03119   0.19069   0.11544   4.69615   1.56923   0.84101   1.77881   0.57230  
 15 1376.4441   2124.773304  x:  0.00000   0.03930   0.02389   0.02650   0.04002   0.07991   0.05918   0.03574   0.09736   0.02235   0.22189   0.00000   0.06104   0.03089   0.03305   0.03768   0.06577   0.02886   0.10103   0.08716   0.03240   0.19042   0.12879   4.78745   1.57028   0.85508   1.77559   0.56567  
 16 198.1376   2123.234130  x:  0.00000   0.03909   0.02351   0.04335   0.03639   0.07731   0.05422   0.03793   0.09677   0.02599   0.22159   0.00000   0.06083   0.03354   0.03260   0.03148   0.06514   0.02323   0.08118   0.07941   0.03183   0.19135   0.13465   4.85577   1.57625   0.88939   1.76007   0.56674  
 17 130.7158   2118.295632  x:  0.00000   0.04160   0.02568   0.03478   0.03246   0.07715   0.07326   0.04420   0.09487   0.02719   0.22079   0.00000   0.06293   0.03209   0.03950   0.04868   0.05820   0.03053   0.06010   0.09765   0.03410   0.20385   0.12914   5.07498   1.60822   1.04936   1.68015   0.58543  
 18 184.3814   2114.400066  x:  0.00000   0.04384   0.02633   0.03168   0.05083   0.08334   0.06739   0.03824   0.09601   0.02343   0.22336   0.00000   0.06957   0.03357   0.03140   0.03905   0.06583   0.02088   0.09088   0.09871   0.03192   0.20132   0.12315   5.24910   1.63834   1.18514   1.60894   0.60277  
 19 385.6451   2113.950698  x:  0.00000   0.04385   0.02603   0.03554   0.04635   0.08631   0.06263   0.03938   0.09878   0.02604   0.22501   0.00000   0.06788   0.03292   0.03531   0.04080   0.06745   0.02827   0.09971   0.09857   0.03437   0.19769   0.12810   5.26714   1.64380   1.19912   1.59990   0.60501  
 20 90.3393   2113.762080  x:  0.00000   0.04408   0.02633   0.03408   0.03976   0.08513   0.06000   0.04157   0.10173   0.02509   0.22762   0.00000   0.06885   0.03318   0.03405   0.04517   0.06667   0.02503   0.10209   0.09741   0.03337   0.19197   0.12884   5.27111   1.64946   1.20113   1.59538   0.60565  
 21 25.0256   2113.159454  x:  0.00000   0.04486   0.02626   0.03345   0.04177   0.07893   0.07070   0.04745   0.10924   0.02453   0.23295   0.00000   0.06964   0.03348   0.03281   0.03868   0.05920   0.02702   0.10283   0.09684   0.03396   0.17824   0.13466   5.26987   1.68273   1.19154   1.57734   0.60773  
 22 17.2005   2110.371268  x:  0.00000   0.04802   0.02502   0.04022   0.03899   0.08386   0.08217   0.02759   0.10933   0.02556   0.22959   0.00000   0.07652   0.03515   0.03352   0.04537   0.07219   0.02552   0.09852   0.09273   0.03305   0.18466   0.13792   5.24725   1.84206   1.13340   1.49661   0.61742  
 23 60.2519   2108.870428  x:  0.00000   0.05004   0.02649   0.03410   0.04200   0.08128   0.06235   0.04417   0.09929   0.02565   0.22536   0.00000   0.07875   0.03477   0.03653   0.04022   0.07266   0.02541   0.09521   0.10132   0.03306   0.19781   0.13817   5.23077   1.92604   1.10248   1.45625   0.62320  
 24 146.8920   2108.392402  x:  0.00000   0.05065   0.02629   0.03457   0.04367   0.08481   0.05643   0.03968   0.09526   0.02617   0.22488   0.00000   0.08030   0.03519   0.03681   0.04194   0.05613   0.02574   0.09603   0.10061   0.03297   0.19972   0.13802   5.22052   1.93578   1.10085   1.45742   0.62460  
 25 21.8169   2091.137184  x:  0.00000   0.07735   0.02627   0.04005   0.03704   0.07354   0.07287   0.04407   0.04165   0.02943   0.22627   0.00000   0.12952   0.04273   0.04353   0.04278   0.06584   0.02153   0.11014   0.11472   0.02694   0.19240   0.17901   4.70702   1.95262   1.21356   1.80956   0.67641  
 26 25.2039   2083.191597  x:  0.00000   0.09398   0.02503   0.03684   0.04568   0.07523   0.06107   0.04063   0.10809   0.02703   0.21265   0.00000   0.15895   0.04666   0.04957   0.03946   0.06848   0.01860   0.10513   0.13284   0.02374   0.21336   0.19468   4.40286   1.95748   1.27946   2.01750   0.70755  
 27 663.8170   2079.268035  x:  0.00000   0.10117   0.02447   0.04027   0.04526   0.07244   0.06946   0.03758   0.10799   0.02779   0.20765   0.00000   0.17323   0.04855   0.05113   0.04100   0.06737   0.01809   0.09973   0.13528   0.02171   0.20438   0.20060   4.35846   1.51762   1.11689   1.61557   0.73703  
 28  8.1313   2065.506753  x:  0.00000   0.13469   0.02346   0.03552   0.03330   0.08243   0.05773   0.02624   0.10832   0.01985   0.21250   0.00000   0.21709   0.04196   0.05219   0.02390   0.06215   0.03004   0.09866   0.14533   0.00994   0.19389   0.22279   6.07833   1.71655   1.06954   1.41704   0.95009  
 29  0.9726   2059.555847  x:  0.00000   0.15935   0.02291   0.03583   0.04723   0.07125   0.06257   0.04212   0.10876   0.03019   0.20789   0.00000   0.25637   0.04056   0.05527   0.05521   0.06395   0.02750   0.10281   0.13263   0.00754   0.18178   0.23210   7.10418   1.84096   1.17437   1.69562   1.00226  
 30  0.8211   2056.579882  x:  0.00000   0.18292   0.01202   0.04103   0.04298   0.06556   0.06306   0.03626   0.10337   0.02978   0.19515   0.00000   0.28068   0.03978   0.05080   0.04525   0.06554   0.02580   0.10282   0.14152   0.02608   0.19025   0.23758   7.96871   1.66379   1.11633   1.65420   1.03325  
 31  0.5572   2055.263474  x:  0.00000   0.19712   0.01064   0.04030   0.04059   0.05980   0.06552   0.03289   0.09815   0.02736   0.18221   0.00000   0.29640   0.03636   0.05183   0.03651   0.06380   0.01897   0.10311   0.13447   0.01518   0.18886   0.22792   8.53566   1.62141   1.05350   1.56485   1.02660  
 32  0.3594   2054.792663  x:  0.00000   0.20160   0.01132   0.03851   0.04163   0.06348   0.06250   0.03236   0.09745   0.02666   0.18144   0.00000   0.29716   0.03629   0.05054   0.03540   0.06438   0.02491   0.10592   0.13066   0.00996   0.18764   0.22076   8.79860   1.68923   1.09417   1.61383   1.00426  
 33  0.2289   2054.513552  x:  0.00000   0.20523   0.01055   0.03919   0.04180   0.06532   0.06308   0.03505   0.09818   0.02869   0.18516   0.00000   0.29281   0.03926   0.04885   0.03984   0.06476   0.02677   0.10697   0.13029   0.01459   0.18489   0.21520   9.02163   1.70036   1.10401   1.62084   0.97245  
 34  0.1314   2054.262348  x:  0.00000   0.21322   0.01088   0.03951   0.04067   0.06551   0.06365   0.03542   0.09930   0.02860   0.18555   0.00000   0.28761   0.04072   0.04949   0.03874   0.06436   0.02313   0.10529   0.13074   0.01152   0.18598   0.20594   9.35780   1.66637   1.08572   1.60970   0.93733  
 35  0.1594   2053.988197  x:  0.00000   0.21879   0.01111   0.03891   0.04235   0.06552   0.06256   0.03199   0.10236   0.02657   0.18882   0.00000   0.26943   0.03964   0.05181   0.03521   0.06424   0.02301   0.10112   0.13810   0.01395   0.18999   0.20972   9.43543   1.66134   1.06912   1.61698   0.96106  
 36  0.0226   2053.772463  x:  0.00000   0.22524   0.01262   0.03914   0.04224   0.06322   0.06399   0.03439   0.10308   0.02717   0.19115   0.00000   0.25365   0.03906   0.05331   0.03943   0.06471   0.02426   0.10357   0.13713   0.01283   0.18597   0.21216   9.50689   1.66581   1.07594   1.59120   0.97792  
 37  0.0445   2053.669805  x:  0.00000   0.23174   0.01128   0.03965   0.04156   0.06316   0.06256   0.03356   0.10050   0.02796   0.18652   0.00000   0.25045   0.03905   0.05147   0.03834   0.06458   0.02423   0.10683   0.13284   0.01243   0.18581   0.21319   9.53890   1.68608   1.10325   1.62965   0.98293  
 38  0.0308   2053.605210  x:  0.00000   0.23608   0.01055   0.03947   0.04257   0.06323   0.06354   0.03347   0.09882   0.02862   0.18141   0.00000   0.25061   0.03958   0.05009   0.03862   0.06430   0.02418   0.10532   0.12957   0.01239   0.18635   0.21499   9.37350   1.66664   1.07793   1.60388   0.98202  
 39  0.0774   2053.546040  x:  0.00000   0.23927   0.01145   0.03821   0.04103   0.06489   0.06371   0.03520   0.10007   0.02796   0.18233   0.00000   0.24799   0.03998   0.05007   0.03828   0.06442   0.02326   0.10443   0.13075   0.01316   0.18622   0.21673   9.06694   1.67209   1.08395   1.61148   0.97128  
 40  0.1145   2053.516739  x:  0.00000   0.24376   0.01156   0.03892   0.04203   0.06568   0.06317   0.03405   0.10023   0.02777   0.18233   0.00000   0.25283   0.03959   0.05036   0.03849   0.06438   0.02400   0.10483   0.13124   0.01262   0.18384   0.21576   8.97655   1.67160   1.09113   1.60899   0.96236  
 41  0.0432   2053.507679  x:  0.00000   0.24684   0.01144   0.03925   0.04165   0.06433   0.06360   0.03412   0.10013   0.02772   0.18339   0.00000   0.25352   0.03895   0.05095   0.03819   0.06441   0.02397   0.10493   0.13184   0.01270   0.18420   0.21506   8.99892   1.67407   1.08770   1.61060   0.96493  
 42  0.0131   2053.505161  x:  0.00000   0.24726   0.01147   0.03900   0.04187   0.06431   0.06302   0.03410   0.09992   0.02800   0.18416   0.00000   0.25357   0.03895   0.05092   0.03846   0.06455   0.02379   0.10470   0.13155   0.01293   0.18496   0.21414   8.98133   1.67146   1.08779   1.60835   0.96704  
 43  0.0094   2053.504251  x:  0.00000   0.24687   0.01144   0.03906   0.04173   0.06439   0.06343   0.03407   0.09987   0.02799   0.18476   0.00000   0.25353   0.03904   0.05073   0.03840   0.06439   0.02388   0.10482   0.13127   0.01286   0.18511   0.21321   8.97128   1.67259   1.08842   1.60923   0.96782  
 44  0.0061   2053.504117  x:  0.00000   0.24677   0.01143   0.03909   0.04178   0.06437   0.06328   0.03411   0.09993   0.02792   0.18473   0.00000   0.25337   0.03907   0.05073   0.03833   0.06449   0.02390   0.10477   0.13132   0.01281   0.18500   0.21295   8.96905   1.67243   1.08808   1.60910   0.96817  
 45  0.0018   2053.504098  x:  0.00000   0.24676   0.01141   0.03910   0.04179   0.06436   0.06330   0.03409   0.09998   0.02793   0.18463   0.00000   0.25335   0.03908   0.05078   0.03836   0.06446   0.02389   0.10479   0.13134   0.01282   0.18497   0.21290   8.96637   1.67238   1.08804   1.60915   0.96824  
 46  0.0017   2053.504097  x:  0.00000   0.24676   0.01141   0.03910   0.04178   0.06435   0.06330   0.03410   0.09998   0.02793   0.18463   0.00000   0.25336   0.03908   0.05079   0.03835   0.06447   0.02389   0.10480   0.13133   0.01282   0.18497   0.21289   8.96654   1.67241   1.08810   1.60915   0.96819  
 47  0.0002   2053.504097  x:  0.00000   0.24675   0.01141   0.03910   0.04178   0.06435   0.06330   0.03410   0.09998   0.02793   0.18463   0.00000   0.25335   0.03908   0.05079   0.03836   0.06447   0.02389   0.10480   0.13134   0.01282   0.18498   0.21289   8.96647   1.67242   1.08810   1.60914   0.96817  
 48  0.0000   2053.504097  x:  0.00000   0.24675   0.01141   0.03910   0.04178   0.06435   0.06330   0.03410   0.09998   0.02794   0.18463   0.00000   0.25335   0.03908   0.05079   0.03835   0.06447   0.02389   0.10480   0.13134   0.01282   0.18497   0.21290   8.96638   1.67241   1.08810   1.60914   0.96817  
 49  0.0001   2053.504097  x:  0.00000   0.24675   0.01141   0.03910   0.04178   0.06435   0.06330   0.03410   0.09998   0.02794   0.18463   0.00000   0.25335   0.03908   0.05079   0.03835   0.06447   0.02389   0.10480   0.13134   0.01282   0.18497   0.21290   8.96639   1.67241   1.08810   1.60914   0.96817  
 50  0.0000   2053.504097  x:  0.00000   0.24675   0.01141   0.03910   0.04178   0.06435   0.06330   0.03410   0.09998   0.02794   0.18463   0.00000   0.25335   0.03908   0.05079   0.03835   0.06447   0.02389   0.10480   0.13134   0.01282   0.18497   0.21290   8.96639   1.67241   1.08810   1.60914   0.96817  
 51  0.0000   2053.504097  x:  0.00000   0.24675   0.01141   0.03910   0.04178   0.06435   0.06330   0.03410   0.09998   0.02794   0.18463   0.00000   0.25335   0.03908   0.05079   0.03835   0.06447   0.02389   0.10480   0.13134   0.01282   0.18497   0.21290   8.96639   1.67241   1.08810   1.60914   0.96817  

TREE # 2

  0  0.0000   2093.005411  x:  0.17668   0.00000   0.19875   0.07883   0.02582   0.02700   0.10839   0.03300   0.08798   0.03551   0.05368   0.06084   0.02457   0.19322   0.07177   0.02883   0.02270   0.06161   0.05182   0.04355   0.06098   0.06590   0.05791   8.96639   1.53927   1.05433   1.45867   0.96817  
  1 99.0000   2093.004226  x:  0.17668   0.00000   0.19875   0.07883   0.02582   0.02701   0.10839   0.03300   0.08798   0.03551   0.05368   0.06084   0.02456   0.19322   0.07177   0.02883   0.02270   0.06161   0.05182   0.04355   0.06098   0.06590   0.05791   8.96639   1.53927   1.05433   1.45867   0.96817  
  2 433.4867   2088.265838  x:  0.17849   0.00000   0.19626   0.08605   0.02138   0.01619   0.11157   0.02652   0.09056   0.03484   0.05451   0.04787   0.00000   0.19120   0.07220   0.02499   0.02016   0.06451   0.04787   0.04107   0.05592   0.06546   0.05895   8.96637   1.54007   1.05300   1.45986   0.96793  
  3 215.0533   2087.102994  x:  0.18021   0.00000   0.19058   0.08763   0.01904   0.02255   0.11591   0.02403   0.09392   0.03405   0.05487   0.02835   0.00000   0.18610   0.06798   0.02164   0.01925   0.06586   0.04270   0.03858   0.04952   0.06490   0.06000   8.96633   1.54148   1.05059   1.46201   0.96749  
  4 133.9076   2086.784465  x:  0.18110   0.00000   0.18657   0.08565   0.02053   0.02033   0.11806   0.02903   0.09540   0.03459   0.05492   0.02220   0.00000   0.18246   0.06904   0.02408   0.02022   0.06571   0.04127   0.03844   0.04736   0.06478   0.06023   8.96630   1.54264   1.04862   1.46380   0.96712  
  5 67.7694   2086.066003  x:  0.18496   0.00000   0.16872   0.08385   0.02322   0.02068   0.12646   0.02414   0.10080   0.03594   0.05621   0.02469   0.00000   0.16635   0.07830   0.02582   0.02206   0.06494   0.03996   0.04016   0.04202   0.06481   0.06050   8.96612   1.54883   1.03825   1.47337   0.96516  
  6 39.9039   2085.403367  x:  0.18623   0.00000   0.15337   0.09213   0.02106   0.02058   0.13166   0.02982   0.10324   0.03532   0.05638   0.02952   0.00000   0.15259   0.07675   0.02101   0.02055   0.06516   0.04141   0.04146   0.04299   0.06525   0.06018   8.96590   1.55623   1.02633   1.48462   0.96284  
  7 75.1908   2084.519256  x:  0.18145   0.00000   0.14349   0.10265   0.01813   0.02171   0.12974   0.02728   0.09939   0.03280   0.05427   0.02738   0.00000   0.14369   0.07661   0.03284   0.01896   0.06715   0.04433   0.04023   0.05290   0.06588   0.05898   8.96549   1.56909   1.00702   1.50381   0.95882  
  8 56.7851   2081.716384  x:  0.16180   0.00000   0.14106   0.10870   0.02480   0.02195   0.11474   0.02594   0.08538   0.03709   0.05296   0.01796   0.00000   0.14129   0.09448   0.02035   0.01553   0.06763   0.04760   0.03413   0.06318   0.06490   0.05805   8.96417   1.60863   0.95141   1.56195   0.94646  
  9 94.5827   2078.112362  x:  0.14918   0.00000   0.15621   0.11436   0.01167   0.02403   0.10749   0.03120   0.08696   0.03672   0.06007   0.02556   0.00000   0.15510   0.10015   0.02403   0.01952   0.07668   0.03237   0.02954   0.04339   0.06049   0.06298   8.96242   1.65896   0.88813   1.63416   0.93075  
 10 168.3687   2076.302008  x:  0.15676   0.00000   0.17110   0.12433   0.02541   0.02477   0.11275   0.03089   0.09645   0.03255   0.06036   0.02602   0.00000   0.16913   0.09753   0.02736   0.01463   0.07990   0.03655   0.03983   0.03271   0.06065   0.06373   8.96138   1.68759   0.86090   1.67351   0.92181  
 11 164.9485   2074.150339  x:  0.18492   0.00000   0.18941   0.12471   0.01474   0.02577   0.12974   0.03154   0.11040   0.03652   0.05576   0.02157   0.00000   0.18676   0.10288   0.02548   0.01864   0.07436   0.04617   0.04493   0.04333   0.06525   0.05993   8.96020   1.71747   0.85043   1.71149   0.91258  
 12 109.6504   2072.597687  x:  0.20688   0.00000   0.19522   0.12584   0.01909   0.02627   0.13617   0.03276   0.10784   0.03467   0.05584   0.02434   0.00000   0.19269   0.10460   0.02602   0.00914   0.07328   0.03710   0.02938   0.04935   0.06531   0.05718   8.95943   1.73384   0.86739   1.72943   0.90776  
 13 67.9163   2070.857607  x:  0.23163   0.00000   0.19822   0.13676   0.02550   0.02701   0.13546   0.03324   0.09378   0.03087   0.05892   0.02469   0.00000   0.19618   0.10790   0.02375   0.02563   0.08128   0.03214   0.02280   0.05014   0.06190   0.05781   8.95834   1.75465   0.91103   1.74950   0.90213  
 14 115.3388   2067.122430  x:  0.26194   0.00000   0.19833   0.14602   0.01621   0.02933   0.12351   0.03572   0.06727   0.03627   0.06478   0.02193   0.00000   0.19696   0.11904   0.02503   0.01657   0.09398   0.03179   0.04162   0.04083   0.05492   0.06366   8.95628   1.79090   1.01084   1.78158   0.89338  
 15 211.3834   2062.933029  x:  0.25115   0.00000   0.19664   0.16346   0.01018   0.03193   0.09978   0.03891   0.09859   0.03582   0.06244   0.02034   0.00000   0.19484   0.13572   0.02720   0.01323   0.09843   0.04884   0.03159   0.02762   0.06776   0.06603   8.95391   1.82761   1.14431   1.80959   0.88816  
 16 152.9654   2060.624199  x:  0.22312   0.00000   0.19890   0.17744   0.01380   0.03316   0.11046   0.03957   0.12068   0.03946   0.06500   0.01971   0.00000   0.19622   0.14583   0.02622   0.01439   0.09783   0.03058   0.04302   0.04124   0.06475   0.07025   8.95260   1.84526   1.22016   1.82060   0.88921  
 17 153.0893   2059.687542  x:  0.20079   0.00000   0.20167   0.18290   0.01207   0.03371   0.13568   0.04056   0.11532   0.03471   0.06434   0.01970   0.00000   0.19859   0.15120   0.02718   0.01405   0.09259   0.03567   0.04083   0.03647   0.06041   0.06216   8.95201   1.85055   1.25088   1.82108   0.89454  
 18 71.6740   2059.608576  x:  0.19901   0.00000   0.20186   0.18412   0.01270   0.03384   0.13870   0.04036   0.11359   0.03919   0.06390   0.02001   0.00000   0.19896   0.15053   0.02777   0.01424   0.09315   0.03597   0.03986   0.03557   0.06444   0.06384   8.95191   1.84987   1.25203   1.81864   0.89838  
 19 18.6846   2059.466140  x:  0.19846   0.00000   0.20148   0.18335   0.01226   0.03385   0.14066   0.04079   0.11199   0.03440   0.06376   0.01995   0.00000   0.19942   0.15226   0.02707   0.01381   0.09504   0.03555   0.04056   0.03623   0.07090   0.06842   8.95160   1.84479   1.24893   1.80584   0.91620  
 20 14.9491   2058.552876  x:  0.20286   0.00000   0.19807   0.18854   0.01242   0.03453   0.13768   0.04139   0.11486   0.03822   0.06431   0.01989   0.00000   0.20065   0.15636   0.02733   0.01344   0.10088   0.03673   0.03940   0.03683   0.06246   0.06386   8.94927   1.80205   1.21793   1.70239   1.05453  
 21 49.5816   2058.487494  x:  0.20376   0.00000   0.19936   0.19139   0.01224   0.03458   0.13607   0.04138   0.11396   0.03799   0.06481   0.01970   0.00000   0.19910   0.15699   0.02797   0.01414   0.09342   0.03520   0.04014   0.03545   0.06333   0.06420   8.94917   1.79653   1.21479   1.69335   1.06055  
 22 17.6257   2058.260174  x:  0.20470   0.00000   0.21022   0.19287   0.01235   0.03479   0.13714   0.04163   0.11410   0.03835   0.06985   0.01948   0.00000   0.18595   0.15845   0.02822   0.01355   0.09492   0.03829   0.03820   0.03686   0.06119   0.06877   8.94950   1.75074   1.19452   1.64288   1.04630  
 23  8.6894   2057.984343  x:  0.20566   0.00000   0.21257   0.19512   0.01210   0.03512   0.13653   0.04212   0.11317   0.03793   0.06080   0.02016   0.00000   0.18148   0.16140   0.02760   0.01378   0.09870   0.03496   0.03970   0.03568   0.06391   0.06367   8.94996   1.69337   1.16971   1.58157   1.02527  
 24 67.9394   2057.690096  x:  0.20634   0.00000   0.20024   0.19772   0.01212   0.03548   0.13619   0.04248   0.11275   0.03799   0.06763   0.01979   0.00000   0.19319   0.16359   0.02794   0.01360   0.09846   0.03591   0.03938   0.03646   0.06559   0.06268   8.95047   1.62819   1.14217   1.51451   0.99989  
 25 68.9312   2057.663534  x:  0.20645   0.00000   0.19858   0.19812   0.01211   0.03553   0.13647   0.04254   0.11274   0.03806   0.06538   0.01997   0.00000   0.19491   0.16390   0.02804   0.01355   0.09777   0.03657   0.03862   0.03635   0.06342   0.06616   8.95050   1.62201   1.13982   1.50914   0.99776  
 26 18.0316   2057.522985  x:  0.20753   0.00000   0.19899   0.19968   0.01215   0.03570   0.13601   0.04294   0.11243   0.03796   0.06528   0.02033   0.00000   0.19472   0.16551   0.02804   0.01353   0.09758   0.03688   0.03852   0.03673   0.06357   0.06552   8.94925   1.57678   1.13954   1.53801   1.00611  
 27  1.2690   2054.476542  x:  0.20639   0.00000   0.18869   0.23653   0.01574   0.03960   0.12222   0.05242   0.10154   0.03557   0.06090   0.03249   0.00000   0.19251   0.20879   0.02854   0.01090   0.09305   0.04567   0.03310   0.04618   0.06719   0.05994   8.91557   1.68942   1.10895   1.61324   0.95707  
 28  0.4946   2053.706773  x:  0.21214   0.00000   0.18613   0.25133   0.01147   0.04082   0.13276   0.05371   0.10446   0.03915   0.06603   0.02626   0.00000   0.18696   0.22700   0.02688   0.00950   0.10199   0.03800   0.03274   0.04197   0.06413   0.06469   8.90795   1.67804   1.07753   1.61822   0.95738  
 29  0.0473   2053.580534  x:  0.21137   0.00000   0.18543   0.25758   0.01290   0.04075   0.13222   0.05342   0.10552   0.03816   0.06479   0.02366   0.00000   0.18442   0.23459   0.02762   0.01272   0.10144   0.03855   0.03394   0.04150   0.06397   0.06372   8.92831   1.67010   1.07998   1.60979   0.96925  
 30  0.0310   2053.535063  x:  0.21240   0.00000   0.18482   0.25995   0.01242   0.04023   0.13077   0.05265   0.10478   0.03794   0.06381   0.02333   0.00000   0.18425   0.24143   0.02812   0.01110   0.09942   0.03926   0.03441   0.04209   0.06450   0.06272   8.96164   1.67102   1.09118   1.60769   0.97034  
 31  0.0237   2053.511864  x:  0.21462   0.00000   0.18443   0.25723   0.01273   0.03921   0.13128   0.05115   0.10455   0.03814   0.06481   0.02448   0.00000   0.18464   0.24559   0.02770   0.01136   0.10012   0.03948   0.03408   0.04182   0.06447   0.06359   8.98500   1.67469   1.08921   1.60895   0.96521  
 32  0.0114   2053.505446  x:  0.21316   0.00000   0.18475   0.25492   0.01281   0.03878   0.13152   0.05039   0.10487   0.03839   0.06450   0.02385   0.00000   0.18439   0.24646   0.02785   0.01139   0.10031   0.03899   0.03398   0.04172   0.06424   0.06336   8.97892   1.67277   1.08867   1.60987   0.96910  
 33  0.0053   2053.504472  x:  0.21270   0.00000   0.18504   0.25369   0.01284   0.03886   0.13127   0.05052   0.10476   0.03832   0.06440   0.02394   0.00000   0.18462   0.24621   0.02798   0.01142   0.09992   0.03913   0.03414   0.04187   0.06442   0.06323   8.96653   1.67209   1.08770   1.60894   0.96816  
 34  0.0072   2053.504125  x:  0.21287   0.00000   0.18499   0.25338   0.01282   0.03904   0.13136   0.05077   0.10479   0.03833   0.06450   0.02387   0.00000   0.18475   0.24666   0.02793   0.01139   0.09996   0.03910   0.03411   0.04177   0.06434   0.06333   8.96214   1.67255   1.08794   1.60926   0.96785  
 35  0.0022   2053.504099  x:  0.21289   0.00000   0.18500   0.25337   0.01282   0.03906   0.13134   0.05080   0.10480   0.03836   0.06447   0.02390   0.00000   0.18464   0.24676   0.02793   0.01141   0.09998   0.03910   0.03410   0.04178   0.06435   0.06330   8.96462   1.67240   1.08810   1.60912   0.96820  
 36  0.0021   2053.504097  x:  0.21290   0.00000   0.18497   0.25335   0.01282   0.03907   0.13134   0.05079   0.10480   0.03836   0.06446   0.02389   0.00000   0.18463   0.24676   0.02794   0.01141   0.09998   0.03910   0.03410   0.04178   0.06436   0.06330   8.96612   1.67239   1.08810   1.60913   0.96815  
 37  0.0011   2053.504097  x:  0.21290   0.00000   0.18497   0.25335   0.01282   0.03907   0.13134   0.05079   0.10480   0.03835   0.06447   0.02389   0.00000   0.18463   0.24675   0.02794   0.01141   0.09998   0.03910   0.03410   0.04178   0.06435   0.06330   8.96646   1.67242   1.08810   1.60915   0.96818  
 38  0.0002   2053.504097  x:  0.21289   0.00000   0.18497   0.25335   0.01282   0.03908   0.13134   0.05079   0.10480   0.03835   0.06447   0.02389   0.00000   0.18463   0.24675   0.02793   0.01141   0.09998   0.03910   0.03410   0.04178   0.06435   0.06330   8.96644   1.67241   1.08809   1.60914   0.96817  
 39  0.0000   2053.504097  x:  0.21290   0.00000   0.18497   0.25335   0.01282   0.03908   0.13134   0.05079   0.10480   0.03835   0.06447   0.02389   0.00000   0.18463   0.24675   0.02794   0.01141   0.09998   0.03910   0.03410   0.04178   0.06435   0.06330   8.96640   1.67241   1.08809   1.60914   0.96817  
 40  0.0000   2053.504097  x:  0.21290   0.00000   0.18497   0.25335   0.01282   0.03908   0.13134   0.05079   0.10480   0.03835   0.06447   0.02389   0.00000   0.18463   0.24675   0.02794   0.01141   0.09998   0.03910   0.03410   0.04178   0.06435   0.06330   8.96639   1.67241   1.08810   1.60914   0.96817  
 41  0.0000   2053.504097  x:  0.21290   0.00000   0.18497   0.25335   0.01282   0.03908   0.13134   0.05079   0.10480   0.03835   0.06447   0.02389   0.00000   0.18463   0.24675   0.02794   0.01141   0.09998   0.03910   0.03410   0.04178   0.06435   0.06330   8.96639   1.67241   1.08810   1.60914   0.96817  