

TREE # 1

  0  0.0000   2412.906345  x:  0.04122   0.00387   0.09218   0.00000   0.04001   0.12714   0.05613   0.05363   0.17407   0.11167   0.11330   0.09287   0.01886   0.05968   0.02779   0.06908   0.06279   0.04893   0.06181   0.05283   0.10250   0.04672   0.07059   0.05984   2.00000   1.49449   0.96935   1.36822   0.40000  
  1 99.0000   2412.902249  x:  0.04122   0.00387   0.09219   0.00000   0.04001   0.12715   0.05613   0.05363   0.17407   0.11167   0.11330   0.09287   0.01886   0.05968   0.02779   0.06908   0.06279   0.04893   0.06181   0.05283   0.10250   0.04672   0.07059   0.05984   2.00000   1.49449   0.96935   1.36822   0.40000  
  2 830.6022   2408.130577  x:  0.04126   0.00000   0.09545   0.00000   0.03696   0.13138   0.05684   0.05300   0.17153   0.11130   0.10961   0.09459   0.01702   0.05584   0.02794   0.06569   0.05930   0.04957   0.05998   0.05312   0.10239   0.04491   0.07150   0.05989   2.00124   1.49431   0.96945   1.36833   0.40364  
  3 555.8268   2385.045719  x:  0.03015   0.00000   0.10120   0.00000   0.00000   0.12713   0.05625   0.04817   0.13802   0.10468   0.06144   0.09615   0.00928   0.06629   0.03104   0.02552   0.01690   0.04521   0.04253   0.05538   0.10134   0.02971   0.06546   0.04878   2.01735   1.49214   0.97069   1.36960   0.44184  
  4 589.3542   2380.163065  x:  0.02955   0.00000   0.10174   0.00000   0.00597   0.12515   0.05582   0.04689   0.12577   0.10224   0.04361   0.09580   0.00896   0.06791   0.03219   0.01188   0.00268   0.04422   0.03730   0.05622   0.10099   0.02538   0.06371   0.04818   2.02356   1.49136   0.97110   1.37011   0.45517  
  5 845.0496   2376.763896  x:  0.03327   0.00000   0.10045   0.00000   0.00678   0.12240   0.05518   0.04621   0.11158   0.09952   0.02395   0.09433   0.01172   0.06709   0.03410   0.00311   0.00820   0.04427   0.03375   0.05740   0.10055   0.02285   0.06280   0.05190   2.03113   1.49051   0.97145   1.37075   0.46929  
  6 450.7634   2374.717182  x:  0.03567   0.00000   0.09945   0.00000   0.00690   0.12083   0.05477   0.04584   0.10065   0.09749   0.01024   0.09323   0.01340   0.06643   0.03560   0.00728   0.00846   0.04449   0.03167   0.05821   0.10034   0.02149   0.06244   0.05430   2.03718   1.48985   0.97171   1.37125   0.48003  
  7 720.9660   2370.566102  x:  0.04165   0.00000   0.09247   0.00000   0.00629   0.11776   0.05347   0.04676   0.05518   0.08969   0.02014   0.08765   0.01872   0.06410   0.03902   0.00945   0.00705   0.04721   0.03329   0.06032   0.09953   0.02544   0.06440   0.06030   2.06607   1.48705   0.97261   1.37369   0.52321  
  8 194.8741   2369.283030  x:  0.03315   0.00000   0.09275   0.00000   0.01050   0.12207   0.05420   0.04840   0.04841   0.08865   0.02067   0.08851   0.01583   0.06773   0.03690   0.01122   0.01301   0.04633   0.03892   0.05970   0.09924   0.02829   0.06517   0.05180   2.08643   1.48540   0.97310   1.37529   0.54393  
  9 135.4226   2365.356549  x:  0.03754   0.00000   0.08732   0.00000   0.01005   0.11714   0.05446   0.05650   0.07666   0.09202   0.02130   0.09135   0.01536   0.06763   0.02104   0.01208   0.01295   0.04068   0.06178   0.05262   0.09953   0.04089   0.06325   0.05623   2.19087   1.47779   0.97549   1.38300   0.62129  
 10 147.2092   2362.956276  x:  0.03531   0.00000   0.09024   0.00000   0.01118   0.11267   0.05245   0.05596   0.09824   0.09741   0.02529   0.08720   0.02221   0.06860   0.04574   0.01330   0.01432   0.05325   0.06140   0.05302   0.10080   0.03910   0.06398   0.05403   2.28152   1.47210   0.97806   1.38877   0.65914  
 11 208.5241   2357.992116  x:  0.03462   0.00000   0.08272   0.00000   0.01347   0.12117   0.05192   0.04618   0.10916   0.10414   0.03390   0.08111   0.02894   0.07046   0.04763   0.01716   0.01917   0.03278   0.03550   0.06549   0.10232   0.02086   0.06442   0.05341   2.46303   1.46291   0.98446   1.39800   0.67252  
 12 189.0064   2349.783085  x:  0.03232   0.00000   0.07878   0.00000   0.01414   0.11950   0.05406   0.03843   0.10656   0.10882   0.03559   0.08742   0.02978   0.07214   0.02513   0.01846   0.02102   0.05675   0.01248   0.07399   0.10348   0.01923   0.06374   0.05124   2.78060   1.44866   0.99578   1.41281   0.66058  
 13 572.6730   2325.821992  x:  0.03584   0.00000   0.09348   0.00000   0.00629   0.12591   0.05857   0.01823   0.06462   0.11941   0.01894   0.10311   0.03439   0.07267   0.01314   0.00969   0.00800   0.07297   0.07031   0.10023   0.10765   0.01762   0.07037   0.05527   4.04081   1.39531   1.04067   1.46931   0.56353  
 14 1821.7967   2317.514514  x:  0.03980   0.00000   0.09711   0.00000   0.00375   0.13157   0.06182   0.06082   0.04858   0.11329   0.01183   0.11352   0.02013   0.07287   0.02674   0.00581   0.00372   0.06391   0.06669   0.09119   0.10610   0.04137   0.06899   0.05941   4.49670   1.37870   1.05541   1.48855   0.52471  
 15 1936.2073   2314.875789  x:  0.04302   0.00000   0.11156   0.00000   0.00556   0.12408   0.05760   0.05860   0.04530   0.09738   0.01391   0.11226   0.00560   0.07464   0.02847   0.00708   0.00666   0.05887   0.06322   0.06608   0.10204   0.03683   0.06805   0.06268   4.59672   1.37963   1.05637   1.49058   0.51736  
 16 323.5303   2314.156532  x:  0.04201   0.00000   0.11502   0.00000   0.00508   0.12654   0.05684   0.05834   0.04510   0.08798   0.01370   0.10926   0.01301   0.07442   0.02727   0.00699   0.00623   0.05764   0.06187   0.05169   0.09964   0.03675   0.06884   0.06169   4.62915   1.38259   1.05523   1.49011   0.51450  
 17 212.5701   2313.823774  x:  0.04225   0.00000   0.10831   0.00000   0.00457   0.13115   0.05797   0.05597   0.04661   0.08092   0.01262   0.10392   0.00968   0.07424   0.02847   0.00642   0.00560   0.05966   0.06271   0.04840   0.09780   0.03737   0.06974   0.06195   4.64117   1.39018   1.05120   1.48723   0.51371  
 18 46.4922   2312.302079  x:  0.04261   0.00000   0.11540   0.00000   0.00469   0.13079   0.06250   0.05839   0.04952   0.06247   0.01333   0.10430   0.01128   0.07525   0.02774   0.00680   0.00547   0.06009   0.06351   0.06229   0.08875   0.03695   0.06439   0.06240   4.68498   1.46366   1.01128   1.45747   0.51702  
 19 36.5084   2308.994856  x:  0.04278   0.00000   0.11698   0.00000   0.00416   0.12983   0.05784   0.05864   0.04488   0.08288   0.01184   0.10580   0.00980   0.07567   0.02733   0.00613   0.00425   0.05869   0.06250   0.05587   0.08233   0.03682   0.07800   0.06283   4.77941   1.63729   0.91667   1.38697   0.52480  
 20 221.1033   2308.486124  x:  0.04373   0.00000   0.11553   0.00000   0.00424   0.13365   0.05801   0.05712   0.04342   0.08621   0.01239   0.10957   0.00991   0.07640   0.02878   0.00630   0.00456   0.05936   0.06306   0.05185   0.09069   0.03560   0.06667   0.06382   4.79112   1.65977   0.90585   1.37821   0.52618  
 21 89.7507   2307.850804  x:  0.04338   0.00000   0.11591   0.00000   0.00426   0.13189   0.05958   0.05741   0.04436   0.07961   0.01225   0.11213   0.00993   0.07658   0.02876   0.00600   0.00471   0.05843   0.06244   0.05235   0.11653   0.03558   0.07456   0.06355   4.79742   1.67445   0.90752   1.37495   0.52861  
 22 19.4326   2298.871388  x:  0.04814   0.00000   0.14338   0.00000   0.00348   0.15527   0.03095   0.06882   0.05014   0.08823   0.01240   0.07522   0.00543   0.08562   0.01895   0.00617   0.00469   0.06486   0.06160   0.06181   0.13176   0.04009   0.07131   0.06942   4.81659   1.74926   1.03160   1.39396   0.56074  
 23 16.1437   2271.368859  x:  0.06636   0.00000   0.19712   0.00000   0.00437   0.20229   0.14458   0.06561   0.06959   0.13185   0.02094   0.06025   0.00000   0.12098   0.02692   0.01032   0.00842   0.06788   0.05455   0.05015   0.11875   0.03868   0.08671   0.09264   4.89508   2.06634   1.58534   1.49728   0.70786  
 24 475.0818   2253.623276  x:  0.07286   0.00000   0.17288   0.00000   0.00509   0.23696   0.09857   0.04516   0.08751   0.11670   0.02748   0.17359   0.00665   0.13717   0.05372   0.01309   0.01040   0.06552   0.05255   0.04757   0.08164   0.03180   0.11499   0.10221   4.94023   2.24906   1.90312   1.58081   0.79685  
 25 521.2645   2250.266283  x:  0.07388   0.00000   0.17151   0.00000   0.00506   0.24100   0.09879   0.06068   0.08800   0.11626   0.02906   0.17462   0.00626   0.13944   0.05091   0.01368   0.01069   0.07169   0.05729   0.04612   0.08085   0.00856   0.11766   0.10360   4.94220   2.24799   1.87548   1.64173   0.80427  
 26 46.1303   2223.440202  x:  0.08715   0.00000   0.22809   0.00000   0.00309   0.29388   0.09973   0.03853   0.09728   0.11855   0.02876   0.16852   0.00000   0.16567   0.05592   0.01350   0.00733   0.06728   0.04045   0.05480   0.08260   0.03258   0.12818   0.12113   4.96156   2.19849   1.44810   2.43534   0.88933  
 27 337.7549   2223.440202  x:  0.08715   0.00000   0.22809   0.00000   0.00309   0.29388   0.09973   0.03853   0.09728   0.11855   0.02876   0.16852   0.00000   0.16567   0.05592   0.01350   0.00733   0.06728   0.04045   0.05480   0.08260   0.03258   0.12818   0.12113   4.96156   2.19849   1.44810   2.43534   0.88933  
 28 13.1322   2220.266623  x:  0.09001   0.00000   0.22987   0.00000   0.00000   0.30456   0.09681   0.03828   0.09282   0.11560   0.02389   0.16885   0.00536   0.17153   0.05013   0.01136   0.00531   0.07007   0.03646   0.05634   0.08447   0.02650   0.13007   0.12399   4.96216   2.19821   1.44803   2.43372   0.89049  
 29 201.3103   2216.657221  x:  0.09425   0.00000   0.23273   0.00000   0.00314   0.32209   0.09225   0.03798   0.08645   0.11094   0.01878   0.16931   0.00000   0.18042   0.04205   0.01135   0.00881   0.07383   0.03160   0.05837   0.08717   0.01877   0.13239   0.12823   4.96322   2.19771   1.44790   2.43089   0.89251  
 30 492.8316   2216.657221  x:  0.09425   0.00000   0.23273   0.00000   0.00314   0.32209   0.09225   0.03798   0.08645   0.11094   0.01878   0.16931   0.00000   0.18042   0.04205   0.01135   0.00881   0.07383   0.03160   0.05837   0.08717   0.01877   0.13239   0.12823   4.96322   2.19771   1.44790   2.43089   0.89251  
 31 207.8158   2215.205943  x:  0.09634   0.00000   0.23444   0.00000   0.00000   0.33166   0.09004   0.03793   0.08300   0.10861   0.01967   0.16944   0.00359   0.18531   0.03950   0.01154   0.00502   0.07510   0.03085   0.05881   0.08835   0.01852   0.13369   0.13032   4.96389   2.19739   1.44782   2.42908   0.89377  
 32 131.3970   2210.306029  x:  0.10622   0.00000   0.24303   0.00000   0.00383   0.38008   0.07952   0.03778   0.06817   0.09727   0.02233   0.16990   0.00000   0.20881   0.02941   0.01268   0.01058   0.08088   0.02856   0.06107   0.09352   0.01838   0.13893   0.14020   4.96745   2.19574   1.44738   2.41955   0.90036  
 33 390.2689   2210.306029  x:  0.10622   0.00000   0.24303   0.00000   0.00383   0.38008   0.07952   0.03778   0.06817   0.09727   0.02233   0.16990   0.00000   0.20881   0.02941   0.01268   0.01058   0.08088   0.02856   0.06107   0.09352   0.01838   0.13893   0.14020   4.96745   2.19574   1.44738   2.41955   0.90036  
 34 147.8461   2209.671862  x:  0.10689   0.00000   0.24463   0.00000   0.00000   0.38737   0.07953   0.03804   0.06792   0.09671   0.02100   0.16953   0.00014   0.21164   0.03278   0.01106   0.00431   0.08043   0.02986   0.06043   0.09351   0.01989   0.13892   0.14087   4.96830   2.19534   1.44732   2.41724   0.90183  
 35 89.8452   2208.999443  x:  0.10758   0.00000   0.24632   0.00364   0.00017   0.39516   0.07954   0.03826   0.06815   0.09615   0.02016   0.16913   0.00000   0.21460   0.03561   0.01073   0.00474   0.08002   0.03093   0.06000   0.09343   0.02066   0.13887   0.14156   4.96922   2.19491   1.44726   2.41472   0.90342  
 36 157.7231   2207.513276  x:  0.11002   0.00000   0.25243   0.00000   0.00035   0.42444   0.07957   0.03867   0.06667   0.09278   0.01689   0.16757   0.00000   0.22530   0.04107   0.01213   0.00664   0.07881   0.03247   0.05898   0.09313   0.01995   0.13857   0.14400   4.97286   2.19323   1.44705   2.40486   0.90961  
 37 270.4569   2206.122247  x:  0.11291   0.00000   0.26043   0.00088   0.00351   0.46410   0.07962   0.03793   0.06493   0.08913   0.02524   0.16509   0.00000   0.23866   0.03517   0.01331   0.00321   0.07827   0.02830   0.05943   0.09286   0.01222   0.13740   0.14689   4.97856   2.19061   1.44683   2.38936   0.91899  
 38 267.3250   2205.684635  x:  0.11349   0.00000   0.26241   0.00130   0.00000   0.47432   0.07969   0.03737   0.06401   0.08866   0.02792   0.16428   0.00000   0.24163   0.03149   0.01212   0.00516   0.07857   0.02676   0.06008   0.09286   0.01290   0.13673   0.14747   4.98042   2.18976   1.44677   2.38430   0.92188  
 39 220.1343   2205.417019  x:  0.11353   0.00000   0.26385   0.00084   0.00163   0.48286   0.07995   0.03633   0.06419   0.08939   0.02853   0.16316   0.00000   0.24276   0.02632   0.01148   0.00459   0.07973   0.02637   0.06146   0.09307   0.01960   0.13521   0.14751   4.98302   2.18855   1.44672   2.37728   0.92557  
 40 95.8734   2205.149609  x:  0.11204   0.00000   0.26435   0.00205   0.00000   0.48890   0.08100   0.03468   0.06554   0.09364   0.02532   0.16077   0.00000   0.23851   0.02206   0.01625   0.00409   0.08295   0.02957   0.06400   0.09384   0.01912   0.13090   0.14602   4.98904   2.18570   1.44665   2.36107   0.93325  
 41 46.1767   2204.371936  x:  0.10783   0.00000   0.26469   0.00047   0.00049   0.50170   0.08396   0.03197   0.06967   0.10408   0.02327   0.15458   0.00000   0.22447   0.02403   0.00984   0.00434   0.09030   0.02968   0.06896   0.09574   0.01602   0.11975   0.14181   5.00731   2.17697   1.44633   2.31200   0.95601  
 42 126.3757   2204.039593  x:  0.10712   0.00000   0.26458   0.00004   0.00000   0.50415   0.08461   0.03228   0.07036   0.10571   0.02508   0.15338   0.00000   0.22071   0.02619   0.01157   0.00430   0.09105   0.02803   0.06904   0.09603   0.01698   0.11792   0.14110   5.01310   2.17415   1.44612   2.29658   0.96293  
 43 195.4035   2203.482424  x:  0.10751   0.00000   0.26426   0.00000   0.00000   0.50531   0.08475   0.03415   0.07062   0.10496   0.02530   0.15326   0.00000   0.21709   0.02561   0.01137   0.00435   0.08918   0.02889   0.06665   0.09576   0.01712   0.11891   0.14149   5.02244   2.16943   1.44545   2.27206   0.97339  
 44 167.2636   2201.781047  x:  0.11091   0.00000   0.26245   0.00271   0.00000   0.50341   0.07950   0.02058   0.06878   0.09827   0.01739   0.16013   0.00000   0.21241   0.02527   0.01188   0.00372   0.08452   0.02039   0.06822   0.09558   0.01661   0.13109   0.14488   5.07487   2.14156   1.43908   2.13744   1.02748  
 45 324.7448   2200.281019  x:  0.11302   0.00000   0.26081   0.00126   0.00000   0.49718   0.07792   0.01585   0.06534   0.09423   0.02457   0.17297   0.00000   0.22369   0.02975   0.01159   0.00357   0.09061   0.03154   0.08467   0.09766   0.01727   0.14394   0.14700   5.13109   2.10978   1.42860   1.99754   1.07979  
 46 359.2718   2199.221905  x:  0.11323   0.00000   0.25999   0.00208   0.00000   0.49044   0.08125   0.02842   0.06488   0.09495   0.02068   0.18342   0.00000   0.23883   0.02992   0.01167   0.00298   0.09857   0.02748   0.09775   0.09976   0.01680   0.15093   0.14721   5.17282   2.08470   1.41823   1.89705   1.11465  
 47 435.3507   2198.263853  x:  0.11006   0.00000   0.26126   0.00000   0.00000   0.48383   0.08529   0.02567   0.07361   0.10402   0.02157   0.18670   0.00000   0.26053   0.02947   0.01183   0.00322   0.09977   0.02714   0.08609   0.09976   0.01687   0.14449   0.14403   5.20401   2.06054   1.40155   1.83453   1.12774  
 48 88.8723   2197.239678  x:  0.11342   0.00000   0.26803   0.00162   0.00000   0.47473   0.07795   0.02682   0.05362   0.10657   0.02101   0.16937   0.00000   0.27576   0.02953   0.01138   0.00289   0.09475   0.02772   0.08270   0.09973   0.01711   0.12378   0.14740   5.25988   2.00424   1.35187   1.75316   1.12391  
 49 56.3658   2196.950836  x:  0.11590   0.00000   0.27154   0.00176   0.00729   0.47195   0.07578   0.02726   0.05187   0.10500   0.02097   0.16135   0.00000   0.28002   0.02961   0.01130   0.00278   0.09310   0.02788   0.08326   0.09978   0.01720   0.11720   0.14988   5.28533   1.97782   1.32819   1.71811   1.12092  
 50 294.8768   2195.073396  x:  0.13067   0.00000   0.28962   0.00000   0.00040   0.46632   0.07505   0.02792   0.07280   0.08802   0.02167   0.12681   0.00000   0.28590   0.03016   0.01148   0.00252   0.09023   0.02816   0.09306   0.10019   0.01748   0.10334   0.16464   5.40090   1.85403   1.21554   1.56935   1.10132  
 51 298.8551   2195.073396  x:  0.13067   0.00000   0.28962   0.00000   0.00040   0.46632   0.07505   0.02792   0.07280   0.08802   0.02167   0.12681   0.00000   0.28590   0.03016   0.01148   0.00252   0.09023   0.02816   0.09306   0.10019   0.01748   0.10334   0.16464   5.40090   1.85403   1.21554   1.56935   1.10132  
 52 146.9434   2194.521089  x:  0.13065   0.00000   0.28978   0.00090   0.00000   0.46718   0.07581   0.02940   0.07277   0.08863   0.02161   0.12749   0.00000   0.28574   0.03132   0.01202   0.00822   0.08980   0.02892   0.09134   0.09996   0.01825   0.10390   0.16462   5.40107   1.85373   1.21532   1.56949   1.10124  
 53 195.8135   2193.123494  x:  0.13035   0.00000   0.29152   0.00682   0.00000   0.47705   0.08355   0.04371   0.07221   0.09474   0.02035   0.13519   0.00000   0.28387   0.04096   0.01318   0.00589   0.08480   0.03472   0.07182   0.09777   0.02445   0.11029   0.16433   5.40307   1.85023   1.21287   1.57115   1.10035  
 54 108.0971   2192.521173  x:  0.12966   0.00000   0.29258   0.00000   0.00000   0.48633   0.08613   0.04537   0.07037   0.09708   0.01878   0.14160   0.00000   0.28171   0.04031   0.01065   0.00660   0.08184   0.03355   0.05924   0.09630   0.02015   0.11559   0.16363   5.40509   1.84671   1.21058   1.57273   1.09946  
 55 87.4246   2192.195701  x:  0.12860   0.00000   0.29319   0.00301   0.00000   0.49578   0.08650   0.04230   0.07062   0.09905   0.02182   0.14749   0.00000   0.27914   0.03752   0.01302   0.00666   0.08025   0.03108   0.05307   0.09547   0.01639   0.12040   0.16258   5.40739   1.84272   1.20808   1.57441   1.09845  
 56 78.0097   2191.568762  x:  0.12458   0.00000   0.29355   0.00433   0.00000   0.52503   0.08580   0.03220   0.07120   0.10133   0.02081   0.16343   0.00000   0.27036   0.03508   0.01099   0.00687   0.07875   0.03010   0.05359   0.09449   0.02527   0.13333   0.15856   5.41510   1.82938   1.19995   1.57986   1.09507  
 57 69.6749   2191.197316  x:  0.12108   0.00000   0.29217   0.00261   0.00000   0.54613   0.08671   0.03375   0.07103   0.10053   0.01896   0.17243   0.00000   0.26307   0.03519   0.01626   0.00646   0.07979   0.03329   0.06032   0.09485   0.02306   0.14050   0.15506   5.42157   1.81833   1.19361   1.58398   1.09230  
 58 89.8878   2190.953389  x:  0.11861   0.00000   0.29003   0.00449   0.00000   0.55968   0.08727   0.03715   0.07110   0.09895   0.02035   0.17639   0.00000   0.25781   0.03605   0.01187   0.00660   0.08135   0.03398   0.06500   0.09546   0.01934   0.14355   0.15258   5.42657   1.80991   1.18911   1.58675   1.09022  
 59 100.0891   2190.771057  x:  0.11658   0.00000   0.28434   0.00435   0.00000   0.57021   0.08563   0.03919   0.07004   0.09458   0.02123   0.17375   0.00000   0.25244   0.03913   0.01267   0.00660   0.08366   0.02842   0.06410   0.09673   0.02031   0.14119   0.15056   5.43358   1.79856   1.18405   1.58938   1.08744  
 60 34.8261   2190.558986  x:  0.11519   0.00000   0.27528   0.00629   0.00000   0.58163   0.08250   0.03774   0.06883   0.09033   0.01898   0.16685   0.00000   0.24638   0.03807   0.01251   0.00657   0.08473   0.03264   0.05991   0.09767   0.02018   0.13576   0.14917   5.44490   1.78075   1.17660   1.59273   1.08308  
 61 52.2977   2190.423950  x:  0.11687   0.00000   0.26996   0.00424   0.00000   0.58614   0.08423   0.03830   0.06846   0.09350   0.02317   0.16187   0.00000   0.24560   0.03567   0.01274   0.00659   0.08161   0.03387   0.06058   0.09644   0.02184   0.13314   0.15085   5.45609   1.76420   1.16994   1.59476   1.07905  
 62 32.3255   2190.248206  x:  0.12004   0.00000   0.26540   0.00528   0.00000   0.58911   0.08716   0.03826   0.06958   0.09914   0.01924   0.15699   0.00000   0.24725   0.03470   0.01254   0.00667   0.07813   0.03101   0.06248   0.09463   0.02095   0.13132   0.15401   5.47270   1.74044   1.16048   1.59679   1.07329  
 63 64.3570   2189.928896  x:  0.12498   0.00000   0.26580   0.00383   0.00000   0.58667   0.08781   0.03298   0.07207   0.10119   0.02073   0.15545   0.00000   0.25657   0.04360   0.01234   0.00647   0.08228   0.03268   0.06242   0.09456   0.01781   0.13211   0.15895   5.51072   1.68934   1.14014   1.59794   1.06092  
 64 51.6337   2189.469247  x:  0.12644   0.00000   0.27392   0.00450   0.00000   0.57737   0.08646   0.03824   0.07151   0.09439   0.02039   0.15926   0.00000   0.26978   0.03558   0.01249   0.00659   0.08779   0.03206   0.06087   0.09726   0.02072   0.13338   0.16042   5.56914   1.61554   1.11062   1.59497   1.04300  
 65 91.5248   2189.251822  x:  0.12048   0.00000   0.28090   0.00503   0.00000   0.56978   0.08274   0.03810   0.06719   0.09311   0.02057   0.16165   0.00000   0.26830   0.03789   0.01244   0.00655   0.07845   0.03207   0.06206   0.09635   0.01991   0.13126   0.15446   5.60182   1.58241   1.09660   1.58618   1.03497  
 66 46.2660   2189.008954  x:  0.11372   0.00000   0.28612   0.00308   0.00000   0.55969   0.08555   0.03747   0.07408   0.09953   0.02049   0.16208   0.00000   0.25298   0.03704   0.01247   0.00657   0.08313   0.03212   0.06099   0.09388   0.02037   0.13109   0.14769   5.64907   1.55054   1.08035   1.56126   1.02738  
 67 31.2321   2188.654845  x:  0.12042   0.00000   0.28159   0.00396   0.00000   0.55014   0.08735   0.03665   0.06756   0.09856   0.02030   0.16527   0.00000   0.23332   0.03716   0.01245   0.00657   0.08344   0.03213   0.06138   0.09905   0.02038   0.14131   0.15440   5.72812   1.51371   1.05682   1.50930   1.01947  
 68 41.7323   2188.275170  x:  0.12206   0.00000   0.26842   0.00260   0.00000   0.55139   0.08336   0.03843   0.07809   0.09252   0.02045   0.17181   0.00000   0.23643   0.03767   0.01247   0.00660   0.07838   0.03221   0.06149   0.09336   0.02024   0.14444   0.15604   5.82262   1.48225   1.03138   1.44377   1.01483  
 69 54.5172   2187.918535  x:  0.11726   0.00000   0.25930   0.00302   0.00000   0.55900   0.08346   0.03795   0.07083   0.09963   0.02020   0.17440   0.00000   0.25006   0.03752   0.01245   0.00656   0.08377   0.03220   0.06180   0.09438   0.02017   0.14122   0.15123   5.91619   1.45699   1.00767   1.38113   1.01337  
 70 87.5678   2187.765513  x:  0.11758   0.00000   0.26943   0.00286   0.00000   0.56814   0.09000   0.03584   0.07324   0.09691   0.02034   0.16593   0.00000   0.25547   0.03761   0.01240   0.00663   0.08133   0.03231   0.06172   0.10142   0.02009   0.13890   0.15156   5.96443   1.45051   0.99805   1.35855   1.01747  
 71 28.4785   2187.623057  x:  0.12245   0.00000   0.28390   0.00318   0.00000   0.57741   0.08623   0.03705   0.07123   0.09654   0.02046   0.15822   0.00000   0.25696   0.03753   0.01245   0.00656   0.08327   0.03227   0.06218   0.09416   0.02016   0.13489   0.15643   6.01522   1.44796   0.99077   1.34429   1.02515  
 72 31.3181   2187.470948  x:  0.12650   0.00000   0.28794   0.00230   0.00000   0.57964   0.08050   0.03880   0.07384   0.10069   0.02051   0.16306   0.00000   0.25551   0.03749   0.01234   0.00660   0.08282   0.03220   0.06207   0.10013   0.02008   0.12560   0.16048   6.08220   1.45133   0.98794   1.34563   1.03980  
 73 18.1815   2186.373467  x:  0.12591   0.00000   0.28173   0.00420   0.00000   0.57128   0.09819   0.03296   0.06853   0.09125   0.02037   0.17426   0.00000   0.25340   0.03728   0.01256   0.00650   0.08380   0.03216   0.06266   0.09092   0.02006   0.11647   0.15988   6.60998   1.48868   0.98403   1.39025   1.15631  
 74 62.0063   2185.561495  x:  0.11912   0.00000   0.27572   0.00328   0.00000   0.56528   0.08479   0.03729   0.07108   0.09693   0.02032   0.16171   0.00000   0.25643   0.03677   0.01248   0.00652   0.08250   0.03207   0.06181   0.09621   0.02027   0.13956   0.15309   6.99933   1.51699   0.99049   1.42516   1.23426  
 75 245.8068   2184.680832  x:  0.12042   0.00000   0.28046   0.00370   0.00000   0.57637   0.08611   0.03696   0.07079   0.09675   0.02044   0.16325   0.00000   0.25926   0.03690   0.01243   0.00663   0.08305   0.03217   0.06249   0.09670   0.02017   0.13790   0.15440   7.46038   1.54936   1.10979   1.46097   1.21119  
 76 32.4477   2183.986097  x:  0.12140   0.00000   0.28466   0.00395   0.00000   0.57464   0.08566   0.03703   0.06997   0.09605   0.02048   0.16147   0.00000   0.26193   0.03696   0.01230   0.00664   0.08291   0.03201   0.06247   0.09645   0.01985   0.13431   0.15538   7.81739   1.64275   1.10509   1.51372   1.10121  
 77 23.0342   2183.674674  x:  0.12241   0.00000   0.28386   0.00287   0.00000   0.57623   0.08482   0.03630   0.07111   0.09604   0.02038   0.16408   0.00000   0.26080   0.03596   0.01193   0.00679   0.08248   0.03140   0.06189   0.09708   0.01942   0.13404   0.15638   8.43232   1.57268   1.05578   1.47499   1.12053  
 78  0.3813   2183.662549  x:  0.12202   0.00000   0.28432   0.00333   0.00000   0.57658   0.08549   0.03642   0.07060   0.09615   0.02043   0.16366   0.00000   0.26047   0.03660   0.01217   0.00668   0.08262   0.03172   0.06209   0.09661   0.01982   0.13392   0.15599   8.52654   1.58177   1.06188   1.47275   1.12139  
 79  0.0832   2183.662160  x:  0.12214   0.00000   0.28452   0.00329   0.00000   0.57702   0.08546   0.03645   0.07062   0.09609   0.02043   0.16346   0.00000   0.26077   0.03645   0.01212   0.00670   0.08269   0.03168   0.06211   0.09667   0.01969   0.13376   0.15611   8.54717   1.58237   1.06262   1.47405   1.12187  
 80  0.0189   2183.662155  x:  0.12216   0.00000   0.28451   0.00328   0.00000   0.57697   0.08546   0.03644   0.07063   0.09609   0.02043   0.16349   0.00000   0.26078   0.03647   0.01213   0.00670   0.08268   0.03168   0.06211   0.09667   0.01970   0.13376   0.15613   8.54876   1.58237   1.06256   1.47415   1.12201  
 81  0.0016   2183.662155  x:  0.12216   0.00000   0.28451   0.00328   0.00000   0.57696   0.08546   0.03644   0.07063   0.09609   0.02043   0.16349   0.00000   0.26078   0.03647   0.01212   0.00670   0.08268   0.03168   0.06211   0.09667   0.01970   0.13376   0.15612   8.54880   1.58238   1.06257   1.47416   1.12201  
 82  0.0000   2183.662155  x:  0.12216   0.00000   0.28451   0.00328   0.00000   0.57696   0.08546   0.03644   0.07063   0.09609   0.02043   0.16349   0.00000   0.26078   0.03647   0.01212   0.00670   0.08268   0.03168   0.06211   0.09667   0.01970   0.13376   0.15612   8.54880   1.58238   1.06257   1.47416   1.12201  