

TREE # 1

  0  0.0000   1985.984974  x:  0.01972   0.20925   0.02571   0.03211   0.02495   0.05815   0.02188   0.05666   0.08536   0.02661   0.17168   0.01972   0.20925   0.02571   0.03211   0.02495   0.05815   0.02188   0.05666   0.08536   0.02661   0.17168   0.21568   8.40433   1.32392   0.96501   1.11161   1.00000  
  1 99.0000   1975.635478  x:  0.00000   0.20826   0.03768   0.03298   0.02054   0.06658   0.02625   0.06315   0.08085   0.04576   0.16900   0.00001   0.20793   0.03319   0.02470   0.02590   0.05656   0.02711   0.05780   0.07929   0.03916   0.17060   0.22563   8.40438   1.32370   0.96482   1.11363   0.99926  
  2 309.1336   1975.633699  x:  0.00000   0.20826   0.03768   0.03298   0.02054   0.06658   0.02625   0.06315   0.08085   0.04576   0.16900   0.00000   0.20792   0.03319   0.02470   0.02590   0.05656   0.02711   0.05780   0.07929   0.03916   0.17060   0.22564   8.40438   1.32370   0.96482   1.11364   0.99926  
  3 261.6537   1974.634320  x:  0.00000   0.20189   0.03945   0.03121   0.02116   0.06130   0.03084   0.05931   0.07493   0.04487   0.16319   0.00000   0.20274   0.03535   0.04043   0.02487   0.05952   0.03155   0.05870   0.07026   0.03804   0.16748   0.25741   8.40456   1.32273   0.96316   1.12383   0.99497  
  4 77.3998   1974.413232  x:  0.00000   0.19868   0.04043   0.03409   0.02058   0.05794   0.02622   0.05618   0.07836   0.04643   0.16237   0.00000   0.20064   0.03312   0.03934   0.02574   0.05854   0.03014   0.05595   0.07461   0.03964   0.16668   0.26716   8.40468   1.32224   0.96189   1.13121   0.99151  
  5 34.2320   1974.271166  x:  0.00000   0.19542   0.03954   0.03226   0.02188   0.05839   0.03032   0.05626   0.08299   0.04595   0.16312   0.00000   0.19885   0.03294   0.03638   0.02456   0.05775   0.03033   0.05494   0.08095   0.03950   0.16648   0.27309   8.40485   1.32175   0.96018   1.14139   0.98643  
  6 30.8061   1974.156074  x:  0.00000   0.19276   0.03949   0.03149   0.01876   0.06010   0.02882   0.05827   0.08489   0.04491   0.16554   0.00000   0.19754   0.03496   0.03697   0.02599   0.05886   0.03158   0.05795   0.08386   0.03836   0.16723   0.27396   8.40511   1.32139   0.95815   1.15543   0.97891  
  7 25.2099   1973.981523  x:  0.00000   0.18948   0.04022   0.03278   0.02347   0.06138   0.02663   0.06018   0.08436   0.04585   0.16994   0.00000   0.19577   0.03533   0.03841   0.02459   0.06029   0.03072   0.06080   0.08333   0.03875   0.16925   0.27174   8.40562   1.32110   0.95494   1.18192   0.96409  
  8 49.6345   1973.758196  x:  0.00000   0.18704   0.04002   0.03272   0.02046   0.05985   0.02930   0.05808   0.08056   0.04672   0.17432   0.00000   0.19394   0.03174   0.03760   0.02423   0.05990   0.02840   0.05894   0.07848   0.03979   0.17199   0.26694   8.40633   1.32145   0.95178   1.21658   0.94369  
  9 75.2458   1973.705096  x:  0.00000   0.18781   0.03953   0.03235   0.02131   0.05890   0.02894   0.05680   0.07963   0.04600   0.17374   0.00000   0.19385   0.03363   0.03622   0.02577   0.05878   0.03098   0.05659   0.07702   0.03958   0.17226   0.26562   8.40656   1.32245   0.95211   1.22504   0.93771  
 10 31.0272   1973.665520  x:  0.00000   0.19075   0.04022   0.03254   0.02064   0.05908   0.02843   0.05712   0.08013   0.04570   0.17022   0.00000   0.19460   0.03528   0.03679   0.02360   0.05753   0.03071   0.05502   0.07696   0.03864   0.17147   0.26487   8.40683   1.32526   0.95477   1.23070   0.93151  
 11 14.2303   1973.597454  x:  0.00000   0.19688   0.04078   0.03253   0.02116   0.05979   0.02910   0.05811   0.08147   0.04605   0.16276   0.00000   0.19662   0.03434   0.03852   0.02593   0.05667   0.02980   0.05508   0.07769   0.03841   0.16935   0.26391   8.40739   1.33185   0.96140   1.23997   0.91939  
 12 32.8994   1973.559172  x:  0.00000   0.19951   0.03949   0.03215   0.02098   0.05942   0.02867   0.05744   0.08150   0.04607   0.15987   0.00000   0.19830   0.03308   0.03770   0.02473   0.05818   0.03135   0.05705   0.07809   0.03986   0.16776   0.26390   8.40776   1.33686   0.96658   1.24438   0.91202  
 13 24.5269   1973.508303  x:  0.00000   0.19970   0.03980   0.03282   0.02111   0.05818   0.02942   0.05620   0.08031   0.04624   0.16121   0.00000   0.20114   0.03515   0.03581   0.02513   0.06078   0.02942   0.05829   0.07861   0.03899   0.16547   0.26485   8.40838   1.34625   0.97631   1.24840   0.90154  
 14 15.8089   1973.435732  x:  0.00000   0.19708   0.04147   0.03202   0.02118   0.05927   0.02877   0.05762   0.07977   0.04608   0.16637   0.00000   0.20392   0.03315   0.03659   0.02502   0.05999   0.03101   0.05615   0.07878   0.03829   0.16404   0.26619   8.40937   1.36173   0.99184   1.25287   0.88679  
 15 25.6292   1973.405188  x:  0.00000   0.19540   0.03969   0.03250   0.02099   0.05975   0.02891   0.05770   0.08045   0.04583   0.16802   0.00000   0.20328   0.03406   0.03770   0.02514   0.05783   0.03052   0.05621   0.07831   0.04035   0.16521   0.26651   8.40983   1.36888   0.99836   1.25457   0.88129  
 16 22.7006   1973.373948  x:  0.00000   0.19349   0.03940   0.03262   0.02102   0.05929   0.02898   0.05728   0.08167   0.04723   0.16768   0.00000   0.19912   0.03392   0.03706   0.02502   0.05690   0.03084   0.05757   0.07715   0.03858   0.16922   0.26641   8.41039   1.37706   1.00433   1.25634   0.87757  
 17 12.2750   1973.350376  x:  0.00000   0.19243   0.04064   0.03218   0.02107   0.05939   0.02890   0.05762   0.08156   0.04587   0.16681   0.00000   0.19514   0.03403   0.03658   0.02512   0.05881   0.03046   0.05684   0.07713   0.03962   0.17231   0.26617   8.41086   1.38355   1.00799   1.25803   0.87628  
 18 13.5541   1973.320798  x:  0.00000   0.19269   0.03916   0.03361   0.02090   0.06042   0.02920   0.05778   0.07875   0.04695   0.16664   0.00000   0.19251   0.03399   0.03712   0.02513   0.05967   0.03095   0.05565   0.07924   0.03916   0.17230   0.26608   8.41160   1.39179   1.00972   1.26158   0.87914  
 19  5.5237   1973.240147  x:  0.00000   0.19393   0.03977   0.03044   0.02124   0.05939   0.02812   0.05776   0.07510   0.04745   0.16706   0.00000   0.18964   0.03413   0.03669   0.02510   0.05704   0.02996   0.05694   0.08094   0.03959   0.16971   0.26645   8.41370   1.41329   1.01252   1.27211   0.88992  
 20 18.7397   1973.104357  x:  0.00000   0.19542   0.04225   0.03423   0.02098   0.05930   0.02968   0.05790   0.07670   0.04497   0.16785   0.00000   0.18927   0.03353   0.03500   0.02500   0.05532   0.03120   0.05868   0.07823   0.04007   0.16554   0.26752   8.41743   1.44914   1.01688   1.29084   0.91008  
 21 48.9065   1972.995762  x:  0.00000   0.19534   0.04011   0.03239   0.02087   0.06095   0.02877   0.05775   0.08116   0.04723   0.16758   0.00000   0.19256   0.03402   0.03478   0.02530   0.05844   0.03030   0.05630   0.07405   0.03999   0.16454   0.26871   8.42045   1.47517   1.02088   1.30557   0.92633  
 22 52.0232   1972.920207  x:  0.00000   0.19232   0.03980   0.03279   0.02072   0.05896   0.02895   0.06033   0.07906   0.04744   0.16409   0.00000   0.20043   0.03409   0.03409   0.02529   0.05811   0.03042   0.05617   0.07497   0.04013   0.17062   0.27010   8.42282   1.48475   1.02703   1.31473   0.93689  
 23 11.9519   1972.873549  x:  0.00000   0.19102   0.04097   0.03263   0.02090   0.06199   0.02877   0.05713   0.07783   0.04698   0.16251   0.00000   0.20338   0.03403   0.03399   0.02526   0.05743   0.03029   0.05681   0.07565   0.04003   0.17305   0.27076   8.42437   1.48689   1.03217   1.31951   0.94252  
 24 15.3652   1972.360746  x:  0.00000   0.19294   0.04051   0.03264   0.02046   0.06286   0.02846   0.06041   0.07723   0.04842   0.16119   0.00000   0.19627   0.03445   0.02993   0.02544   0.05753   0.02975   0.05702   0.07199   0.04073   0.16612   0.27543   8.44312   1.46857   1.10330   1.36118   0.99320  
 25 11.4154   1971.840603  x:  0.00000   0.21787   0.04063   0.03270   0.02027   0.06546   0.02804   0.06209   0.07526   0.04933   0.17358   0.00000   0.19702   0.03460   0.02480   0.02574   0.05727   0.02900   0.05787   0.07005   0.04151   0.18030   0.29444   8.46519   1.45413   1.09105   1.35077   0.98016  
 26  3.2527   1970.554352  x:  0.00000   0.20147   0.04071   0.03330   0.01983   0.07134   0.02688   0.06691   0.06837   0.05167   0.15739   0.00000   0.19563   0.03517   0.01347   0.02637   0.05572   0.02712   0.05883   0.06148   0.04290   0.16769   0.30904   8.51496   1.42404   1.04453   1.31398   0.93539  
 27 22.3573   1970.078162  x:  0.00000   0.19616   0.03997   0.03365   0.01964   0.07655   0.02573   0.07123   0.06488   0.05256   0.14988   0.00000   0.19509   0.03502   0.02148   0.02682   0.05335   0.02650   0.05873   0.05823   0.04345   0.16199   0.32195   8.64681   1.40461   1.01996   1.29315   0.91032  
 28  0.3041   1969.986022  x:  0.00000   0.19618   0.03889   0.03321   0.01979   0.07981   0.02562   0.07352   0.06745   0.05155   0.15034   0.00000   0.19493   0.03471   0.02062   0.02693   0.05424   0.02637   0.05938   0.06307   0.04272   0.16105   0.33218   8.85476   1.40631   1.02368   1.29768   0.91419  
 29  0.2015   1969.973538  x:  0.00000   0.19676   0.03901   0.03322   0.01976   0.08060   0.02583   0.07383   0.06701   0.05111   0.15124   0.00000   0.19523   0.03466   0.02019   0.02692   0.05438   0.02655   0.05939   0.06087   0.04251   0.16173   0.33424   8.94691   1.40941   1.02680   1.30117   0.91795  
 30  0.0988   1969.972712  x:  0.00000   0.19662   0.03920   0.03325   0.01972   0.08055   0.02584   0.07362   0.06665   0.05113   0.15097   0.00000   0.19524   0.03472   0.02006   0.02689   0.05424   0.02654   0.05933   0.06107   0.04255   0.16178   0.33386   8.98094   1.40912   1.02604   1.30047   0.91769  
 31  0.0271   1969.972615  x:  0.00000   0.19663   0.03916   0.03325   0.01974   0.08049   0.02582   0.07355   0.06684   0.05115   0.15101   0.00000   0.19520   0.03472   0.02007   0.02689   0.05427   0.02651   0.05933   0.06103   0.04256   0.16176   0.33364   8.99071   1.40911   1.02601   1.30042   0.91784  
 32  0.0093   1969.972610  x:  0.00000   0.19665   0.03914   0.03325   0.01974   0.08048   0.02582   0.07355   0.06681   0.05115   0.15104   0.00000   0.19521   0.03471   0.02008   0.02689   0.05428   0.02652   0.05934   0.06104   0.04256   0.16176   0.33362   8.99196   1.40911   1.02607   1.30048   0.91791  
 33  0.0013   1969.972610  x:  0.00000   0.19665   0.03914   0.03325   0.01974   0.08048   0.02582   0.07355   0.06681   0.05115   0.15103   0.00000   0.19521   0.03471   0.02009   0.02689   0.05428   0.02652   0.05934   0.06104   0.04256   0.16176   0.33363   8.99223   1.40911   1.02606   1.30049   0.91790  
 34  0.0002   1969.972610  x:  0.00000   0.19665   0.03914   0.03325   0.01974   0.08047   0.02582   0.07355   0.06681   0.05115   0.15103   0.00000   0.19521   0.03471   0.02009   0.02689   0.05428   0.02652   0.05934   0.06104   0.04256   0.16176   0.33363   8.99224   1.40911   1.02606   1.30048   0.91790  
 35  0.0000   1969.972610  x:  0.00000   0.19665   0.03914   0.03325   0.01974   0.08047   0.02582   0.07355   0.06681   0.05115   0.15103   0.00000   0.19521   0.03471   0.02009   0.02689   0.05428   0.02652   0.05934   0.06104   0.04256   0.16176   0.33363   8.99224   1.40911   1.02606   1.30048   0.91790  
 36  0.0000   1969.972610  x:  0.00000   0.19665   0.03914   0.03325   0.01974   0.08047   0.02582   0.07355   0.06681   0.05115   0.15103   0.00000   0.19521   0.03471   0.02009   0.02689   0.05428   0.02652   0.05934   0.06104   0.04256   0.16176   0.33363   8.99223   1.40911   1.02606   1.30048   0.91790  
 37  0.0000   1969.972610  x:  0.00000   0.19665   0.03914   0.03325   0.01974   0.08047   0.02582   0.07355   0.06681   0.05115   0.15103   0.00000   0.19521   0.03471   0.02009   0.02689   0.05428   0.02652   0.05934   0.06104   0.04256   0.16176   0.33363   8.99223   1.40911   1.02606   1.30048   0.91790  

TREE # 2

  0  0.0000   2316.949847  x:  0.00000   0.19665   0.03914   0.03325   0.01974   0.08047   0.02582   0.07355   0.06681   0.05115   0.15103   0.00000   0.19521   0.03471   0.02009   0.02689   0.05428   0.02652   0.05934   0.06104   0.04256   0.16176   0.33363   8.99223   1.38549   0.94523   1.19940   0.91790  
  1 99.0000   2121.744276  x:  0.56278   0.20203   0.06866   0.07727   0.03110   0.07618   0.03626   0.06705   0.06565   0.05166   0.14672   0.09538   0.20089   0.06501   0.09657   0.03585   0.05409   0.03743   0.05664   0.06190   0.03769   0.15703   0.32565   8.99224   1.38546   0.94544   1.19957   0.91795  
  2 9668.7481   2048.995844  x:  0.55166   0.13501   0.16963   0.19485   0.06251   0.03925   0.07919   0.01882   0.05023   0.01634   0.09639   0.04440   0.13422   0.15229   0.18086   0.06202   0.04732   0.08655   0.03278   0.06856   0.00000   0.11876   0.25894   8.99244   1.38242   0.95216   1.20079   0.91677  
  3 537.4157   2040.006989  x:  0.54915   0.11152   0.19728   0.22725   0.06945   0.02822   0.08972   0.00597   0.04707   0.00983   0.08006   0.02856   0.11083   0.17632   0.20475   0.06804   0.04473   0.09880   0.02692   0.07072   0.02777   0.10712   0.23599   8.99250   1.38133   0.95452   1.20122   0.91635  
  4 2040.0327   2021.984095  x:  0.54783   0.04918   0.23009   0.26750   0.06722   0.01862   0.09427   0.05559   0.05366   0.05593   0.04764   0.00658   0.04859   0.20521   0.23728   0.06737   0.03862   0.10468   0.02833   0.07369   0.04402   0.08210   0.17559   8.99266   1.37840   0.96059   1.20245   0.91533  
  5 669.4688   2004.799364  x:  0.54097   0.00058   0.24562   0.28752   0.06205   0.02106   0.09233   0.06888   0.05818   0.07061   0.03233   0.03605   0.00000   0.21885   0.25370   0.06399   0.03553   0.10342   0.03150   0.07488   0.05041   0.06712   0.12952   8.99278   1.37626   0.96504   1.20342   0.91457  
  6 986.9945   2004.639537  x:  0.54099   0.00000   0.24566   0.28760   0.06195   0.02116   0.09223   0.06887   0.05818   0.07060   0.03235   0.03603   0.00000   0.21889   0.25379   0.06392   0.03553   0.10332   0.03154   0.07487   0.05041   0.06705   0.12900   8.99278   1.37624   0.96509   1.20343   0.91457  
  7 567.6573   1999.187031  x:  0.54284   0.00000   0.24640   0.29235   0.05217   0.00592   0.08091   0.06687   0.05833   0.06974   0.03373   0.03571   0.00000   0.21970   0.25994   0.05888   0.03626   0.09195   0.02952   0.07438   0.04983   0.06754   0.06440   8.99293   1.37376   0.97046   1.20509   0.91347  
  8 654.5377   1997.048577  x:  0.54367   0.00000   0.24463   0.29286   0.05656   0.00810   0.07979   0.06701   0.05848   0.07109   0.02927   0.03604   0.00000   0.21836   0.26093   0.06314   0.03750   0.08981   0.01852   0.07484   0.05005   0.07890   0.03110   8.99302   1.37261   0.97283   1.20648   0.91290  
  9 271.4180   1996.794677  x:  0.54356   0.00000   0.24393   0.29334   0.05995   0.00795   0.08124   0.06710   0.05826   0.07169   0.03038   0.03624   0.00000   0.21785   0.26132   0.06564   0.03755   0.09083   0.02395   0.07583   0.05022   0.08304   0.02550   8.99306   1.37213   0.97378   1.20727   0.91264  
 10 66.6477   1996.700359  x:  0.54280   0.00000   0.24198   0.29599   0.06086   0.00797   0.08160   0.06732   0.05804   0.07282   0.03505   0.03668   0.00000   0.21644   0.26383   0.06622   0.03528   0.09033   0.02273   0.07765   0.05042   0.08411   0.02530   8.99323   1.37013   0.97790   1.20992   0.91170  
 11 13.3368   1995.950591  x:  0.53776   0.00000   0.21637   0.31553   0.06136   0.00804   0.07900   0.06118   0.05810   0.07597   0.03052   0.03551   0.00000   0.19677   0.28413   0.06702   0.02882   0.08167   0.02412   0.08919   0.04888   0.09118   0.02887   8.99491   1.35062   1.01861   1.23614   0.90228  
 12 37.7241   1995.417278  x:  0.53351   0.00000   0.19600   0.33021   0.06247   0.00803   0.07952   0.05920   0.05879   0.07768   0.03284   0.03536   0.00000   0.18047   0.29898   0.06862   0.04231   0.08254   0.02350   0.08813   0.04860   0.09090   0.03027   8.99631   1.33703   1.04897   1.25692   0.89479  
 13 100.1233   1994.884709  x:  0.53030   0.00000   0.17696   0.33893   0.06479   0.00767   0.08311   0.05973   0.05954   0.07425   0.03255   0.03469   0.00000   0.16334   0.30708   0.06703   0.03691   0.09333   0.02354   0.07252   0.04826   0.08593   0.02841   8.99771   1.33023   1.07079   1.27496   0.88814  
 14 53.6648   1993.559861  x:  0.52150   0.00000   0.16341   0.34603   0.05562   0.00795   0.08325   0.07734   0.05544   0.04716   0.03152   0.03432   0.00000   0.13792   0.30521   0.06633   0.03676   0.10761   0.02261   0.09035   0.04853   0.08128   0.02513   9.00206   1.36238   1.07356   1.30806   0.87564  
 15 11.8756   1988.494946  x:  0.48376   0.00000   0.14396   0.36225   0.05761   0.01017   0.06253   0.07320   0.07012   0.02979   0.03694   0.02978   0.00000   0.10754   0.29979   0.05220   0.03964   0.07007   0.02652   0.06562   0.04420   0.09990   0.03096   9.01912   1.50618   1.06317   1.41655   0.83548  
 16 46.8114   1984.430360  x:  0.45593   0.00000   0.11465   0.34282   0.04343   0.01284   0.06863   0.03276   0.05525   0.05905   0.03898   0.02418   0.00000   0.09919   0.28045   0.05606   0.03910   0.06171   0.02718   0.06812   0.03708   0.08522   0.02650   9.03298   1.61627   1.06260   1.49659   0.80952  
 17 138.9359   1981.990559  x:  0.43989   0.00000   0.11124   0.29239   0.05569   0.01331   0.05071   0.01936   0.07148   0.05836   0.04055   0.01966   0.00000   0.12776   0.26517   0.04820   0.03920   0.07065   0.02679   0.07806   0.03314   0.07288   0.02417   9.04147   1.65834   1.09319   1.53492   0.80656  
 18 64.6729   1977.673912  x:  0.41286   0.00000   0.13973   0.19164   0.03653   0.01594   0.06337   0.01822   0.06682   0.03996   0.04264   0.01601   0.00000   0.17889   0.23738   0.05068   0.03925   0.05897   0.02841   0.07070   0.02904   0.07418   0.02352   9.05558   1.70734   1.16771   1.59043   0.81200  
 19 132.3857   1977.031408  x:  0.40930   0.00000   0.15397   0.18234   0.04177   0.01623   0.05499   0.01736   0.05193   0.04062   0.04237   0.01617   0.00000   0.17766   0.22231   0.04723   0.03997   0.05845   0.02865   0.06902   0.02860   0.07288   0.02387   9.05780   1.70965   1.18226   1.59326   0.81877  
 20 48.5041   1976.564579  x:  0.40768   0.00000   0.16603   0.18520   0.03781   0.01663   0.05336   0.01297   0.05892   0.04262   0.04322   0.01517   0.00000   0.17231   0.19980   0.04901   0.03975   0.06019   0.02892   0.06933   0.02781   0.07315   0.02362   9.05941   1.70593   1.19326   1.58682   0.83158  
 21 35.2600   1976.291358  x:  0.40666   0.00000   0.16181   0.19077   0.04154   0.01628   0.05800   0.01411   0.05930   0.03950   0.04318   0.01481   0.00000   0.17480   0.18541   0.04781   0.04003   0.05430   0.02880   0.07010   0.02769   0.06917   0.02284   9.06036   1.70094   1.19684   1.57500   0.84496  
 22 29.9015   1975.963180  x:  0.40410   0.00000   0.15137   0.19887   0.03663   0.01680   0.05371   0.01566   0.05523   0.03741   0.04352   0.01502   0.00000   0.18158   0.17840   0.04766   0.04007   0.05701   0.02931   0.06817   0.02761   0.07431   0.02366   9.06149   1.69184   1.19616   1.55179   0.86699  
 23 34.2770   1974.855030  x:  0.39204   0.00000   0.13569   0.19571   0.03790   0.01700   0.05593   0.01274   0.05595   0.03446   0.04439   0.01374   0.00000   0.15469   0.20481   0.04307   0.04027   0.05590   0.02952   0.06971   0.02603   0.07595   0.02392   9.06535   1.64808   1.17291   1.44668   0.95586  
 24 36.0829   1974.787349  x:  0.39131   0.00000   0.13465   0.19520   0.03819   0.01702   0.05369   0.01309   0.05600   0.03355   0.04443   0.01363   0.00000   0.15318   0.20615   0.04830   0.03968   0.05454   0.02961   0.06907   0.02600   0.07399   0.02406   9.06562   1.64314   1.16979   1.44037   0.95973  
 25 28.7304   1973.613355  x:  0.38197   0.00000   0.13329   0.18708   0.03656   0.01787   0.05233   0.01242   0.05579   0.02875   0.04548   0.01272   0.00000   0.15157   0.19826   0.04585   0.03926   0.05328   0.03005   0.07048   0.02478   0.07405   0.02395   9.07185   1.44522   1.03489   1.36485   0.92495  
 26 11.7412   1973.335456  x:  0.37999   0.00000   0.13287   0.18706   0.03712   0.01811   0.05308   0.01314   0.05642   0.02733   0.04585   0.01289   0.00000   0.14800   0.19599   0.04600   0.03936   0.05506   0.03024   0.07145   0.02460   0.07537   0.02481   9.07420   1.42550   1.03285   1.30182   0.87118  
 27  5.6930   1971.740948  x:  0.37350   0.00000   0.15169   0.17087   0.04324   0.02051   0.06007   0.02046   0.06205   0.02416   0.04887   0.01742   0.00000   0.14297   0.18264   0.04969   0.03893   0.07043   0.03208   0.07571   0.02546   0.07866   0.03006   9.08514   1.41083   1.01983   1.30643   0.94281  
 28  0.3444   1970.854385  x:  0.37076   0.00000   0.16113   0.19464   0.04087   0.02436   0.05802   0.02225   0.06194   0.03025   0.05267   0.02353   0.00000   0.14337   0.19800   0.04875   0.03944   0.06357   0.03327   0.07298   0.02672   0.08127   0.02567   9.06097   1.36157   1.00473   1.25753   0.93733  
 29  0.1238   1970.309358  x:  0.35014   0.00000   0.15618   0.19365   0.04415   0.02819   0.06344   0.01881   0.05764   0.02902   0.05578   0.02695   0.00000   0.15500   0.19213   0.05361   0.03930   0.06461   0.03477   0.07139   0.02492   0.08527   0.02704   9.02507   1.41094   1.02182   1.29852   0.91115  
 30  0.1153   1970.138881  x:  0.34077   0.00000   0.15980   0.19361   0.04182   0.03028   0.06167   0.02004   0.05825   0.02451   0.05669   0.02769   0.00000   0.15234   0.19498   0.05152   0.03947   0.06524   0.03469   0.07260   0.02402   0.08142   0.02462   8.99983   1.42745   1.03768   1.31592   0.91037  
 31  0.0755   1970.039036  x:  0.33209   0.00000   0.16171   0.19486   0.04273   0.03287   0.06074   0.01915   0.05938   0.02626   0.05667   0.02802   0.00000   0.14888   0.19664   0.05094   0.03936   0.06763   0.03439   0.07403   0.02267   0.07895   0.02667   8.98003   1.40535   1.02134   1.29619   0.91752  
 32  0.0325   1970.001921  x:  0.32992   0.00000   0.16315   0.19365   0.04325   0.03391   0.06038   0.01942   0.06050   0.02679   0.05512   0.02752   0.00000   0.15131   0.19633   0.05093   0.03930   0.06702   0.03303   0.07368   0.02158   0.08186   0.02513   8.97846   1.40425   1.02403   1.29666   0.92072  
 33  0.0055   1969.979416  x:  0.33199   0.00000   0.16230   0.19627   0.04234   0.03475   0.06134   0.01989   0.05943   0.02692   0.05362   0.02661   0.00000   0.15142   0.19742   0.05098   0.03905   0.06702   0.03268   0.07333   0.02072   0.08043   0.02579   8.98305   1.41003   1.02859   1.30293   0.91934  
 34  0.0098   1969.974735  x:  0.33234   0.00000   0.16175   0.19496   0.04248   0.03487   0.06101   0.01997   0.05920   0.02672   0.05373   0.02635   0.00000   0.15121   0.19634   0.05118   0.03919   0.06661   0.03301   0.07367   0.02016   0.08043   0.02595   8.98985   1.40856   1.02457   1.29885   0.91672  
 35  0.0057   1969.973085  x:  0.33341   0.00000   0.16148   0.19512   0.04265   0.03485   0.06095   0.02009   0.05932   0.02696   0.05414   0.02636   0.00000   0.15065   0.19652   0.05122   0.03915   0.06684   0.03330   0.07349   0.01993   0.08041   0.02574   8.99329   1.40958   1.02616   1.30095   0.91747  
 36  0.0030   1969.972762  x:  0.33359   0.00000   0.16171   0.19506   0.04254   0.03487   0.06100   0.02012   0.05939   0.02692   0.05430   0.02644   0.00000   0.15112   0.19662   0.05114   0.03915   0.06674   0.03334   0.07353   0.01984   0.08048   0.02584   8.99265   1.40930   1.02626   1.30067   0.91809  
 37  0.0010   1969.972656  x:  0.33364   0.00000   0.16172   0.19524   0.04252   0.03483   0.06108   0.02008   0.05930   0.02689   0.05432   0.02650   0.00000   0.15100   0.19666   0.05116   0.03914   0.06680   0.03326   0.07358   0.01977   0.08051   0.02579   8.99219   1.40883   1.02594   1.30033   0.91800  
 38  0.0006   1969.972622  x:  0.33374   0.00000   0.16176   0.19522   0.04256   0.03476   0.06103   0.02007   0.05934   0.02688   0.05430   0.02652   0.00000   0.15100   0.19665   0.05114   0.03914   0.06681   0.03323   0.07355   0.01975   0.08049   0.02583   8.99224   1.40920   1.02609   1.30051   0.91785  
 39  0.0003   1969.972614  x:  0.33372   0.00000   0.16174   0.19517   0.04255   0.03473   0.06103   0.02008   0.05933   0.02689   0.05428   0.02653   0.00000   0.15105   0.19664   0.05115   0.03914   0.06682   0.03323   0.07355   0.01975   0.08046   0.02582   8.99235   1.40905   1.02602   1.30044   0.91792  
 40  0.0001   1969.972611  x:  0.33365   0.00000   0.16175   0.19521   0.04256   0.03471   0.06104   0.02009   0.05934   0.02689   0.05427   0.02653   0.00000   0.15102   0.19666   0.05116   0.03914   0.06681   0.03325   0.07356   0.01974   0.08048   0.02582   8.99233   1.40910   1.02607   1.30051   0.91793  
 41  0.0001   1969.972610  x:  0.33364   0.00000   0.16176   0.19521   0.04256   0.03471   0.06104   0.02009   0.05933   0.02689   0.05427   0.02653   0.00000   0.15103   0.19665   0.05115   0.03914   0.06681   0.03325   0.07355   0.01974   0.08047   0.02582   8.99226   1.40912   1.02606   1.30048   0.91790  
 42  0.0001   1969.972610  x:  0.33363   0.00000   0.16176   0.19521   0.04256   0.03471   0.06104   0.02009   0.05934   0.02689   0.05428   0.02652   0.00000   0.15103   0.19665   0.05115   0.03914   0.06681   0.03325   0.07355   0.01974   0.08047   0.02582   8.99223   1.40910   1.02605   1.30048   0.91790  
 43  0.0000   1969.972610  x:  0.33363   0.00000   0.16176   0.19521   0.04256   0.03471   0.06104   0.02009   0.05934   0.02689   0.05428   0.02652   0.00000   0.15103   0.19665   0.05115   0.03914   0.06681   0.03325   0.07355   0.01974   0.08047   0.02582   8.99223   1.40911   1.02606   1.30048   0.91790  
 44  0.0000   1969.972610  x:  0.33363   0.00000   0.16176   0.19521   0.04256   0.03471   0.06104   0.02009   0.05934   0.02689   0.05428   0.02652   0.00000   0.15103   0.19665   0.05115   0.03914   0.06681   0.03325   0.07355   0.01974   0.08047   0.02582   8.99223   1.40911   1.02606   1.30048   0.91790  