

TREE # 1

  0  0.0000   2194.627143  x:  0.20925   0.02571   0.03211   0.02495   0.05815   0.02188   0.05666   0.08536   0.02661   0.17168   0.20925   0.02571   0.03211   0.02495   0.05815   0.02188   0.05666   0.08536   0.02661   0.17168   0.21568   8.40433   1.52455   0.91305   1.19638   1.00000  
  1 99.0000   2125.002987  x:  0.19293   0.17273   0.00535   0.04549   0.07685   0.01678   0.06799   0.08670   0.16140   0.16068   0.20236   0.06384   0.00000   0.11339   0.04907   0.00500   0.12960   0.10949   0.20851   0.17301   0.21653   8.40411   1.52242   0.91175   1.20120   1.00197  
  2 1105.9444   2124.114566  x:  0.18728   0.17336   0.00139   0.04402   0.07866   0.01804   0.06897   0.08638   0.16090   0.15756   0.19967   0.06239   0.00000   0.11418   0.04853   0.01696   0.13252   0.11155   0.21017   0.17347   0.21670   8.40405   1.52151   0.91188   1.20265   1.00247  
  3 163.7401   2122.651546  x:  0.17470   0.17280   0.00000   0.04096   0.08198   0.01931   0.07086   0.08632   0.15773   0.15081   0.19370   0.05865   0.00000   0.11410   0.04648   0.01596   0.13777   0.11563   0.21121   0.17450   0.21707   8.40391   1.51943   0.91221   1.20592   1.00360  
  4 120.0727   2120.978897  x:  0.13782   0.17293   0.01781   0.03738   0.08822   0.01684   0.07475   0.08778   0.14963   0.13281   0.17668   0.04982   0.00000   0.11390   0.04437   0.01919   0.15158   0.12600   0.21528   0.17738   0.21801   8.40345   1.51300   0.91310   1.21623   1.00727  
  5 388.7771   2120.307749  x:  0.11727   0.17316   0.01522   0.04900   0.08103   0.01287   0.07070   0.08515   0.14624   0.13022   0.16875   0.05222   0.00000   0.11140   0.05289   0.01854   0.15286   0.12641   0.21666   0.17874   0.21797   8.40298   1.50735   0.91360   1.22557   1.01072  
  6 63.9547   2120.189131  x:  0.11291   0.17360   0.01585   0.05057   0.07905   0.01709   0.06937   0.08469   0.14591   0.13099   0.16706   0.05343   0.00000   0.11076   0.05369   0.01848   0.15230   0.12565   0.21713   0.17913   0.21781   8.40280   1.50534   0.91371   1.22892   1.01201  
  7 60.0509   2119.914954  x:  0.10339   0.17564   0.01592   0.04476   0.07515   0.01591   0.06585   0.08375   0.14657   0.13874   0.16250   0.05775   0.00000   0.10879   0.04779   0.01885   0.14733   0.12023   0.21836   0.18086   0.21653   8.40184   1.49567   0.91413   1.24510   1.01850  
  8 32.8597   2119.618936  x:  0.10230   0.17657   0.01591   0.04477   0.08276   0.01596   0.07338   0.08427   0.14819   0.14666   0.15730   0.05603   0.00000   0.10898   0.05230   0.01860   0.14186   0.11540   0.21827   0.18425   0.21388   8.39979   1.47700   0.91502   1.27618   1.03173  
  9 29.3881   2119.317364  x:  0.11178   0.17366   0.01594   0.04848   0.07963   0.01595   0.06859   0.08508   0.14944   0.14356   0.15667   0.05224   0.00000   0.11312   0.04869   0.01865   0.14455   0.12147   0.21652   0.18665   0.21176   8.39668   1.45317   0.91715   1.31578   1.05023  
 10 33.0964   2119.262884  x:  0.11285   0.17280   0.01611   0.04508   0.07823   0.01601   0.06887   0.08459   0.14974   0.14080   0.16031   0.05522   0.00000   0.11227   0.05190   0.01850   0.14647   0.12246   0.21646   0.18478   0.21278   8.39563   1.44904   0.91809   1.32345   1.05515  
 11 16.8990   2119.237052  x:  0.11228   0.17271   0.01613   0.04651   0.07884   0.01598   0.07024   0.08415   0.14974   0.13896   0.16447   0.05611   0.00000   0.11025   0.05009   0.01860   0.14741   0.12100   0.21666   0.18173   0.21473   8.39449   1.44801   0.91917   1.32696   1.05927  
 12  8.9885   2119.224744  x:  0.11199   0.17370   0.01601   0.04617   0.07941   0.01599   0.06855   0.08454   0.14946   0.13878   0.16581   0.05396   0.00000   0.10970   0.05077   0.01856   0.14734   0.12003   0.21699   0.18002   0.21626   8.39314   1.44906   0.92029   1.32807   1.06318  
 13  4.8774   2119.178455  x:  0.11236   0.17736   0.01559   0.04584   0.07712   0.01602   0.07084   0.08543   0.14603   0.13986   0.16500   0.05302   0.00000   0.11068   0.05063   0.01845   0.14563   0.12278   0.21638   0.17812   0.22026   8.38507   1.45878   0.92633   1.33009   1.08436  
 14  5.7051   2119.131881  x:  0.11282   0.17788   0.01558   0.04632   0.08074   0.01599   0.06845   0.08408   0.14483   0.13911   0.16361   0.05624   0.00000   0.11098   0.05035   0.01833   0.14563   0.12321   0.21524   0.17974   0.22004   8.37575   1.47017   0.93262   1.33181   1.10668  
 15 17.6383   2119.087643  x:  0.11253   0.17509   0.01541   0.04583   0.07889   0.01604   0.06953   0.08386   0.14793   0.13743   0.16319   0.05479   0.00000   0.11047   0.05037   0.01822   0.14767   0.11960   0.21504   0.18283   0.21552   8.36625   1.48116   0.93786   1.33344   1.12585  
 16 16.1823   2119.069646  x:  0.11106   0.17166   0.01523   0.04599   0.07935   0.01602   0.06937   0.08595   0.15007   0.13952   0.16427   0.05449   0.00000   0.11000   0.05038   0.01816   0.14770   0.12217   0.21592   0.18168   0.21340   8.36112   1.48511   0.93879   1.33482   1.12984  
 17  4.5666   2119.026262  x:  0.11099   0.16744   0.01570   0.04553   0.07939   0.01607   0.06968   0.08019   0.15091   0.14057   0.16333   0.05290   0.00000   0.11047   0.05031   0.01798   0.14699   0.12383   0.21844   0.17939   0.21402   8.34628   1.49196   0.93890   1.33977   1.12943  
 18  3.7627   2118.682915  x:  0.11397   0.15475   0.01305   0.04428   0.07980   0.01617   0.06981   0.08761   0.14523   0.13265   0.15416   0.05506   0.00000   0.11156   0.04945   0.01654   0.14586   0.11916   0.22691   0.17635   0.22410   8.22197   1.54047   0.94023   1.38111   1.11108  
 19 18.4466   2118.033047  x:  0.10828   0.16857   0.00899   0.04200   0.08162   0.01641   0.07104   0.08575   0.13477   0.13054   0.16642   0.04948   0.00000   0.10713   0.04819   0.01387   0.15446   0.12714   0.21187   0.18606   0.21814   7.98476   1.61880   0.95607   1.45205   1.07074  
 20 60.1546   2117.780524  x:  0.10747   0.17257   0.00737   0.04089   0.08247   0.01655   0.07163   0.08596   0.14205   0.12495   0.15781   0.04979   0.00000   0.10754   0.04757   0.01284   0.15387   0.12829   0.19867   0.17331   0.21319   7.89254   1.63087   0.98045   1.46606   1.05624  
 21 32.5104   2117.412170  x:  0.10570   0.16143   0.00551   0.03977   0.08364   0.01673   0.07264   0.08665   0.13729   0.13016   0.15762   0.04820   0.00000   0.10879   0.04710   0.01132   0.16105   0.12858   0.20266   0.18136   0.22134   7.75407   1.62125   1.03183   1.46600   1.04051  
 22 28.0363   2117.303178  x:  0.10617   0.16170   0.00469   0.03902   0.08384   0.01680   0.07279   0.08675   0.13449   0.12433   0.15806   0.04677   0.00000   0.10259   0.04673   0.01099   0.15290   0.13181   0.20870   0.18375   0.21717   7.71334   1.61033   1.03223   1.45875   1.04203  
 23 14.6043   2116.866085  x:  0.10123   0.15811   0.00180   0.03745   0.08527   0.01692   0.07356   0.08743   0.12191   0.12199   0.15884   0.04626   0.00000   0.11390   0.04574   0.00894   0.15496   0.12910   0.20729   0.17819   0.20833   7.55153   1.55180   0.98963   1.41502   1.06339  
 24 23.0229   2116.626147  x:  0.10097   0.15718   0.00034   0.03679   0.08575   0.01699   0.07387   0.08743   0.12826   0.12387   0.15260   0.04524   0.00000   0.10401   0.04525   0.00806   0.16203   0.13225   0.20084   0.18155   0.21716   7.46171   1.51849   0.96109   1.38956   1.07661  
 25 58.6283   2116.622613  x:  0.10029   0.15684   0.00034   0.03675   0.08582   0.01699   0.07388   0.08742   0.12939   0.12320   0.15330   0.04514   0.00000   0.10513   0.04521   0.00804   0.16076   0.13240   0.20007   0.18242   0.21820   7.46063   1.51799   0.96065   1.38915   1.07678  
 26  1.8488   2116.046103  x:  0.10317   0.15122   0.00604   0.03593   0.08771   0.01871   0.07458   0.08451   0.12948   0.12707   0.15379   0.04602   0.00000   0.10180   0.04362   0.01057   0.15923   0.13292   0.18732   0.18428   0.21887   7.37023   1.42506   0.91325   1.31711   1.09052  
 27  0.2471   2115.397160  x:  0.11416   0.13957   0.00359   0.03991   0.08643   0.02020   0.07314   0.08443   0.12212   0.13408   0.16236   0.04917   0.00000   0.09900   0.04539   0.01225   0.14508   0.12838   0.16566   0.18269   0.21376   7.41425   1.45608   0.93413   1.33215   1.07236  
 28  0.0591   2115.240991  x:  0.10913   0.13298   0.00389   0.03745   0.08457   0.01966   0.07258   0.08503   0.11444   0.13034   0.15862   0.04593   0.00000   0.09433   0.04609   0.01186   0.14739   0.12839   0.16179   0.18183   0.21643   7.50222   1.47685   0.93864   1.35056   1.07610  
 29  0.0823   2115.234128  x:  0.10802   0.13357   0.00376   0.03775   0.08424   0.01890   0.07257   0.08541   0.11517   0.12952   0.15775   0.04619   0.00000   0.09494   0.04569   0.01158   0.14635   0.12844   0.16113   0.18197   0.21659   7.51740   1.47358   0.93713   1.34994   1.07966  
 30  0.0145   2115.233565  x:  0.10832   0.13324   0.00376   0.03766   0.08422   0.01866   0.07260   0.08538   0.11513   0.12970   0.15806   0.04616   0.00000   0.09487   0.04577   0.01149   0.14642   0.12838   0.16150   0.18195   0.21652   7.51278   1.47330   0.93729   1.34967   1.07964  
 31  0.0044   2115.233526  x:  0.10836   0.13337   0.00378   0.03770   0.08423   0.01864   0.07259   0.08535   0.11508   0.12974   0.15808   0.04615   0.00000   0.09482   0.04580   0.01148   0.14648   0.12838   0.16134   0.18195   0.21653   7.51104   1.47354   0.93734   1.34970   1.07938  
 32  0.0022   2115.233525  x:  0.10836   0.13334   0.00378   0.03771   0.08423   0.01864   0.07259   0.08535   0.11508   0.12974   0.15807   0.04616   0.00000   0.09483   0.04580   0.01148   0.14646   0.12838   0.16134   0.18195   0.21652   7.51080   1.47358   0.93735   1.34969   1.07930  
 33  0.0003   2115.233525  x:  0.10836   0.13334   0.00378   0.03771   0.08423   0.01864   0.07259   0.08535   0.11508   0.12974   0.15807   0.04616   0.00000   0.09483   0.04580   0.01148   0.14646   0.12838   0.16134   0.18195   0.21652   7.51080   1.47359   0.93735   1.34969   1.07929  
 34  0.0000   2115.233525  x:  0.10836   0.13334   0.00378   0.03771   0.08423   0.01864   0.07259   0.08535   0.11508   0.12974   0.15807   0.04616   0.00000   0.09483   0.04580   0.01149   0.14646   0.12838   0.16134   0.18195   0.21652   7.51080   1.47358   0.93735   1.34969   1.07929  
 35  0.0000   2115.233525  x:  0.10836   0.13334   0.00378   0.03771   0.08423   0.01864   0.07259   0.08535   0.11508   0.12974   0.15807   0.04616   0.00000   0.09483   0.04580   0.01149   0.14646   0.12838   0.16134   0.18195   0.21652   7.51080   1.47358   0.93735   1.34969   1.07929  
 36  0.0000   2115.233525  x:  0.10836   0.13334   0.00378   0.03771   0.08423   0.01864   0.07259   0.08535   0.11508   0.12974   0.15807   0.04616   0.00000   0.09483   0.04580   0.01149   0.14646   0.12838   0.16134   0.18195   0.21652   7.51080   1.47358   0.93735   1.34969   1.07929  