

TREE # 1

  0  0.0000   2109.084991  x:  0.01972   0.20925   0.02571   0.03211   0.02495   0.05815   0.02188   0.05666   0.08536   0.02661   0.17168   0.01972   0.20925   0.02571   0.03211   0.02495   0.05815   0.02188   0.05666   0.08536   0.02661   0.17168   0.21568   8.40433   1.73137   1.28673   1.36049   1.00000  
  1 99.0000   2094.166006  x:  0.00141   0.20575   0.04436   0.03468   0.04283   0.04953   0.03433   0.06920   0.08288   0.03313   0.17781   0.00000   0.20733   0.03045   0.03515   0.04474   0.05554   0.03705   0.07332   0.08930   0.03161   0.17943   0.21788   8.40413   1.73152   1.28391   1.36272   1.00033  
  2 400.8867   2093.842054  x:  0.00000   0.20548   0.04441   0.03460   0.04278   0.04903   0.03419   0.06955   0.08268   0.03302   0.17821   0.00000   0.20719   0.03047   0.03512   0.04463   0.05541   0.03681   0.07378   0.08949   0.03160   0.17992   0.21805   8.40412   1.73153   1.28371   1.36289   1.00036  
  3 228.1775   2091.721209  x:  0.00000   0.17868   0.03249   0.03443   0.03825   0.03781   0.04608   0.06480   0.07524   0.04253   0.20862   0.00000   0.19221   0.02554   0.03560   0.04065   0.05571   0.04750   0.06520   0.09496   0.02872   0.21260   0.23341   8.40246   1.73364   1.26122   1.38014   1.00327  
  4 87.8015   2090.554499  x:  0.00000   0.15609   0.03567   0.03470   0.04157   0.05123   0.03781   0.06084   0.07837   0.04728   0.22894   0.00000   0.17556   0.03332   0.03596   0.04326   0.05791   0.04202   0.06049   0.09224   0.03509   0.23216   0.24175   8.40066   1.73573   1.23807   1.39759   1.00626  
  5 89.3123   2090.151511  x:  0.00000   0.14868   0.03509   0.03623   0.04262   0.05737   0.03670   0.06184   0.08214   0.04516   0.23301   0.00000   0.16624   0.02685   0.03544   0.04582   0.05858   0.04129   0.06446   0.08774   0.02882   0.23429   0.24215   8.39948   1.73684   1.22427   1.40783   1.00807  
  6 58.1234   2089.716331  x:  0.00000   0.14441   0.03272   0.03614   0.03898   0.05717   0.04152   0.06489   0.08587   0.04044   0.23141   0.00000   0.15253   0.03031   0.03516   0.04286   0.05715   0.04451   0.06788   0.08389   0.03264   0.22828   0.23809   8.39692   1.73877   1.19708   1.42771   1.01161  
  7 43.7533   2089.186183  x:  0.00000   0.14445   0.03822   0.03362   0.04036   0.04840   0.03884   0.06444   0.08516   0.04447   0.22619   0.00000   0.14180   0.02926   0.03604   0.04218   0.05534   0.04291   0.06231   0.08681   0.03042   0.21875   0.23161   8.39275   1.74151   1.15583   1.45767   1.01699  
  8 68.8777   2088.874362  x:  0.00000   0.14743   0.03242   0.03543   0.04385   0.04693   0.03696   0.06127   0.08051   0.04455   0.22284   0.00000   0.14689   0.02987   0.03551   0.04631   0.05674   0.04104   0.06443   0.08995   0.03164   0.21597   0.22898   8.38945   1.74331   1.12741   1.47826   1.02067  
  9 60.0230   2088.616996  x:  0.00000   0.15188   0.03686   0.03581   0.04018   0.05094   0.03868   0.06196   0.07649   0.04386   0.22077   0.00000   0.15967   0.02917   0.03446   0.04409   0.05784   0.04167   0.06581   0.09007   0.03115   0.21755   0.22830   8.38584   1.74483   1.10145   1.49725   1.02407  
 10 56.4060   2088.572160  x:  0.00000   0.15282   0.03662   0.03424   0.04206   0.05067   0.03836   0.06330   0.07814   0.04179   0.22032   0.00000   0.16315   0.02932   0.03565   0.04335   0.05654   0.04245   0.06427   0.08856   0.03076   0.21864   0.22916   8.38467   1.74497   1.09704   1.50081   1.02476  
 11 20.5021   2088.558661  x:  0.00000   0.15300   0.03697   0.03491   0.04139   0.04935   0.03820   0.06259   0.08024   0.04154   0.21979   0.00000   0.16435   0.02922   0.03522   0.04417   0.05582   0.04224   0.06415   0.08752   0.03115   0.21909   0.23048   8.38355   1.74483   1.09619   1.50204   1.02507  
 12  7.0897   2088.541166  x:  0.00000   0.15280   0.03675   0.03439   0.04162   0.04905   0.03861   0.06274   0.08172   0.04277   0.21816   0.00000   0.16472   0.03017   0.03513   0.04354   0.05685   0.04178   0.06507   0.08773   0.03027   0.21885   0.23379   8.37994   1.74415   1.09664   1.50394   1.02573  
 13  3.7924   2088.497057  x:  0.00000   0.15229   0.03705   0.03440   0.04156   0.04936   0.03809   0.06434   0.08125   0.04216   0.21497   0.00000   0.16425   0.02821   0.03553   0.04361   0.05768   0.04187   0.06486   0.08916   0.03225   0.21807   0.24076   8.36921   1.74213   1.09906   1.50874   1.02754  
 14 11.8507   2088.422005  x:  0.00000   0.15190   0.03849   0.03534   0.04128   0.04957   0.03772   0.06336   0.07778   0.03860   0.21269   0.00000   0.16318   0.03025   0.03551   0.04466   0.05547   0.04247   0.06448   0.08988   0.03008   0.21724   0.24749   8.34995   1.73880   1.10401   1.51646   1.03059  
 15 23.9008   2088.216236  x:  0.00000   0.15243   0.04010   0.03246   0.04480   0.04835   0.03933   0.05994   0.07366   0.03889   0.21534   0.00000   0.16311   0.02870   0.03309   0.04249   0.05212   0.04051   0.06737   0.08542   0.03202   0.21650   0.24939   8.29450   1.73093   1.11841   1.53618   1.03856  
 16 30.9946   2087.541670  x:  0.00000   0.15483   0.03924   0.03601   0.04263   0.04294   0.03602   0.06774   0.07222   0.04281   0.22884   0.00000   0.16576   0.03077   0.03941   0.04439   0.05496   0.03912   0.06967   0.08071   0.03177   0.21756   0.24189   8.10621   1.70751   1.16571   1.59971   1.06432  
 17 137.8481   2087.195963  x:  0.00000   0.15520   0.03976   0.03276   0.04255   0.04267   0.03616   0.06962   0.07830   0.03941   0.23319   0.00000   0.16659   0.03101   0.03292   0.04624   0.05575   0.03978   0.07012   0.09102   0.03138   0.22201   0.23478   8.01069   1.69954   1.18742   1.62813   1.07593  
 18 162.4961   2087.037038  x:  0.00000   0.15376   0.04076   0.03531   0.04385   0.04304   0.03769   0.06733   0.08065   0.03875   0.22975   0.00000   0.16611   0.03002   0.03781   0.04361   0.05283   0.03836   0.07246   0.09598   0.03193   0.22779   0.23086   7.96516   1.70271   1.19362   1.63502   1.07887  
 19 53.9690   2086.514041  x:  0.00000   0.14757   0.04013   0.03238   0.04273   0.04021   0.03220   0.06972   0.07642   0.04209   0.21239   0.00000   0.16332   0.03086   0.03606   0.04482   0.05001   0.04220   0.07616   0.09306   0.03223   0.24790   0.22205   7.81678   1.72937   1.20389   1.64157   1.08212  
 20 73.4584   2086.100049  x:  0.00000   0.14626   0.04162   0.03410   0.04520   0.03640   0.03812   0.07458   0.07307   0.03919   0.20792   0.00000   0.16121   0.03194   0.03331   0.04712   0.05354   0.03415   0.07365   0.09045   0.03207   0.25709   0.22013   7.69901   1.75541   1.20831   1.64174   1.08228  
 21 164.6340   2084.644415  x:  0.00000   0.15576   0.04838   0.02963   0.04669   0.02637   0.03300   0.07401   0.07161   0.03111   0.23090   0.00000   0.15720   0.03226   0.03737   0.04756   0.05785   0.03530   0.08464   0.09454   0.03362   0.25750   0.23330   7.28290   1.85925   1.21282   1.62879   1.07520  
 22 185.4204   2084.230721  x:  0.00000   0.15712   0.04647   0.03262   0.04731   0.02761   0.03247   0.08079   0.07167   0.03596   0.23854   0.00000   0.15772   0.03281   0.03409   0.04723   0.04661   0.03372   0.08611   0.09784   0.03341   0.25440   0.23808   7.16579   1.88784   1.21312   1.62424   1.07195  
 23 276.8181   2084.199900  x:  0.00000   0.15339   0.04648   0.03074   0.04623   0.02748   0.03322   0.08097   0.07144   0.03597   0.23885   0.00000   0.15950   0.03275   0.03517   0.04866   0.04564   0.03279   0.08635   0.09830   0.03344   0.25248   0.23789   7.15667   1.88785   1.21227   1.62293   1.06969  
 24 15.6887   2084.165256  x:  0.00000   0.14774   0.04711   0.03190   0.04706   0.02641   0.03272   0.08116   0.07121   0.03532   0.23908   0.00000   0.16204   0.03281   0.03445   0.04757   0.04599   0.03334   0.08647   0.09858   0.03347   0.24987   0.23735   7.14616   1.88577   1.21046   1.62063   1.06529  
 25 20.5579   2083.797483  x:  0.00000   0.14928   0.04737   0.03160   0.04737   0.02555   0.03231   0.08263   0.07048   0.03536   0.24120   0.00000   0.15738   0.03294   0.03442   0.04796   0.04532   0.03261   0.08854   0.09878   0.03360   0.25593   0.23862   7.03117   1.80611   1.16621   1.57754   0.97252  
 26  9.4279   2083.569964  x:  0.00000   0.14754   0.04756   0.03161   0.04757   0.02554   0.03225   0.08367   0.07010   0.03532   0.24381   0.00000   0.15447   0.03298   0.03447   0.04805   0.04538   0.03244   0.09018   0.09901   0.03367   0.25934   0.23983   6.94584   1.72048   1.10838   1.49397   1.01045  
 27  4.4263   2083.222360  x:  0.00000   0.14003   0.04894   0.03178   0.04798   0.03362   0.03390   0.08582   0.06940   0.03405   0.24991   0.00000   0.15534   0.03217   0.03459   0.04781   0.04934   0.03565   0.09537   0.09974   0.03298   0.26255   0.24189   6.69560   1.73633   1.11199   1.49101   0.99596  
 28  0.4938   2083.149561  x:  0.00000   0.14240   0.04866   0.03185   0.04780   0.03178   0.03656   0.08770   0.07096   0.03689   0.25046   0.00000   0.15491   0.03143   0.03476   0.04862   0.04951   0.03789   0.09864   0.09998   0.03217   0.26489   0.24221   6.65213   1.73843   1.12023   1.49871   1.00173  
 29  0.0490   2083.136354  x:  0.00000   0.14223   0.04946   0.03225   0.04867   0.03173   0.03623   0.08854   0.07082   0.03634   0.25044   0.00000   0.15541   0.03128   0.03475   0.04951   0.04932   0.03755   0.10079   0.10005   0.03214   0.26461   0.24250   6.74529   1.73702   1.11986   1.49878   1.00322  
 30  0.0706   2083.135679  x:  0.00000   0.14219   0.04966   0.03212   0.04878   0.03167   0.03611   0.08857   0.07062   0.03627   0.25018   0.00000   0.15540   0.03140   0.03472   0.04955   0.04932   0.03748   0.10119   0.09999   0.03226   0.26447   0.24235   6.72345   1.73719   1.12013   1.49940   1.00307  
 31  0.0207   2083.135636  x:  0.00000   0.14226   0.04969   0.03210   0.04877   0.03169   0.03614   0.08851   0.07067   0.03627   0.25000   0.00000   0.15544   0.03143   0.03472   0.04951   0.04932   0.03750   0.10125   0.09995   0.03228   0.26428   0.24227   6.72481   1.73715   1.11991   1.49905   1.00292  
 32  0.0012   2083.135634  x:  0.00000   0.14228   0.04969   0.03211   0.04876   0.03169   0.03614   0.08849   0.07066   0.03627   0.24997   0.00000   0.15546   0.03143   0.03472   0.04952   0.04932   0.03749   0.10126   0.09994   0.03227   0.26425   0.24226   6.72463   1.73720   1.11998   1.49918   1.00298  
 33  0.0002   2083.135634  x:  0.00000   0.14228   0.04969   0.03211   0.04876   0.03169   0.03614   0.08849   0.07066   0.03627   0.24997   0.00000   0.15546   0.03143   0.03471   0.04952   0.04932   0.03749   0.10126   0.09994   0.03227   0.26425   0.24226   6.72458   1.73719   1.11997   1.49916   1.00298  
 34  0.0001   2083.135634  x:  0.00000   0.14228   0.04969   0.03211   0.04876   0.03169   0.03614   0.08849   0.07066   0.03627   0.24997   0.00000   0.15546   0.03143   0.03471   0.04952   0.04932   0.03749   0.10126   0.09994   0.03227   0.26425   0.24226   6.72459   1.73719   1.11997   1.49916   1.00298  
 35  0.0000   2083.135634  x:  0.00000   0.14228   0.04969   0.03211   0.04876   0.03169   0.03614   0.08849   0.07066   0.03627   0.24997   0.00000   0.15546   0.03143   0.03471   0.04952   0.04932   0.03749   0.10126   0.09994   0.03227   0.26425   0.24226   6.72459   1.73719   1.11997   1.49916   1.00298  
 36  0.0000   2083.135634  x:  0.00000   0.14228   0.04969   0.03211   0.04876   0.03169   0.03614   0.08849   0.07066   0.03627   0.24997   0.00000   0.15546   0.03143   0.03471   0.04952   0.04932   0.03749   0.10126   0.09994   0.03227   0.26425   0.24226   6.72459   1.73719   1.11997   1.49916   1.00298  

TREE # 2

  0  0.0000   2419.888322  x:  0.00000   0.14228   0.04969   0.03211   0.04876   0.03169   0.03614   0.08849   0.07066   0.03627   0.24997   0.00000   0.15546   0.03143   0.03471   0.04952   0.04932   0.03749   0.10126   0.09994   0.03227   0.26425   0.24226   6.72459   1.70433   1.02120   1.36869   1.00298  
  1 99.0000   2268.477234  x:  0.50069   0.14524   0.07767   0.05919   0.04749   0.03222   0.04682   0.08551   0.07352   0.04451   0.24558   0.07668   0.15886   0.07213   0.05985   0.04705   0.05095   0.04317   0.09692   0.09893   0.03290   0.25870   0.23682   6.72459   1.70423   1.02146   1.36899   1.00305  
  2 11609.4525   2154.430016  x:  0.48343   0.04902   0.30435   0.23793   0.02284   0.04270   0.15169   0.03292   0.10874   0.04839   0.16591   0.02862   0.06632   0.29843   0.21320   0.00541   0.07111   0.10538   0.03230   0.08483   0.04161   0.17433   0.15429   6.72483   1.69827   1.03222   1.37232   1.00342  
  3 713.2934   2132.783952  x:  0.48099   0.00000   0.33948   0.26020   0.02906   0.03731   0.15894   0.02472   0.11260   0.05073   0.12863   0.03032   0.01954   0.33263   0.23092   0.08940   0.07227   0.10533   0.02065   0.08365   0.04423   0.13255   0.11450   6.72495   1.69492   1.03835   1.37359   1.00378  
  4 647.7922   2124.387326  x:  0.48080   0.00000   0.34353   0.25992   0.03058   0.03477   0.15603   0.02766   0.11213   0.05116   0.11487   0.03350   0.00000   0.33636   0.22994   0.08965   0.06824   0.10156   0.02519   0.08415   0.04525   0.11614   0.09944   6.72500   1.69362   1.04082   1.37400   1.00390  
  5 424.3587   2114.550106  x:  0.48303   0.00000   0.34932   0.25220   0.02951   0.03218   0.14426   0.02079   0.10990   0.04903   0.07662   0.02982   0.00000   0.34130   0.22132   0.08553   0.05635   0.09001   0.00603   0.08498   0.04678   0.06654   0.05635   6.72514   1.68991   1.04780   1.37540   1.00419  
  6 766.7178   2112.728761  x:  0.48480   0.00000   0.35070   0.24875   0.02628   0.03520   0.14123   0.01186   0.10956   0.04703   0.06826   0.02181   0.00000   0.34250   0.21801   0.08548   0.05523   0.08864   0.00994   0.08484   0.04686   0.05264   0.04672   6.72519   1.68898   1.04948   1.37598   1.00420  
  7 383.5024   2112.171690  x:  0.48573   0.00000   0.35236   0.24551   0.02289   0.04116   0.14017   0.01655   0.10998   0.04587   0.06659   0.01700   0.00000   0.34405   0.21526   0.08616   0.05731   0.09031   0.01015   0.08423   0.04651   0.04492   0.04531   6.72523   1.68845   1.05031   1.37667   1.00412  
  8 118.9200   2111.607437  x:  0.48502   0.00000   0.35615   0.23900   0.02010   0.05125   0.13885   0.01591   0.11087   0.04443   0.06634   0.02246   0.00000   0.34760   0.20983   0.08614   0.06210   0.09454   0.01000   0.08304   0.04599   0.03409   0.04634   6.72532   1.68750   1.05173   1.37816   1.00391  
  9 106.9298   2111.306040  x:  0.48517   0.00000   0.36245   0.23012   0.02838   0.05540   0.13720   0.01555   0.11151   0.04564   0.06519   0.02151   0.00000   0.35355   0.20219   0.08548   0.06555   0.09814   0.00978   0.08250   0.04662   0.03138   0.04710   6.72545   1.68597   1.05407   1.38040   1.00362  
 10 53.9920   2105.055279  x:  0.48402   0.00000   0.52725   0.01088   0.01698   0.05483   0.09861   0.01381   0.11921   0.07668   0.02751   0.02283   0.00000   0.50939   0.01169   0.08649   0.10536   0.15112   0.00843   0.08055   0.06243   0.06850   0.03690   6.72902   1.64580   1.11686   1.43657   0.99639  
 11 83.5029   2104.938971  x:  0.48400   0.00000   0.53030   0.00703   0.01685   0.05462   0.09810   0.01380   0.11929   0.07693   0.02744   0.02283   0.00000   0.51229   0.00811   0.08654   0.10574   0.15183   0.00842   0.08055   0.06254   0.06888   0.03669   6.72908   1.64508   1.11800   1.43754   0.99626  
 12 1630.0688   2104.886428  x:  0.48397   0.00000   0.53169   0.00780   0.01673   0.05471   0.09667   0.01378   0.11915   0.07711   0.02729   0.02283   0.00000   0.51351   0.00451   0.08654   0.10612   0.15223   0.00841   0.08058   0.06263   0.06925   0.03682   6.72915   1.64437   1.11911   1.43856   0.99613  
 13 33.3165   2104.780361  x:  0.48373   0.00000   0.53441   0.00780   0.01671   0.05392   0.08802   0.01386   0.11741   0.07582   0.02961   0.02270   0.00000   0.51526   0.00524   0.08641   0.10724   0.15227   0.00840   0.08096   0.06201   0.06936   0.03725   6.72957   1.64031   1.12543   1.44462   0.99544  
 14 13.3852   2104.608323  x:  0.48340   0.00000   0.53632   0.00764   0.01715   0.05355   0.08673   0.01412   0.11421   0.06999   0.02615   0.02277   0.00000   0.51532   0.00550   0.08629   0.10659   0.15014   0.00854   0.08124   0.05886   0.06987   0.04232   6.73056   1.63234   1.13814   1.45763   0.99381  
 15 21.1134   2103.948547  x:  0.48189   0.00000   0.53717   0.00782   0.01801   0.05807   0.09720   0.01477   0.10762   0.06538   0.02958   0.02385   0.00000   0.50870   0.00472   0.08525   0.10873   0.14583   0.00886   0.08079   0.05882   0.07447   0.03609   6.73481   1.60081   1.18936   1.51311   0.98722  
 16 54.4956   2103.644253  x:  0.48114   0.00000   0.53661   0.00778   0.01674   0.05366   0.10028   0.01418   0.11475   0.07437   0.03107   0.02274   0.00000   0.50623   0.00466   0.08494   0.10476   0.14357   0.00884   0.08065   0.06259   0.06855   0.04319   6.73708   1.59197   1.20804   1.53766   0.98446  
 17 38.1019   2102.937417  x:  0.47863   0.00000   0.53216   0.00764   0.01813   0.05327   0.09733   0.01498   0.14212   0.07270   0.03031   0.02388   0.00000   0.50577   0.00416   0.08465   0.08963   0.14869   0.00972   0.08079   0.04939   0.06981   0.03897   6.74333   1.60484   1.21899   1.58280   0.97992  
 18 16.7387   2101.060397  x:  0.47155   0.00000   0.52282   0.00718   0.02037   0.04794   0.09340   0.01797   0.14685   0.05680   0.02885   0.02612   0.00000   0.51128   0.00292   0.08402   0.05803   0.15719   0.01086   0.08602   0.07640   0.06505   0.03735   6.76090   1.66625   1.22619   1.68730   0.97064  
 19 46.1752   2097.556088  x:  0.46231   0.00000   0.51310   0.00701   0.02124   0.03005   0.09466   0.02030   0.12283   0.06918   0.02878   0.02670   0.00000   0.51839   0.00000   0.08020   0.05060   0.15002   0.01248   0.08509   0.06481   0.05137   0.03550   6.78346   1.75282   1.23196   1.80710   0.96118  
 20 124.2771   2095.632894  x:  0.45506   0.00000   0.51857   0.00693   0.02250   0.04328   0.09105   0.02097   0.12520   0.07724   0.02811   0.02846   0.00000   0.52514   0.00000   0.07701   0.05303   0.09113   0.01378   0.08884   0.06845   0.05306   0.03558   6.80030   1.81906   1.24833   1.86705   0.95897  
 21 71.6365   2094.837634  x:  0.45215   0.00000   0.52237   0.00702   0.02340   0.03047   0.09161   0.02239   0.13490   0.06787   0.02813   0.02893   0.00000   0.51779   0.00000   0.07408   0.06871   0.07872   0.01416   0.07738   0.07395   0.04956   0.03423   6.80912   1.85115   1.27240   1.87037   0.96289  
 22 33.2356   2090.730760  x:  0.43667   0.00000   0.56265   0.00645   0.02568   0.02384   0.09164   0.02574   0.13677   0.07598   0.02764   0.03177   0.00000   0.46014   0.00000   0.06809   0.04205   0.08144   0.01670   0.09804   0.07190   0.04419   0.03299   6.85530   2.00021   1.46501   1.76688   1.00425  
 23 45.2144   2090.526376  x:  0.43565   0.00000   0.55727   0.00638   0.02583   0.02607   0.09059   0.02584   0.13513   0.07781   0.02754   0.03203   0.00000   0.46538   0.00000   0.06816   0.03612   0.08090   0.01706   0.08670   0.07207   0.04521   0.03311   6.85772   2.00075   1.47246   1.75727   1.00697  
 24 20.6816   2089.731107  x:  0.43055   0.00000   0.50061   0.00633   0.02630   0.02357   0.09091   0.02656   0.13699   0.07762   0.02745   0.03260   0.00000   0.51687   0.00000   0.06645   0.03683   0.07947   0.01746   0.09370   0.07238   0.04415   0.03272   6.86962   1.97574   1.48861   1.70739   1.01962  
 25 20.9886   2086.275057  x:  0.41264   0.00000   0.51186   0.00607   0.02841   0.01588   0.08767   0.02988   0.13498   0.07664   0.02654   0.03528   0.00000   0.48832   0.00000   0.05842   0.02698   0.06684   0.01982   0.09795   0.07199   0.03841   0.03054   6.93378   1.59737   1.25118   1.46548   1.05800  
 26  9.9318   2084.901231  x:  0.40306   0.00000   0.50312   0.00620   0.02900   0.01664   0.08949   0.03080   0.13027   0.07325   0.02831   0.03615   0.00000   0.47926   0.00000   0.05409   0.02869   0.06751   0.02063   0.09691   0.06909   0.03879   0.03264   6.98263   1.56372   1.21716   1.39652   0.88625  
 27  3.3008   2080.899108  x:  0.36999   0.00000   0.47134   0.00641   0.03086   0.02257   0.10445   0.03361   0.10904   0.05196   0.04032   0.03840   0.00000   0.44842   0.00000   0.03888   0.03412   0.06983   0.02377   0.09360   0.05106   0.04087   0.04837   7.14558   1.57624   1.14659   1.36553   1.00232  
 28  3.0920   2080.003258  x:  0.37260   0.00000   0.46108   0.00687   0.03213   0.02336   0.10361   0.03371   0.09733   0.05014   0.04285   0.03770   0.00000   0.44452   0.00000   0.04406   0.03454   0.07626   0.02490   0.08967   0.04588   0.02871   0.03953   7.29262   1.62744   1.15564   1.41880   0.98655  
 29  0.2075   2079.669542  x:  0.37866   0.00000   0.45843   0.00644   0.03550   0.02636   0.10263   0.03500   0.10143   0.05056   0.04616   0.03866   0.00000   0.44189   0.00000   0.05040   0.03651   0.07562   0.02714   0.08907   0.04828   0.03347   0.03428   7.35287   1.61739   1.14338   1.39088   0.99243  
 30  0.0814   2079.562369  x:  0.37783   0.00000   0.45263   0.00630   0.03705   0.02475   0.10301   0.03539   0.10428   0.04857   0.04854   0.03872   0.00000   0.43831   0.00000   0.05114   0.03327   0.07136   0.02848   0.09101   0.04767   0.03282   0.03557   7.31859   1.64025   1.15411   1.41083   0.98510  
 31  0.0715   2079.513259  x:  0.37894   0.00000   0.44994   0.00639   0.03866   0.02343   0.10218   0.03578   0.10341   0.04987   0.04985   0.03872   0.00000   0.43406   0.00000   0.05122   0.03417   0.07287   0.02969   0.09019   0.04784   0.03138   0.03682   7.29127   1.62096   1.14949   1.39493   0.98896  
 32  0.0516   2079.498091  x:  0.38091   0.00000   0.44942   0.00650   0.03875   0.02428   0.10160   0.03558   0.10113   0.04936   0.05013   0.03838   0.00000   0.43234   0.00000   0.05094   0.03415   0.07184   0.03043   0.09105   0.04711   0.03178   0.03634   7.28545   1.61295   1.14966   1.39573   0.98834  
 33  0.0096   2079.486627  x:  0.38411   0.00000   0.44876   0.00633   0.03853   0.02407   0.10142   0.03505   0.10220   0.04860   0.05012   0.03783   0.00000   0.43195   0.00000   0.05045   0.03396   0.07344   0.03122   0.09086   0.04746   0.03224   0.03620   7.29187   1.61701   1.15436   1.40087   0.98819  
 34  0.0080   2079.480683  x:  0.38585   0.00000   0.44887   0.00639   0.03823   0.02431   0.10145   0.03465   0.10275   0.04969   0.04985   0.03756   0.00000   0.43246   0.00000   0.05006   0.03423   0.07239   0.03174   0.09062   0.04769   0.03189   0.03628   7.29548   1.61965   1.15418   1.40082   0.98870  
 35  0.0058   2079.478831  x:  0.38601   0.00000   0.44924   0.00643   0.03801   0.02404   0.10167   0.03459   0.10226   0.04948   0.04967   0.03762   0.00000   0.43299   0.00000   0.05004   0.03410   0.07247   0.03203   0.09058   0.04742   0.03204   0.03645   7.29304   1.61843   1.15042   1.39712   0.98844  
 36  0.0061   2079.478257  x:  0.38553   0.00000   0.44949   0.00638   0.03799   0.02415   0.10181   0.03458   0.10224   0.04934   0.04961   0.03774   0.00000   0.43326   0.00000   0.05003   0.03405   0.07257   0.03222   0.09076   0.04758   0.03180   0.03633   7.29590   1.61777   1.15015   1.39650   0.98864  
 37  0.0021   2079.477880  x:  0.38505   0.00000   0.44986   0.00641   0.03805   0.02411   0.10187   0.03457   0.10224   0.04945   0.04959   0.03786   0.00000   0.43359   0.00000   0.05008   0.03411   0.07261   0.03241   0.09068   0.04747   0.03191   0.03633   7.29791   1.61890   1.15161   1.39816   0.98868  
 38  0.0028   2079.477823  x:  0.38484   0.00000   0.44988   0.00643   0.03806   0.02412   0.10180   0.03454   0.10238   0.04941   0.04959   0.03785   0.00000   0.43352   0.00000   0.05008   0.03410   0.07256   0.03244   0.09064   0.04749   0.03193   0.03635   7.29534   1.61820   1.15108   1.39784   0.98855  
 39  0.0023   2079.477796  x:  0.38468   0.00000   0.44985   0.00640   0.03806   0.02412   0.10175   0.03451   0.10234   0.04944   0.04959   0.03781   0.00000   0.43351   0.00000   0.05010   0.03409   0.07255   0.03245   0.09064   0.04750   0.03195   0.03635   7.29398   1.61835   1.15116   1.39773   0.98850  
 40  0.0011   2079.477787  x:  0.38462   0.00000   0.44978   0.00642   0.03805   0.02412   0.10176   0.03449   0.10232   0.04944   0.04958   0.03779   0.00000   0.43347   0.00000   0.05011   0.03410   0.07257   0.03244   0.09065   0.04750   0.03194   0.03634   7.29441   1.61849   1.15124   1.39779   0.98855  
 41  0.0005   2079.477786  x:  0.38461   0.00000   0.44978   0.00642   0.03804   0.02412   0.10176   0.03449   0.10232   0.04945   0.04958   0.03778   0.00000   0.43345   0.00000   0.05012   0.03410   0.07257   0.03244   0.09065   0.04749   0.03194   0.03634   7.29477   1.61843   1.15118   1.39785   0.98856  
 42  0.0004   2079.477786  x:  0.38461   0.00000   0.44977   0.00642   0.03804   0.02412   0.10177   0.03449   0.10232   0.04945   0.04957   0.03779   0.00000   0.43344   0.00000   0.05012   0.03410   0.07257   0.03244   0.09065   0.04750   0.03194   0.03635   7.29478   1.61843   1.15120   1.39784   0.98857  
 43  0.0000   2079.477786  x:  0.38461   0.00000   0.44976   0.00642   0.03804   0.02412   0.10177   0.03449   0.10232   0.04945   0.04957   0.03779   0.00000   0.43344   0.00000   0.05012   0.03410   0.07257   0.03244   0.09065   0.04749   0.03194   0.03634   7.29472   1.61843   1.15119   1.39784   0.98856  
 44  0.0000   2079.477786  x:  0.38461   0.00000   0.44976   0.00642   0.03804   0.02412   0.10176   0.03449   0.10232   0.04945   0.04957   0.03779   0.00000   0.43343   0.00000   0.05012   0.03410   0.07257   0.03244   0.09065   0.04750   0.03194   0.03634   7.29471   1.61843   1.15119   1.39785   0.98856  
 45  0.0000   2079.477786  x:  0.38461   0.00000   0.44976   0.00642   0.03804   0.02412   0.10176   0.03449   0.10232   0.04945   0.04957   0.03779   0.00000   0.43343   0.00000   0.05012   0.03410   0.07257   0.03244   0.09065   0.04750   0.03194   0.03634   7.29471   1.61843   1.15120   1.39785   0.98856  
 46  0.0000   2079.477786  x:  0.38461   0.00000   0.44976   0.00642   0.03804   0.02412   0.10176   0.03449   0.10232   0.04945   0.04957   0.03779   0.00000   0.43343   0.00000   0.05012   0.03410   0.07257   0.03244   0.09065   0.04750   0.03194   0.03634   7.29471   1.61843   1.15120   1.39785   0.98856  
 47  0.0000   2079.477786  x:  0.38461   0.00000   0.44976   0.00642   0.03804   0.02412   0.10176   0.03449   0.10232   0.04945   0.04957   0.03779   0.00000   0.43343   0.00000   0.05012   0.03410   0.07257   0.03244   0.09065   0.04750   0.03194   0.03634   7.29471   1.61843   1.15120   1.39785   0.98856  