

TREE # 1

  0  0.0000   2116.959453  x:  0.04361   0.00000   0.10072   0.00138   0.09861   0.07067   0.05483   0.04278   0.08456   0.07089   0.07108   0.09602   0.01547   0.06106   0.02488   0.07565   0.05224   0.05078   0.06018   0.05090   0.11721   0.05957   0.08740   0.06224   2.00000   1.75239   1.35817   1.48858   0.40000  
  1 99.0000   2116.956022  x:  0.04362   0.00000   0.10072   0.00139   0.09861   0.07067   0.05483   0.04278   0.08456   0.07090   0.07108   0.09602   0.01547   0.06106   0.02488   0.07565   0.05224   0.05078   0.06018   0.05090   0.11721   0.05957   0.08740   0.06224   2.00000   1.75239   1.35817   1.48858   0.40000  
  2 731.9910   2102.544513  x:  0.04940   0.00000   0.10527   0.00000   0.09474   0.06493   0.05557   0.03842   0.08120   0.08649   0.06930   0.10048   0.01010   0.07689   0.02782   0.07549   0.04434   0.05646   0.05535   0.05012   0.11708   0.05947   0.09490   0.06802   2.00204   1.75230   1.35766   1.48891   0.40610  
  3 1150.2481   2096.008627  x:  0.05076   0.00000   0.11153   0.00014   0.08764   0.05676   0.05604   0.03428   0.07683   0.08668   0.06433   0.10396   0.00000   0.07298   0.02660   0.07743   0.03176   0.05711   0.04883   0.04922   0.11546   0.05593   0.09932   0.06938   2.00557   1.75218   1.35693   1.48915   0.41505  
  4 348.8241   2090.581020  x:  0.04700   0.00000   0.11381   0.00081   0.06756   0.04463   0.05531   0.04039   0.07300   0.07928   0.05361   0.10171   0.00000   0.08024   0.04866   0.08165   0.00443   0.05260   0.04400   0.04961   0.11178   0.04840   0.09444   0.06562   2.01737   1.75245   1.35375   1.48943   0.43454  
  5 281.6509   2087.944012  x:  0.04483   0.00000   0.11660   0.00154   0.03683   0.03061   0.05425   0.04810   0.06889   0.07897   0.03902   0.09758   0.00000   0.08471   0.05799   0.08845   0.01952   0.05158   0.04019   0.05050   0.10449   0.03849   0.08807   0.06344   2.03866   1.75307   1.34784   1.48993   0.46492  
  6 160.2713   2085.973717  x:  0.04604   0.00000   0.11382   0.00171   0.02187   0.04363   0.05287   0.05945   0.07245   0.08863   0.03250   0.08908   0.00000   0.08367   0.04711   0.09652   0.01438   0.05439   0.04989   0.05089   0.09383   0.03751   0.08078   0.06464   2.07278   1.75445   1.33811   1.49029   0.49706  
  7 103.2636   2082.981660  x:  0.04624   0.00000   0.11289   0.00152   0.04808   0.04984   0.05148   0.07780   0.07746   0.08193   0.02979   0.08474   0.00000   0.09489   0.03621   0.10988   0.01528   0.05142   0.05907   0.05133   0.07730   0.03232   0.08428   0.06481   2.16371   1.75808   1.31270   1.49084   0.57039  
  8 142.9153   2080.097517  x:  0.04525   0.00000   0.10615   0.00050   0.05145   0.05576   0.05363   0.08454   0.08220   0.08510   0.07301   0.09806   0.00000   0.08346   0.04788   0.11215   0.01803   0.05602   0.06278   0.05050   0.08588   0.03377   0.08905   0.06377   2.28981   1.76282   1.27973   1.48999   0.62920  
  9 153.9185   2073.761212  x:  0.05354   0.00000   0.08963   0.00119   0.04242   0.06038   0.05523   0.05586   0.08409   0.06855   0.07482   0.09539   0.00000   0.09511   0.03549   0.07404   0.01758   0.04284   0.05171   0.04891   0.12916   0.06404   0.07668   0.07195   2.58584   1.77280   1.21030   1.48312   0.66357  
 10 151.3604   2067.392056  x:  0.03921   0.00000   0.08955   0.00122   0.05246   0.05995   0.05395   0.03400   0.08669   0.08429   0.04939   0.08099   0.00000   0.08280   0.04760   0.04317   0.01830   0.05966   0.04967   0.05298   0.15485   0.07352   0.07740   0.05751   2.88589   1.78193   1.14348   1.47460   0.66951  
 11 514.6301   2059.279780  x:  0.05652   0.00000   0.11088   0.00112   0.05238   0.05767   0.05354   0.04044   0.08849   0.09522   0.02209   0.08633   0.00000   0.07026   0.06644   0.06677   0.02078   0.04659   0.06259   0.05519   0.16327   0.07216   0.09527   0.07467   3.29743   1.79126   1.06119   1.46018   0.62687  
 12 459.7391   2048.388570  x:  0.04279   0.00000   0.14214   0.00038   0.03528   0.03313   0.04879   0.05869   0.07322   0.08736   0.03917   0.09429   0.00000   0.10062   0.03716   0.09304   0.01279   0.06570   0.06467   0.04927   0.12204   0.04034   0.09884   0.06072   3.86350   1.79631   0.96726   1.43726   0.54052  
 13 644.0414   2045.169683  x:  0.04750   0.00000   0.12791   0.00010   0.03944   0.03027   0.05533   0.05226   0.06291   0.09885   0.04535   0.09360   0.00000   0.09911   0.03940   0.09370   0.01207   0.05512   0.04360   0.04625   0.08226   0.02536   0.08650   0.06536   4.02248   1.78940   0.96159   1.42917   0.51835  
 14 275.1274   2044.230107  x:  0.04712   0.00000   0.12071   0.00035   0.03731   0.03433   0.05343   0.04687   0.06207   0.09483   0.04416   0.09568   0.00000   0.09982   0.04340   0.10013   0.01323   0.06058   0.03542   0.04709   0.06735   0.03420   0.09195   0.06496   4.07359   1.78155   0.97356   1.42565   0.51353  
 15 135.2819   2042.331915  x:  0.04636   0.00000   0.10632   0.00072   0.03505   0.04013   0.05002   0.03474   0.06752   0.09164   0.04059   0.09877   0.00000   0.10463   0.04301   0.11238   0.01322   0.06533   0.03555   0.04714   0.07035   0.01849   0.09993   0.06414   4.17106   1.75201   1.03090   1.41685   0.51055  
 16 104.4743   2038.905921  x:  0.04040   0.00000   0.11055   0.00028   0.03861   0.02339   0.05803   0.03403   0.07115   0.10242   0.04050   0.09830   0.00000   0.10746   0.03850   0.12888   0.01169   0.06064   0.04464   0.04552   0.07788   0.03044   0.09234   0.05804   4.36495   1.68281   1.16592   1.39885   0.50930  
 17 259.1973   2037.006042  x:  0.04615   0.00000   0.12761   0.00000   0.03983   0.02944   0.05742   0.04379   0.06661   0.09976   0.04151   0.09518   0.00000   0.10764   0.04136   0.12000   0.01275   0.06614   0.04166   0.04816   0.07987   0.02971   0.08911   0.06373   4.44549   1.65140   1.22523   1.39243   0.50976  
 18 260.1779   2037.006042  x:  0.04615   0.00000   0.12761   0.00000   0.03983   0.02944   0.05742   0.04379   0.06661   0.09976   0.04151   0.09518   0.00000   0.10764   0.04136   0.12000   0.01275   0.06614   0.04166   0.04816   0.07987   0.02971   0.08911   0.06373   4.44549   1.65140   1.22523   1.39243   0.50976  
 19 51.0328   2029.265042  x:  0.05371   0.00000   0.13278   0.06791   0.04028   0.02758   0.05765   0.03807   0.06401   0.11465   0.04306   0.10084   0.00000   0.11786   0.04016   0.11792   0.00673   0.06968   0.03711   0.04726   0.08162   0.03115   0.09863   0.07129   4.44592   1.65119   1.22480   1.39321   0.51523  
 20 967.7254   2014.499732  x:  0.07698   0.00000   0.14893   0.06104   0.03216   0.02180   0.05869   0.01697   0.05462   0.16203   0.03506   0.12106   0.00000   0.15421   0.03604   0.10982   0.00000   0.08189   0.02115   0.04425   0.08799   0.03487   0.13115   0.09456   4.44772   1.65004   1.22333   1.39645   0.53817  
 21 307.8559   2011.083774  x:  0.08659   0.00000   0.15564   0.05854   0.02881   0.01945   0.05912   0.00837   0.05074   0.18167   0.03176   0.12944   0.00000   0.16927   0.03435   0.10647   0.00246   0.08695   0.01466   0.04304   0.09063   0.03639   0.14461   0.10417   4.44847   1.64957   1.22271   1.39780   0.54773  
 22 14352.4066   2006.515155  x:  0.09895   0.00000   0.16831   0.05512   0.02373   0.02374   0.06011   0.03690   0.04682   0.21453   0.02821   0.14292   0.00000   0.19458   0.03318   0.10046   0.00388   0.09377   0.02445   0.04181   0.09460   0.03664   0.16576   0.11652   4.45038   1.64837   1.22152   1.40091   0.56961  
 23 398.7808   2004.345120  x:  0.08675   0.00000   0.18033   0.05390   0.03365   0.03267   0.05586   0.02858   0.05616   0.23232   0.03560   0.14463   0.00000   0.20667   0.04140   0.09819   0.00375   0.08687   0.04083   0.04745   0.09254   0.02690   0.16846   0.10433   4.45510   1.64513   1.22115   1.40675   0.61113  
 24 90.0657   2002.014316  x:  0.06656   0.00000   0.19140   0.05461   0.02590   0.02091   0.05554   0.03304   0.05773   0.24391   0.03204   0.14018   0.00000   0.21465   0.04025   0.09999   0.00373   0.07684   0.03088   0.04706   0.08566   0.02899   0.16228   0.08414   4.46399   1.63941   1.22125   1.41673   0.67861  
 25 113.8330   2000.752088  x:  0.06803   0.00000   0.19268   0.05519   0.02556   0.03719   0.05848   0.03325   0.05094   0.24038   0.02799   0.13338   0.00000   0.21157   0.03459   0.10373   0.00366   0.07950   0.02312   0.04282   0.08361   0.03093   0.15234   0.08561   4.47357   1.63436   1.22147   1.42621   0.73636  
 26 102.2809   1999.214293  x:  0.08214   0.00000   0.18842   0.05545   0.02681   0.02696   0.06037   0.03061   0.04445   0.22719   0.02919   0.12599   0.00000   0.20192   0.03337   0.10795   0.00357   0.08856   0.03281   0.04106   0.08589   0.03190   0.14078   0.09972   4.48868   1.62773   1.22181   1.43969   0.81266  
 27 142.9725   1998.832310  x:  0.08681   0.00000   0.18392   0.05549   0.02775   0.02576   0.05847   0.03296   0.05208   0.22020   0.03105   0.12834   0.00000   0.19787   0.03780   0.10622   0.00359   0.08971   0.02691   0.04536   0.08907   0.03025   0.14329   0.10439   4.49528   1.62625   1.22191   1.44403   0.83277  
 28 65.8130   1998.614274  x:  0.08608   0.00000   0.17636   0.05599   0.02537   0.02676   0.05687   0.03169   0.05302   0.21199   0.02929   0.13603   0.00000   0.19419   0.03566   0.10144   0.00357   0.08673   0.02911   0.04343   0.09134   0.03200   0.15334   0.10366   4.50481   1.62607   1.22210   1.44807   0.84442  
 29 29.5535   1998.557855  x:  0.08517   0.00000   0.17397   0.05586   0.02843   0.02622   0.05821   0.03219   0.05006   0.21048   0.03098   0.13821   0.00000   0.19321   0.03581   0.10053   0.00358   0.08670   0.02818   0.04366   0.09140   0.03236   0.15656   0.10275   4.51034   1.62655   1.22213   1.44981   0.84688  
 30 21.8504   1998.454534  x:  0.08366   0.00000   0.17043   0.05600   0.02526   0.02686   0.06125   0.03173   0.04814   0.21131   0.03107   0.13886   0.00000   0.19151   0.03867   0.10256   0.00355   0.09047   0.02862   0.04606   0.08978   0.03036   0.15928   0.10124   4.53342   1.62980   1.22217   1.45569   0.84814  
 31 13.6914   1997.952313  x:  0.08122   0.00000   0.15963   0.05572   0.02945   0.02567   0.06132   0.03187   0.05520   0.21907   0.02867   0.13788   0.00000   0.18668   0.03473   0.11160   0.00357   0.09985   0.02904   0.04210   0.08315   0.03009   0.16458   0.09880   4.66126   1.64834   1.22273   1.48696   0.85082  
 32 64.8511   1996.425935  x:  0.08324   0.00000   0.15214   0.05437   0.02260   0.02762   0.04648   0.03213   0.05033   0.23074   0.04337   0.13400   0.00000   0.18153   0.03423   0.11687   0.00362   0.09002   0.02774   0.04125   0.08569   0.03536   0.16306   0.10082   5.06224   1.70633   1.22728   1.58111   0.85565  
 33 209.0925   1994.288210  x:  0.08715   0.00000   0.15829   0.05420   0.02693   0.02597   0.05834   0.03157   0.04805   0.23403   0.02786   0.13252   0.00000   0.18150   0.03609   0.10628   0.00361   0.07033   0.02824   0.04619   0.09693   0.03025   0.15413   0.10472   5.61516   1.78549   1.23744   1.70607   0.86138  
 34 645.8138   1993.217539  x:  0.08415   0.00000   0.17795   0.05389   0.02574   0.02598   0.06314   0.03053   0.05190   0.22002   0.03175   0.13692   0.00000   0.19081   0.03613   0.08873   0.00359   0.08585   0.02813   0.04228   0.09633   0.03515   0.14861   0.10172   5.90420   1.82487   1.25053   1.76265   0.86460  
 35 334.7336   1992.883000  x:  0.08393   0.00000   0.18589   0.05408   0.02774   0.02542   0.05478   0.03096   0.04820   0.21079   0.02666   0.13805   0.00000   0.19742   0.03523   0.09303   0.00355   0.08914   0.02777   0.04660   0.09231   0.03145   0.15156   0.10151   5.99348   1.83458   1.26341   1.77002   0.86655  
 36 104.6543   1992.453000  x:  0.08630   0.00000   0.19309   0.05382   0.02694   0.02550   0.05941   0.03092   0.05011   0.20034   0.02974   0.13765   0.00000   0.20747   0.03747   0.10586   0.00358   0.08384   0.02748   0.04142   0.08695   0.02911   0.15824   0.10387   6.11461   1.84428   1.29196   1.76674   0.87075  
 37 104.9973   1991.715364  x:  0.08653   0.00000   0.18684   0.05338   0.02684   0.02650   0.06388   0.03018   0.05300   0.20272   0.03168   0.13272   0.00000   0.21381   0.03057   0.10509   0.00356   0.08366   0.02951   0.05266   0.08968   0.03742   0.15870   0.10411   6.33321   1.85536   1.35938   1.73789   0.88096  
 38 101.0467   1990.883977  x:  0.08560   0.00000   0.17764   0.05316   0.02767   0.02591   0.05943   0.03098   0.05048   0.21088   0.02864   0.13024   0.00000   0.21349   0.03787   0.09646   0.00366   0.08687   0.02824   0.04384   0.09575   0.03276   0.15486   0.10317   6.57296   1.86584   1.43433   1.70082   0.89261  
 39 338.2949   1990.765115  x:  0.08628   0.00000   0.18083   0.05298   0.02679   0.02549   0.05982   0.03117   0.05046   0.21374   0.03016   0.13629   0.00000   0.20673   0.03470   0.09609   0.00366   0.08639   0.02771   0.04395   0.09368   0.02897   0.15306   0.10386   6.60773   1.86600   1.44172   1.69246   0.89452  
 40 49.6161   1990.683812  x:  0.08681   0.00000   0.18463   0.05287   0.02724   0.02577   0.05962   0.03106   0.05040   0.21607   0.02894   0.14150   0.00000   0.20026   0.03697   0.09732   0.00366   0.08595   0.02805   0.04430   0.09164   0.03230   0.15219   0.10439   6.63280   1.86525   1.44445   1.68480   0.89604  
 41 55.9202   1990.532839  x:  0.08554   0.00000   0.19223   0.05267   0.02728   0.02567   0.05988   0.03100   0.05046   0.21705   0.02885   0.13664   0.00000   0.19197   0.03598   0.09979   0.00365   0.08794   0.02792   0.04375   0.09966   0.03293   0.15924   0.10312   6.68417   1.85673   1.42841   1.65755   0.89985  
 42 15.3470   1989.911241  x:  0.08842   0.00000   0.19032   0.05217   0.02686   0.02544   0.05982   0.03082   0.05046   0.21578   0.02916   0.12814   0.00000   0.19266   0.03674   0.09221   0.00368   0.08496   0.02769   0.04459   0.08652   0.03247   0.16463   0.10600   6.89220   1.81131   1.34101   1.53763   0.91542  
 43 49.6294   1989.545955  x:  0.08687   0.00000   0.18405   0.05203   0.02696   0.02547   0.06012   0.03050   0.05076   0.21369   0.02961   0.13825   0.00000   0.20172   0.03608   0.09932   0.00366   0.08685   0.02765   0.04442   0.09375   0.03261   0.15665   0.10445   7.01945   1.77757   1.28646   1.46599   0.92405  
 44 128.6134   1988.997214  x:  0.08684   0.00000   0.18637   0.05142   0.02705   0.02551   0.06008   0.03044   0.05088   0.21585   0.02955   0.13722   0.00000   0.20383   0.03624   0.09990   0.00368   0.08676   0.02768   0.04462   0.09274   0.03223   0.15817   0.10442   7.21062   1.60865   1.23288   1.41611   0.91746  
 45 13.7057   1986.501432  x:  0.08386   0.00000   0.18447   0.03530   0.02699   0.02402   0.05765   0.02366   0.05064   0.24878   0.03029   0.14591   0.00000   0.22173   0.03745   0.10212   0.00359   0.08845   0.02567   0.04368   0.08836   0.02938   0.16783   0.10143   8.43063   1.70074   1.22341   1.59905   1.01281  
 46  0.7358   1985.698787  x:  0.08391   0.00000   0.18437   0.02259   0.02832   0.02620   0.05712   0.02205   0.05125   0.24591   0.03175   0.14286   0.00000   0.21337   0.03633   0.10054   0.00383   0.08667   0.02433   0.04389   0.09117   0.03127   0.16669   0.10148   9.13039   1.70881   1.28266   1.55350   1.06094  
 47  0.3783   1985.468078  x:  0.08359   0.00000   0.18282   0.01741   0.02903   0.02461   0.05812   0.02360   0.05102   0.23363   0.03180   0.13954   0.00000   0.20955   0.03614   0.10155   0.00411   0.08634   0.02525   0.04420   0.09006   0.03131   0.16295   0.10115   9.16808   1.67731   1.23128   1.52615   1.05179  
 48  0.0530   1985.402833  x:  0.08283   0.00000   0.18204   0.01839   0.02919   0.02538   0.05802   0.02479   0.05090   0.22951   0.03171   0.14054   0.00000   0.20997   0.03674   0.10224   0.00428   0.08661   0.02602   0.04409   0.08988   0.03060   0.16179   0.10040   8.88419   1.68737   1.24060   1.54568   1.02188  
 49  0.2032   1985.382326  x:  0.08290   0.00000   0.18211   0.01648   0.02896   0.02524   0.05786   0.02463   0.05097   0.23194   0.03180   0.14111   0.00000   0.21018   0.03671   0.10190   0.00443   0.08656   0.02576   0.04401   0.09004   0.03075   0.16300   0.10047   8.81605   1.69327   1.24894   1.55018   1.01440  
 50  0.0513   1985.367798  x:  0.08316   0.00000   0.18241   0.01716   0.02899   0.02497   0.05777   0.02378   0.05111   0.23363   0.03186   0.14096   0.00000   0.20967   0.03644   0.10099   0.00462   0.08657   0.02541   0.04407   0.09024   0.03108   0.16358   0.10073   8.68886   1.68502   1.24204   1.53755   1.01111  
 51  0.0562   1985.351643  x:  0.08304   0.00000   0.18212   0.01654   0.02952   0.02537   0.05790   0.02287   0.05098   0.23118   0.03178   0.14079   0.00000   0.21034   0.03664   0.10194   0.00506   0.08680   0.02513   0.04410   0.09003   0.03061   0.16191   0.10060   8.67585   1.68244   1.24106   1.53726   1.02112  
 52  0.0053   1985.335840  x:  0.08298   0.00000   0.18260   0.01727   0.02892   0.02460   0.05816   0.02385   0.05076   0.23132   0.03169   0.14075   0.00000   0.21053   0.03669   0.10218   0.00566   0.08662   0.02508   0.04399   0.08998   0.03084   0.16244   0.10055   8.66823   1.69232   1.24839   1.54756   1.02570  
 53  0.0068   1985.328245  x:  0.08284   0.00000   0.18271   0.01714   0.02898   0.02544   0.05784   0.02383   0.05102   0.23260   0.03182   0.14081   0.00000   0.21009   0.03661   0.10152   0.00604   0.08650   0.02568   0.04404   0.09000   0.03083   0.16318   0.10041   8.70682   1.68885   1.24405   1.54316   1.02465  
 54  0.0251   1985.325627  x:  0.08301   0.00000   0.18227   0.01705   0.02909   0.02507   0.05785   0.02381   0.05102   0.23248   0.03175   0.14098   0.00000   0.21014   0.03652   0.10157   0.00626   0.08673   0.02532   0.04402   0.09012   0.03084   0.16274   0.10058   8.74095   1.68515   1.24278   1.54000   1.02140  
 55  0.0187   1985.325084  x:  0.08302   0.00000   0.18239   0.01718   0.02905   0.02510   0.05790   0.02362   0.05097   0.23229   0.03176   0.14093   0.00000   0.21021   0.03659   0.10171   0.00628   0.08668   0.02539   0.04405   0.09009   0.03082   0.16281   0.10059   8.75199   1.68769   1.24412   1.54239   1.01951  
 56  0.0085   1985.325067  x:  0.08303   0.00000   0.18238   0.01718   0.02905   0.02513   0.05789   0.02362   0.05097   0.23227   0.03177   0.14090   0.00000   0.21015   0.03659   0.10169   0.00627   0.08666   0.02534   0.04404   0.09008   0.03083   0.16286   0.10060   8.75388   1.68765   1.24399   1.54246   1.01939  
 57  0.0020   1985.325066  x:  0.08302   0.00000   0.18237   0.01718   0.02905   0.02513   0.05789   0.02362   0.05097   0.23226   0.03177   0.14090   0.00000   0.21013   0.03658   0.10169   0.00626   0.08666   0.02535   0.04403   0.09008   0.03083   0.16286   0.10059   8.75427   1.68761   1.24398   1.54244   1.01939  
 58  0.0004   1985.325066  x:  0.08302   0.00000   0.18237   0.01718   0.02905   0.02513   0.05789   0.02362   0.05097   0.23227   0.03177   0.14090   0.00000   0.21013   0.03658   0.10169   0.00626   0.08666   0.02535   0.04404   0.09008   0.03083   0.16286   0.10059   8.75425   1.68762   1.24399   1.54244   1.01939  
 59  0.0000   1985.325066  x:  0.08302   0.00000   0.18237   0.01718   0.02905   0.02513   0.05789   0.02362   0.05097   0.23227   0.03177   0.14090   0.00000   0.21013   0.03658   0.10169   0.00626   0.08666   0.02535   0.04404   0.09008   0.03083   0.16286   0.10059   8.75425   1.68762   1.24399   1.54244   1.01939  
 60  0.0000   1985.325066  x:  0.08302   0.00000   0.18237   0.01718   0.02905   0.02513   0.05789   0.02362   0.05097   0.23227   0.03177   0.14090   0.00000   0.21013   0.03658   0.10169   0.00626   0.08666   0.02535   0.04404   0.09008   0.03083   0.16286   0.10059   8.75425   1.68762   1.24399   1.54244   1.01939  
 61  0.0000   1985.325066  x:  0.08302   0.00000   0.18237   0.01718   0.02905   0.02513   0.05789   0.02362   0.05097   0.23227   0.03177   0.14090   0.00000   0.21013   0.03658   0.10169   0.00626   0.08666   0.02535   0.04404   0.09008   0.03083   0.16286   0.10059   8.75425   1.68762   1.24399   1.54244   1.01939  