

TREE # 1

  0  0.0000   2094.509332  x:  0.00000   0.04884   0.06782   0.02751   0.07980   0.08622   0.04056   0.05230   0.09958   0.06428   0.12532   0.00951   0.06466   0.01311   0.03083   0.06261   0.07983   0.03415   0.06090   0.09578   0.08982   0.12866   0.09055   2.00000   1.77401   1.42072   1.57444   0.40000  
  1 99.0000   2094.506907  x:  0.00000   0.04885   0.06782   0.02751   0.07979   0.08622   0.04056   0.05230   0.09958   0.06428   0.12532   0.00951   0.06466   0.01311   0.03083   0.06261   0.07983   0.03415   0.06090   0.09579   0.08982   0.12867   0.09055   2.00000   1.77401   1.42072   1.57444   0.40000  
  2 533.9327   2089.624016  x:  0.00000   0.04439   0.06829   0.02759   0.07489   0.08343   0.03816   0.05093   0.09978   0.06557   0.12762   0.00000   0.06519   0.01228   0.02889   0.05338   0.07958   0.03294   0.05783   0.09829   0.08440   0.13230   0.09562   2.00287   1.77388   1.41965   1.57524   0.40420  
  3 367.5013   2081.134932  x:  0.00000   0.05466   0.06996   0.02730   0.05399   0.07322   0.03478   0.04869   0.10016   0.06276   0.13302   0.00000   0.04892   0.01713   0.03320   0.00477   0.07882   0.03395   0.04793   0.09975   0.06312   0.14095   0.09245   2.01901   1.77326   1.41347   1.57996   0.42430  
  4 391.1456   2079.855676  x:  0.00000   0.05315   0.06948   0.02736   0.04619   0.07032   0.03716   0.04990   0.09994   0.06002   0.13333   0.00000   0.05759   0.01891   0.03332   0.00102   0.07886   0.03720   0.04657   0.09591   0.05572   0.14098   0.08391   2.03043   1.77281   1.40901   1.58342   0.43570  
  5 121.4044   2078.474650  x:  0.00000   0.05326   0.06937   0.02744   0.03247   0.06459   0.03891   0.05075   0.09973   0.05701   0.13496   0.00000   0.06255   0.02136   0.03521   0.00550   0.07896   0.04129   0.04296   0.09189   0.04188   0.14306   0.07537   2.04905   1.77208   1.40178   1.58902   0.45475  
  6 527.6295   2074.092556  x:  0.00000   0.04623   0.06768   0.02931   0.04276   0.06277   0.05150   0.06073   0.09623   0.06330   0.12927   0.00000   0.06284   0.01645   0.05587   0.00524   0.07954   0.04697   0.05390   0.06481   0.02279   0.13190   0.08784   2.14724   1.76842   1.36383   1.61865   0.53456  
  7 128.0261   2068.184757  x:  0.00000   0.06043   0.06860   0.02317   0.06120   0.07482   0.04904   0.05880   0.09363   0.05751   0.11988   0.00000   0.06346   0.01092   0.02819   0.00675   0.07903   0.03711   0.05849   0.08131   0.03025   0.11986   0.08629   2.30751   1.76269   1.30433   1.66521   0.63416  
  8 228.4534   2064.440299  x:  0.00000   0.05245   0.06976   0.02809   0.06421   0.08278   0.03968   0.05114   0.09457   0.05360   0.11672   0.00000   0.06276   0.01815   0.04020   0.00724   0.07791   0.02960   0.05406   0.10270   0.06117   0.11995   0.07690   2.43712   1.75814   1.25878   1.70098   0.69541  
  9 434.3048   2060.836456  x:  0.00000   0.05680   0.06708   0.03102   0.05070   0.08358   0.03651   0.04687   0.10001   0.07292   0.12471   0.00000   0.06019   0.02175   0.02726   0.00688   0.07661   0.05089   0.04721   0.08733   0.09730   0.13490   0.08000   2.58327   1.75329   1.21699   1.73453   0.70703  
 10 177.3408   2055.608591  x:  0.00000   0.05636   0.06115   0.01256   0.03844   0.07534   0.04683   0.05609   0.10162   0.05415   0.13696   0.00000   0.05890   0.00761   0.03047   0.00620   0.07747   0.05251   0.05134   0.08490   0.10645   0.14389   0.08877   2.78688   1.74675   1.17028   1.77313   0.67501  
 11 225.6494   2049.563021  x:  0.00000   0.05830   0.05951   0.03989   0.03253   0.06154   0.06044   0.06959   0.10162   0.03734   0.15049   0.00000   0.05889   0.00283   0.02899   0.00572   0.07909   0.04506   0.05895   0.08740   0.09662   0.14923   0.09679   3.10126   1.73674   1.10317   1.82950   0.61343  
 12 957.5450   2043.567642  x:  0.00000   0.05844   0.06061   0.04278   0.03452   0.04709   0.07401   0.08335   0.09864   0.04298   0.16278   0.00000   0.06330   0.03711   0.03039   0.00576   0.08071   0.02912   0.06722   0.09524   0.06868   0.15039   0.10427   3.51418   1.72365   1.01948   1.90091   0.52723  
 13 1909.0021   2037.499152  x:  0.00000   0.05263   0.06927   0.03863   0.04086   0.05695   0.06546   0.07561   0.09425   0.07113   0.15757   0.00000   0.06223   0.01858   0.04131   0.00485   0.07866   0.02674   0.05848   0.10181   0.03351   0.14430   0.08532   3.80334   1.71463   0.97337   1.94429   0.46366  
 14 717.5281   2034.600653  x:  0.00000   0.05388   0.07248   0.03757   0.04673   0.06198   0.03988   0.05355   0.09115   0.05719   0.13936   0.00000   0.06750   0.02177   0.04620   0.00485   0.07584   0.03358   0.04435   0.08819   0.01835   0.13522   0.09214   3.93638   1.71114   0.97309   1.95338   0.43875  
 15 237.9929   2033.345295  x:  0.00000   0.05500   0.07314   0.03696   0.03973   0.05407   0.03264   0.04887   0.09099   0.06001   0.12773   0.00000   0.06816   0.01960   0.04572   0.00492   0.07694   0.02014   0.04802   0.08028   0.02034   0.13050   0.09181   3.99913   1.71071   0.99564   1.94554   0.43525  
 16 103.6208   2029.653863  x:  0.00000   0.05462   0.07562   0.03747   0.03141   0.03938   0.03462   0.05159   0.09308   0.06552   0.10197   0.00000   0.06778   0.01921   0.04631   0.00404   0.08080   0.03724   0.06250   0.09760   0.02197   0.12416   0.09745   4.21709   1.71199   1.10832   1.89876   0.43638  
 17 197.9208   2022.435456  x:  0.00000   0.05630   0.08053   0.04117   0.03587   0.07867   0.05106   0.06472   0.09920   0.06302   0.12507   0.00000   0.07008   0.02603   0.04741   0.00486   0.08395   0.02790   0.05454   0.09661   0.01865   0.14587   0.09911   4.68213   1.71770   1.36862   1.78359   0.45058  
 18 457.0627   2021.424296  x:  0.00000   0.05668   0.07875   0.04003   0.05056   0.06175   0.04705   0.06303   0.09502   0.06372   0.14410   0.00000   0.07076   0.02410   0.04737   0.00540   0.08018   0.02905   0.04804   0.09562   0.02027   0.14307   0.09329   4.74018   1.72100   1.40036   1.76571   0.45392  
 19 128.1000   2021.200227  x:  0.00000   0.05685   0.07411   0.04059   0.04672   0.06440   0.04452   0.05807   0.09298   0.06461   0.15220   0.00000   0.07061   0.02435   0.04770   0.00523   0.07842   0.03033   0.05413   0.09671   0.01994   0.13524   0.09419   4.74886   1.72817   1.39987   1.75634   0.45492  
 20 14.8829   2017.984129  x:  0.00000   0.06009   0.07750   0.04047   0.04322   0.06337   0.05085   0.05499   0.09796   0.06857   0.14773   0.00000   0.07398   0.02225   0.05015   0.00527   0.09047   0.02819   0.03573   0.09970   0.02213   0.12598   0.10234   4.83330   1.87929   1.32583   1.58326   0.47299  
 21 19.5256   2016.770065  x:  0.00000   0.06092   0.08049   0.03980   0.04833   0.06277   0.03947   0.05410   0.09836   0.06769   0.14470   0.00000   0.07571   0.02189   0.05139   0.00551   0.08395   0.02910   0.05094   0.09889   0.01888   0.14566   0.09959   4.86519   1.93492   1.29697   1.51799   0.48097  
 22 159.9788   2016.159762  x:  0.00000   0.06178   0.07259   0.04056   0.04660   0.06375   0.03884   0.06044   0.09025   0.06913   0.13984   0.00000   0.07607   0.02173   0.05177   0.00574   0.06555   0.02784   0.04628   0.10026   0.01929   0.14753   0.10130   4.87224   1.93511   1.29311   1.51116   0.48432  
 23 12.6522   2002.847444  x:  0.00000   0.07612   0.04667   0.04201   0.04445   0.06364   0.01489   0.04995   0.04620   0.08386   0.14296   0.00000   0.09040   0.01430   0.06457   0.00550   0.10152   0.02689   0.03507   0.11546   0.01427   0.17817   0.12097   4.97099   1.76612   1.27280   1.52870   0.56013  
 24 16.3797   1991.919018  x:  0.00000   0.08720   0.06019   0.04037   0.04384   0.05702   0.01915   0.01569   0.07725   0.09274   0.15144   0.00000   0.10275   0.00810   0.07520   0.00598   0.08404   0.02302   0.03114   0.12659   0.00854   0.18969   0.13908   5.04879   1.62829   1.25771   1.54597   0.62076  
 25 382.1542   1990.276204  x:  0.00000   0.08897   0.06898   0.03967   0.04167   0.05736   0.00985   0.02287   0.08590   0.09383   0.15539   0.00000   0.10500   0.00731   0.07687   0.00598   0.08122   0.02361   0.03033   0.12789   0.00833   0.18601   0.14245   5.06095   1.60669   1.25539   1.54899   0.63020  
 26 274.8772   1989.758582  x:  0.00000   0.08944   0.08842   0.03889   0.03815   0.05771   0.01086   0.02248   0.07550   0.09312   0.15840   0.00000   0.10597   0.00713   0.07703   0.00596   0.07747   0.02436   0.03153   0.12753   0.01065   0.18386   0.14503   5.06537   1.59969   1.25478   1.55052   0.63344  
 27 51.7134   1981.592064  x:  0.00000   0.10037   0.08579   0.03691   0.04070   0.05713   0.02543   0.04128   0.09504   0.10614   0.16701   0.00000   0.13120   0.00214   0.08676   0.00748   0.07356   0.02008   0.03389   0.13679   0.01316   0.19847   0.16761   5.22282   2.05469   1.44503   2.03610   0.65463  
 28  2.4333   1977.777766  x:  0.00000   0.10606   0.06731   0.03703   0.04079   0.05990   0.03361   0.05127   0.11484   0.11174   0.16228   0.00000   0.14214   0.00527   0.08841   0.00818   0.07942   0.02286   0.03639   0.14228   0.02509   0.19979   0.17940   5.40779   1.66874   1.29378   1.74037   0.67805  
 29  4.4202   1972.211124  x:  0.00000   0.12262   0.09088   0.03119   0.03047   0.06295   0.02652   0.04340   0.11078   0.11291   0.17392   0.00000   0.17843   0.01919   0.10117   0.00832   0.06923   0.02910   0.04159   0.13817   0.02199   0.21343   0.21178   6.38606   1.99322   1.35068   1.95750   0.71837  
 30  0.9351   1968.276032  x:  0.00000   0.13397   0.10284   0.02485   0.02847   0.05723   0.02999   0.04680   0.10322   0.12238   0.17285   0.00000   0.20536   0.00879   0.11017   0.00825   0.07153   0.02787   0.04162   0.13745   0.01324   0.21223   0.22973   7.19542   1.66183   1.16517   1.62127   0.75028  
 31  1.6316   1966.906944  x:  0.00000   0.13536   0.08852   0.02345   0.03762   0.05951   0.02378   0.03871   0.10599   0.12340   0.16644   0.00000   0.21572   0.00364   0.10938   0.00818   0.07533   0.02958   0.03961   0.13504   0.02288   0.21630   0.23152   7.66764   1.66767   1.17672   1.63235   0.74879  
 32  0.9232   1965.224773  x:  0.00000   0.13830   0.07740   0.02659   0.04166   0.05621   0.02208   0.03660   0.09983   0.11594   0.16479   0.00000   0.22592   0.01030   0.10591   0.00666   0.07836   0.02245   0.03327   0.13082   0.01836   0.21602   0.23380   8.50919   1.78573   1.29575   1.80901   0.75683  
 33  0.8646   1963.904927  x:  0.00000   0.13936   0.07097   0.03093   0.03043   0.05817   0.02447   0.04019   0.09554   0.11157   0.16303   0.00000   0.23327   0.00681   0.10059   0.00399   0.07749   0.02325   0.03814   0.12838   0.01098   0.20506   0.23133   9.40121   1.72191   1.25996   1.77240   0.75888  
 34  0.6112   1963.246403  x:  0.00000   0.13713   0.07491   0.03115   0.03381   0.05653   0.02435   0.04161   0.09943   0.10423   0.15931   0.00000   0.23481   0.00645   0.09173   0.00313   0.07435   0.02770   0.03857   0.13068   0.01778   0.19901   0.22655  10.04468   1.70998   1.19843   1.72409   0.75820  
 35  0.4432   1963.015795  x:  0.00000   0.13557   0.08468   0.02962   0.03666   0.05591   0.02523   0.04338   0.09860   0.09971   0.16202   0.00000   0.23410   0.00618   0.08791   0.00374   0.07601   0.02543   0.03814   0.13281   0.01568   0.19925   0.22290  10.45483   1.72293   1.22350   1.75589   0.76006  
 36  0.2722   1962.902848  x:  0.00000   0.13450   0.08235   0.02912   0.03221   0.05778   0.02461   0.04257   0.10157   0.09872   0.16593   0.00000   0.23115   0.00621   0.08660   0.00426   0.07660   0.02468   0.03712   0.13389   0.01669   0.20415   0.21982  10.71928   1.74443   1.23599   1.77996   0.75829  
 37  0.2084   1962.822678  x:  0.00000   0.13364   0.07926   0.02899   0.03467   0.05669   0.02471   0.04186   0.10330   0.09956   0.16736   0.00000   0.22711   0.00654   0.08811   0.00520   0.07466   0.02586   0.03865   0.13341   0.01549   0.20937   0.21744  10.94623   1.73874   1.22559   1.77271   0.75886  
 38  0.1087   1962.778192  x:  0.00000   0.13309   0.08020   0.02942   0.03388   0.05715   0.02518   0.04195   0.10264   0.10148   0.16697   0.00000   0.22196   0.00607   0.09012   0.00524   0.07591   0.02559   0.03662   0.13312   0.01535   0.21068   0.21669  11.10254   1.71559   1.21252   1.75118   0.76188  
 39  0.0842   1962.751895  x:  0.00000   0.13260   0.08078   0.02966   0.03385   0.05761   0.02485   0.04155   0.10150   0.10260   0.16664   0.00000   0.21820   0.00655   0.09139   0.00498   0.07654   0.02500   0.03848   0.13288   0.01597   0.20878   0.21721  11.20127   1.72189   1.21773   1.75742   0.76270  
 40  0.0621   1962.744374  x:  0.00000   0.13259   0.08059   0.02952   0.03408   0.05684   0.02491   0.04177   0.10118   0.10282   0.16645   0.00000   0.21729   0.00650   0.09169   0.00473   0.07549   0.02543   0.03782   0.13292   0.01606   0.20710   0.21816  11.25298   1.72894   1.22193   1.76589   0.76208  
 41  0.0393   1962.742520  x:  0.00000   0.13267   0.08034   0.02927   0.03417   0.05716   0.02499   0.04203   0.10148   0.10282   0.16623   0.00000   0.21745   0.00634   0.09169   0.00476   0.07582   0.02535   0.03794   0.13308   0.01603   0.20666   0.21932  11.27626   1.72948   1.22036   1.76613   0.76093  
 42  0.0121   1962.741682  x:  0.00000   0.13272   0.08051   0.02926   0.03405   0.05710   0.02492   0.04204   0.10164   0.10271   0.16639   0.00000   0.21719   0.00644   0.09166   0.00484   0.07572   0.02534   0.03786   0.13303   0.01600   0.20697   0.22039  11.27664   1.72862   1.22116   1.76543   0.76006  
 43  0.0009   1962.741463  x:  0.00000   0.13264   0.08050   0.02938   0.03409   0.05705   0.02486   0.04198   0.10152   0.10254   0.16621   0.00000   0.21698   0.00640   0.09143   0.00482   0.07576   0.02537   0.03792   0.13294   0.01600   0.20694   0.22060  11.27190   1.72826   1.22080   1.76493   0.76002  
 44  0.0025   1962.741412  x:  0.00000   0.13260   0.08046   0.02936   0.03410   0.05709   0.02488   0.04198   0.10153   0.10252   0.16624   0.00000   0.21681   0.00641   0.09136   0.00482   0.07575   0.02536   0.03788   0.13294   0.01601   0.20705   0.22062  11.26732   1.72871   1.22090   1.76551   0.76050  
 45  0.0022   1962.741405  x:  0.00000   0.13260   0.08046   0.02934   0.03409   0.05707   0.02489   0.04199   0.10153   0.10254   0.16629   0.00000   0.21679   0.00640   0.09136   0.00482   0.07575   0.02536   0.03790   0.13293   0.01601   0.20704   0.22065  11.26665   1.72863   1.22093   1.76543   0.76062  
 46  0.0006   1962.741404  x:  0.00000   0.13260   0.08047   0.02934   0.03409   0.05708   0.02489   0.04198   0.10152   0.10255   0.16629   0.00000   0.21680   0.00640   0.09136   0.00482   0.07575   0.02537   0.03790   0.13291   0.01601   0.20703   0.22066  11.26702   1.72866   1.22093   1.76538   0.76064  
 47  0.0003   1962.741404  x:  0.00000   0.13260   0.08046   0.02934   0.03409   0.05708   0.02489   0.04198   0.10152   0.10255   0.16629   0.00000   0.21681   0.00640   0.09136   0.00482   0.07575   0.02536   0.03790   0.13291   0.01601   0.20703   0.22065  11.26742   1.72864   1.22093   1.76538   0.76065  
 48  0.0003   1962.741404  x:  0.00000   0.13260   0.08046   0.02934   0.03409   0.05708   0.02489   0.04198   0.10152   0.10255   0.16629   0.00000   0.21681   0.00640   0.09135   0.00482   0.07575   0.02537   0.03790   0.13291   0.01601   0.20703   0.22066  11.26750   1.72864   1.22093   1.76540   0.76065  
 49  0.0000   1962.741404  x:  0.00000   0.13259   0.08046   0.02934   0.03409   0.05708   0.02489   0.04198   0.10152   0.10255   0.16629   0.00000   0.21681   0.00640   0.09135   0.00482   0.07575   0.02536   0.03790   0.13291   0.01601   0.20703   0.22066  11.26742   1.72865   1.22093   1.76539   0.76065  
 50  0.0000   1962.741404  x:  0.00000   0.13259   0.08046   0.02934   0.03409   0.05708   0.02489   0.04198   0.10152   0.10255   0.16629   0.00000   0.21681   0.00640   0.09135   0.00482   0.07575   0.02536   0.03790   0.13291   0.01601   0.20703   0.22066  11.26741   1.72864   1.22093   1.76539   0.76064  
 51  0.0000   1962.741404  x:  0.00000   0.13259   0.08046   0.02934   0.03409   0.05708   0.02489   0.04198   0.10152   0.10255   0.16629   0.00000   0.21681   0.00640   0.09135   0.00482   0.07575   0.02536   0.03790   0.13291   0.01601   0.20703   0.22066  11.26742   1.72864   1.22093   1.76539   0.76065  
 52  0.0000   1962.741404  x:  0.00000   0.13259   0.08046   0.02934   0.03409   0.05708   0.02489   0.04198   0.10152   0.10255   0.16629   0.00000   0.21681   0.00640   0.09135   0.00482   0.07575   0.02536   0.03790   0.13291   0.01601   0.20703   0.22066  11.26742   1.72864   1.22093   1.76539   0.76065  
 53  0.0000   1962.741404  x:  0.00000   0.13259   0.08046   0.02934   0.03409   0.05708   0.02489   0.04198   0.10152   0.10255   0.16629   0.00000   0.21681   0.00640   0.09135   0.00482   0.07575   0.02536   0.03790   0.13291   0.01601   0.20703   0.22066  11.26742   1.72864   1.22093   1.76539   0.76065  
 54  0.0000   1962.741404  x:  0.00000   0.13259   0.08046   0.02934   0.03409   0.05708   0.02489   0.04198   0.10152   0.10255   0.16629   0.00000   0.21681   0.00640   0.09135   0.00482   0.07575   0.02536   0.03790   0.13291   0.01601   0.20703   0.22066  11.26742   1.72864   1.22093   1.76539   0.76065  

TREE # 2

  0  0.0000   1996.640364  x:  0.15437   0.00000   0.20219   0.07520   0.04416   0.00723   0.14338   0.02689   0.05075   0.02460   0.06215   0.05756   0.03402   0.17320   0.06008   0.08041   0.03509   0.06728   0.04360   0.04183   0.06347   0.05750   0.04372  11.26742   1.58292   1.18068   1.59074   0.76065  
  1 99.0000   1996.639188  x:  0.15437   0.00000   0.20219   0.07521   0.04416   0.00723   0.14338   0.02689   0.05075   0.02460   0.06215   0.05756   0.03401   0.17320   0.06008   0.08041   0.03509   0.06728   0.04360   0.04183   0.06347   0.05750   0.04372  11.26742   1.58292   1.18068   1.59074   0.76065  
  2 428.0600   1988.182526  x:  0.16403   0.00000   0.20525   0.09942   0.03573   0.00478   0.14460   0.01215   0.04408   0.00372   0.06675   0.04124   0.00908   0.17424   0.07456   0.08747   0.03511   0.07595   0.03741   0.04177   0.05150   0.05745   0.03318  11.26744   1.58375   1.17953   1.59207   0.76093  
  3 402.9462   1986.183086  x:  0.16694   0.00000   0.20570   0.10270   0.03353   0.00720   0.14458   0.01348   0.04269   0.00357   0.06756   0.03717   0.00000   0.17409   0.07538   0.08842   0.02999   0.07663   0.03629   0.04201   0.04840   0.05750   0.03118  11.26746   1.58407   1.17913   1.59256   0.76105  
  4 326.9259   1985.806381  x:  0.17028   0.00000   0.20602   0.10511   0.03206   0.00411   0.14440   0.01416   0.04165   0.00680   0.06817   0.03364   0.00000   0.17379   0.07561   0.08928   0.02750   0.07688   0.03565   0.04223   0.04554   0.05758   0.02990  11.26747   1.58447   1.17860   1.59320   0.76121  
  5 166.5152   1985.518545  x:  0.17935   0.00000   0.20603   0.10516   0.03155   0.00578   0.14275   0.01323   0.04128   0.00873   0.06805   0.02863   0.00000   0.17233   0.07219   0.09018   0.03097   0.07483   0.03655   0.04277   0.04080   0.05788   0.03065  11.26753   1.58581   1.17690   1.59534   0.76176  
  6 56.3929   1985.325711  x:  0.18675   0.00000   0.20590   0.10416   0.03168   0.00423   0.14127   0.01427   0.04139   0.00622   0.06767   0.02650   0.00000   0.17099   0.06918   0.09042   0.03121   0.07292   0.03733   0.04324   0.03804   0.05809   0.03158  11.26759   1.58706   1.17534   1.59732   0.76227  
  7 105.1616   1985.074399  x:  0.20452   0.00000   0.20591   0.10523   0.03352   0.00449   0.13830   0.01413   0.04178   0.00631   0.06738   0.03321   0.00000   0.16819   0.07120   0.09107   0.03026   0.07264   0.03698   0.04375   0.03804   0.05813   0.03136  11.26778   1.59105   1.17045   1.60377   0.76391  
  8 40.2077   1984.978860  x:  0.21006   0.00000   0.20554   0.10370   0.03027   0.00442   0.13805   0.01451   0.04216   0.00624   0.06739   0.03178   0.00000   0.16723   0.07269   0.08987   0.03066   0.07408   0.03670   0.04300   0.04307   0.05783   0.03129  11.26795   1.59440   1.16668   1.60920   0.76522  
  9 23.5834   1984.847097  x:  0.21131   0.00000   0.20429   0.10385   0.03542   0.00451   0.13846   0.01393   0.04188   0.00629   0.06759   0.02844   0.00000   0.16681   0.07324   0.08738   0.02985   0.07633   0.03645   0.04140   0.04560   0.05738   0.03098  11.26840   1.60285   1.15799   1.62285   0.76838  
 10 19.4566   1984.162440  x:  0.20536   0.00000   0.19864   0.10634   0.03165   0.00440   0.14502   0.01444   0.03926   0.00585   0.06819   0.03176   0.00000   0.16707   0.07129   0.08244   0.03167   0.07932   0.03590   0.04045   0.03860   0.05687   0.02894  11.27108   1.65175   1.11026   1.70113   0.78595  
 11 60.7694   1983.941628  x:  0.20206   0.00000   0.19925   0.10850   0.03149   0.00444   0.14324   0.01459   0.04218   0.00595   0.06743   0.03024   0.00000   0.16739   0.07465   0.08936   0.03105   0.07398   0.03618   0.04451   0.03981   0.05764   0.03195  11.27209   1.66858   1.09798   1.72717   0.79089  
 12 64.6863   1983.813046  x:  0.20004   0.00000   0.20301   0.10802   0.03130   0.00431   0.13664   0.01486   0.04006   0.00586   0.06682   0.03040   0.00000   0.16733   0.07360   0.09428   0.03156   0.07249   0.03578   0.04145   0.04104   0.05737   0.02775  11.27290   1.67892   1.09902   1.74135   0.79178  
 13 22.2199   1983.559748  x:  0.19781   0.00000   0.21219   0.10933   0.02967   0.00421   0.12536   0.01542   0.03950   0.00594   0.06781   0.03073   0.00000   0.16772   0.07340   0.09480   0.03161   0.07898   0.03538   0.04024   0.03932   0.05671   0.03355  11.27487   1.70092   1.11287   1.76902   0.79079  
 14 31.8288   1982.880282  x:  0.19735   0.00000   0.22710   0.11416   0.02903   0.00406   0.11980   0.01607   0.04580   0.00583   0.06834   0.02990   0.00000   0.16887   0.07539   0.08388   0.03368   0.07840   0.03764   0.04951   0.03839   0.05733   0.02580  11.28051   1.75958   1.16416   1.83952   0.78483  
 15 63.8619   1981.393442  x:  0.20206   0.00000   0.23909   0.12452   0.02920   0.00406   0.13697   0.01667   0.03590   0.00532   0.06706   0.02956   0.00000   0.16999   0.08118   0.08016   0.03584   0.06691   0.03204   0.04110   0.03942   0.05818   0.03162  11.29322   1.88784   1.28607   1.99118   0.77002  
 16 174.1634   1980.321193  x:  0.20639   0.00000   0.22768   0.12432   0.03046   0.00416   0.15213   0.01661   0.04235   0.00482   0.06818   0.02917   0.00000   0.16879   0.08072   0.09827   0.03606   0.08063   0.03684   0.03940   0.03720   0.05633   0.02825  11.30300   1.98331   1.37993   2.10251   0.75940  
 17 214.3432   1979.996903  x:  0.20629   0.00000   0.21194   0.12333   0.03052   0.00406   0.14729   0.01698   0.03672   0.00453   0.06983   0.02869   0.00000   0.16804   0.08262   0.09979   0.03735   0.08261   0.03101   0.04617   0.03692   0.05665   0.02748  11.30592   2.00888   1.40607   2.13088   0.75798  
 18 71.1594   1979.740709  x:  0.20531   0.00000   0.19360   0.12843   0.02828   0.00405   0.13830   0.01781   0.03880   0.00454   0.07021   0.02834   0.00000   0.16711   0.08683   0.09673   0.03771   0.08010   0.03394   0.04189   0.03552   0.05705   0.02768  11.30835   2.02726   1.42539   2.14992   0.75875  
 19 54.5887   1979.672798  x:  0.20490   0.00000   0.19109   0.13412   0.02767   0.00407   0.13737   0.01814   0.03957   0.00468   0.06799   0.02883   0.00000   0.16464   0.08294   0.09661   0.03807   0.08048   0.03289   0.04231   0.03792   0.05607   0.02804  11.30921   2.02935   1.42783   2.15020   0.76193  
 20  8.8921   1979.202065  x:  0.20254   0.00000   0.19254   0.13853   0.02746   0.00407   0.13826   0.01894   0.03387   0.00464   0.06978   0.02865   0.00000   0.14564   0.08612   0.09685   0.03894   0.08193   0.04022   0.04440   0.03869   0.05889   0.02813  11.31617   2.02873   1.42915   2.12740   0.79735  
 21  8.3642   1978.516810  x:  0.20142   0.00000   0.19548   0.13870   0.02750   0.00406   0.13929   0.01975   0.04123   0.00464   0.07153   0.02760   0.00000   0.13387   0.09152   0.09690   0.04101   0.08224   0.02947   0.04061   0.03458   0.05805   0.02700  11.32632   2.02549   1.42831   2.09181   0.84716  
 22 78.3104   1976.779566  x:  0.20931   0.00000   0.20153   0.14704   0.02815   0.00403   0.14091   0.02210   0.03773   0.00472   0.06823   0.02667   0.00000   0.17294   0.09742   0.09951   0.04436   0.08604   0.03248   0.04176   0.03452   0.04825   0.02640  11.35451   2.00985   1.41760   1.98959   0.97195  
 23 81.1937   1976.511244  x:  0.21062   0.00000   0.20225   0.14983   0.02830   0.00404   0.14112   0.02249   0.03851   0.00469   0.07143   0.02699   0.00000   0.17947   0.09559   0.10021   0.04501   0.08756   0.03143   0.04076   0.03609   0.06065   0.02618  11.35903   2.00507   1.41336   1.97392   0.98383  
 24 49.7943   1972.590559  x:  0.21352   0.00000   0.21042   0.18243   0.02872   0.00436   0.14214   0.02848   0.03955   0.00398   0.12200   0.02813   0.00000   0.17518   0.09871   0.10228   0.05504   0.08718   0.03054   0.03885   0.04321   0.04550   0.02535  11.42936   1.84103   1.25440   1.76145   0.84661  
 25 17.3816   1968.661829  x:  0.21472   0.00000   0.21745   0.20001   0.02822   0.00468   0.14193   0.03375   0.03565   0.00451   0.08144   0.02367   0.00000   0.16652   0.12169   0.10069   0.06258   0.10111   0.02831   0.03786   0.03587   0.05492   0.02246  11.49225   1.68763   1.11076   1.57517   0.71569  
 26 263.8924   1967.962466  x:  0.21560   0.00000   0.21754   0.20313   0.02801   0.00480   0.14131   0.03512   0.03558   0.00469   0.08089   0.02350   0.00000   0.16686   0.12406   0.10065   0.06423   0.10206   0.02800   0.03791   0.03546   0.05498   0.02234  11.50322   1.56312   1.11021   1.61671   0.72319  
 27  9.7722   1965.913351  x:  0.20893   0.00000   0.20847   0.18522   0.03285   0.00827   0.14104   0.04817   0.03925   0.01193   0.07029   0.02855   0.00000   0.16658   0.12407   0.09808   0.07383   0.10036   0.03144   0.04100   0.03692   0.05729   0.02808  11.52788   1.70269   1.19405   1.75937   0.72602  
 28  0.5333   1963.921980  x:  0.22347   0.00000   0.20240   0.22003   0.01543   0.00841   0.12903   0.06142   0.03725   0.00685   0.07362   0.02443   0.00000   0.16874   0.13682   0.10297   0.08315   0.10456   0.02948   0.04372   0.03225   0.05923   0.02449  11.48760   1.78116   1.26490   1.83069   0.79705  
 29  0.1280   1963.209957  x:  0.22257   0.00000   0.20533   0.22350   0.01661   0.00807   0.13287   0.07438   0.03880   0.00348   0.08217   0.02719   0.00000   0.16547   0.13693   0.10284   0.09024   0.10194   0.02932   0.04213   0.03607   0.05641   0.02592  11.39616   1.72979   1.22412   1.77439   0.75277  
 30  0.0823   1962.966945  x:  0.22045   0.00000   0.20730   0.21806   0.01755   0.00774   0.13488   0.08197   0.03843   0.00573   0.07377   0.02568   0.00000   0.16491   0.13572   0.10184   0.09233   0.10099   0.02880   0.04142   0.03475   0.05636   0.02474  11.33018   1.71310   1.20693   1.74164   0.75864  
 31  0.0639   1962.852549  x:  0.22063   0.00000   0.20650   0.21763   0.01466   0.00681   0.13234   0.08790   0.03740   0.00465   0.07414   0.02452   0.00000   0.16511   0.13330   0.10156   0.09120   0.10063   0.02894   0.04206   0.03305   0.05708   0.02466  11.26113   1.73927   1.22473   1.77383   0.75896  
 32  0.0569   1962.797266  x:  0.22066   0.00000   0.20676   0.21352   0.01674   0.00616   0.13308   0.08990   0.03754   0.00470   0.07731   0.02524   0.00000   0.16668   0.13012   0.10189   0.08790   0.10061   0.02934   0.04241   0.03359   0.05753   0.02498  11.22961   1.73799   1.22843   1.77550   0.76414  
 33  0.0281   1962.755760  x:  0.22121   0.00000   0.20757   0.21470   0.01591   0.00587   0.13238   0.09090   0.03815   0.00466   0.07497   0.02593   0.00000   0.16652   0.13029   0.10247   0.08250   0.10211   0.02932   0.04179   0.03469   0.05709   0.02503  11.22631   1.72373   1.22045   1.76285   0.75915  
 34  0.0116   1962.743553  x:  0.22062   0.00000   0.20718   0.21623   0.01594   0.00632   0.13288   0.09071   0.03802   0.00496   0.07591   0.02515   0.00000   0.16641   0.13157   0.10279   0.08053   0.10215   0.02924   0.04189   0.03413   0.05686   0.02478  11.24503   1.72748   1.21994   1.76489   0.75862  
 35  0.0145   1962.741815  x:  0.22057   0.00000   0.20711   0.21675   0.01605   0.00640   0.13294   0.09102   0.03786   0.00479   0.07565   0.02532   0.00000   0.16639   0.13226   0.10269   0.08042   0.10188   0.02933   0.04197   0.03396   0.05704   0.02488  11.25242   1.72817   1.22035   1.76430   0.76139  
 36  0.0078   1962.741441  x:  0.22062   0.00000   0.20700   0.21689   0.01599   0.00642   0.13285   0.09134   0.03788   0.00482   0.07580   0.02540   0.00000   0.16628   0.13253   0.10256   0.08049   0.10158   0.02935   0.04198   0.03410   0.05709   0.02489  11.25749   1.72884   1.22103   1.76550   0.76066  
 37  0.0047   1962.741414  x:  0.22065   0.00000   0.20703   0.21683   0.01602   0.00641   0.13291   0.09137   0.03790   0.00482   0.07574   0.02536   0.00000   0.16628   0.13258   0.10255   0.08046   0.10153   0.02934   0.04198   0.03410   0.05708   0.02490  11.26060   1.72873   1.22100   1.76550   0.76053  
 38  0.0029   1962.741406  x:  0.22066   0.00000   0.20704   0.21681   0.01601   0.00640   0.13292   0.09136   0.03791   0.00482   0.07575   0.02537   0.00000   0.16630   0.13260   0.10255   0.08046   0.10151   0.02934   0.04198   0.03409   0.05707   0.02490  11.26419   1.72854   1.22088   1.76526   0.76065  
 39  0.0025   1962.741404  x:  0.22066   0.00000   0.20703   0.21680   0.01601   0.00640   0.13291   0.09135   0.03790   0.00482   0.07575   0.02537   0.00000   0.16630   0.13260   0.10255   0.08046   0.10152   0.02934   0.04198   0.03409   0.05708   0.02489  11.26648   1.72866   1.22093   1.76540   0.76064  
 40  0.0016   1962.741404  x:  0.22066   0.00000   0.20703   0.21681   0.01601   0.00640   0.13291   0.09135   0.03790   0.00482   0.07575   0.02536   0.00000   0.16629   0.13260   0.10255   0.08046   0.10152   0.02934   0.04198   0.03409   0.05708   0.02490  11.26721   1.72865   1.22093   1.76539   0.76064  
 41  0.0005   1962.741404  x:  0.22066   0.00000   0.20703   0.21681   0.01601   0.00640   0.13291   0.09135   0.03790   0.00482   0.07575   0.02536   0.00000   0.16629   0.13259   0.10255   0.08046   0.10152   0.02934   0.04198   0.03409   0.05708   0.02489  11.26740   1.72865   1.22093   1.76539   0.76064  
 42  0.0002   1962.741404  x:  0.22066   0.00000   0.20703   0.21681   0.01601   0.00640   0.13291   0.09135   0.03790   0.00482   0.07575   0.02536   0.00000   0.16629   0.13259   0.10255   0.08046   0.10152   0.02934   0.04198   0.03409   0.05708   0.02489  11.26741   1.72864   1.22093   1.76539   0.76065  
 43  0.0000   1962.741404  x:  0.22066   0.00000   0.20703   0.21681   0.01601   0.00640   0.13291   0.09135   0.03790   0.00482   0.07575   0.02536   0.00000   0.16629   0.13259   0.10255   0.08046   0.10152   0.02934   0.04198   0.03409   0.05708   0.02489  11.26742   1.72864   1.22093   1.76539   0.76065  
 44  0.0000   1962.741404  x:  0.22066   0.00000   0.20703   0.21681   0.01601   0.00640   0.13291   0.09135   0.03790   0.00482   0.07575   0.02536   0.00000   0.16629   0.13259   0.10255   0.08046   0.10152   0.02934   0.04198   0.03409   0.05708   0.02489  11.26742   1.72864   1.22093   1.76539   0.76065  
 45  0.0000   1962.741404  x:  0.22066   0.00000   0.20703   0.21681   0.01601   0.00640   0.13291   0.09135   0.03790   0.00482   0.07575   0.02536   0.00000   0.16629   0.13259   0.10255   0.08046   0.10152   0.02934   0.04198   0.03409   0.05708   0.02489  11.26742   1.72864   1.22093   1.76539   0.76065  