

TREE # 1

  0  0.0000   2231.646876  x:  0.01972   0.20925   0.02571   0.03211   0.02495   0.05815   0.02188   0.05666   0.08536   0.02661   0.17168   0.01972   0.20925   0.02571   0.03211   0.02495   0.05815   0.02188   0.05666   0.08536   0.02661   0.17168   0.21568   8.40433   1.68786   1.13217   1.31114   1.00000  
  1 99.0000   2210.282407  x:  0.00000   0.20713   0.02150   0.04814   0.03629   0.07658   0.05090   0.06584   0.10142   0.03645   0.17271   0.00014   0.20767   0.03157   0.04377   0.03412   0.06936   0.05345   0.07306   0.09993   0.02187   0.17429   0.22071   8.40423   1.68670   1.12946   1.31484   1.00066  
  2 498.5170   2210.244695  x:  0.00000   0.20712   0.02148   0.04814   0.03628   0.07662   0.05087   0.06587   0.10148   0.03646   0.17271   0.00000   0.20766   0.03157   0.04377   0.03411   0.06938   0.05342   0.07311   0.09999   0.02186   0.17431   0.22074   8.40423   1.68670   1.12944   1.31487   1.00066  
  3 242.9355   2208.938009  x:  0.00000   0.19257   0.03444   0.04723   0.03967   0.07742   0.04855   0.06035   0.11257   0.03768   0.18033   0.00000   0.19724   0.03129   0.04202   0.03999   0.07052   0.05241   0.06665   0.11031   0.03672   0.18749   0.24470   8.40354   1.67850   1.11349   1.33863   1.00478  
  4 62.8693   2207.033882  x:  0.00000   0.16236   0.02315   0.04550   0.03631   0.07103   0.05452   0.05887   0.10710   0.03132   0.19592   0.00000   0.17355   0.02639   0.04108   0.03434   0.06647   0.05618   0.06462   0.10692   0.02629   0.21037   0.28413   8.40189   1.65911   1.07714   1.39355   1.01401  
  5 84.8925   2206.514054  x:  0.00000   0.15492   0.02418   0.04633   0.03661   0.07157   0.05232   0.06243   0.10067   0.03948   0.20127   0.00000   0.16615   0.03442   0.04253   0.03461   0.06626   0.05433   0.06825   0.10058   0.02456   0.21545   0.28991   8.40118   1.65130   1.06329   1.41488   1.01756  
  6 88.5804   2206.054631  x:  0.00000   0.15400   0.02626   0.04790   0.03875   0.07788   0.04970   0.06527   0.09708   0.03643   0.20651   0.00000   0.16104   0.02796   0.04346   0.03821   0.06991   0.05350   0.07178   0.09462   0.02735   0.21517   0.27974   8.40009   1.64038   1.04591   1.44291   1.02216  
  7 45.3319   2205.402972  x:  0.00000   0.15759   0.02457   0.04788   0.03638   0.07811   0.05068   0.06057   0.10210   0.03352   0.21216   0.00000   0.15755   0.03383   0.04263   0.03514   0.07039   0.05427   0.06759   0.09881   0.02782   0.21116   0.25416   8.39803   1.62107   1.01747   1.49078   1.02992  
  8 72.0907   2205.268196  x:  0.00000   0.15899   0.02514   0.04721   0.03706   0.07476   0.05107   0.06101   0.10346   0.03806   0.21101   0.00000   0.15936   0.03008   0.04220   0.03519   0.06835   0.05411   0.06758   0.10158   0.02613   0.20982   0.24946   8.39741   1.61623   1.01174   1.50205   1.03176  
  9 46.7496   2205.182462  x:  0.00000   0.16073   0.02462   0.04585   0.03798   0.07206   0.05138   0.06364   0.10310   0.03616   0.20489   0.00000   0.16585   0.03098   0.04268   0.03694   0.06644   0.05402   0.06961   0.10304   0.02750   0.20792   0.24998   8.39658   1.61160   1.00935   1.51141   1.03330  
 10 18.4887   2205.084972  x:  0.00000   0.16406   0.02569   0.04677   0.03659   0.07471   0.05168   0.06245   0.10247   0.03662   0.19451   0.00000   0.17515   0.03077   0.04149   0.03533   0.06797   0.05410   0.06844   0.10210   0.02673   0.20447   0.25363   8.39518   1.60519   1.00842   1.52344   1.03531  
 11 24.3172   2205.065169  x:  0.00000   0.16578   0.02431   0.04692   0.03771   0.07472   0.05058   0.06107   0.10317   0.03702   0.19301   0.00000   0.17536   0.03074   0.04312   0.03593   0.06830   0.05403   0.06797   0.10142   0.02656   0.20279   0.25500   8.39456   1.60352   1.00982   1.52618   1.03582  
 12  9.1696   2205.022933  x:  0.00000   0.17077   0.02530   0.04756   0.03686   0.07374   0.05102   0.06218   0.10440   0.03653   0.19258   0.00000   0.17200   0.03085   0.04256   0.03587   0.06798   0.05409   0.06843   0.10081   0.02634   0.19781   0.25819   8.39235   1.59935   1.01703   1.53252   1.03714  
 13  7.9401   2204.990018  x:  0.00000   0.17181   0.02422   0.04558   0.03765   0.07525   0.05168   0.06215   0.10262   0.03720   0.19347   0.00000   0.17104   0.03077   0.04157   0.03520   0.06784   0.05405   0.06866   0.10262   0.02744   0.19645   0.25887   8.39009   1.59647   1.02432   1.53729   1.03826  
 14 10.1908   2204.886723  x:  0.00000   0.16824   0.02497   0.04850   0.03630   0.07540   0.05014   0.06148   0.10031   0.03656   0.19714   0.00000   0.17274   0.03079   0.04342   0.03644   0.06826   0.05417   0.06877   0.10612   0.02605   0.19889   0.25685   8.38192   1.58914   1.04896   1.55170   1.04189  
 15 16.1247   2204.804394  x:  0.00000   0.16449   0.02460   0.04784   0.03817   0.07503   0.05071   0.06254   0.10472   0.03679   0.19880   0.00000   0.17448   0.03098   0.04221   0.03512   0.06882   0.05394   0.06903   0.10262   0.02611   0.20287   0.25430   8.37498   1.58536   1.06704   1.56240   1.04476  
 16 29.1395   2204.771742  x:  0.00000   0.16421   0.02424   0.04607   0.03548   0.07570   0.05120   0.06227   0.10593   0.03746   0.19767   0.00000   0.17374   0.03069   0.04314   0.03625   0.06835   0.05425   0.06965   0.10175   0.02661   0.20464   0.25353   8.37183   1.58699   1.07084   1.56548   1.04579  
 17  8.8019   2204.466160  x:  0.00000   0.16722   0.02493   0.04752   0.03792   0.07847   0.05127   0.06310   0.10642   0.03637   0.18247   0.00000   0.16213   0.03119   0.04339   0.03572   0.06615   0.05284   0.07063   0.10518   0.02468   0.21729   0.24935   8.34005   1.61780   1.08948   1.58900   1.05486  
 18 13.9327   2204.078319  x:  0.00000   0.16873   0.01973   0.05047   0.03549   0.07433   0.04799   0.06545   0.10702   0.03863   0.17909   0.00000   0.16020   0.03055   0.04029   0.03412   0.07553   0.05637   0.07284   0.10836   0.02904   0.21968   0.24970   8.29831   1.66168   1.10674   1.61727   1.06566  
 19 48.7710   2202.683026  x:  0.00000   0.16931   0.02338   0.04382   0.03709   0.08062   0.04911   0.06700   0.11640   0.03704   0.19203   0.00000   0.17249   0.03173   0.04608   0.03236   0.08216   0.05397   0.08038   0.11594   0.01881   0.20679   0.25905   8.14821   1.82118   1.16014   1.71518   1.10195  
 20 132.1850   2202.373418  x:  0.00000   0.16782   0.01869   0.05042   0.03574   0.08568   0.05034   0.06864   0.11961   0.03850   0.19543   0.00000   0.17585   0.03114   0.04517   0.03288   0.07455   0.05094   0.08008   0.11654   0.02163   0.20217   0.26126   8.11489   1.85487   1.17091   1.73562   1.10857  
 21 132.2759   2202.326567  x:  0.00000   0.16604   0.01858   0.05024   0.03586   0.08700   0.04733   0.06863   0.12041   0.03843   0.19504   0.00000   0.17556   0.03143   0.04306   0.03365   0.07233   0.05418   0.08040   0.11666   0.02080   0.20047   0.26130   8.10970   1.85664   1.17115   1.73665   1.10703  
 22 12.5418   2202.168045  x:  0.00000   0.15750   0.01979   0.05067   0.03576   0.08704   0.04678   0.06703   0.12170   0.03838   0.19128   0.00000   0.17230   0.03075   0.04546   0.02930   0.07177   0.05513   0.08456   0.11785   0.02273   0.19427   0.26074   8.09162   1.84934   1.16644   1.73214   1.09203  
 23 10.7904   2201.860046  x:  0.00000   0.14666   0.01811   0.05057   0.03588   0.08771   0.04962   0.06758   0.12411   0.03872   0.18656   0.00000   0.16753   0.03153   0.04288   0.03473   0.07647   0.05072   0.08476   0.12060   0.02019   0.18724   0.26065   8.05592   1.83042   1.15500   1.72072   1.05981  
 24 59.4097   2200.995022  x:  0.00000   0.15081   0.01589   0.04964   0.03484   0.09368   0.04674   0.08128   0.12926   0.03947   0.19089   0.00000   0.16661   0.03113   0.05017   0.03104   0.07963   0.05276   0.07838   0.12653   0.01864   0.19616   0.26696   7.95483   1.76707   1.11689   1.68328   0.96621  
 25 70.5997   2200.526108  x:  0.00000   0.15936   0.01499   0.05260   0.03527   0.09451   0.04695   0.07321   0.13159   0.03918   0.19657   0.00000   0.16860   0.03159   0.04550   0.03136   0.07900   0.05206   0.09084   0.12813   0.01782   0.20628   0.27160   7.89940   1.73001   1.09469   1.66077   0.91844  
 26 118.9064   2199.476206  x:  0.00000   0.15818   0.01258   0.05427   0.03477   0.09935   0.04591   0.07619   0.13794   0.03930   0.19960   0.00000   0.16519   0.03177   0.04673   0.03008   0.08230   0.05185   0.09677   0.13467   0.01541   0.21279   0.27898   7.77092   1.57831   1.01427   1.52761   1.01421  
 27 10.1081   2199.075441  x:  0.00000   0.16067   0.01874   0.05511   0.03573   0.10399   0.04763   0.07894   0.14529   0.04038   0.19998   0.00000   0.16660   0.03286   0.04589   0.03334   0.08434   0.05435   0.09957   0.14081   0.02117   0.21359   0.27870   7.69246   1.58284   1.01951   1.52868   1.02610  
 28  0.1114   2198.974456  x:  0.00000   0.16125   0.01657   0.05576   0.03648   0.10662   0.05100   0.07985   0.14988   0.04140   0.19949   0.00000   0.16809   0.03334   0.04586   0.03311   0.08387   0.05695   0.10119   0.14363   0.01986   0.21269   0.27575   7.71082   1.61425   1.04035   1.55707   1.03519  
 29  0.0495   2198.966701  x:  0.00000   0.16098   0.01635   0.05606   0.03649   0.10704   0.05133   0.07981   0.15071   0.04151   0.19914   0.00000   0.16782   0.03333   0.04613   0.03309   0.08389   0.05762   0.10139   0.14394   0.01939   0.21239   0.27528   7.74190   1.60002   1.03257   1.54494   1.03132  
 30  0.0368   2198.966520  x:  0.00000   0.16105   0.01631   0.05618   0.03648   0.10702   0.05124   0.07956   0.15076   0.04151   0.19917   0.00000   0.16780   0.03333   0.04619   0.03310   0.08393   0.05774   0.10135   0.14374   0.01942   0.21243   0.27543   7.74636   1.60086   1.03257   1.54519   1.03078  
 31  0.0035   2198.966509  x:  0.00000   0.16103   0.01633   0.05621   0.03649   0.10703   0.05126   0.07955   0.15081   0.04151   0.19918   0.00000   0.16781   0.03333   0.04620   0.03310   0.08395   0.05774   0.10131   0.14369   0.01940   0.21245   0.27544   7.74517   1.60077   1.03268   1.54529   1.03081  
 32  0.0010   2198.966508  x:  0.00000   0.16103   0.01633   0.05620   0.03649   0.10704   0.05126   0.07955   0.15083   0.04151   0.19918   0.00000   0.16781   0.03333   0.04620   0.03310   0.08395   0.05774   0.10129   0.14368   0.01941   0.21244   0.27543   7.74485   1.60073   1.03265   1.54526   1.03084  
 33  0.0003   2198.966507  x:  0.00000   0.16103   0.01633   0.05620   0.03649   0.10704   0.05126   0.07955   0.15083   0.04151   0.19918   0.00000   0.16781   0.03333   0.04620   0.03310   0.08395   0.05774   0.10129   0.14368   0.01941   0.21244   0.27543   7.74495   1.60075   1.03264   1.54525   1.03085  
 34  0.0001   2198.966507  x:  0.00000   0.16103   0.01633   0.05620   0.03649   0.10704   0.05126   0.07955   0.15083   0.04151   0.19918   0.00000   0.16781   0.03333   0.04620   0.03310   0.08395   0.05774   0.10129   0.14368   0.01941   0.21244   0.27543   7.74498   1.60075   1.03265   1.54525   1.03085  
 35  0.0000   2198.966507  x:  0.00000   0.16103   0.01633   0.05620   0.03649   0.10704   0.05126   0.07955   0.15083   0.04151   0.19918   0.00000   0.16781   0.03333   0.04620   0.03310   0.08395   0.05774   0.10129   0.14368   0.01941   0.21244   0.27543   7.74497   1.60075   1.03265   1.54525   1.03085  
 36  0.0000   2198.966507  x:  0.00000   0.16103   0.01633   0.05620   0.03649   0.10704   0.05126   0.07955   0.15083   0.04151   0.19918   0.00000   0.16781   0.03333   0.04620   0.03310   0.08395   0.05774   0.10129   0.14368   0.01941   0.21244   0.27543   7.74497   1.60075   1.03265   1.54525   1.03085  

TREE # 2

  0  0.0000   2542.918666  x:  0.00000   0.16103   0.01633   0.05620   0.03649   0.10704   0.05126   0.07955   0.15083   0.04151   0.19918   0.00000   0.16781   0.03333   0.04620   0.03310   0.08395   0.05774   0.10129   0.14368   0.01941   0.21244   0.27543   7.74497   1.57146   0.94434   1.41486   1.03085  
  1 99.0000   2371.470045  x:  0.37071   0.16360   0.05466   0.06697   0.03561   0.10452   0.05785   0.07884   0.14938   0.04521   0.19793   0.17394   0.16984   0.05103   0.05818   0.03439   0.08120   0.06370   0.09964   0.14197   0.01981   0.21057   0.27239   7.74496   1.57143   0.94452   1.41495   1.03101  
  2 15422.9408   2255.586845  x:  0.37178   0.08035   0.27596   0.23194   0.01142   0.04742   0.18172   0.04732   0.12022   0.01126   0.14565   0.12497   0.08591   0.27379   0.25447   0.05681   0.01899   0.17931   0.06150   0.10397   0.02845   0.16865   0.20406   7.74511   1.56778   0.95125   1.41669   1.02993  
  3 804.4732   2230.234753  x:  0.38251   0.01674   0.28671   0.23516   0.03045   0.02798   0.18218   0.04283   0.10866   0.06795   0.11682   0.10312   0.02188   0.28074   0.25539   0.04338   0.00000   0.18184   0.04907   0.08794   0.03047   0.14300   0.15574   7.74522   1.56395   0.95752   1.41769   1.02921  
  4 344.0771   2222.969829  x:  0.38535   0.00000   0.28902   0.23553   0.03241   0.02458   0.18210   0.04183   0.10605   0.07618   0.10973   0.09765   0.00504   0.28209   0.25531   0.04176   0.00709   0.18240   0.04748   0.08445   0.03116   0.13676   0.14344   7.74525   1.56299   0.95904   1.41800   1.02903  
  5 1579.2860   2221.642185  x:  0.38616   0.00000   0.28926   0.23528   0.03174   0.02478   0.18188   0.04172   0.10555   0.07594   0.10801   0.09624   0.00000   0.28207   0.25486   0.04158   0.00699   0.18229   0.04745   0.08386   0.03142   0.13524   0.14006   7.74526   1.56274   0.95944   1.41811   1.02898  
  6 748.5946   2219.376364  x:  0.38943   0.00000   0.29570   0.23058   0.04873   0.01326   0.18086   0.05224   0.11106   0.06716   0.11264   0.09048   0.00000   0.28486   0.24757   0.05270   0.00504   0.18211   0.05668   0.09469   0.02929   0.13058   0.09305   7.74537   1.55983   0.96360   1.42182   1.02844  
  7 106.6625   2218.768885  x:  0.38969   0.00000   0.29958   0.22915   0.05692   0.02137   0.18127   0.05458   0.11333   0.06686   0.11701   0.08976   0.00000   0.28729   0.24521   0.05435   0.00539   0.18276   0.05790   0.09834   0.02996   0.13076   0.07592   7.74542   1.55863   0.96518   1.42374   1.02829  
  8 157.2820   2218.419085  x:  0.38857   0.00000   0.30416   0.22487   0.05744   0.01975   0.18132   0.04808   0.11468   0.06457   0.12522   0.09152   0.00000   0.29006   0.23991   0.04742   0.00598   0.18315   0.05367   0.09826   0.03538   0.13509   0.06437   7.74551   1.55685   0.96740   1.42729   1.02807  
  9 41.8802   2218.241544  x:  0.38778   0.00000   0.31075   0.21896   0.05515   0.01977   0.18145   0.04587   0.11431   0.06494   0.12931   0.09183   0.00000   0.29440   0.23248   0.04618   0.00610   0.18339   0.05393   0.09461   0.02842   0.13743   0.06114   7.74566   1.55440   0.97061   1.43236   1.02765  
 10 23.7284   2217.637633  x:  0.38547   0.00000   0.34245   0.19076   0.04714   0.02008   0.18171   0.04999   0.11189   0.06968   0.13847   0.08970   0.00000   0.31610   0.19687   0.05201   0.00567   0.18386   0.06216   0.08163   0.03320   0.14305   0.05991   7.74639   1.54302   0.98581   1.45685   1.02559  
 11 48.8111   2216.829952  x:  0.38443   0.00000   0.39078   0.14556   0.04777   0.02038   0.17937   0.05787   0.11113   0.06613   0.13323   0.08091   0.00000   0.35358   0.14267   0.04308   0.00709   0.18294   0.05323   0.09856   0.03190   0.14050   0.06956   7.74774   1.52809   1.00696   1.49635   1.02221  
 12 58.1528   2216.551777  x:  0.38267   0.00000   0.40300   0.12877   0.05296   0.02110   0.17661   0.04495   0.11286   0.06392   0.12749   0.08129   0.00000   0.36800   0.12743   0.04924   0.00666   0.18000   0.05312   0.10299   0.03221   0.13660   0.07289   7.74838   1.52851   1.00855   1.50875   1.02096  
 13 38.2225   2216.131189  x:  0.37525   0.00000   0.41387   0.09841   0.06021   0.02119   0.17220   0.04434   0.12146   0.05743   0.11511   0.09174   0.00000   0.39894   0.11086   0.04294   0.00682   0.17341   0.05618   0.09609   0.03235   0.12979   0.07327   7.75008   1.54702   0.99354   1.52518   1.01828  
 14 24.4254   2214.798713  x:  0.36442   0.00000   0.43349   0.01828   0.05112   0.02109   0.16400   0.05072   0.12413   0.05444   0.09806   0.09752   0.00000   0.50510   0.03231   0.06190   0.00729   0.16114   0.02415   0.09556   0.03183   0.12896   0.06546   7.75732   1.64431   0.91440   1.56538   1.00712  
 15 46.1120   2214.445246  x:  0.36299   0.00000   0.43683   0.00539   0.04964   0.02112   0.16303   0.05113   0.12413   0.05412   0.09547   0.09766   0.00000   0.52314   0.01833   0.06388   0.00736   0.15958   0.02092   0.09621   0.03177   0.12882   0.06435   7.75855   1.66120   0.90079   1.57156   1.00522  
 16 1587.3583   2214.180304  x:  0.36048   0.00000   0.43941   0.00221   0.04908   0.02106   0.16025   0.05168   0.12554   0.05285   0.09162   0.10002   0.00000   0.54048   0.00000   0.06545   0.00751   0.15595   0.01748   0.09528   0.03171   0.12828   0.06327   7.75981   1.67714   0.88805   1.57995   1.00325  
 17 109.9341   2213.895774  x:  0.36500   0.00000   0.44489   0.00326   0.05082   0.02123   0.14987   0.05186   0.13087   0.05113   0.09902   0.08866   0.00000   0.54209   0.00000   0.06438   0.00769   0.14486   0.01663   0.09167   0.03167   0.12640   0.06617   7.76048   1.68349   0.89022   1.57665   1.00083  
 18 18.3613   2213.696923  x:  0.36259   0.00000   0.44993   0.00317   0.04409   0.02146   0.14190   0.05200   0.13288   0.05387   0.09658   0.09029   0.00000   0.54431   0.00000   0.06452   0.00771   0.13859   0.01894   0.09653   0.03159   0.13022   0.06400   7.76209   1.69654   0.89372   1.57660   0.99596  
 19 10.5355   2212.035701  x:  0.35392   0.00000   0.47084   0.00223   0.04752   0.02232   0.13291   0.05294   0.12282   0.03747   0.08772   0.08788   0.00000   0.50101   0.00000   0.06442   0.00657   0.14807   0.01859   0.09076   0.03173   0.14276   0.06355   7.77554   1.79069   0.96442   1.54446   0.95252  
 20 22.4381   2211.141874  x:  0.34958   0.00000   0.47060   0.00194   0.03700   0.02284   0.15395   0.05256   0.13319   0.03546   0.09839   0.08610   0.00000   0.48127   0.00000   0.06471   0.00628   0.14366   0.01889   0.09357   0.03196   0.12235   0.06377   7.78333   1.83625   0.99418   1.54225   0.93296  
 21 43.7101   2210.256259  x:  0.35179   0.00000   0.45197   0.00000   0.03617   0.02318   0.15451   0.05287   0.12411   0.02785   0.10227   0.07205   0.00000   0.49135   0.00000   0.06350   0.00551   0.14449   0.02117   0.09202   0.03200   0.12280   0.06302   7.79108   1.86578   0.98634   1.58046   0.92941  
 22 18.2620   2210.071893  x:  0.35267   0.00000   0.45166   0.00033   0.03329   0.02336   0.14773   0.05239   0.13292   0.02831   0.10313   0.06874   0.00000   0.48655   0.00000   0.06366   0.00523   0.15755   0.02145   0.09157   0.03202   0.12018   0.06331   7.79329   1.86066   0.98137   1.58029   0.93740  
 23  8.2429   2208.366651  x:  0.34989   0.00000   0.48201   0.00360   0.03042   0.02395   0.15360   0.05292   0.12038   0.02019   0.09806   0.06367   0.00000   0.43181   0.00000   0.06128   0.00440   0.15053   0.02399   0.08857   0.03241   0.11717   0.06032   7.81577   1.75877   0.92436   1.52101   1.04678  
 24 12.8854   2206.904462  x:  0.35265   0.00000   0.42759   0.00614   0.02546   0.02468   0.14944   0.05456   0.11360   0.01802   0.09950   0.06304   0.00000   0.46809   0.00000   0.06050   0.00425   0.15000   0.02529   0.08702   0.03283   0.11471   0.05752   7.83738   1.64797   0.95411   1.44065   1.08756  
 25 16.8994   2206.628622  x:  0.35676   0.00000   0.42278   0.00639   0.02562   0.02477   0.15785   0.05348   0.12332   0.01864   0.09182   0.05608   0.00000   0.46627   0.00000   0.06020   0.00436   0.14764   0.02564   0.08510   0.03279   0.12579   0.05682   7.84234   1.63107   0.95381   1.43954   1.07338  
 26 10.3851   2204.469146  x:  0.36346   0.00000   0.42126   0.00924   0.02386   0.02563   0.15250   0.05240   0.10535   0.02004   0.08863   0.05153   0.00000   0.44494   0.00000   0.05666   0.00494   0.15087   0.02767   0.08337   0.03393   0.11236   0.05281   7.88251   1.53785   0.92090   1.48058   0.90296  
 27 21.4073   2202.520862  x:  0.37777   0.00000   0.42379   0.00840   0.02295   0.02605   0.15075   0.05040   0.09361   0.02940   0.07989   0.04287   0.00000   0.42637   0.00000   0.05355   0.00643   0.14760   0.02803   0.08071   0.03481   0.09883   0.04761   7.92546   1.66156   1.03502   1.64779   0.99910  
 28  5.0070   2201.139107  x:  0.38406   0.00000   0.43175   0.00355   0.03035   0.02680   0.14752   0.04719   0.10002   0.03606   0.08168   0.04823   0.00000   0.39843   0.00000   0.04998   0.00819   0.14980   0.03158   0.07484   0.03563   0.09566   0.05126   7.98509   1.52158   1.00061   1.53928   1.02228  
 29  0.8145   2200.044022  x:  0.38909   0.00000   0.40564   0.00449   0.03277   0.02810   0.15279   0.03900   0.09291   0.03806   0.08640   0.05315   0.00000   0.39075   0.00000   0.04064   0.01047   0.15949   0.03670   0.07686   0.03644   0.10944   0.05669   8.06377   1.61093   1.02701   1.57638   1.00028  
 30  0.2883   2199.518180  x:  0.39152   0.00000   0.39676   0.00365   0.03418   0.02719   0.15022   0.04076   0.10818   0.03433   0.08036   0.06030   0.00000   0.38509   0.00000   0.04184   0.01170   0.15820   0.04112   0.07823   0.03694   0.10558   0.05081   8.15496   1.65587   1.06161   1.64349   0.99000  
 31  0.2092   2199.061812  x:  0.40452   0.00000   0.38724   0.00181   0.03141   0.02581   0.14574   0.04382   0.10632   0.03698   0.08110   0.05370   0.00000   0.38270   0.00000   0.04249   0.01401   0.15380   0.04760   0.08282   0.03694   0.10137   0.04910   8.17167   1.64339   1.02251   1.57759   0.97948  
 32  0.1105   2198.886597  x:  0.40835   0.00000   0.38882   0.00148   0.02776   0.02510   0.14303   0.04484   0.10395   0.03648   0.08337   0.05591   0.00000   0.37567   0.00000   0.04383   0.01457   0.14950   0.05048   0.08104   0.03624   0.10732   0.05194   8.17326   1.62828   1.02302   1.59848   0.98934  
 33  0.0563   2198.753386  x:  0.41807   0.00000   0.38546   0.00257   0.03153   0.02453   0.14226   0.04420   0.09988   0.03405   0.08329   0.05564   0.00000   0.37998   0.00000   0.04471   0.01491   0.14771   0.05340   0.07851   0.03577   0.10641   0.05200   8.13306   1.62938   1.02186   1.61427   0.99107  
 34  0.0484   2198.620840  x:  0.43069   0.00000   0.39704   0.00239   0.02981   0.02382   0.14543   0.04078   0.10163   0.03243   0.08128   0.05776   0.00000   0.37814   0.00000   0.04236   0.01556   0.14974   0.05579   0.07988   0.03615   0.10686   0.04964   8.08992   1.62204   1.01746   1.59289   0.99255  
 35  0.0292   2198.551091  x:  0.43940   0.00000   0.40111   0.00218   0.02941   0.02418   0.14650   0.04388   0.10356   0.03234   0.08437   0.05728   0.00000   0.38631   0.00000   0.04283   0.01547   0.15255   0.05661   0.07974   0.03615   0.10668   0.05202   8.12672   1.62140   1.02439   1.58442   0.99199  
 36  0.0337   2198.536741  x:  0.44232   0.00000   0.40352   0.00176   0.02949   0.02454   0.14573   0.04383   0.10190   0.03273   0.08359   0.05748   0.00000   0.38930   0.00000   0.04308   0.01519   0.15231   0.05628   0.07990   0.03628   0.10710   0.05078   8.18275   1.61721   1.02636   1.58786   0.99046  
 37  0.0420   2198.532711  x:  0.44374   0.00000   0.40400   0.00150   0.02943   0.02481   0.14594   0.04328   0.10211   0.03268   0.08341   0.05701   0.00000   0.38880   0.00000   0.04275   0.01502   0.15210   0.05602   0.07941   0.03624   0.10639   0.05143   8.19322   1.62134   1.02699   1.59227   0.98811  
 38  0.0100   2198.529647  x:  0.44509   0.00000   0.40261   0.00142   0.02947   0.02495   0.14646   0.04346   0.10221   0.03263   0.08398   0.05711   0.00000   0.38816   0.00000   0.04261   0.01476   0.15232   0.05573   0.07980   0.03624   0.10702   0.05097   8.17820   1.62273   1.02509   1.59269   0.98779  
 39  0.0082   2198.528299  x:  0.44582   0.00000   0.40181   0.00152   0.02938   0.02492   0.14613   0.04357   0.10213   0.03255   0.08338   0.05756   0.00000   0.38806   0.00000   0.04281   0.01459   0.15216   0.05552   0.07984   0.03621   0.10684   0.05130   8.17226   1.62199   1.02419   1.59053   0.98808  
 40  0.0051   2198.527852  x:  0.44620   0.00000   0.40183   0.00159   0.02944   0.02488   0.14571   0.04352   0.10225   0.03245   0.08365   0.05747   0.00000   0.38749   0.00000   0.04289   0.01454   0.15200   0.05535   0.07982   0.03623   0.10679   0.05125   8.17416   1.62123   1.02477   1.59023   0.98858  
 41  0.0023   2198.527754  x:  0.44634   0.00000   0.40178   0.00164   0.02941   0.02486   0.14587   0.04352   0.10226   0.03253   0.08363   0.05744   0.00000   0.38754   0.00000   0.04287   0.01455   0.15196   0.05524   0.07969   0.03624   0.10680   0.05121   8.17752   1.62099   1.02468   1.59010   0.98888  
 42  0.0023   2198.527702  x:  0.44645   0.00000   0.40187   0.00162   0.02944   0.02484   0.14590   0.04352   0.10224   0.03254   0.08360   0.05743   0.00000   0.38748   0.00000   0.04288   0.01460   0.15200   0.05514   0.07982   0.03623   0.10678   0.05125   8.17820   1.62130   1.02481   1.59047   0.98895  
 43  0.0005   2198.527679  x:  0.44649   0.00000   0.40183   0.00160   0.02943   0.02484   0.14585   0.04352   0.10224   0.03252   0.08362   0.05746   0.00000   0.38754   0.00000   0.04288   0.01466   0.15199   0.05511   0.07976   0.03623   0.10678   0.05124   8.17689   1.62143   1.02474   1.59044   0.98877  
 44  0.0010   2198.527677  x:  0.44650   0.00000   0.40181   0.00160   0.02943   0.02486   0.14586   0.04352   0.10225   0.03252   0.08362   0.05746   0.00000   0.38753   0.00000   0.04287   0.01466   0.15198   0.05511   0.07977   0.03623   0.10679   0.05124   8.17684   1.62123   1.02467   1.59032   0.98871  
 45  0.0002   2198.527676  x:  0.44650   0.00000   0.40182   0.00160   0.02943   0.02486   0.14586   0.04352   0.10225   0.03252   0.08362   0.05746   0.00000   0.38752   0.00000   0.04288   0.01466   0.15198   0.05511   0.07977   0.03623   0.10678   0.05124   8.17694   1.62125   1.02467   1.59032   0.98873  
 46  0.0001   2198.527676  x:  0.44650   0.00000   0.40182   0.00160   0.02943   0.02486   0.14586   0.04352   0.10225   0.03252   0.08362   0.05746   0.00000   0.38752   0.00000   0.04287   0.01466   0.15198   0.05511   0.07977   0.03623   0.10678   0.05124   8.17694   1.62126   1.02467   1.59033   0.98874  
 47  0.0000   2198.527676  x:  0.44650   0.00000   0.40182   0.00160   0.02943   0.02486   0.14586   0.04352   0.10225   0.03252   0.08362   0.05746   0.00000   0.38752   0.00000   0.04287   0.01466   0.15198   0.05511   0.07977   0.03623   0.10678   0.05124   8.17694   1.62126   1.02468   1.59033   0.98874  