

TREE # 1

  0  0.0000   2104.749846  x:  0.20925   0.02571   0.03211   0.02495   0.05815   0.02188   0.05666   0.08536   0.02661   0.17168   0.20925   0.02571   0.03211   0.02495   0.05815   0.02188   0.05666   0.08536   0.02661   0.17168   0.21568   8.40433   1.67935   1.15795   1.41124   1.00000  
  1 99.0000   2055.899226  x:  0.21339   0.03781   0.04413   0.14946   0.03812   0.00811   0.05825   0.06987   0.01604   0.17279   0.21544   0.01721   0.00000   0.07113   0.07174   0.00617   0.17048   0.08766   0.02422   0.17278   0.21562   8.40417   1.67858   1.15735   1.41484   1.00305  
  2 798.4818   2053.617087  x:  0.21841   0.03575   0.04318   0.13987   0.02263   0.02805   0.05808   0.05362   0.01073   0.17368   0.22247   0.01852   0.00000   0.06447   0.07956   0.00523   0.19012   0.08968   0.02526   0.17366   0.21567   8.40397   1.67746   1.15708   1.41923   1.00695  
  3 138.7826   2051.889916  x:  0.22525   0.03564   0.04354   0.12432   0.01595   0.01843   0.05794   0.03661   0.01519   0.17466   0.23172   0.01915   0.00000   0.05648   0.08647   0.00988   0.21145   0.09141   0.02497   0.17466   0.21573   8.40367   1.67583   1.15674   1.42567   1.01270  
  4 143.5802   2051.120720  x:  0.22970   0.03567   0.04381   0.11469   0.02176   0.01505   0.05787   0.03233   0.01226   0.17523   0.23768   0.01966   0.00000   0.05270   0.08947   0.00439   0.22428   0.09209   0.02486   0.17524   0.21572   8.40345   1.67465   1.15653   1.43036   1.01691  
  5 157.2750   2050.723674  x:  0.23374   0.03637   0.04448   0.10747   0.02562   0.01495   0.05783   0.03675   0.00938   0.17561   0.24297   0.02009   0.00000   0.05227   0.09057   0.00878   0.23472   0.09207   0.02469   0.17564   0.21567   8.40322   1.67341   1.15637   1.43534   1.02138  
  6 109.6093   2050.391944  x:  0.23812   0.03752   0.04544   0.10059   0.02431   0.01542   0.05780   0.04458   0.01388   0.17577   0.24856   0.02038   0.00000   0.05345   0.08964   0.00678   0.24329   0.09137   0.02452   0.17584   0.21557   8.40291   1.67183   1.15626   1.44182   1.02724  
  7 93.9573   2050.255893  x:  0.24054   0.03628   0.04463   0.09888   0.02133   0.01354   0.05776   0.04605   0.01118   0.17552   0.25165   0.02008   0.00000   0.05527   0.08658   0.00572   0.24400   0.09019   0.02450   0.17563   0.21538   8.40261   1.67038   1.15640   1.44789   1.03285  
  8 36.7692   2049.857213  x:  0.24896   0.03340   0.04231   0.09938   0.02343   0.01542   0.05772   0.04189   0.01291   0.17409   0.26238   0.01908   0.00000   0.06075   0.07532   0.00669   0.24268   0.08618   0.02470   0.17439   0.21458   8.40129   1.66431   1.15719   1.47401   1.05708  
  9 60.7185   2049.225081  x:  0.25947   0.04333   0.04651   0.10726   0.02254   0.01541   0.05804   0.04154   0.01115   0.17126   0.27601   0.02247   0.00000   0.05449   0.07724   0.00660   0.23322   0.08700   0.02480   0.17184   0.21305   8.39848   1.65285   1.15965   1.52726   1.10709  
 10 70.4248   2048.896644  x:  0.26025   0.03617   0.04573   0.11037   0.02286   0.01509   0.05768   0.04360   0.01217   0.17029   0.27725   0.01750   0.00000   0.05296   0.08584   0.00657   0.22974   0.08945   0.02300   0.17088   0.21262   8.39683   1.64774   1.16201   1.55602   1.13487  
 11 79.5802   2048.751048  x:  0.25699   0.03375   0.04391   0.10986   0.02314   0.01463   0.05751   0.04378   0.01275   0.17042   0.27335   0.02135   0.00000   0.05580   0.08941   0.00654   0.22966   0.09120   0.02633   0.17090   0.21271   8.39588   1.64626   1.16411   1.57050   1.14958  
 12 57.9135   2048.479970  x:  0.24492   0.03842   0.04146   0.10527   0.02316   0.01488   0.05764   0.04233   0.01252   0.17186   0.25857   0.01966   0.00000   0.06092   0.09003   0.00641   0.23258   0.09241   0.02336   0.17196   0.21339   8.39382   1.64587   1.17001   1.59770   1.17875  
 13 58.4564   2048.356411  x:  0.23819   0.03708   0.04531   0.10448   0.02300   0.01489   0.05794   0.04264   0.01247   0.17303   0.25014   0.01857   0.00000   0.05714   0.08594   0.00659   0.23569   0.09118   0.02595   0.17291   0.21393   8.39265   1.64781   1.17411   1.61010   1.19319  
 14 45.2494   2048.330109  x:  0.23709   0.03610   0.04472   0.10493   0.02297   0.01488   0.05771   0.04306   0.01264   0.17343   0.24855   0.02041   0.00000   0.05524   0.08480   0.00666   0.23655   0.09050   0.02404   0.17329   0.21411   8.39225   1.64981   1.17593   1.61244   1.19672  
 15 18.4490   2048.296608  x:  0.23720   0.03673   0.04151   0.10557   0.02298   0.01478   0.05725   0.04363   0.01286   0.17415   0.24795   0.01992   0.00000   0.05343   0.08476   0.00673   0.23700   0.08874   0.02517   0.17403   0.21442   8.39128   1.65744   1.18122   1.61433   1.20249  
 16 10.3804   2048.077859  x:  0.24074   0.03648   0.04471   0.10543   0.02309   0.01481   0.05833   0.04300   0.01277   0.17795   0.24803   0.02053   0.00000   0.05586   0.08794   0.00670   0.23553   0.08315   0.02451   0.17815   0.21617   8.38352   1.72128   1.22384   1.62498   1.24421  
 17 30.1599   2047.987707  x:  0.24116   0.03644   0.04421   0.10563   0.02307   0.01480   0.05746   0.04325   0.01284   0.17666   0.24915   0.01986   0.00000   0.05564   0.08537   0.00676   0.23566   0.09155   0.02465   0.17688   0.21583   8.37996   1.74960   1.24182   1.63008   1.26093  
 18 44.0491   2047.967896  x:  0.23886   0.03644   0.04400   0.10539   0.02309   0.01478   0.05875   0.04329   0.01286   0.17269   0.25034   0.01996   0.00000   0.05546   0.08556   0.00677   0.23613   0.09063   0.02464   0.17270   0.21422   8.37863   1.75739   1.24483   1.63341   1.26242  
 19  7.1993   2047.961428  x:  0.23805   0.03648   0.04429   0.10533   0.02309   0.01477   0.05673   0.04324   0.01284   0.17215   0.25080   0.01997   0.00000   0.05557   0.08568   0.00676   0.23615   0.09021   0.02463   0.17209   0.21379   8.37783   1.76076   1.24523   1.63605   1.26151  
 20  4.9638   2047.908128  x:  0.23395   0.03639   0.04401   0.10562   0.02310   0.01465   0.05785   0.04326   0.01288   0.17495   0.25351   0.01983   0.00000   0.05563   0.08548   0.00675   0.23580   0.09063   0.02458   0.17466   0.21248   8.36881   1.79360   1.24562   1.66776   1.24530  
 21  7.7525   2047.887744  x:  0.23873   0.03641   0.04407   0.10551   0.02311   0.01461   0.05775   0.04319   0.01282   0.17296   0.24921   0.01981   0.00000   0.05565   0.08544   0.00675   0.23603   0.09060   0.02457   0.17335   0.21469   8.36446   1.80494   1.24847   1.68116   1.23727  
 22  8.0912   2047.867363  x:  0.23902   0.03641   0.04410   0.10558   0.02317   0.01452   0.05775   0.04321   0.01287   0.17451   0.24932   0.01985   0.00000   0.05563   0.08539   0.00676   0.23617   0.09056   0.02456   0.17235   0.21223   8.35588   1.80750   1.26748   1.69625   1.22431  
 23  2.4295   2047.864012  x:  0.23825   0.03642   0.04410   0.10561   0.02318   0.01449   0.05775   0.04323   0.01288   0.17302   0.25007   0.01986   0.00000   0.05563   0.08538   0.00676   0.23618   0.09055   0.02455   0.17363   0.21393   8.35383   1.80769   1.27060   1.69851   1.22234  
 24  3.0949   2047.861535  x:  0.23780   0.03643   0.04409   0.10569   0.02320   0.01445   0.05775   0.04324   0.01288   0.17403   0.25059   0.01985   0.00000   0.05564   0.08535   0.00675   0.23617   0.09054   0.02455   0.17230   0.21586   8.34932   1.80766   1.27103   1.69887   1.22224  
 25  0.6318   2047.654951  x:  0.24055   0.03678   0.04406   0.11030   0.02479   0.01067   0.05769   0.04353   0.01339   0.17274   0.25282   0.01929   0.00000   0.05697   0.08260   0.00671   0.23777   0.08921   0.02414   0.17251   0.21370   7.94359   1.80509   1.27131   1.70507   1.23812  
 26  3.0024   2047.600609  x:  0.24085   0.03679   0.04397   0.11314   0.02526   0.01269   0.05769   0.04439   0.01290   0.17247   0.25300   0.01927   0.00000   0.05787   0.08223   0.00609   0.24055   0.08882   0.02416   0.17247   0.21323   7.76862   1.80406   1.27203   1.70734   1.24094  
 27  0.2169   2047.560307  x:  0.23978   0.03705   0.04432   0.11595   0.02503   0.01220   0.05777   0.04361   0.01280   0.17292   0.25179   0.01975   0.00000   0.05809   0.08411   0.00662   0.24938   0.08934   0.02435   0.17284   0.21339   7.80274   1.80061   1.26922   1.70104   1.23356  
 28  0.0149   2047.556169  x:  0.24039   0.03693   0.04423   0.11684   0.02475   0.01225   0.05775   0.04373   0.01286   0.17276   0.25258   0.01944   0.00000   0.05819   0.08337   0.00633   0.25011   0.08924   0.02421   0.17270   0.21345   7.85505   1.80192   1.27017   1.70087   1.23617  
 29  0.0437   2047.556108  x:  0.24044   0.03697   0.04423   0.11698   0.02477   0.01225   0.05775   0.04369   0.01287   0.17276   0.25262   0.01948   0.00000   0.05823   0.08338   0.00633   0.25007   0.08919   0.02423   0.17270   0.21344   7.85498   1.80222   1.27043   1.70165   1.23711  
 30  0.0011   2047.556107  x:  0.24043   0.03697   0.04423   0.11698   0.02477   0.01225   0.05775   0.04369   0.01287   0.17276   0.25261   0.01947   0.00000   0.05823   0.08339   0.00633   0.25007   0.08919   0.02422   0.17270   0.21344   7.85568   1.80222   1.27043   1.70174   1.23715  
 31  0.0007   2047.556107  x:  0.24043   0.03697   0.04423   0.11698   0.02477   0.01225   0.05775   0.04369   0.01287   0.17276   0.25261   0.01947   0.00000   0.05823   0.08339   0.00633   0.25007   0.08920   0.02422   0.17270   0.21344   7.85570   1.80222   1.27043   1.70174   1.23715  
 32  0.0000   2047.556107  x:  0.24043   0.03697   0.04423   0.11698   0.02477   0.01225   0.05775   0.04369   0.01287   0.17276   0.25261   0.01947   0.00000   0.05823   0.08339   0.00633   0.25007   0.08920   0.02422   0.17270   0.21344   7.85570   1.80222   1.27043   1.70174   1.23715  
 33  0.0000   2047.556107  x:  0.24043   0.03697   0.04423   0.11698   0.02477   0.01225   0.05775   0.04369   0.01287   0.17276   0.25261   0.01947   0.00000   0.05823   0.08339   0.00633   0.25007   0.08920   0.02422   0.17270   0.21344   7.85570   1.80222   1.27043   1.70174   1.23715  
 34  0.0011   2047.556107  x:  0.24043   0.03697   0.04423   0.11698   0.02477   0.01225   0.05775   0.04369   0.01287   0.17276   0.25261   0.01947   0.00000   0.05823   0.08339   0.00633   0.25007   0.08920   0.02422   0.17270   0.21344   7.85570   1.80222   1.27043   1.70174   1.23715  
 35  0.0007   2047.556107  x:  0.24043   0.03697   0.04423   0.11698   0.02477   0.01225   0.05775   0.04369   0.01287   0.17276   0.25261   0.01947   0.00000   0.05823   0.08339   0.00633   0.25007   0.08920   0.02422   0.17270   0.21344   7.85570   1.80222   1.27043   1.70174   1.23715  
check convergence!
