

TREE # 1

  0  0.0000   2239.370316  x:  0.20925   0.02571   0.03211   0.02495   0.05815   0.02188   0.05666   0.08536   0.02661   0.17168   0.20925   0.02571   0.03211   0.02495   0.05815   0.02188   0.05666   0.08536   0.02661   0.17168   0.21568   8.40433   1.76042   1.22340   1.51142   1.00000  
  1 99.0000   2207.619718  x:  0.21463   0.03542   0.02592   0.02543   0.06509   0.03608   0.05739   0.08248   0.04638   0.17885   0.20871   0.06163   0.08407   0.12135   0.09393   0.02824   0.08066   0.08437   0.10214   0.18073   0.22208   8.40436   1.75934   1.22038   1.51541   1.00034  
  2 714.3851   2205.021034  x:  0.22697   0.03002   0.02282   0.02441   0.07320   0.02601   0.05821   0.07706   0.04324   0.19500   0.20590   0.05039   0.08607   0.11848   0.12419   0.01404   0.09665   0.08252   0.10066   0.20152   0.23752   8.40450   1.75617   1.21401   1.52517   1.00134  
  3 94.6445   2204.187631  x:  0.23458   0.03149   0.02598   0.02572   0.07478   0.03153   0.05828   0.07532   0.04344   0.20473   0.20385   0.04600   0.08554   0.11486   0.13654   0.02584   0.10226   0.08179   0.09846   0.21402   0.24751   8.40462   1.75361   1.20897   1.53296   1.00211  
  4 108.5386   2203.688223  x:  0.24230   0.03715   0.02534   0.02448   0.06916   0.03784   0.05743   0.07773   0.04742   0.21433   0.20077   0.05346   0.08455   0.11070   0.13386   0.02137   0.09903   0.08244   0.09886   0.22629   0.25934   8.40488   1.74883   1.20012   1.54710   1.00355  
  5 44.6410   2203.343609  x:  0.24722   0.03256   0.02467   0.02598   0.06675   0.03088   0.05736   0.07935   0.04535   0.22053   0.19759   0.05807   0.08490   0.11112   0.12616   0.02459   0.09488   0.08205   0.10102   0.23421   0.26854   8.40524   1.74311   1.18989   1.56373   1.00527  
  6 48.9327   2203.057642  x:  0.24761   0.03098   0.02790   0.02367   0.07257   0.03380   0.05819   0.07744   0.04257   0.22147   0.19424   0.05178   0.08562   0.11503   0.11696   0.02270   0.09386   0.08020   0.10218   0.23570   0.27362   8.40587   1.73442   1.17523   1.58836   1.00785  
  7 34.1753   2202.830630  x:  0.24530   0.03497   0.02279   0.02681   0.07399   0.03272   0.05799   0.07600   0.04500   0.21947   0.19238   0.04690   0.08522   0.11697   0.11467   0.02313   0.09432   0.08075   0.10141   0.23345   0.27470   8.40655   1.72572   1.16122   1.61262   1.01038  
  8 53.7864   2202.485217  x:  0.23873   0.03559   0.02714   0.02385   0.06930   0.03004   0.05666   0.07621   0.04741   0.21343   0.19162   0.04777   0.08379   0.11728   0.12112   0.02327   0.09556   0.08507   0.09939   0.22614   0.27174   8.40791   1.71012   1.13737   1.65546   1.01480  
  9 64.1794   2202.383702  x:  0.23682   0.03233   0.02522   0.02530   0.06850   0.03310   0.05695   0.07682   0.04497   0.21171   0.19225   0.04996   0.08346   0.11624   0.12417   0.02283   0.09543   0.08535   0.09922   0.22392   0.26951   8.40842   1.70519   1.13065   1.66876   1.01613  
 10 55.5302   2202.354264  x:  0.23704   0.03380   0.02482   0.02452   0.07039   0.03263   0.05778   0.07737   0.04367   0.21190   0.19390   0.05171   0.08391   0.11441   0.12521   0.02323   0.09473   0.08261   0.10019   0.22391   0.26652   8.40882   1.70318   1.12983   1.67365   1.01650  
 11 11.9830   2202.343928  x:  0.23761   0.03354   0.02563   0.02566   0.07056   0.03257   0.05756   0.07732   0.04452   0.21235   0.19500   0.05188   0.08442   0.11370   0.12512   0.02297   0.09484   0.08124   0.10055   0.22426   0.26453   8.40913   1.70219   1.13040   1.67590   1.01660  
 12  9.2674   2202.335395  x:  0.23847   0.03280   0.02513   0.02487   0.07002   0.03270   0.05712   0.07706   0.04539   0.21294   0.19613   0.05156   0.08495   0.11336   0.12466   0.02317   0.09537   0.08053   0.10060   0.22481   0.26243   8.40955   1.70116   1.13173   1.67814   1.01665  
 13  9.5153   2202.327888  x:  0.23963   0.03335   0.02524   0.02506   0.06929   0.03266   0.05735   0.07689   0.04433   0.21350   0.19701   0.05135   0.08516   0.11385   0.12407   0.02310   0.09618   0.08156   0.10020   0.22548   0.26048   8.41027   1.69990   1.13462   1.68093   1.01663  
 14  5.6839   2202.320008  x:  0.24055   0.03304   0.02521   0.02504   0.07057   0.03266   0.05763   0.07737   0.04501   0.21354   0.19690   0.05165   0.08421   0.11460   0.12431   0.02311   0.09545   0.08281   0.09962   0.22565   0.25984   8.41161   1.69838   1.14002   1.68494   1.01652  
 15  4.8323   2202.310883  x:  0.24058   0.03320   0.02523   0.02504   0.06980   0.03269   0.05687   0.07717   0.04456   0.21293   0.19585   0.05107   0.08394   0.11479   0.12503   0.02302   0.09434   0.08181   0.10007   0.22510   0.26086   8.41370   1.69697   1.14776   1.69032   1.01634  
 16  6.7496   2202.306878  x:  0.23986   0.03309   0.02524   0.02503   0.06969   0.03269   0.05788   0.07701   0.04483   0.21261   0.19555   0.05135   0.08470   0.11399   0.12478   0.02308   0.09523   0.08161   0.10024   0.22469   0.26194   8.41499   1.69704   1.15141   1.69305   1.01626  
 17  5.2699   2202.305320  x:  0.23931   0.03313   0.02522   0.02505   0.07004   0.03267   0.05717   0.07714   0.04474   0.21260   0.19576   0.05167   0.08489   0.11368   0.12455   0.02313   0.09590   0.08170   0.10026   0.22464   0.26240   8.41578   1.69777   1.15277   1.69432   1.01624  
 18  3.1294   2202.300279  x:  0.23736   0.03312   0.02522   0.02504   0.06978   0.03266   0.05747   0.07746   0.04474   0.21325   0.19753   0.05150   0.08376   0.11430   0.12450   0.02307   0.09606   0.08128   0.10027   0.22530   0.26297   8.42003   1.70433   1.15641   1.69954   1.01625  
 19  2.2451   2202.291513  x:  0.23651   0.03313   0.02522   0.02503   0.06997   0.03266   0.05732   0.07631   0.04469   0.21354   0.19799   0.05127   0.08519   0.11399   0.12491   0.02303   0.09446   0.08218   0.09994   0.22586   0.26269   8.42835   1.71769   1.16223   1.70903   1.01635  
 20  7.5582   2202.281891  x:  0.23820   0.03309   0.02519   0.02502   0.06982   0.03265   0.05736   0.07794   0.04466   0.21292   0.19605   0.05106   0.08528   0.11384   0.12502   0.02299   0.09516   0.08178   0.09992   0.22537   0.26171   8.43817   1.73308   1.16827   1.71953   1.01653  
 21 11.9954   2202.279965  x:  0.23888   0.03308   0.02519   0.02503   0.06986   0.03263   0.05734   0.07703   0.04467   0.21273   0.19566   0.05154   0.08454   0.11382   0.12493   0.02300   0.09561   0.08158   0.10007   0.22501   0.26158   8.44038   1.73608   1.16939   1.72154   1.01660  
 22  6.3274   2202.279189  x:  0.23966   0.03307   0.02519   0.02502   0.06987   0.03263   0.05734   0.07709   0.04467   0.21278   0.19645   0.05134   0.08449   0.11362   0.12497   0.02300   0.09554   0.08180   0.10044   0.22423   0.26205   8.44275   1.73651   1.16951   1.72186   1.01684  
 23  0.6775   2202.276394  x:  0.24046   0.03309   0.02517   0.02503   0.06988   0.03259   0.05734   0.07705   0.04463   0.21268   0.19725   0.05174   0.08504   0.11428   0.12505   0.02294   0.09554   0.08107   0.09887   0.22358   0.26275   8.45370   1.73664   1.16949   1.72207   1.01792  
 24  1.5759   2202.195181  x:  0.24092   0.03256   0.02493   0.02501   0.07036   0.03173   0.05741   0.07685   0.04431   0.21072   0.19695   0.05061   0.08411   0.11200   0.12577   0.02203   0.09620   0.08158   0.09904   0.22873   0.26421   8.79128   1.73298   1.16700   1.72349   1.04938  
 25  9.2714   2202.182909  x:  0.23987   0.03255   0.02489   0.02500   0.07042   0.03160   0.05742   0.07682   0.04420   0.21584   0.19515   0.05053   0.08400   0.11184   0.12594   0.02188   0.09625   0.08164   0.09876   0.22633   0.26366   8.84228   1.73220   1.16636   1.72381   1.05014  
 26 20.9785   2202.153045  x:  0.24050   0.03235   0.02479   0.02499   0.07055   0.03127   0.05742   0.07670   0.04406   0.21499   0.19552   0.05018   0.08381   0.11121   0.12623   0.02150   0.09646   0.08157   0.09837   0.22762   0.26456   8.96574   1.72945   1.16246   1.72573   1.02545  
 27  7.6602   2202.143335  x:  0.24007   0.03278   0.02499   0.02483   0.07014   0.03155   0.05734   0.07691   0.04427   0.21390   0.19606   0.05048   0.08306   0.10879   0.12532   0.02166   0.09607   0.08149   0.09674   0.22627   0.26347   8.99843   1.73095   1.16373   1.72352   1.02667  
 28  0.0148   2202.141349  x:  0.24018   0.03243   0.02491   0.02497   0.07028   0.03137   0.05739   0.07683   0.04394   0.21421   0.19585   0.05010   0.08278   0.10816   0.12489   0.02184   0.09598   0.08147   0.09637   0.22666   0.26376   8.96272   1.73055   1.16330   1.72445   1.02577  
 29  0.0248   2202.141266  x:  0.24019   0.03250   0.02493   0.02494   0.07028   0.03138   0.05738   0.07682   0.04400   0.21429   0.19581   0.05009   0.08277   0.10810   0.12497   0.02176   0.09603   0.08147   0.09633   0.22674   0.26384   8.95378   1.73048   1.16321   1.72471   1.02555  
 30  0.0081   2202.141264  x:  0.24019   0.03250   0.02492   0.02494   0.07028   0.03137   0.05738   0.07683   0.04400   0.21428   0.19582   0.05010   0.08277   0.10809   0.12499   0.02176   0.09603   0.08147   0.09632   0.22672   0.26382   8.95351   1.73049   1.16322   1.72469   1.02556  
 31  0.0003   2202.141264  x:  0.24019   0.03250   0.02492   0.02494   0.07028   0.03137   0.05738   0.07682   0.04400   0.21428   0.19582   0.05010   0.08277   0.10809   0.12499   0.02176   0.09603   0.08147   0.09632   0.22672   0.26382   8.95352   1.73049   1.16322   1.72468   1.02555  
 32  0.0000   2202.141264  x:  0.24019   0.03250   0.02492   0.02494   0.07028   0.03137   0.05738   0.07682   0.04400   0.21428   0.19582   0.05010   0.08277   0.10809   0.12499   0.02176   0.09603   0.08147   0.09632   0.22672   0.26382   8.95351   1.73049   1.16322   1.72468   1.02555  