

TREE # 1

  0  0.0000   2073.577253  x:  0.20925   0.02571   0.03211   0.02495   0.05815   0.02188   0.05666   0.08536   0.02661   0.17168   0.20925   0.02571   0.03211   0.02495   0.05815   0.02188   0.05666   0.08536   0.02661   0.17168   0.21568   8.40433   1.77887   1.24041   1.52387   1.00000  
  1 99.0000   2056.076267  x:  0.20476   0.04261   0.02866   0.00000   0.10847   0.02294   0.05111   0.08247   0.03421   0.18120   0.21571   0.00319   0.08068   0.03296   0.06166   0.01702   0.08566   0.09826   0.03685   0.17551   0.22274   8.40449   1.77699   1.23975   1.52517   0.99970  
  2 403.8418   2054.679055  x:  0.20388   0.04482   0.02823   0.00549   0.11632   0.02336   0.05031   0.08195   0.03510   0.18300   0.21694   0.00000   0.08751   0.03390   0.06225   0.01652   0.09020   0.10040   0.03839   0.17624   0.22410   8.40453   1.77661   1.23964   1.52542   0.99964  
  3 751.9716   2054.081152  x:  0.20176   0.04372   0.02772   0.00672   0.12291   0.02252   0.04961   0.08095   0.03370   0.18691   0.21970   0.00925   0.08894   0.03241   0.06299   0.01821   0.09433   0.10316   0.04004   0.17786   0.22721   8.40460   1.77561   1.23945   1.52601   0.99947  
  4 144.6735   2052.695693  x:  0.19265   0.03320   0.02683   0.00624   0.13563   0.01847   0.04886   0.07737   0.02554   0.20275   0.23085   0.00637   0.07801   0.02325   0.06485   0.02319   0.10287   0.11119   0.03725   0.18450   0.24017   8.40499   1.77101   1.23878   1.52857   0.99868  
  5 103.6797   2052.034798  x:  0.18420   0.03491   0.02742   0.00583   0.13991   0.02329   0.05012   0.07573   0.03133   0.21598   0.24084   0.00666   0.06717   0.02673   0.06489   0.01750   0.10589   0.11602   0.03464   0.19010   0.25173   8.40543   1.76576   1.23813   1.53143   0.99772  
  6 80.2310   2051.843034  x:  0.17950   0.03903   0.02799   0.00594   0.13731   0.02003   0.05030   0.07672   0.03216   0.22190   0.24601   0.00626   0.06753   0.02953   0.06402   0.02123   0.10376   0.11637   0.03539   0.19253   0.25780   8.40583   1.76127   1.23771   1.53372   0.99689  
  7 39.8717   2051.683132  x:  0.17454   0.03961   0.02711   0.00601   0.13262   0.02075   0.05006   0.07836   0.02942   0.22733   0.25133   0.00629   0.07270   0.02814   0.06312   0.01848   0.09992   0.11517   0.03698   0.19460   0.26429   8.40648   1.75430   1.23716   1.53709   0.99562  
  8 38.5512   2051.635968  x:  0.17354   0.03737   0.02758   0.00596   0.13141   0.02248   0.04980   0.07840   0.03145   0.22804   0.25262   0.00634   0.07495   0.02768   0.06364   0.02008   0.09944   0.11371   0.03593   0.19462   0.26625   8.40700   1.74898   1.23677   1.53949   0.99463  
  9 18.5480   2051.572693  x:  0.17336   0.03576   0.02829   0.00610   0.13098   0.01983   0.04923   0.07780   0.03286   0.22725   0.25342   0.00666   0.07597   0.02803   0.06460   0.01855   0.10038   0.11126   0.03418   0.19368   0.26810   8.40815   1.73762   1.23594   1.54439   0.99250  
 10 21.5025   2051.361278  x:  0.17467   0.03856   0.02660   0.00605   0.13161   0.02150   0.04927   0.07578   0.02960   0.22221   0.25455   0.00669   0.07425   0.02867   0.06592   0.01935   0.10432   0.10521   0.03322   0.18954   0.27231   8.41281   1.69252   1.23239   1.56336   0.98401  
 11 49.2864   2051.248736  x:  0.17595   0.03848   0.02859   0.00600   0.13266   0.02116   0.05024   0.07696   0.03140   0.21983   0.25407   0.00617   0.07291   0.02619   0.06369   0.01923   0.10334   0.10829   0.03745   0.18832   0.27223   8.41577   1.66602   1.22978   1.57364   0.97892  
 12 50.7494   2051.192909  x:  0.17650   0.03680   0.02691   0.00603   0.13320   0.02105   0.04995   0.07809   0.03094   0.21965   0.25292   0.00622   0.07313   0.02849   0.06268   0.01926   0.10132   0.11285   0.03672   0.18890   0.27035   8.41757   1.65205   1.22784   1.57810   0.97612  
 13 34.6095   2051.171077  x:  0.17632   0.03804   0.02770   0.00603   0.13320   0.02119   0.04955   0.07797   0.03072   0.22075   0.25180   0.00646   0.07357   0.02748   0.06370   0.01924   0.10036   0.11463   0.03466   0.19020   0.26812   8.41864   1.64614   1.22631   1.57885   0.97482  
 14 15.2449   2051.146953  x:  0.17513   0.03787   0.02688   0.00604   0.13239   0.02100   0.04979   0.07668   0.03115   0.22410   0.24990   0.00629   0.07360   0.02748   0.06505   0.01923   0.10102   0.11372   0.03601   0.19323   0.26335   8.42074   1.63869   1.22270   1.57700   0.97288  
 15  9.0696   2051.137298  x:  0.17456   0.03754   0.02808   0.00602   0.13252   0.02124   0.04980   0.07703   0.03057   0.22535   0.24919   0.00631   0.07365   0.02808   0.06397   0.01921   0.10155   0.11280   0.03597   0.19407   0.26175   8.42197   1.63546   1.22050   1.57506   0.97195  
 16 10.5348   2051.124856  x:  0.17397   0.03780   0.02715   0.00604   0.13307   0.02107   0.04956   0.07819   0.03106   0.22624   0.24862   0.00640   0.07352   0.02739   0.06220   0.01926   0.10181   0.11168   0.03526   0.19418   0.26084   8.42409   1.63106   1.21665   1.57083   0.97059  
 17 10.4358   2051.029168  x:  0.17200   0.03754   0.02739   0.00601   0.13566   0.02110   0.05010   0.08141   0.03088   0.22686   0.24759   0.00626   0.07292   0.02794   0.06575   0.01919   0.09951   0.11046   0.03598   0.18959   0.26235   8.44356   1.59576   1.18169   1.52849   0.95948  
 18 15.2459   2050.968507  x:  0.17287   0.03774   0.02752   0.00603   0.13385   0.02112   0.04936   0.07642   0.03095   0.22561   0.24821   0.00622   0.07385   0.02781   0.06351   0.01921   0.10055   0.11235   0.03576   0.18888   0.26449   8.45649   1.57320   1.15985   1.50065   0.95303  
 19 46.4324   2050.955316  x:  0.17481   0.03778   0.02745   0.00603   0.13276   0.02108   0.05034   0.07784   0.03091   0.22423   0.24960   0.00623   0.07412   0.02770   0.06387   0.01920   0.10231   0.11282   0.03547   0.19169   0.26516   8.46010   1.56780   1.15611   1.49391   0.95268  
 20  9.9677   2050.950825  x:  0.17552   0.03779   0.02752   0.00603   0.13317   0.02117   0.04904   0.07797   0.03094   0.22361   0.25042   0.00619   0.07390   0.02777   0.06398   0.01920   0.10183   0.11240   0.03572   0.19304   0.26521   8.46188   1.56578   1.15581   1.49142   0.95341  
 21  5.1081   2050.945100  x:  0.17578   0.03774   0.02747   0.00602   0.13426   0.02107   0.05005   0.07730   0.03091   0.22308   0.25139   0.00622   0.07397   0.02782   0.06377   0.01921   0.10057   0.11171   0.03554   0.19401   0.26496   8.46503   1.56292   1.15676   1.48795   0.95560  
 22  4.8364   2050.926082  x:  0.17400   0.03780   0.02751   0.00602   0.13370   0.02114   0.04973   0.07769   0.03097   0.22344   0.25236   0.00616   0.07412   0.02782   0.06394   0.01922   0.10177   0.11245   0.03556   0.19208   0.26378   8.47813   1.55315   1.16277   1.47640   0.96604  
 23  5.8347   2050.918328  x:  0.17601   0.03785   0.02751   0.00601   0.13383   0.02114   0.04975   0.07770   0.03097   0.22544   0.24918   0.00613   0.07425   0.02789   0.06392   0.01920   0.10159   0.11221   0.03575   0.19223   0.26598   8.48594   1.55088   1.16314   1.47430   0.97076  
 24  2.7860   2050.888789  x:  0.17154   0.03784   0.02750   0.00598   0.13463   0.02117   0.04970   0.07762   0.03103   0.22218   0.24575   0.00600   0.07438   0.02790   0.06395   0.01918   0.10199   0.11253   0.03591   0.19485   0.26775   8.52407   1.54978   1.15544   1.47616   0.98611  
 25  3.1871   2050.835646  x:  0.17548   0.03798   0.02746   0.00593   0.13554   0.02120   0.04965   0.07762   0.03107   0.22466   0.25195   0.00574   0.07517   0.02792   0.06396   0.01908   0.10231   0.11262   0.03572   0.19168   0.26413   8.59659   1.55025   1.14225   1.48141   1.00785  
 26 15.0460   2050.232613  x:  0.17524   0.03970   0.02719   0.00545   0.14960   0.02143   0.04942   0.07707   0.03163   0.22698   0.25241   0.00274   0.08328   0.02809   0.06437   0.01839   0.10863   0.11609   0.03642   0.19387   0.26659   9.49109   1.58905   1.17185   1.49752   0.98276  
 27  8.4428   2050.218830  x:  0.17512   0.03989   0.02721   0.00550   0.14973   0.02142   0.04943   0.07729   0.03164   0.22656   0.25253   0.00368   0.08427   0.02817   0.06424   0.01833   0.10829   0.11548   0.03610   0.19357   0.26665   9.58894   1.58126   1.16948   1.49819   0.98268  
 28  0.1016   2050.216738  x:  0.17498   0.03979   0.02720   0.00538   0.14959   0.02138   0.04942   0.07729   0.03149   0.22684   0.25279   0.00351   0.08437   0.02807   0.06422   0.01850   0.10813   0.11539   0.03613   0.19360   0.26695   9.65760   1.57907   1.16774   1.49758   0.98453  
 29  0.0520   2050.216285  x:  0.17510   0.03975   0.02721   0.00529   0.14928   0.02139   0.04943   0.07726   0.03152   0.22675   0.25267   0.00355   0.08411   0.02808   0.06425   0.01843   0.10808   0.11545   0.03612   0.19362   0.26681   9.66912   1.58156   1.16870   1.49772   0.98440  
 30  0.0068   2050.216120  x:  0.17508   0.03978   0.02721   0.00520   0.14925   0.02141   0.04943   0.07729   0.03155   0.22669   0.25266   0.00357   0.08403   0.02810   0.06424   0.01844   0.10809   0.11541   0.03610   0.19359   0.26680   9.66172   1.58042   1.16860   1.49807   0.98414  
 31  0.0034   2050.216077  x:  0.17506   0.03978   0.02721   0.00517   0.14937   0.02141   0.04943   0.07728   0.03153   0.22674   0.25269   0.00357   0.08415   0.02810   0.06423   0.01845   0.10810   0.11542   0.03611   0.19360   0.26683   9.65820   1.58062   1.16840   1.49768   0.98430  
 32  0.0022   2050.216076  x:  0.17507   0.03978   0.02721   0.00517   0.14937   0.02141   0.04943   0.07728   0.03153   0.22674   0.25268   0.00357   0.08416   0.02809   0.06424   0.01844   0.10811   0.11543   0.03612   0.19360   0.26683   9.65838   1.58070   1.16851   1.49780   0.98426  
 33  0.0003   2050.216076  x:  0.17507   0.03978   0.02721   0.00517   0.14937   0.02141   0.04943   0.07728   0.03153   0.22674   0.25268   0.00357   0.08416   0.02809   0.06424   0.01844   0.10811   0.11543   0.03612   0.19360   0.26682   9.65838   1.58069   1.16850   1.49779   0.98425  
 34  0.0000   2050.216076  x:  0.17507   0.03978   0.02721   0.00517   0.14937   0.02141   0.04943   0.07728   0.03153   0.22674   0.25268   0.00357   0.08416   0.02809   0.06424   0.01844   0.10811   0.11543   0.03612   0.19360   0.26682   9.65838   1.58069   1.16850   1.49779   0.98425  
 35  0.0000   2050.216076  x:  0.17507   0.03978   0.02721   0.00517   0.14937   0.02141   0.04943   0.07728   0.03153   0.22674   0.25268   0.00357   0.08416   0.02809   0.06424   0.01844   0.10811   0.11543   0.03612   0.19360   0.26682   9.65837   1.58069   1.16850   1.49779   0.98425  
 36  0.0000   2050.216076  x:  0.17507   0.03978   0.02721   0.00517   0.14937   0.02141   0.04943   0.07728   0.03153   0.22674   0.25268   0.00357   0.08416   0.02809   0.06424   0.01844   0.10811   0.11543   0.03612   0.19360   0.26682   9.65838   1.58069   1.16850   1.49779   0.98425  