

TREE # 1

  0  0.0000   2507.211444  x:  0.04993   0.01319   0.09878   0.00000   0.04598   0.02548   0.17367   0.11310   0.12667   0.10034   0.11039   0.11964   0.00757   0.06466   0.01776   0.05555   0.07873   0.06020   0.05082   0.06864   0.09424   0.05408   0.10126   0.06856   2.00000   1.03254   0.86414   1.08740   0.40000  
  1 99.0000   2507.207396  x:  0.04994   0.01319   0.09879   0.00000   0.04598   0.02548   0.17367   0.11311   0.12667   0.10034   0.11039   0.11964   0.00757   0.06466   0.01776   0.05555   0.07872   0.06020   0.05082   0.06864   0.09424   0.05407   0.10126   0.06856   2.00000   1.03254   0.86414   1.08740   0.40000  
  2 584.0298   2495.026453  x:  0.05062   0.00000   0.11912   0.00000   0.03896   0.00146   0.17443   0.12766   0.14594   0.09891   0.09713   0.13382   0.00915   0.04126   0.01844   0.03948   0.06362   0.06468   0.03104   0.07303   0.08172   0.04381   0.11302   0.06924   2.01094   1.03612   0.86158   1.09156   0.42924  
  3 328.6216   2494.028155  x:  0.05039   0.00177   0.12067   0.00000   0.03809   0.00000   0.17430   0.12799   0.14765   0.09866   0.09594   0.13485   0.00937   0.04021   0.01859   0.03825   0.06244   0.06481   0.02959   0.07298   0.08075   0.04314   0.11355   0.06901   2.01194   1.03646   0.86135   1.09191   0.43159  
  4 704.3062   2486.685378  x:  0.04088   0.00000   0.14061   0.00000   0.01886   0.00267   0.16715   0.11893   0.18018   0.09030   0.07254   0.14560   0.01157   0.05534   0.02232   0.02086   0.04470   0.06204   0.01165   0.06445   0.06639   0.03729   0.11367   0.05950   2.03140   1.04344   0.85708   1.09819   0.47009  
  5 397.7892   2481.624742  x:  0.04185   0.00112   0.15623   0.00000   0.00334   0.01530   0.15306   0.12252   0.21576   0.07959   0.04951   0.15244   0.00625   0.05418   0.02188   0.01994   0.03619   0.06097   0.03026   0.06377   0.05679   0.03694   0.11083   0.06047   2.05500   1.05221   0.85196   1.10518   0.50826  
  6 312.0115   2478.881698  x:  0.04196   0.00201   0.16602   0.00000   0.01685   0.02291   0.13491   0.12441   0.24792   0.06918   0.03384   0.15446   0.00954   0.05307   0.02137   0.02653   0.03685   0.05900   0.03355   0.06251   0.05346   0.03937   0.10553   0.06057   2.07808   1.06094   0.84720   1.11141   0.53929  
  7 383.1916   2474.708949  x:  0.04563   0.00184   0.17044   0.00000   0.00436   0.02112   0.10113   0.12930   0.29097   0.05630   0.04010   0.14843   0.01046   0.05373   0.01928   0.04147   0.05492   0.05819   0.02212   0.06573   0.06215   0.04647   0.09758   0.06425   2.11971   1.07665   0.83977   1.12113   0.57817  
  8 236.8476   2473.232330  x:  0.04264   0.00211   0.16364   0.00000   0.00706   0.01805   0.09049   0.13057   0.30707   0.06474   0.04917   0.14080   0.00362   0.05517   0.02114   0.03402   0.05467   0.06034   0.02591   0.06353   0.06726   0.04543   0.10072   0.06126   2.14969   1.08733   0.83646   1.12647   0.59025  
  9 113.1021   2472.359782  x:  0.04175   0.00210   0.15565   0.00000   0.00655   0.01650   0.08519   0.13220   0.31885   0.07212   0.05434   0.13387   0.01237   0.05600   0.02193   0.02774   0.05339   0.06190   0.03060   0.06289   0.07138   0.04429   0.10402   0.06036   2.17829   1.09733   0.83382   1.13121   0.59814  
 10 313.8617   2469.070901  x:  0.05049   0.00390   0.12133   0.00000   0.00494   0.02033   0.10223   0.13092   0.34311   0.08139   0.04473   0.11582   0.00995   0.05270   0.01719   0.02578   0.04664   0.05868   0.02114   0.06936   0.07977   0.04167   0.10899   0.06910   2.29530   1.13626   0.82722   1.14836   0.60697  
 11 151.6972   2463.204516  x:  0.03370   0.00260   0.10710   0.00000   0.00468   0.00543   0.13666   0.13971   0.35635   0.06896   0.04905   0.12773   0.01016   0.05776   0.02307   0.04184   0.04986   0.06650   0.02870   0.06730   0.07764   0.04323   0.10719   0.05230   2.54558   1.21395   0.82149   1.18236   0.59955  
 12 222.8873   2454.220131  x:  0.05261   0.00064   0.13789   0.00000   0.01191   0.01434   0.15859   0.12875   0.35167   0.05834   0.07864   0.15596   0.01194   0.05645   0.02530   0.02987   0.05646   0.06595   0.03143   0.05037   0.06393   0.04353   0.10263   0.07120   2.98787   1.34393   0.82085   1.24056   0.57186  
 13 606.6471   2447.891872  x:  0.04605   0.00000   0.16572   0.00000   0.01133   0.02025   0.13829   0.12404   0.32835   0.07210   0.07039   0.16185   0.01160   0.05491   0.01811   0.02579   0.05707   0.05524   0.02851   0.08158   0.05765   0.04450   0.10052   0.06464   3.26107   1.41544   0.83103   1.27543   0.54857  
 14 595.3486   2447.891872  x:  0.04605   0.00000   0.16572   0.00000   0.01133   0.02025   0.13829   0.12404   0.32835   0.07210   0.07039   0.16185   0.01160   0.05491   0.01811   0.02579   0.05707   0.05524   0.02851   0.08158   0.05765   0.04450   0.10052   0.06464   3.26107   1.41544   0.83103   1.27543   0.54857  
 15 503.7548   2402.224502  x:  0.07407   0.03467   0.17378   0.00000   0.01292   0.00099   0.13915   0.20354   0.32037   0.07748   0.06275   0.17180   0.00000   0.12513   0.00943   0.02470   0.04941   0.07792   0.01736   0.10298   0.05720   0.03853   0.13064   0.09266   3.26398   1.41161   0.83477   1.27722   0.56158  
 16 610.7291   2399.049797  x:  0.07510   0.02730   0.17514   0.00000   0.01200   0.00000   0.13907   0.21257   0.31833   0.07773   0.06083   0.17306   0.00648   0.12646   0.01261   0.02473   0.04835   0.07905   0.01863   0.10555   0.05721   0.03777   0.13485   0.09368   3.26486   1.41038   0.83622   1.27754   0.56502  
 17 298.7746   2392.802154  x:  0.07636   0.00000   0.17935   0.00000   0.00992   0.00000   0.13873   0.23660   0.31178   0.07805   0.05519   0.17673   0.00013   0.12502   0.01459   0.02486   0.04584   0.08088   0.02137   0.11210   0.05712   0.03576   0.14531   0.09494   3.26780   1.40614   0.84122   1.27855   0.57603  
 18 568.8916   2390.807780  x:  0.07355   0.00089   0.18580   0.00000   0.01099   0.00000   0.13781   0.25004   0.30398   0.07735   0.05160   0.18201   0.00218   0.11337   0.00452   0.02508   0.04588   0.07839   0.01966   0.11454   0.05695   0.03583   0.15030   0.09214   3.27190   1.40047   0.84805   1.27983   0.58944  
 19 139.6502   2388.720992  x:  0.07013   0.00684   0.19385   0.00000   0.01217   0.00000   0.13658   0.26417   0.29421   0.07642   0.04826   0.18856   0.00000   0.09965   0.00841   0.02534   0.04628   0.07521   0.01726   0.11666   0.05697   0.03688   0.15495   0.08871   3.27726   1.39315   0.85682   1.28150   0.60632  
 20 402.2085   2388.720992  x:  0.07013   0.00684   0.19385   0.00000   0.01217   0.00000   0.13658   0.26417   0.29421   0.07642   0.04826   0.18856   0.00000   0.09965   0.00841   0.02534   0.04628   0.07521   0.01726   0.11666   0.05697   0.03688   0.15495   0.08871   3.27726   1.39315   0.85682   1.28150   0.60632  
 21 91.9117   2384.205850  x:  0.08246   0.00939   0.19746   0.00000   0.00824   0.00000   0.13637   0.29364   0.28799   0.07858   0.04846   0.19249   0.03616   0.13454   0.02537   0.02406   0.04329   0.08590   0.02037   0.12390   0.05747   0.03516   0.16671   0.10104   3.28120   1.38845   0.86186   1.28293   0.61757  
 22 240.9398   2374.996803  x:  0.10056   0.00000   0.20425   0.00000   0.01261   0.00000   0.13548   0.35174   0.27505   0.08160   0.04836   0.19939   0.01888   0.18291   0.00843   0.02434   0.04127   0.10062   0.01705   0.13606   0.05695   0.03151   0.18585   0.11915   3.29026   1.37717   0.87429   1.28580   0.64177  
 23 233.5842   2372.165249  x:  0.10449   0.00771   0.20819   0.00000   0.00649   0.00000   0.13489   0.37804   0.26840   0.08175   0.04823   0.20297   0.00000   0.19808   0.02140   0.02529   0.04194   0.10278   0.02004   0.13977   0.05706   0.03419   0.19223   0.12307   3.29597   1.37030   0.88197   1.28729   0.65507  
 24 267.6159   2370.207792  x:  0.08874   0.01424   0.21440   0.00000   0.02209   0.00000   0.13285   0.41781   0.25638   0.07632   0.04766   0.20624   0.00000   0.19014   0.02220   0.02512   0.04878   0.08514   0.02103   0.13516   0.05678   0.03995   0.19350   0.10733   3.31370   1.35038   0.90470   1.29026   0.68778  
 25 80.1599   2368.487529  x:  0.07746   0.00994   0.21754   0.00000   0.00736   0.00000   0.13161   0.44238   0.24803   0.07379   0.04780   0.20707   0.00000   0.17616   0.01557   0.02458   0.04882   0.07550   0.01864   0.13040   0.05678   0.03829   0.19199   0.09605   3.32966   1.33355   0.92340   1.29266   0.71373  
 26 169.7491   2367.517778  x:  0.08054   0.00390   0.21807   0.00000   0.00950   0.00000   0.13113   0.45377   0.24571   0.07710   0.04917   0.20586   0.00000   0.15517   0.01874   0.02618   0.04104   0.08632   0.02378   0.12754   0.05794   0.03311   0.18733   0.09913   3.35022   1.31521   0.94218   1.29541   0.73940  
 27 74.2247   2367.340097  x:  0.08175   0.00555   0.21800   0.00416   0.00948   0.00000   0.13119   0.45380   0.24605   0.07754   0.04919   0.20568   0.00000   0.15278   0.01800   0.02599   0.04121   0.08773   0.02233   0.12747   0.05796   0.03358   0.18653   0.10033   3.35398   1.31235   0.94489   1.29586   0.74310  
 28 101.8905   2366.900104  x:  0.08676   0.01138   0.21726   0.00202   0.00928   0.00000   0.13107   0.45307   0.24767   0.07844   0.04798   0.20478   0.00000   0.14397   0.01527   0.02511   0.04267   0.09299   0.01691   0.12749   0.05797   0.03597   0.18337   0.10535   3.37011   1.30034   0.95606   1.29775   0.75848  
 29 132.1579   2366.386896  x:  0.09158   0.01041   0.21411   0.00233   0.00750   0.00000   0.13130   0.44311   0.25328   0.07678   0.04599   0.20263   0.00000   0.14532   0.01255   0.02331   0.05063   0.09165   0.02421   0.13050   0.05752   0.04086   0.18121   0.11016   3.39847   1.28286   0.97057   1.30055   0.77929  
 30 68.4054   2365.648802  x:  0.09404   0.00383   0.20954   0.00299   0.00819   0.00000   0.13176   0.42681   0.26136   0.07435   0.04599   0.19983   0.00000   0.15509   0.01811   0.02469   0.05294   0.08612   0.01815   0.13498   0.05759   0.04023   0.18054   0.11262   3.44338   1.25773   0.99033   1.30454   0.80879  
 31 140.0225   2365.091065  x:  0.09187   0.01054   0.20757   0.00244   0.00861   0.00000   0.13224   0.41238   0.26684   0.07466   0.04872   0.19919   0.00000   0.16560   0.01598   0.02562   0.04506   0.08403   0.02023   0.13670   0.05781   0.03303   0.18188   0.11045   3.48476   1.23828   1.00424   1.30756   0.83141  
 32 135.1093   2364.762894  x:  0.08645   0.00972   0.20942   0.00232   0.00848   0.00000   0.13274   0.40515   0.26623   0.07881   0.04858   0.20094   0.00000   0.17096   0.01538   0.02442   0.04061   0.09116   0.02006   0.13364   0.05751   0.04142   0.18621   0.10504   3.52037   1.23068   1.00602   1.30844   0.84059  
 33 49.3112   2364.075960  x:  0.08141   0.00946   0.21718   0.00219   0.00846   0.00000   0.13384   0.39662   0.25867   0.08312   0.04682   0.20722   0.00000   0.17363   0.01632   0.02770   0.05334   0.10204   0.01929   0.12586   0.05880   0.03455   0.19638   0.10000   3.61363   1.22324   0.99771   1.30823   0.85116  
 34 67.4574   2362.071933  x:  0.08905   0.00670   0.23310   0.00215   0.00931   0.00000   0.13497   0.38869   0.23831   0.07580   0.04947   0.21969   0.00000   0.16823   0.01796   0.01374   0.05011   0.09426   0.01916   0.11974   0.05518   0.03299   0.21118   0.10763   3.87421   1.21505   0.96389   1.30407   0.86688  
 35 157.8021   2360.418445  x:  0.09720   0.00512   0.24572   0.00211   0.00911   0.00000   0.13550   0.38268   0.22141   0.06905   0.05097   0.22946   0.00000   0.16152   0.01558   0.02850   0.04347   0.08372   0.02058   0.11879   0.05364   0.03877   0.22087   0.11579   4.14093   1.20907   0.92824   1.29879   0.87972  
 36 954.3137   2356.938690  x:  0.09067   0.00582   0.23447   0.00204   0.00899   0.00000   0.13011   0.40696   0.23434   0.09060   0.03827   0.21931   0.00000   0.15754   0.01470   0.02575   0.04190   0.07974   0.02022   0.15645   0.07135   0.03759   0.19194   0.10925   4.67597   1.20928   0.86454   1.27837   0.88760  
 37 265.8709   2355.360330  x:  0.08617   0.00672   0.21965   0.00101   0.00805   0.00000   0.12920   0.42569   0.25134   0.08247   0.05958   0.20729   0.00000   0.15964   0.01465   0.02647   0.04694   0.08920   0.01953   0.15771   0.05785   0.03821   0.17387   0.10475   4.92829   1.21228   0.84500   1.26406   0.88416  
 38 341.8021   2354.352245  x:  0.08612   0.00833   0.20608   0.00220   0.00761   0.00000   0.13218   0.43936   0.26660   0.07113   0.04422   0.19713   0.00000   0.16431   0.01515   0.02736   0.04385   0.09238   0.01970   0.13941   0.05114   0.03639   0.17009   0.10471   5.07435   1.21780   0.84784   1.25006   0.87166  
 39 169.3951   2353.794238  x:  0.08933   0.00874   0.19944   0.00165   0.00712   0.00000   0.13306   0.44742   0.27611   0.07586   0.04918   0.19249   0.00000   0.16496   0.01491   0.02724   0.04404   0.08795   0.01991   0.12478   0.06321   0.03807   0.17547   0.10791   5.16326   1.22319   0.86433   1.23747   0.85610  
 40 103.9195   2353.168836  x:  0.08995   0.00835   0.20236   0.00111   0.00710   0.00000   0.13245   0.45194   0.28073   0.08561   0.04946   0.19546   0.00000   0.16095   0.01537   0.02802   0.04460   0.08452   0.02002   0.13186   0.05243   0.03742   0.18630   0.10854   5.26280   1.23298   0.90333   1.21947   0.82581  
 41 67.7784   2352.879185  x:  0.08838   0.00798   0.20762   0.00133   0.00710   0.00000   0.13259   0.45231   0.27834   0.07580   0.04967   0.19953   0.00000   0.16088   0.01505   0.02763   0.04432   0.08911   0.01991   0.13997   0.05840   0.03782   0.18569   0.10696   5.30950   1.23914   0.92608   1.21268   0.80863  
 42 64.8921   2352.795960  x:  0.08915   0.00749   0.21060   0.00127   0.00731   0.00000   0.13239   0.45163   0.27167   0.07782   0.04953   0.20089   0.00000   0.16455   0.01500   0.02772   0.04443   0.08875   0.01995   0.13731   0.05792   0.03780   0.17551   0.10773   5.32369   1.24318   0.93535   1.21739   0.80299  
 43 13.8248   2352.654671  x:  0.08880   0.00835   0.20351   0.00135   0.00760   0.00000   0.13246   0.45168   0.26279   0.07770   0.04969   0.19241   0.00000   0.16466   0.01501   0.02755   0.04464   0.08948   0.01991   0.13913   0.05794   0.03782   0.17822   0.10738   5.35131   1.26463   0.95435   1.26091   0.79592  
 44  6.9225   2352.540996  x:  0.08884   0.00732   0.20746   0.00122   0.00726   0.00000   0.13208   0.45356   0.27307   0.07744   0.04957   0.20133   0.00000   0.16410   0.01493   0.02763   0.04426   0.08899   0.01990   0.13797   0.05793   0.03773   0.17778   0.10743   5.37442   1.28874   0.96936   1.29934   0.79539  
 45 16.0177   2352.496941  x:  0.08897   0.00726   0.21330   0.00111   0.00715   0.00000   0.13328   0.45213   0.27423   0.07749   0.04957   0.19598   0.00000   0.16483   0.01489   0.02764   0.04414   0.08904   0.01985   0.13807   0.05792   0.03766   0.17780   0.10756   5.38414   1.30832   0.97578   1.30339   0.80547  
 46  4.2239   2352.458192  x:  0.08900   0.00731   0.20809   0.00122   0.00716   0.00000   0.13083   0.45020   0.27169   0.07744   0.04947   0.19964   0.00000   0.16544   0.01485   0.02761   0.04412   0.08941   0.01980   0.13824   0.05790   0.03759   0.17780   0.10758   5.39298   1.32583   0.98102   1.30365   0.81558  
 47  7.6110   2352.443280  x:  0.08898   0.00727   0.20673   0.00113   0.00721   0.00000   0.13582   0.45033   0.27103   0.07778   0.04966   0.20099   0.00000   0.16546   0.01481   0.02759   0.04415   0.08938   0.01979   0.13867   0.05792   0.03758   0.17769   0.10757   5.39704   1.32745   0.98165   1.30356   0.81719  
 48  1.9560   2350.458274  x:  0.10030   0.00000   0.22700   0.00163   0.00631   0.00000   0.13254   0.49454   0.24387   0.07924   0.04724   0.21468   0.00000   0.19913   0.00917   0.02678   0.04280   0.10065   0.01693   0.13594   0.05706   0.03181   0.20595   0.11888   6.14170   1.24433   0.98523   1.29713   0.89926  
 49  3.1633   2350.157482  x:  0.09846   0.00139   0.22382   0.00144   0.01040   0.00000   0.13222   0.49056   0.25434   0.07835   0.04778   0.21233   0.00000   0.19415   0.01140   0.02584   0.04460   0.09688   0.01879   0.13729   0.05754   0.03586   0.20145   0.11703   6.24439   1.26775   0.98359   1.29488   0.89538  
 50  0.1196   2350.068027  x:  0.09653   0.00145   0.22044   0.00161   0.00804   0.00000   0.13283   0.48679   0.25737   0.07843   0.04836   0.21006   0.00000   0.18937   0.01097   0.02528   0.04368   0.09443   0.01862   0.13870   0.05780   0.03547   0.19629   0.11510   6.34446   1.27556   0.97904   1.29143   0.89098  
 51  0.0995   2350.044012  x:  0.09683   0.00175   0.22186   0.00151   0.00795   0.00000   0.13261   0.48639   0.25450   0.07850   0.04785   0.21097   0.00000   0.18918   0.01095   0.02522   0.04425   0.09514   0.01840   0.13794   0.05757   0.03498   0.19684   0.11540   6.47171   1.26645   0.97529   1.29024   0.89360  
 52  0.0817   2350.042896  x:  0.09690   0.00151   0.22205   0.00157   0.00805   0.00000   0.13266   0.48561   0.25488   0.07848   0.04803   0.21114   0.00000   0.18922   0.01098   0.02530   0.04404   0.09517   0.01850   0.13794   0.05762   0.03517   0.19727   0.11547   6.48907   1.26841   0.97625   1.29141   0.89420  
 53  0.0155   2350.042853  x:  0.09690   0.00156   0.22202   0.00155   0.00804   0.00000   0.13268   0.48530   0.25500   0.07850   0.04802   0.21113   0.00000   0.18919   0.01099   0.02534   0.04404   0.09519   0.01848   0.13796   0.05764   0.03517   0.19729   0.11547   6.48993   1.26857   0.97626   1.29133   0.89405  
 54  0.0009   2350.042851  x:  0.09690   0.00156   0.22201   0.00155   0.00804   0.00000   0.13268   0.48525   0.25498   0.07850   0.04802   0.21112   0.00000   0.18920   0.01099   0.02535   0.04404   0.09519   0.01848   0.13796   0.05764   0.03516   0.19729   0.11547   6.48960   1.26846   0.97623   1.29128   0.89402  
 55  0.0003   2350.042851  x:  0.09690   0.00156   0.22201   0.00155   0.00804   0.00000   0.13268   0.48524   0.25497   0.07850   0.04802   0.21112   0.00000   0.18920   0.01099   0.02535   0.04404   0.09519   0.01848   0.13795   0.05764   0.03516   0.19729   0.11547   6.48953   1.26846   0.97623   1.29129   0.89402  
 56  0.0001   2350.042851  x:  0.09690   0.00156   0.22201   0.00155   0.00804   0.00000   0.13268   0.48524   0.25497   0.07850   0.04802   0.21112   0.00000   0.18920   0.01099   0.02535   0.04404   0.09519   0.01848   0.13795   0.05764   0.03516   0.19729   0.11547   6.48952   1.26847   0.97623   1.29129   0.89402  
 57  0.0000   2350.042851  x:  0.09690   0.00156   0.22201   0.00155   0.00804   0.00000   0.13268   0.48524   0.25497   0.07850   0.04802   0.21112   0.00000   0.18920   0.01099   0.02535   0.04404   0.09519   0.01848   0.13795   0.05764   0.03516   0.19729   0.11547   6.48953   1.26847   0.97623   1.29129   0.89402  
 58  0.0000   2350.042851  x:  0.09690   0.00156   0.22201   0.00155   0.00804   0.00000   0.13268   0.48524   0.25497   0.07850   0.04802   0.21112   0.00000   0.18920   0.01099   0.02535   0.04404   0.09519   0.01848   0.13795   0.05764   0.03516   0.19729   0.11547   6.48953   1.26847   0.97623   1.29129   0.89402  