

TREE # 1

  0  0.0000   2011.214288  x:  0.20925   0.02571   0.03211   0.02495   0.05815   0.02188   0.05666   0.08536   0.02661   0.17168   0.20925   0.02571   0.03211   0.02495   0.05815   0.02188   0.05666   0.08536   0.02661   0.17168   0.21568   8.40433   1.75955   1.42443   1.21455   1.00000  
  1 99.0000   1998.790388  x:  0.21478   0.01790   0.01621   0.01415   0.09186   0.03027   0.06144   0.09058   0.02072   0.16388   0.20963   0.00723   0.03689   0.02709   0.13032   0.00880   0.06912   0.09059   0.04432   0.17896   0.22549   8.40479   1.75865   1.42153   1.21751   0.99772  
  2 310.8688   1997.766009  x:  0.21755   0.02149   0.01977   0.02010   0.09751   0.02760   0.06257   0.09236   0.02297   0.16002   0.20994   0.01276   0.03836   0.02626   0.14090   0.01897   0.07079   0.09244   0.04410   0.18231   0.23028   8.40507   1.75813   1.41994   1.21913   0.99633  
  3 137.4338   1997.216650  x:  0.22292   0.02452   0.02354   0.02175   0.09965   0.02108   0.06327   0.09466   0.02495   0.15252   0.21040   0.01301   0.03772   0.02378   0.14369   0.01404   0.07079   0.09472   0.03685   0.18837   0.23955   8.40571   1.75702   1.41658   1.22257   0.99312  
  4 63.3625   1996.662073  x:  0.23302   0.02232   0.02065   0.01971   0.09951   0.02600   0.06351   0.09742   0.02276   0.13876   0.21128   0.01347   0.03709   0.02556   0.14161   0.01604   0.06928   0.09764   0.03047   0.19897   0.25704   8.40716   1.75455   1.40929   1.23000   0.98597  
  5 65.8554   1996.386014  x:  0.23958   0.02228   0.02021   0.01981   0.09805   0.02497   0.06308   0.09771   0.02282   0.13137   0.21188   0.01378   0.03725   0.02557   0.13836   0.01524   0.06874   0.09803   0.03921   0.20468   0.26845   8.40849   1.75232   1.40296   1.23639   0.97951  
  6 62.0193   1996.304489  x:  0.24120   0.02286   0.02104   0.02032   0.09755   0.02498   0.06277   0.09622   0.02310   0.13234   0.21210   0.01020   0.03792   0.02532   0.13793   0.01652   0.06955   0.09643   0.03958   0.20449   0.27151   8.40951   1.75070   1.39869   1.24059   0.97484  
  7 24.2643   1996.027247  x:  0.24592   0.02287   0.02100   0.01963   0.09660   0.02576   0.06181   0.08954   0.02271   0.14066   0.21303   0.01301   0.04001   0.02443   0.13868   0.01540   0.07329   0.08951   0.03846   0.20052   0.28125   8.41443   1.74303   1.37868   1.25998   0.95263  
  8 53.2621   1995.824453  x:  0.24571   0.02131   0.01903   0.02054   0.09692   0.02300   0.06272   0.09149   0.02315   0.14496   0.21287   0.01285   0.03502   0.02776   0.13916   0.01603   0.07032   0.09144   0.03822   0.19613   0.28301   8.41918   1.73597   1.36117   1.27625   0.93234  
  9 45.9527   1995.637942  x:  0.24329   0.02256   0.02176   0.01979   0.09756   0.02634   0.06351   0.09583   0.02345   0.14596   0.21215   0.01286   0.03485   0.02533   0.13916   0.01530   0.06691   0.09585   0.03887   0.19260   0.28100   8.42432   1.72864   1.34373   1.29184   0.91147  
 10 75.8240   1995.529132  x:  0.24018   0.02228   0.01982   0.01936   0.09753   0.02435   0.06286   0.09755   0.02229   0.14316   0.21132   0.01262   0.03951   0.02434   0.13849   0.01589   0.06762   0.09773   0.03842   0.19218   0.27662   8.42808   1.72364   1.33282   1.30078   0.89763  
 11 50.8802   1995.451926  x:  0.23710   0.02248   0.02049   0.02082   0.09742   0.02528   0.06197   0.09635   0.02314   0.13841   0.21052   0.01272   0.03923   0.02667   0.13843   0.01493   0.07055   0.09663   0.03819   0.19406   0.27109   8.43157   1.71944   1.32486   1.30625   0.88664  
 12 35.4197   1995.419168  x:  0.23592   0.02224   0.02072   0.01943   0.09736   0.02484   0.06196   0.09499   0.02305   0.13623   0.21021   0.01279   0.03726   0.02536   0.13871   0.01571   0.07112   0.09526   0.03816   0.19572   0.26825   8.43349   1.71735   1.32157   1.30785   0.88161  
 13 29.1067   1995.408720  x:  0.23604   0.02229   0.02018   0.02040   0.09734   0.02502   0.06255   0.09427   0.02269   0.13617   0.21023   0.01275   0.03718   0.02475   0.13896   0.01551   0.06981   0.09446   0.03812   0.19711   0.26717   8.43488   1.71613   1.32056   1.30721   0.87938  
 14  8.8104   1995.396707  x:  0.23663   0.02254   0.02055   0.01974   0.09733   0.02484   0.06311   0.09376   0.02295   0.13677   0.21034   0.01281   0.03789   0.02564   0.13927   0.01552   0.06816   0.09381   0.03813   0.19910   0.26603   8.43723   1.71422   1.31945   1.30534   0.87632  
 15 12.4141   1995.365543  x:  0.23908   0.02082   0.02101   0.02000   0.09718   0.02489   0.06190   0.09494   0.02359   0.13986   0.21064   0.01278   0.03788   0.02524   0.13910   0.01554   0.06921   0.09484   0.03824   0.20325   0.26448   8.44594   1.70751   1.31674   1.29668   0.86697  
 16 10.9279   1995.347093  x:  0.24013   0.02272   0.02000   0.01975   0.09715   0.02507   0.06177   0.09548   0.02339   0.14102   0.21061   0.01276   0.03739   0.02528   0.13884   0.01557   0.07023   0.09546   0.03831   0.20433   0.26424   8.45188   1.70304   1.31503   1.29064   0.86124  
 17 27.0827   1995.314647  x:  0.24046   0.02281   0.02096   0.01989   0.09746   0.02481   0.06317   0.09530   0.02110   0.14052   0.21021   0.01276   0.03725   0.02575   0.13865   0.01552   0.07090   0.09566   0.03842   0.20256   0.26548   8.46328   1.69469   1.31184   1.27910   0.85179  
 18 23.8870   1995.264960  x:  0.24012   0.02204   0.02043   0.01983   0.09791   0.02498   0.06454   0.09453   0.02336   0.13850   0.20965   0.01277   0.03770   0.02536   0.13864   0.01552   0.07056   0.09529   0.03830   0.19825   0.26822   8.48209   1.68105   1.30644   1.26044   0.83737  
 19 65.6946   1995.251214  x:  0.23941   0.02230   0.02052   0.01990   0.09767   0.02494   0.06180   0.09454   0.02300   0.13790   0.21002   0.01282   0.03761   0.02544   0.13929   0.01550   0.06936   0.09473   0.03823   0.19726   0.26911   8.48817   1.67689   1.30406   1.25560   0.83485  
 20 15.4045   1995.193884  x:  0.23341   0.02234   0.02052   0.01988   0.09421   0.02495   0.06297   0.09658   0.02298   0.13859   0.21587   0.01274   0.03760   0.02541   0.14076   0.01549   0.06988   0.09348   0.03827   0.19906   0.27180   8.52352   1.65493   1.28420   1.23929   0.83931  
 21  7.6493   1995.119697  x:  0.23139   0.02228   0.02040   0.01978   0.09981   0.02496   0.06244   0.09329   0.02294   0.13938   0.21720   0.01254   0.03754   0.02540   0.13835   0.01541   0.06973   0.09584   0.03840   0.20033   0.27236   8.57237   1.62558   1.25689   1.21967   0.84853  
 22 35.0531   1995.047147  x:  0.23798   0.02218   0.02040   0.01978   0.09763   0.02493   0.06250   0.09480   0.02300   0.13839   0.20966   0.01261   0.03755   0.02536   0.13964   0.01536   0.06973   0.09439   0.03829   0.19829   0.26915   8.62283   1.59721   1.23124   1.20262   0.85916  
 23 31.9791   1995.020847  x:  0.24098   0.02227   0.02045   0.01980   0.09548   0.02491   0.06244   0.09228   0.02294   0.13728   0.21326   0.01256   0.03757   0.02534   0.14088   0.01533   0.06964   0.09719   0.03820   0.19665   0.26738   8.65235   1.59126   1.23320   1.20398   0.86072  
 24  3.9859   1994.937150  x:  0.24599   0.02241   0.02033   0.01971   0.09895   0.02492   0.06259   0.09576   0.02272   0.13532   0.22086   0.01245   0.03759   0.02537   0.13981   0.01521   0.06985   0.09350   0.03825   0.19375   0.26427   8.75104   1.57562   1.24297   1.21055   0.86456  
 25 32.3467   1994.671081  x:  0.23541   0.02238   0.02025   0.01954   0.09808   0.02500   0.06255   0.09466   0.02269   0.13872   0.20799   0.01240   0.03769   0.02538   0.14187   0.01488   0.06976   0.09510   0.03839   0.19983   0.27064   9.07315   1.54386   1.27326   1.23042   0.87356  
 26 48.6312   1992.952294  x:  0.23926   0.02151   0.01962   0.01850   0.10201   0.02521   0.06309   0.09560   0.02279   0.13704   0.21103   0.01075   0.03785   0.02528   0.15300   0.01301   0.07071   0.09584   0.03915   0.19979   0.26936  11.43659   1.69062   1.28620   1.25746   0.90682  
 27 40.9484   1992.862242  x:  0.23930   0.02141   0.01933   0.01849   0.10249   0.02550   0.06305   0.09541   0.02242   0.13798   0.21244   0.01069   0.03786   0.02558   0.15542   0.01357   0.07091   0.09557   0.03979   0.19974   0.27072  11.80009   1.63866   1.26930   1.24977   0.89291  
 28  0.2703   1992.858180  x:  0.23944   0.02154   0.01950   0.01857   0.10252   0.02542   0.06305   0.09547   0.02255   0.13755   0.21153   0.01084   0.03796   0.02547   0.15573   0.01329   0.07089   0.09569   0.03979   0.19989   0.27071  11.92056   1.63996   1.27188   1.24763   0.89605  
 29  0.0942   1992.857721  x:  0.23941   0.02151   0.01945   0.01855   0.10247   0.02542   0.06305   0.09546   0.02255   0.13763   0.21166   0.01079   0.03792   0.02548   0.15549   0.01344   0.07088   0.09566   0.03976   0.19985   0.27069  11.95821   1.64155   1.27159   1.24884   0.89638  
 30  0.0286   1992.857653  x:  0.23941   0.02152   0.01948   0.01857   0.10241   0.02541   0.06305   0.09546   0.02254   0.13766   0.21176   0.01082   0.03792   0.02548   0.15522   0.01340   0.07086   0.09566   0.03973   0.19985   0.27070  11.96121   1.64119   1.27145   1.24882   0.89612  
 31  0.0019   1992.857647  x:  0.23940   0.02152   0.01947   0.01857   0.10239   0.02541   0.06305   0.09545   0.02255   0.13765   0.21171   0.01082   0.03792   0.02548   0.15517   0.01342   0.07086   0.09566   0.03972   0.19985   0.27068  11.95946   1.64113   1.27152   1.24870   0.89618  
 32  0.0017   1992.857647  x:  0.23940   0.02152   0.01947   0.01857   0.10239   0.02541   0.06305   0.09545   0.02255   0.13765   0.21171   0.01082   0.03792   0.02548   0.15517   0.01342   0.07086   0.09566   0.03973   0.19985   0.27068  11.95929   1.64113   1.27150   1.24871   0.89620  
 33  0.0002   1992.857647  x:  0.23940   0.02152   0.01947   0.01857   0.10239   0.02541   0.06305   0.09545   0.02255   0.13765   0.21171   0.01082   0.03792   0.02548   0.15517   0.01342   0.07086   0.09566   0.03973   0.19985   0.27068  11.95929   1.64113   1.27150   1.24871   0.89620  
 34  0.0000   1992.857647  x:  0.23940   0.02152   0.01947   0.01857   0.10239   0.02541   0.06305   0.09545   0.02255   0.13765   0.21171   0.01082   0.03792   0.02548   0.15517   0.01342   0.07086   0.09566   0.03973   0.19985   0.27068  11.95929   1.64113   1.27150   1.24871   0.89620  