

TREE # 1

  0  0.0000   2205.232155  x:  0.06875   0.00187   0.08221   0.01093   0.07016   0.06474   0.07042   0.05369   0.10244   0.06287   0.07803   0.12362   0.00000   0.11412   0.02046   0.06629   0.05905   0.05833   0.05009   0.07401   0.08819   0.04727   0.14650   0.08737   2.00000   1.89692   1.25855   1.75287   0.40000  
  1 99.0000   2202.466980  x:  0.06988   0.00000   0.08307   0.01297   0.06962   0.06417   0.07195   0.05264   0.10228   0.06404   0.07716   0.12438   0.00247   0.11725   0.02019   0.06514   0.05823   0.05929   0.04890   0.07466   0.08778   0.04690   0.14820   0.08850   2.00061   1.89676   1.25844   1.75308   0.40181  
  2 441.1755   2198.505655  x:  0.07215   0.00000   0.08487   0.01524   0.06837   0.06289   0.07510   0.05028   0.10198   0.06630   0.07505   0.12593   0.00000   0.12344   0.01968   0.06260   0.05643   0.06121   0.04629   0.07603   0.08691   0.04613   0.15164   0.09077   2.00200   1.89640   1.25821   1.75354   0.40594  
  3 1030.6312   2193.725282  x:  0.07582   0.00000   0.08829   0.00287   0.06477   0.05975   0.07998   0.04420   0.10166   0.06876   0.06924   0.12916   0.00057   0.13430   0.01979   0.05624   0.05243   0.06371   0.04049   0.07849   0.08504   0.04460   0.15954   0.09444   2.00623   1.89532   1.25760   1.75489   0.41684  
  4 585.2218   2188.313481  x:  0.06969   0.00000   0.09216   0.00563   0.05019   0.05191   0.06875   0.02215   0.10401   0.05367   0.04766   0.13471   0.00112   0.12540   0.03155   0.03420   0.04378   0.05073   0.02834   0.07767   0.08175   0.04350   0.17794   0.08831   2.02945   1.88947   1.25488   1.76169   0.46215  
  5 178.7204   2184.193307  x:  0.06190   0.00000   0.08930   0.00593   0.03819   0.05315   0.07172   0.03920   0.11041   0.06452   0.03829   0.13742   0.00212   0.10547   0.01851   0.03409   0.04688   0.05858   0.04173   0.07421   0.08112   0.04391   0.19273   0.08052   2.08244   1.87656   1.24853   1.77718   0.53974  
  6 125.2804   2180.165121  x:  0.06739   0.00000   0.08148   0.00553   0.05836   0.06224   0.06834   0.03941   0.11629   0.05944   0.06459   0.13305   0.00228   0.11024   0.03466   0.05876   0.05606   0.05333   0.04659   0.07284   0.08486   0.04710   0.18859   0.08601   2.17431   1.85486   1.23898   1.80291   0.63448  
  7 165.1658   2177.555012  x:  0.06779   0.00000   0.08036   0.00555   0.06429   0.06122   0.06621   0.03251   0.11050   0.05207   0.06889   0.12576   0.00317   0.11378   0.01341   0.05570   0.05499   0.05411   0.03950   0.07455   0.08665   0.04678   0.16044   0.08641   2.24911   1.83830   1.23400   1.82096   0.65997  
  8 112.1262   2174.458974  x:  0.06534   0.00000   0.08319   0.00544   0.06260   0.05683   0.07260   0.03508   0.09920   0.06263   0.06458   0.11758   0.00444   0.11384   0.02684   0.04403   0.05093   0.06019   0.03402   0.07610   0.08837   0.04568   0.12120   0.08396   2.37495   1.81147   1.22687   1.84953   0.67453  
  9 225.8291   2159.574308  x:  0.07625   0.00000   0.10862   0.00545   0.05085   0.06011   0.06604   0.05423   0.07254   0.05722   0.04602   0.11752   0.00171   0.13137   0.02781   0.04305   0.04936   0.02734   0.06326   0.07256   0.08679   0.04043   0.14590   0.09487   3.06365   1.67243   1.19312   1.99598   0.62622  
 10 232.2401   2151.295378  x:  0.07521   0.00000   0.11290   0.00584   0.05116   0.06175   0.05406   0.04484   0.07493   0.04423   0.04423   0.12262   0.00000   0.12893   0.03341   0.04483   0.05036   0.06892   0.06711   0.07113   0.08469   0.04217   0.17634   0.09383   3.53397   1.58061   1.17126   2.09299   0.58594  
 11 1500.4602   2151.295378  x:  0.07521   0.00000   0.11290   0.00584   0.05116   0.06175   0.05406   0.04484   0.07493   0.04423   0.04423   0.12262   0.00000   0.12893   0.03341   0.04483   0.05036   0.06892   0.06711   0.07113   0.08469   0.04217   0.17634   0.09383   3.53397   1.58061   1.17126   2.09299   0.58594  
 12 666.6682   2133.691339  x:  0.08883   0.00000   0.11400   0.09600   0.05111   0.05442   0.09740   0.03220   0.08456   0.09017   0.04668   0.13462   0.01886   0.17002   0.01594   0.03420   0.04065   0.07580   0.04242   0.08359   0.07914   0.03875   0.19272   0.10745   3.53725   1.58369   1.17160   2.09093   0.59668  
 13 519.6662   2125.698861  x:  0.09840   0.00000   0.11511   0.08200   0.04565   0.04557   0.11611   0.01893   0.09472   0.09794   0.03800   0.14444   0.00000   0.20363   0.01726   0.02942   0.03529   0.08063   0.01779   0.09187   0.07478   0.03788   0.20876   0.11702   3.54191   1.58787   1.17258   2.08762   0.61155  
 14 208.8062   2121.328559  x:  0.11021   0.00000   0.11774   0.05625   0.03984   0.04143   0.14029   0.02677   0.10690   0.10861   0.03579   0.15857   0.00665   0.25647   0.01269   0.03302   0.03887   0.08534   0.04226   0.10011   0.07085   0.03782   0.23799   0.12883   3.55223   1.59675   1.17450   2.08045   0.64085  
 15 185.5571   2120.498350  x:  0.10893   0.00000   0.11848   0.05483   0.04538   0.05033   0.14041   0.02869   0.10432   0.11110   0.04539   0.15966   0.00534   0.26927   0.02355   0.03388   0.04026   0.08269   0.04218   0.09689   0.07401   0.03984   0.24663   0.12755   3.55975   1.60278   1.17612   2.07501   0.65793  
 16 79.3216   2119.375881  x:  0.10399   0.00000   0.11883   0.05345   0.05149   0.05975   0.13436   0.02856   0.09665   0.11170   0.05350   0.15837   0.00148   0.28211   0.01223   0.03349   0.04108   0.07780   0.03978   0.08991   0.07863   0.03899   0.25686   0.12261   3.57386   1.61373   1.17930   2.06470   0.68715  
 17 110.2098   2117.812416  x:  0.09427   0.00000   0.11725   0.06011   0.04538   0.05139   0.11780   0.02422   0.08245   0.10941   0.03956   0.15115   0.00572   0.29160   0.01677   0.03275   0.03826   0.07632   0.04151   0.08386   0.07897   0.03796   0.26775   0.11289   3.60885   1.63934   1.18728   2.03966   0.74904  
 18 85.6812   2116.237139  x:  0.09498   0.00000   0.11853   0.06774   0.04331   0.04462   0.11076   0.04091   0.09652   0.10398   0.04026   0.14303   0.00069   0.27900   0.01603   0.03569   0.04312   0.08471   0.03728   0.09559   0.07265   0.04258   0.26340   0.11360   3.66363   1.67590   1.19939   2.00313   0.82716  
 19 92.4159   2114.863490  x:  0.10314   0.00000   0.12081   0.06371   0.04645   0.04837   0.11814   0.02643   0.10945   0.09985   0.04480   0.14365   0.01358   0.25791   0.01621   0.03063   0.03796   0.08584   0.03824   0.10105   0.07282   0.03717   0.25059   0.12176   3.72040   1.70956   1.21122   1.96858   0.89085  
 20 122.5558   2114.275962  x:  0.10680   0.00000   0.12030   0.06204   0.04437   0.04986   0.13188   0.02385   0.10484   0.10541   0.04087   0.15123   0.01023   0.24682   0.01608   0.03807   0.04114   0.08092   0.04034   0.09554   0.07706   0.04122   0.23931   0.12542   3.75528   1.72539   1.21742   1.95147   0.91318  
 21 72.0888   2114.004374  x:  0.10681   0.00000   0.11949   0.05941   0.04361   0.04900   0.13755   0.02977   0.09960   0.10914   0.04082   0.15604   0.00985   0.24396   0.01668   0.03124   0.03926   0.08034   0.03978   0.09272   0.07660   0.03910   0.23381   0.12543   3.77850   1.73262   1.22068   1.94302   0.91764  
 22 52.3459   2113.252202  x:  0.10090   0.00000   0.11685   0.05331   0.04721   0.04427   0.13741   0.02844   0.09085   0.11693   0.04826   0.16445   0.01510   0.24851   0.01610   0.03692   0.04153   0.08938   0.03567   0.09642   0.06737   0.03746   0.22489   0.11952   3.87157   1.75200   1.23074   1.91829   0.90791  
 23 46.3287   2111.016171  x:  0.09343   0.00000   0.11438   0.05330   0.04844   0.05885   0.12541   0.02359   0.09766   0.12413   0.03963   0.17047   0.00897   0.26864   0.01474   0.02880   0.03891   0.09592   0.04299   0.10709   0.07304   0.05084   0.21532   0.11205   4.17483   1.80728   1.25964   1.84632   0.86244  
 24 164.1959   2108.774867  x:  0.10023   0.00000   0.12021   0.05672   0.04170   0.05649   0.11876   0.03029   0.10512   0.11645   0.04058   0.16187   0.00775   0.28338   0.01667   0.03848   0.03769   0.08232   0.03900   0.10116   0.08375   0.03256   0.22365   0.11885   4.47425   1.85566   1.28370   1.78340   0.81701  
 25 341.3960   2107.792629  x:  0.10638   0.00000   0.12510   0.05772   0.04477   0.04575   0.12245   0.02870   0.10297   0.10715   0.04596   0.15194   0.00902   0.28417   0.01572   0.03323   0.04301   0.07630   0.03799   0.09196   0.08002   0.04387   0.23723   0.12500   4.61580   1.87264   1.29037   1.76235   0.79913  
 26 236.5863   2107.024683  x:  0.10766   0.00000   0.12627   0.06005   0.05135   0.05157   0.13322   0.02776   0.09632   0.10088   0.04182   0.14370   0.00170   0.27579   0.01624   0.03492   0.03926   0.08561   0.04253   0.08959   0.07017   0.04030   0.25600   0.12628   4.73231   1.87482   1.28641   1.76284   0.79388  
 27 104.2703   2105.475794  x:  0.10076   0.00000   0.12058   0.05507   0.03816   0.05781   0.14411   0.02887   0.09211   0.10431   0.04260   0.14482   0.00828   0.25392   0.01528   0.03385   0.04418   0.09138   0.03447   0.10177   0.08131   0.04232   0.29085   0.11938   4.98312   1.85840   1.26198   1.79498   0.79983  
 28 122.5350   2103.221246  x:  0.09643   0.00000   0.11326   0.05373   0.05151   0.04299   0.13778   0.02677   0.10299   0.11942   0.04363   0.15990   0.00000   0.23741   0.01630   0.03369   0.03855   0.07934   0.04043   0.10546   0.08459   0.03900   0.31086   0.11505   5.32286   1.82384   1.22224   1.85478   0.81875  
 29 263.5818   2100.608815  x:  0.10667   0.00000   0.11333   0.05227   0.05240   0.05679   0.12414   0.03467   0.11003   0.11765   0.02983   0.16994   0.00000   0.24382   0.01503   0.03815   0.03788   0.07581   0.02743   0.08801   0.06693   0.04530   0.29932   0.12529   5.66626   1.77913   1.18018   1.92548   0.84487  
 30 308.3462   2098.511845  x:  0.11392   0.00000   0.11749   0.05804   0.03869   0.05296   0.11940   0.02780   0.10596   0.10717   0.04208   0.16692   0.00000   0.25888   0.01540   0.03442   0.04006   0.08563   0.03577   0.08157   0.06998   0.04197   0.27213   0.13254   6.07860   1.72199   1.13271   2.01204   0.87840  
 31 411.8835   2097.764425  x:  0.11275   0.00000   0.12227   0.05732   0.04822   0.05079   0.12853   0.03017   0.09919   0.09743   0.03735   0.15282   0.00000   0.27115   0.01529   0.03492   0.04176   0.08377   0.03353   0.09077   0.07829   0.04160   0.25373   0.13137   6.18553   1.70236   1.12499   2.03699   0.88916  
 32 163.3281   2097.636229  x:  0.10927   0.00000   0.12333   0.05588   0.04552   0.05140   0.13242   0.03008   0.10115   0.09924   0.03863   0.14591   0.00000   0.27289   0.01515   0.03593   0.03812   0.07936   0.03373   0.09113   0.07500   0.04279   0.25035   0.12789   6.20605   1.69624   1.12861   2.04191   0.89159  
 33 34.3016   2097.582992  x:  0.10775   0.00000   0.12397   0.05526   0.04553   0.05170   0.13354   0.02927   0.10329   0.10146   0.03781   0.14324   0.00000   0.27303   0.01548   0.03470   0.04186   0.07914   0.03380   0.08948   0.07408   0.04109   0.24966   0.12637   6.21630   1.69134   1.13472   2.04448   0.89309  
 34 19.9754   2097.451274  x:  0.10823   0.00000   0.12608   0.05431   0.04635   0.05060   0.13302   0.03006   0.10442   0.10340   0.03761   0.14253   0.00000   0.27232   0.01526   0.03569   0.03947   0.08399   0.03301   0.08598   0.07764   0.04226   0.25037   0.12685   6.23454   1.67491   1.16251   2.05011   0.89728  
 35 17.8029   2097.346317  x:  0.11000   0.00000   0.12549   0.05545   0.04570   0.05144   0.13140   0.02964   0.10163   0.10127   0.03799   0.14647   0.00000   0.27130   0.01532   0.03519   0.04031   0.08064   0.03363   0.09036   0.07536   0.04192   0.25218   0.12862   6.25915   1.66037   1.18573   2.05656   0.90138  
 36 36.3183   2097.333150  x:  0.10930   0.00000   0.12201   0.05595   0.04575   0.05124   0.13248   0.02967   0.10263   0.09895   0.03818   0.14733   0.00000   0.27183   0.01532   0.03525   0.04034   0.08067   0.03352   0.08948   0.07541   0.04187   0.25207   0.12792   6.26093   1.66082   1.18804   2.05770   0.90160  
 37  2.8763   2096.462928  x:  0.11807   0.00000   0.10579   0.04536   0.04534   0.05082   0.12899   0.02689   0.09745   0.10800   0.03913   0.13723   0.00000   0.27922   0.01513   0.03379   0.03958   0.08046   0.03069   0.09294   0.07599   0.04094   0.25100   0.13669   6.46833   1.80583   1.26962   2.18165   0.90690  
 38  2.7219   2095.656917  x:  0.11057   0.00000   0.12464   0.04126   0.04319   0.04906   0.13387   0.02411   0.10124   0.09798   0.03843   0.14989   0.00000   0.28648   0.01528   0.03264   0.03902   0.07975   0.02739   0.09181   0.07478   0.03967   0.25107   0.12919   6.66122   1.94172   1.34489   2.29586   0.91182  
 39 165.3618   2093.818275  x:  0.11113   0.00000   0.12068   0.02270   0.04317   0.04751   0.13613   0.01830   0.10282   0.10274   0.03906   0.15738   0.00000   0.29757   0.01539   0.03063   0.03751   0.08251   0.02052   0.09581   0.07489   0.03862   0.25877   0.12974   7.10455   1.79245   1.24463   2.06967   0.95683  
 40  3.4915   2092.910095  x:  0.10781   0.00000   0.12102   0.03308   0.04327   0.04688   0.12529   0.01982   0.10353   0.09381   0.03810   0.16012   0.00000   0.29483   0.01635   0.03157   0.03775   0.08408   0.02563   0.09818   0.07509   0.03938   0.25939   0.12642   7.67417   1.70696   1.18446   1.92382   0.98777  
 41  0.5754   2092.512022  x:  0.10574   0.00000   0.12303   0.02909   0.04470   0.04974   0.12221   0.02438   0.10156   0.09555   0.03920   0.15839   0.00000   0.29275   0.01655   0.03305   0.03890   0.08333   0.02470   0.09682   0.07498   0.04070   0.25863   0.12434   8.33526   1.78303   1.22805   2.00966   0.99342  
 42  0.4868   2092.433237  x:  0.10681   0.00000   0.12206   0.02812   0.04361   0.04884   0.12467   0.02091   0.10102   0.09664   0.03853   0.15669   0.00000   0.28975   0.01641   0.03221   0.03860   0.08333   0.02578   0.09576   0.07525   0.03986   0.25837   0.12541   8.57939   1.77472   1.22163   2.00328   0.99030  
 43  0.2187   2092.420580  x:  0.10720   0.00000   0.12147   0.02888   0.04396   0.04873   0.12524   0.02135   0.10139   0.09657   0.03889   0.15684   0.00000   0.28878   0.01629   0.03219   0.03856   0.08328   0.02450   0.09567   0.07535   0.03989   0.25837   0.12580   8.64509   1.76370   1.21483   1.99270   0.98561  
 44  0.0755   2092.418314  x:  0.10722   0.00000   0.12155   0.02904   0.04406   0.04870   0.12570   0.02151   0.10181   0.09692   0.03874   0.15743   0.00000   0.28948   0.01627   0.03224   0.03841   0.08337   0.02487   0.09605   0.07526   0.04004   0.25837   0.12582   8.66926   1.76456   1.21568   1.99456   0.98158  
 45  0.0208   2092.418146  x:  0.10731   0.00000   0.12173   0.02914   0.04401   0.04875   0.12576   0.02142   0.10176   0.09686   0.03874   0.15742   0.00000   0.28977   0.01622   0.03224   0.03848   0.08337   0.02480   0.09610   0.07523   0.04001   0.25824   0.12592   8.67138   1.76582   1.21644   1.99510   0.98145  
 46  0.0024   2092.418124  x:  0.10733   0.00000   0.12175   0.02911   0.04400   0.04875   0.12581   0.02144   0.10175   0.09692   0.03874   0.15741   0.00000   0.28995   0.01621   0.03224   0.03848   0.08337   0.02480   0.09610   0.07523   0.04000   0.25831   0.12594   8.67119   1.76560   1.21628   1.99450   0.98170  
 47  0.0006   2092.418121  x:  0.10733   0.00000   0.12173   0.02913   0.04400   0.04874   0.12582   0.02143   0.10176   0.09692   0.03874   0.15740   0.00000   0.28998   0.01622   0.03224   0.03847   0.08337   0.02480   0.09609   0.07523   0.04001   0.25833   0.12593   8.67147   1.76564   1.21632   1.99466   0.98183  
 48  0.0003   2092.418121  x:  0.10733   0.00000   0.12173   0.02913   0.04401   0.04875   0.12582   0.02144   0.10176   0.09693   0.03874   0.15740   0.00000   0.28997   0.01622   0.03224   0.03847   0.08337   0.02480   0.09609   0.07523   0.04001   0.25832   0.12593   8.67174   1.76564   1.21632   1.99467   0.98185  
 49  0.0002   2092.418121  x:  0.10733   0.00000   0.12173   0.02913   0.04401   0.04875   0.12582   0.02144   0.10176   0.09693   0.03874   0.15740   0.00000   0.28997   0.01622   0.03224   0.03847   0.08337   0.02480   0.09609   0.07523   0.04001   0.25832   0.12593   8.67177   1.76564   1.21632   1.99467   0.98186  
 50  0.0000   2092.418121  x:  0.10733   0.00000   0.12173   0.02913   0.04401   0.04875   0.12582   0.02144   0.10176   0.09693   0.03874   0.15740   0.00000   0.28997   0.01622   0.03224   0.03847   0.08337   0.02480   0.09609   0.07523   0.04001   0.25832   0.12593   8.67177   1.76564   1.21632   1.99467   0.98186  