

TREE # 1

  0  0.0000   2326.092589  x:  0.00000   0.05405   0.06991   0.02281   0.07380   0.10339   0.05918   0.07224   0.09735   0.02911   0.10691   0.02478   0.05565   0.03547   0.01318   0.09363   0.06650   0.03979   0.08457   0.06794   0.09154   0.09544   0.08587   2.00000   1.57150   1.21607   1.54355   0.40000  
  1 99.0000   2326.070769  x:  0.00000   0.05406   0.06991   0.02281   0.07380   0.10339   0.05917   0.07224   0.09735   0.02911   0.10691   0.02478   0.05567   0.03547   0.01318   0.09363   0.06649   0.03979   0.08457   0.06794   0.09154   0.09544   0.08588   2.00000   1.57150   1.21607   1.54355   0.40000  
  2 884.9980   2303.826267  x:  0.00000   0.02701   0.03717   0.02800   0.04474   0.12880   0.04534   0.08291   0.08274   0.00000   0.11962   0.00305   0.06643   0.04664   0.00812   0.07548   0.03111   0.04293   0.12062   0.08732   0.06559   0.11751   0.12551   2.01113   1.57081   1.20964   1.54792   0.43224  
  3 490.1024   2302.346791  x:  0.00013   0.02394   0.03324   0.02864   0.04124   0.13183   0.04368   0.08417   0.08098   0.00081   0.12114   0.00054   0.06746   0.04788   0.00753   0.07329   0.02686   0.04330   0.12487   0.08960   0.06246   0.12013   0.13013   2.01247   1.57073   1.20887   1.54845   0.43612  
  4 3681.6500   2299.938785  x:  0.00382   0.02315   0.02960   0.02935   0.03804   0.13430   0.04226   0.08515   0.07941   0.00097   0.12241   0.00000   0.06599   0.04818   0.00712   0.07134   0.02301   0.04358   0.12796   0.09119   0.05960   0.12224   0.13311   2.01377   1.57065   1.20813   1.54896   0.43964  
  5 1549.4007   2299.938785  x:  0.00382   0.02315   0.02960   0.02935   0.03804   0.13430   0.04226   0.08515   0.07941   0.00097   0.12241   0.00000   0.06599   0.04818   0.00712   0.07134   0.02301   0.04358   0.12796   0.09119   0.05960   0.12224   0.13311   2.01377   1.57065   1.20813   1.54896   0.43964  
  6 1537.4652   2235.006421  x:  0.02077   0.23951   0.01779   0.02984   0.02650   0.14302   0.03814   0.08795   0.07448   0.12674   0.13161   0.00113   0.11187   0.06051   0.01080   0.06502   0.01089   0.04465   0.14107   0.09773   0.04982   0.13537   0.15561   2.01972   1.57053   1.20458   1.55147   0.45394  
  7 1732.6133   2233.908097  x:  0.01979   0.24026   0.01710   0.02976   0.02590   0.14356   0.03796   0.08810   0.07427   0.12549   0.13186   0.00000   0.11364   0.06096   0.01055   0.06462   0.01078   0.04471   0.14184   0.09806   0.04920   0.13579   0.15661   2.02018   1.57051   1.20435   1.55162   0.45489  
  8 322.0936   2217.138597  x:  0.01171   0.32025   0.05967   0.05088   0.03844   0.17036   0.04844   0.09505   0.07106   0.00981   0.15151   0.00000   0.10600   0.06163   0.04535   0.05266   0.04844   0.04631   0.17806   0.10506   0.02750   0.16108   0.20341   2.06870   1.56850   1.18162   1.56723   0.53312  
  9 236.3457   2215.928443  x:  0.01232   0.32697   0.06140   0.04929   0.03849   0.17068   0.04660   0.09398   0.07031   0.00000   0.15203   0.00000   0.10426   0.06063   0.04308   0.05238   0.04319   0.04511   0.17804   0.10416   0.03239   0.16156   0.20386   2.07535   1.56818   1.17898   1.56909   0.54018  
 10 181.7944   2211.379564  x:  0.00000   0.32675   0.09139   0.04247   0.04093   0.17962   0.03616   0.08777   0.06419   0.00254   0.15852   0.00000   0.09038   0.05399   0.02933   0.04738   0.01396   0.03882   0.18654   0.09949   0.04692   0.16886   0.21666   2.14172   1.56487   1.15210   1.58806   0.61541  
 11 131.6009   2208.867665  x:  0.02720   0.32187   0.10813   0.03708   0.04096   0.18012   0.03171   0.08145   0.06146   0.00262   0.16075   0.00000   0.09857   0.05741   0.01274   0.05057   0.00661   0.04317   0.18452   0.09575   0.04682   0.16959   0.21649   2.20634   1.56156   1.12802   1.60534   0.67456  
 12 222.6198   2207.376098  x:  0.02844   0.32216   0.11074   0.03263   0.03880   0.17601   0.02928   0.07734   0.06050   0.00332   0.15786   0.00000   0.10267   0.05888   0.00445   0.05448   0.01850   0.04332   0.17770   0.09324   0.05280   0.16587   0.20903   2.24961   1.55925   1.11333   1.61604   0.70644  
 13 269.4045   2203.719683  x:  0.02773   0.32130   0.10619   0.02863   0.03190   0.15932   0.03158   0.06991   0.06101   0.00421   0.14486   0.00000   0.11802   0.06646   0.02768   0.06742   0.02379   0.04487   0.15357   0.08988   0.06052   0.15048   0.17979   2.37680   1.55235   1.07289   1.64586   0.78665  
 14 413.0736   2200.237784  x:  0.02295   0.32505   0.08499   0.05072   0.03482   0.14380   0.04654   0.08232   0.06777   0.00292   0.13059   0.00000   0.11276   0.06138   0.01853   0.06450   0.01891   0.04245   0.13513   0.09492   0.04222   0.13526   0.15359   2.50175   1.54548   1.04040   1.67099   0.83877  
 15 246.6515   2197.104951  x:  0.03042   0.32512   0.05000   0.03326   0.03616   0.14061   0.03617   0.09012   0.06997   0.00392   0.12614   0.00000   0.08917   0.05580   0.02360   0.05523   0.02252   0.04593   0.14070   0.09985   0.02684   0.13179   0.15234   2.63165   1.53871   1.01932   1.69004   0.85135  
 16 144.7821   2193.318585  x:  0.04320   0.31905   0.01690   0.04108   0.04494   0.14622   0.04522   0.09775   0.07439   0.00837   0.13009   0.00000   0.08267   0.05378   0.02940   0.04777   0.02850   0.04166   0.15651   0.10080   0.05007   0.13853   0.16655   2.81894   1.52981   0.99912   1.71180   0.84055  
 17 235.7800   2175.826590  x:  0.01793   0.31594   0.09308   0.03903   0.04902   0.16552   0.03363   0.10514   0.08944   0.00000   0.14910   0.00000   0.12580   0.04692   0.01757   0.06910   0.01804   0.02174   0.19499   0.07486   0.03656   0.17362   0.20871   4.28460   1.46421   0.91151   1.84172   0.57251  
 18 316.1730   2173.685610  x:  0.01160   0.31641   0.10164   0.04245   0.04570   0.16887   0.03629   0.10033   0.08436   0.00000   0.15174   0.00000   0.12384   0.05536   0.01391   0.06665   0.01546   0.04648   0.19542   0.08181   0.04018   0.17578   0.21260   4.43545   1.45851   0.90854   1.85150   0.54628  
 19 699.8967   2171.931187  x:  0.01335   0.31564   0.10687   0.04685   0.03335   0.17423   0.04089   0.08502   0.06587   0.00000   0.15543   0.00000   0.11736   0.06934   0.01285   0.05622   0.01578   0.03771   0.18871   0.10149   0.03941   0.17375   0.21504   4.53743   1.45763   0.92417   1.84752   0.53497  
 20 182.5923   2170.054409  x:  0.01534   0.31410   0.10516   0.05394   0.03326   0.18380   0.03513   0.07593   0.05274   0.00000   0.16093   0.00000   0.12329   0.04868   0.01644   0.04709   0.01779   0.04174   0.17488   0.09905   0.03824   0.16789   0.21914   4.64779   1.46573   0.98435   1.81547   0.54302  
 21 81.4826   2166.931111  x:  0.01217   0.31255   0.10109   0.05271   0.04732   0.19745   0.03015   0.08128   0.06751   0.00000   0.16715   0.00000   0.12107   0.06929   0.01432   0.05743   0.01618   0.04065   0.16039   0.09055   0.03597   0.16080   0.22595   4.85517   1.48874   1.11796   1.73854   0.56990  
 22 208.8917   2165.908567  x:  0.01312   0.31184   0.10543   0.04082   0.03770   0.18721   0.04729   0.08921   0.07067   0.00000   0.16054   0.00000   0.12188   0.06315   0.01278   0.06266   0.01542   0.04156   0.17678   0.09692   0.03852   0.16691   0.21913   4.92264   1.50287   1.16256   1.70707   0.58089  
 23 99.8204   2165.596383  x:  0.01438   0.31098   0.10743   0.04693   0.03419   0.17627   0.03891   0.09190   0.06990   0.00000   0.15574   0.00000   0.12221   0.06517   0.01357   0.05979   0.01609   0.04171   0.18704   0.09740   0.04041   0.17199   0.21427   4.94133   1.51245   1.17223   1.69497   0.58402  
 24 40.2315   2165.421080  x:  0.01302   0.31059   0.10615   0.04619   0.04159   0.17077   0.04070   0.08422   0.06754   0.00000   0.15397   0.00000   0.12346   0.06693   0.01303   0.05673   0.01563   0.04160   0.19093   0.09446   0.03843   0.17486   0.21251   4.95096   1.52769   1.16983   1.68418   0.58493  
 25 15.6249   2164.627752  x:  0.01255   0.30613   0.10346   0.04741   0.03867   0.17687   0.03849   0.08717   0.06602   0.00000   0.15846   0.00000   0.12318   0.06394   0.01289   0.06465   0.01548   0.04168   0.18398   0.10081   0.03733   0.17409   0.21648   4.98855   1.62054   1.13609   1.62755   0.58816  
 26 22.3692   2164.493597  x:  0.01316   0.30520   0.10491   0.04601   0.03424   0.17892   0.04038   0.08871   0.06988   0.00000   0.15781   0.00000   0.12330   0.06548   0.01349   0.05613   0.01592   0.04173   0.18236   0.09614   0.03782   0.17166   0.21658   4.99343   1.63118   1.13206   1.62170   0.58884  
 27 17.9031   2163.093823  x:  0.01293   0.29212   0.10714   0.04128   0.04597   0.19055   0.03783   0.10105   0.05805   0.00000   0.13872   0.00000   0.13194   0.06929   0.01382   0.04877   0.01595   0.04146   0.19482   0.10223   0.03973   0.14273   0.21621   5.02006   1.63885   1.13031   1.63597   0.60549  
 28  3.0851   2157.202790  x:  0.00672   0.23951   0.08256   0.05414   0.01944   0.20602   0.03509   0.07054   0.07445   0.00000   0.12372   0.00000   0.13429   0.06742   0.01048   0.06171   0.01345   0.04397   0.21696   0.10073   0.02323   0.12430   0.22123   5.12105   1.64927   1.13140   1.70449   0.67760  
 29 47.8869   2152.900976  x:  0.00000   0.19788   0.06782   0.04582   0.01960   0.19780   0.03486   0.08640   0.06874   0.00000   0.14367   0.00000   0.14414   0.07121   0.01122   0.04985   0.01336   0.04456   0.19834   0.10913   0.01548   0.15685   0.21400   5.19580   1.65330   1.13298   1.75721   0.73203  
 30 125.1709   2152.900976  x:  0.00000   0.19788   0.06782   0.04582   0.01960   0.19780   0.03486   0.08640   0.06874   0.00000   0.14367   0.00000   0.14414   0.07121   0.01122   0.04985   0.01336   0.04456   0.19834   0.10913   0.01548   0.15685   0.21400   5.19580   1.65330   1.13298   1.75721   0.73203  
 31 106.5830   2151.071310  x:  0.01796   0.20066   0.06252   0.04391   0.01892   0.19750   0.03380   0.08667   0.06783   0.00387   0.14426   0.00000   0.14792   0.07218   0.00983   0.04918   0.01228   0.04454   0.19857   0.10935   0.02168   0.15750   0.21513   5.19600   1.65313   1.13276   1.75736   0.73295  
 32 438.5150   2145.066131  x:  0.01394   0.21836   0.02243   0.03118   0.01507   0.19536   0.02734   0.08858   0.06187   0.00038   0.14661   0.00000   0.17366   0.07816   0.00212   0.04506   0.00756   0.04458   0.20030   0.11087   0.04505   0.16144   0.22283   5.19748   1.65191   1.13125   1.75829   0.73979  
 33 205.3841   2144.030975  x:  0.01169   0.22330   0.01207   0.02832   0.01445   0.19475   0.02609   0.08913   0.06041   0.00570   0.14723   0.00000   0.18063   0.07971   0.00150   0.04424   0.00749   0.04467   0.20082   0.11130   0.04988   0.16251   0.22497   5.19791   1.65155   1.13081   1.75857   0.74177  
 34 929.6123   2143.514275  x:  0.01187   0.22770   0.00774   0.02868   0.01555   0.19415   0.02712   0.08969   0.05992   0.00521   0.14771   0.00000   0.18628   0.08073   0.00639   0.04465   0.01106   0.04500   0.20146   0.11173   0.04973   0.16342   0.22694   5.19840   1.65116   1.13035   1.75884   0.74386  
 35 152.3133   2141.768405  x:  0.01120   0.26003   0.01707   0.03231   0.01916   0.18962   0.03314   0.09368   0.05751   0.00532   0.15104   0.00000   0.22704   0.08607   0.00945   0.04329   0.01196   0.04518   0.20532   0.11396   0.04553   0.16990   0.24145   5.20222   1.64806   1.12688   1.76085   0.76020  
 36 124.9495   2141.173262  x:  0.01313   0.27071   0.01326   0.03468   0.01567   0.18796   0.03260   0.09395   0.06017   0.00473   0.15125   0.00000   0.23741   0.08457   0.00566   0.04405   0.01061   0.04461   0.20650   0.11375   0.03177   0.17099   0.24603   5.20448   1.64617   1.12538   1.76164   0.76878  
 37 88.7451   2141.036078  x:  0.01330   0.27442   0.01420   0.03086   0.01671   0.18751   0.02798   0.09238   0.06242   0.00464   0.14983   0.00000   0.23739   0.08245   0.00705   0.04559   0.01028   0.04476   0.20679   0.11276   0.03046   0.16952   0.24697   5.20721   1.64390   1.12415   1.76217   0.77758  
 38 25.8149   2140.837984  x:  0.01313   0.27994   0.01424   0.03132   0.01838   0.18706   0.02856   0.08935   0.06452   0.00456   0.14668   0.00000   0.23410   0.07874   0.00461   0.04640   0.01351   0.04489   0.20694   0.11075   0.03230   0.16594   0.24773   5.21374   1.63857   1.12140   1.76328   0.79762  
 39 44.3867   2140.559795  x:  0.01278   0.28669   0.01351   0.03400   0.01763   0.18662   0.03144   0.08608   0.06558   0.00465   0.14263   0.00000   0.22855   0.07513   0.00689   0.04670   0.00994   0.04489   0.20707   0.10858   0.03493   0.16116   0.24833   5.22367   1.63057   1.11735   1.76484   0.82720  
 40 148.8220   2140.370361  x:  0.01278   0.28848   0.01440   0.03347   0.01318   0.18678   0.03065   0.08793   0.06166   0.00459   0.14205   0.00000   0.22449   0.07772   0.00773   0.04426   0.01151   0.04467   0.20678   0.10915   0.03491   0.15996   0.24771   5.23216   1.62413   1.11430   1.76581   0.84965  
 41 63.4563   2140.165845  x:  0.01317   0.28814   0.01368   0.03263   0.01695   0.18727   0.03016   0.09197   0.05679   0.00446   0.14301   0.00000   0.21998   0.08269   0.00729   0.04129   0.01077   0.04421   0.20617   0.11083   0.03261   0.16027   0.24629   5.24314   1.61612   1.11065   1.76676   0.87649  
 42 112.4042   2140.002841  x:  0.01306   0.28123   0.01357   0.03224   0.01648   0.18792   0.03134   0.09508   0.06210   0.00452   0.14805   0.00000   0.22082   0.08713   0.00668   0.04568   0.01055   0.04455   0.20540   0.11324   0.03344   0.16571   0.24394   5.25576   1.60827   1.10758   1.76671   0.89929  
 43 35.8637   2139.892228  x:  0.01311   0.27112   0.01363   0.03323   0.01660   0.18784   0.03019   0.09190   0.06182   0.00459   0.15159   0.00000   0.22640   0.08263   0.00747   0.04207   0.01075   0.04466   0.20511   0.11289   0.03351   0.17087   0.24238   5.26901   1.60169   1.10586   1.76512   0.91356  
 44 23.4331   2139.857634  x:  0.01325   0.26750   0.01368   0.03196   0.01649   0.18773   0.03138   0.09108   0.05925   0.00459   0.15060   0.00000   0.22884   0.08190   0.00725   0.04455   0.01069   0.04399   0.20524   0.11172   0.03296   0.17048   0.24258   5.27663   1.59898   1.10550   1.76343   0.91656  
 45 14.1794   2139.774658  x:  0.01338   0.26113   0.01362   0.03431   0.01670   0.18711   0.02941   0.09307   0.05989   0.00466   0.14506   0.00000   0.23371   0.08427   0.00711   0.04491   0.01065   0.04543   0.20590   0.10967   0.03302   0.16550   0.24444   5.30316   1.59127   1.10496   1.75655   0.91961  
 46 16.8407   2139.675051  x:  0.01358   0.25807   0.01367   0.03085   0.01647   0.18705   0.03254   0.09376   0.06306   0.00465   0.14224   0.00000   0.23601   0.08563   0.00747   0.04145   0.01079   0.04390   0.20656   0.11042   0.03219   0.16161   0.24610   5.33942   1.58168   1.10412   1.74697   0.92081  
 47 39.7409   2138.645124  x:  0.01317   0.26423   0.01383   0.03448   0.01699   0.18775   0.02965   0.09175   0.06132   0.00473   0.15226   0.00000   0.23290   0.08153   0.00701   0.04526   0.01113   0.03882   0.21038   0.12941   0.03325   0.15414   0.25422   5.74325   1.48166   1.09180   1.64052   0.91948  
 48 72.5556   2138.256941  x:  0.01322   0.26901   0.01386   0.03181   0.01675   0.18863   0.03226   0.09153   0.06043   0.00467   0.15384   0.00000   0.23004   0.08168   0.00659   0.04492   0.01073   0.05127   0.21030   0.12487   0.03217   0.15901   0.25432   5.90623   1.44431   1.08359   1.59954   0.91813  
 49 280.5141   2137.867353  x:  0.01304   0.27505   0.01389   0.03258   0.01688   0.18948   0.03163   0.09363   0.06167   0.00469   0.15126   0.00000   0.22705   0.08471   0.00733   0.04372   0.01105   0.04506   0.20866   0.10843   0.03251   0.17070   0.25041   6.05905   1.41467   1.07017   1.56501   0.91616  
 50 184.0004   2137.387269  x:  0.01319   0.27769   0.01389   0.03282   0.01690   0.18888   0.03131   0.09247   0.06139   0.00468   0.13712   0.00000   0.23009   0.08326   0.00710   0.04438   0.01109   0.04513   0.20416   0.11793   0.03201   0.17632   0.23400   6.26219   1.41286   1.01436   1.54911   0.91283  
 51 39.5823   2137.012753  x:  0.01304   0.27552   0.01387   0.03261   0.01686   0.18861   0.03130   0.09319   0.06142   0.00466   0.15067   0.00000   0.22996   0.08336   0.00721   0.04395   0.01109   0.04544   0.20559   0.11084   0.03182   0.16546   0.23710   6.42668   1.42104   0.96764   1.54672   0.91069  
 52 80.7756   2136.826559  x:  0.01298   0.27186   0.01378   0.03273   0.01690   0.18899   0.03094   0.09090   0.06119   0.00467   0.14683   0.00000   0.22398   0.08451   0.00699   0.04389   0.01106   0.04534   0.20975   0.11256   0.03223   0.17369   0.25661   6.51695   1.43415   0.96292   1.56124   0.91161  
 53 24.7893   2136.212972  x:  0.01267   0.27234   0.01372   0.03146   0.01660   0.18879   0.03203   0.10830   0.06094   0.00466   0.14616   0.00000   0.22275   0.07091   0.00767   0.04438   0.01109   0.04547   0.20351   0.11129   0.03352   0.17507   0.25804   6.82881   1.49283   1.00828   1.64209   0.91961  
 54 34.5958   2135.184056  x:  0.01259   0.27544   0.01377   0.03311   0.01699   0.18677   0.03037   0.08957   0.06094   0.00454   0.14968   0.00000   0.22402   0.08497   0.00730   0.04370   0.01124   0.04570   0.19665   0.10789   0.03091   0.17124   0.24581   7.35547   1.59422   1.09303   1.78111   0.93387  
 55 284.9717   2135.139395  x:  0.01258   0.27572   0.01377   0.03315   0.01698   0.18891   0.03031   0.08986   0.06093   0.00454   0.14948   0.00000   0.22411   0.08492   0.00709   0.04366   0.01121   0.04579   0.20707   0.10759   0.03090   0.17149   0.24257   7.37869   1.60017   1.09717   1.78580   0.93512  
 56 18.2365   2135.121930  x:  0.01255   0.27536   0.01375   0.03309   0.01699   0.18720   0.03040   0.09006   0.06093   0.00456   0.14966   0.00000   0.22403   0.08491   0.00715   0.04364   0.01122   0.04577   0.20699   0.10770   0.03092   0.17165   0.24273   7.39120   1.61505   1.10149   1.77420   0.94048  
 57  1.6259   2135.119750  x:  0.01254   0.27540   0.01375   0.03317   0.01698   0.18945   0.03032   0.08996   0.06094   0.00456   0.14961   0.00000   0.22424   0.08489   0.00716   0.04364   0.01122   0.04576   0.20650   0.10772   0.03088   0.17153   0.24291   7.39326   1.61636   1.10184   1.77306   0.94103  
 58  1.7006   2134.613023  x:  0.00777   0.27062   0.01353   0.03355   0.01703   0.18853   0.03017   0.09291   0.06235   0.00535   0.14710   0.00000   0.22547   0.08121   0.00777   0.04417   0.01167   0.04301   0.20776   0.11549   0.02909   0.16466   0.24846   8.08864   1.57018   1.08864   1.73953   0.96526  
 59  0.7433   2134.570877  x:  0.00625   0.27201   0.01331   0.03320   0.01707   0.18882   0.03042   0.09127   0.06183   0.00545   0.14745   0.00000   0.22397   0.08220   0.00774   0.04400   0.01159   0.04435   0.20757   0.11175   0.02891   0.16744   0.24687   8.14792   1.56815   1.08480   1.73340   0.96053  
 60  0.0527   2134.568319  x:  0.00637   0.27182   0.01328   0.03329   0.01707   0.18886   0.03046   0.09137   0.06184   0.00537   0.14781   0.00000   0.22356   0.08257   0.00774   0.04401   0.01163   0.04445   0.20752   0.11145   0.02822   0.16784   0.24644   8.11028   1.56968   1.08466   1.73451   0.95782  
 61  0.0390   2134.567593  x:  0.00620   0.27152   0.01328   0.03328   0.01709   0.18888   0.03043   0.09150   0.06183   0.00534   0.14796   0.00000   0.22354   0.08270   0.00777   0.04401   0.01165   0.04440   0.20751   0.11165   0.02844   0.16779   0.24637   8.08538   1.57030   1.08477   1.73516   0.95650  
 62  0.0213   2134.567504  x:  0.00618   0.27149   0.01328   0.03329   0.01709   0.18885   0.03043   0.09143   0.06184   0.00531   0.14782   0.00000   0.22359   0.08257   0.00778   0.04401   0.01164   0.04437   0.20752   0.11170   0.02836   0.16767   0.24647   8.08116   1.57031   1.08500   1.73528   0.95700  
 63  0.0035   2134.567495  x:  0.00619   0.27152   0.01329   0.03329   0.01709   0.18885   0.03043   0.09144   0.06184   0.00530   0.14781   0.00000   0.22356   0.08256   0.00778   0.04401   0.01164   0.04438   0.20752   0.11166   0.02838   0.16768   0.24645   8.08046   1.57040   1.08507   1.73540   0.95720  
 64  0.0005   2134.567493  x:  0.00618   0.27153   0.01330   0.03329   0.01709   0.18885   0.03043   0.09144   0.06184   0.00529   0.14783   0.00000   0.22357   0.08257   0.00778   0.04401   0.01164   0.04438   0.20752   0.11167   0.02838   0.16769   0.24645   8.08147   1.57035   1.08503   1.73535   0.95719  
 65  0.0006   2134.567493  x:  0.00618   0.27152   0.01330   0.03329   0.01709   0.18885   0.03043   0.09144   0.06184   0.00529   0.14783   0.00000   0.22357   0.08257   0.00778   0.04401   0.01164   0.04437   0.20752   0.11167   0.02838   0.16768   0.24645   8.08146   1.57035   1.08503   1.73534   0.95715  
 66  0.0000   2134.567493  x:  0.00618   0.27152   0.01330   0.03329   0.01709   0.18885   0.03043   0.09144   0.06184   0.00529   0.14782   0.00000   0.22357   0.08257   0.00778   0.04401   0.01164   0.04437   0.20752   0.11167   0.02838   0.16768   0.24645   8.08149   1.57035   1.08503   1.73534   0.95715  
 67  0.0000   2134.567493  x:  0.00618   0.27152   0.01330   0.03329   0.01709   0.18885   0.03043   0.09144   0.06184   0.00529   0.14783   0.00000   0.22357   0.08257   0.00778   0.04401   0.01164   0.04437   0.20752   0.11167   0.02838   0.16768   0.24645   8.08149   1.57035   1.08503   1.73534   0.95715  
 68  0.0000   2134.567493  x:  0.00618   0.27152   0.01330   0.03329   0.01709   0.18885   0.03043   0.09144   0.06184   0.00529   0.14783   0.00000   0.22357   0.08257   0.00778   0.04401   0.01164   0.04437   0.20752   0.11167   0.02838   0.16768   0.24645   8.08149   1.57035   1.08503   1.73534   0.95715  

TREE # 2

  0  0.0000   2230.475274  x:  0.13925   0.03056   0.15098   0.05223   0.03366   0.04024   0.10299   0.00000   0.08383   0.06291   0.03721   0.07757   0.05435   0.14305   0.05773   0.02164   0.03290   0.04916   0.04468   0.06681   0.05871   0.07448   0.07448   8.08149   1.44489   1.05123   1.57248   0.95715  
  1 99.0000   2165.531179  x:  0.16689   0.00770   0.15928   0.14169   0.03353   0.07103   0.10834   0.09301   0.13096   0.05820   0.01413   0.06377   0.03176   0.15024   0.15661   0.00000   0.01601   0.05617   0.03132   0.07994   0.03870   0.12039   0.05821   8.08145   1.44622   1.04963   1.57411   0.95721  
  2 889.2554   2159.714593  x:  0.17375   0.00000   0.16095   0.15909   0.03307   0.07633   0.10941   0.10437   0.14134   0.05620   0.00950   0.05987   0.02484   0.15147   0.17633   0.02480   0.01430   0.05780   0.02871   0.08308   0.03286   0.13049   0.05355   8.08145   1.44659   1.04917   1.57460   0.95727  
  3 1416.0751   2148.575538  x:  0.19095   0.00000   0.16299   0.17437   0.02916   0.07548   0.11036   0.06808   0.15913   0.04612   0.01807   0.04807   0.00000   0.15095   0.19618   0.02317   0.00993   0.06117   0.02734   0.08958   0.01411   0.14726   0.03859   8.08141   1.44783   1.04775   1.57628   0.95755  
  4 281.7210   2144.251790  x:  0.20257   0.00000   0.16445   0.18487   0.02685   0.07514   0.11099   0.04344   0.17112   0.03961   0.02163   0.04051   0.00438   0.15077   0.20995   0.02209   0.00790   0.06336   0.02687   0.09379   0.00342   0.15855   0.02908   8.08138   1.44871   1.04677   1.57745   0.95773  
  5 947.2944   2138.951034  x:  0.21883   0.00000   0.16658   0.20011   0.02495   0.07550   0.11180   0.00852   0.18781   0.03216   0.02117   0.03213   0.00637   0.15055   0.22991   0.02032   0.00898   0.06607   0.02847   0.09913   0.01490   0.17437   0.02012   8.08134   1.45006   1.04525   1.57925   0.95801  
  6 796.6656   2138.196010  x:  0.22273   0.00000   0.16696   0.20227   0.02629   0.07608   0.11190   0.00191   0.19110   0.03487   0.01695   0.03541   0.00598   0.15024   0.23339   0.01966   0.01169   0.06586   0.03058   0.09902   0.01323   0.17733   0.02446   8.08133   1.45059   1.04468   1.57998   0.95810  
  7 152.2480   2137.723359  x:  0.23742   0.00000   0.16728   0.19591   0.02677   0.07284   0.11275   0.00238   0.20002   0.04165   0.01695   0.04000   0.00626   0.14736   0.23169   0.01984   0.00781   0.06468   0.03543   0.09829   0.01390   0.18387   0.02375   8.08128   1.45286   1.04230   1.58318   0.95824  
  8 48.0750   2137.558942  x:  0.24465   0.00000   0.16742   0.19227   0.02691   0.07170   0.11314   0.00370   0.20406   0.04251   0.01680   0.04011   0.00627   0.14600   0.23033   0.01957   0.01184   0.06420   0.03574   0.09760   0.01377   0.18669   0.02316   8.08125   1.45421   1.04093   1.58508   0.95829  
  9 85.3881   2137.433554  x:  0.25111   0.00000   0.16759   0.18862   0.02770   0.07251   0.11326   0.00419   0.20678   0.04000   0.01403   0.03848   0.00619   0.14510   0.22867   0.01943   0.01107   0.06359   0.03244   0.09579   0.01369   0.18829   0.02575   8.08121   1.45613   1.03914   1.58780   0.95830  
 10 40.6528   2137.397734  x:  0.25358   0.00000   0.16786   0.18824   0.02788   0.07519   0.11289   0.00412   0.20680   0.03928   0.01593   0.03984   0.00632   0.14548   0.22875   0.01953   0.01112   0.06349   0.03130   0.09442   0.01392   0.18770   0.02650   8.08118   1.45809   1.03747   1.59060   0.95829  
 11 15.4863   2137.346955  x:  0.25674   0.00000   0.16832   0.18802   0.02692   0.07883   0.11204   0.00381   0.20537   0.03923   0.01449   0.04027   0.00617   0.14662   0.22867   0.01945   0.01110   0.06358   0.03205   0.09268   0.01378   0.18520   0.02442   8.08109   1.46264   1.03384   1.59709   0.95826  
 12 19.6274   2137.283554  x:  0.25977   0.00000   0.16889   0.18911   0.02691   0.07891   0.11136   0.00405   0.20319   0.03996   0.01527   0.03733   0.00619   0.14809   0.22931   0.01950   0.01105   0.06393   0.03431   0.09243   0.01367   0.18217   0.02598   8.08094   1.47047   1.02813   1.60827   0.95818  
 13 23.9964   2137.168580  x:  0.26223   0.00000   0.16943   0.19171   0.02838   0.07340   0.11129   0.00417   0.19952   0.04003   0.01490   0.03915   0.00617   0.14958   0.23070   0.01946   0.01109   0.06395   0.03167   0.09450   0.01379   0.17848   0.02541   8.08064   1.48661   1.01763   1.63133   0.95792  
 14 38.9428   2137.105998  x:  0.25886   0.00000   0.16864   0.19152   0.02495   0.07341   0.11253   0.00436   0.19994   0.03883   0.01477   0.04013   0.00621   0.14767   0.23070   0.01944   0.01109   0.06310   0.03223   0.09545   0.01377   0.18089   0.02631   8.08044   1.49679   1.01399   1.64579   0.95756  
 15 21.4169   2137.012393  x:  0.25144   0.00000   0.16699   0.19039   0.02786   0.07601   0.11418   0.00420   0.20177   0.03921   0.01468   0.03948   0.00623   0.14396   0.23016   0.01938   0.01105   0.06224   0.03301   0.09578   0.01369   0.18605   0.02544   8.08011   1.51321   1.01034   1.66907   0.95685  
 16 54.2716   2136.978122  x:  0.24900   0.00000   0.16674   0.19012   0.02698   0.07577   0.11269   0.00395   0.20343   0.04153   0.01473   0.03873   0.00626   0.14435   0.23032   0.01936   0.01109   0.06406   0.03137   0.09344   0.01383   0.18714   0.02537   8.07997   1.51953   1.01312   1.67787   0.95638  
 17 15.8311   2136.910552  x:  0.24615   0.00000   0.16689   0.18989   0.02779   0.07393   0.10915   0.00440   0.20694   0.03908   0.01455   0.03990   0.00622   0.14695   0.23078   0.01936   0.01101   0.06570   0.03335   0.08964   0.01374   0.18728   0.02535   8.07967   1.53228   1.02447   1.69537   0.95517  
 18 23.2373   2136.740051  x:  0.24473   0.00000   0.16802   0.19018   0.02749   0.07502   0.10778   0.00429   0.21072   0.04059   0.01439   0.03953   0.00623   0.15147   0.23156   0.01928   0.01114   0.05826   0.03239   0.09235   0.01388   0.18387   0.02563   8.07887   1.56475   1.06239   1.73908   0.95200  
 19 33.9029   2136.603505  x:  0.24669   0.00000   0.16826   0.19093   0.02764   0.07709   0.11257   0.00449   0.20857   0.04075   0.01384   0.04040   0.00627   0.14966   0.23175   0.01920   0.01113   0.06441   0.03235   0.09659   0.01392   0.18166   0.02645   8.07818   1.59163   1.09590   1.77434   0.94972  
 20 57.2347   2136.553068  x:  0.24869   0.00000   0.16727   0.19314   0.02765   0.07591   0.11360   0.00450   0.20284   0.04081   0.01395   0.04020   0.00630   0.14480   0.23308   0.01921   0.01114   0.06305   0.03260   0.09249   0.01396   0.18325   0.02612   8.07792   1.60127   1.10808   1.78550   0.94961  
 21 18.9421   2136.540287  x:  0.24925   0.00000   0.16639   0.19288   0.02767   0.07629   0.11071   0.00467   0.20030   0.04082   0.01384   0.04033   0.00632   0.14503   0.23333   0.01919   0.01115   0.06326   0.03259   0.09383   0.01396   0.18554   0.02627   8.07783   1.60377   1.10974   1.78586   0.95096  
 22  3.1167   2136.463905  x:  0.24795   0.00000   0.16582   0.19246   0.02786   0.07645   0.11521   0.00492   0.19676   0.04133   0.01345   0.04073   0.00633   0.15220   0.23545   0.01908   0.01121   0.06290   0.03276   0.09190   0.01406   0.18932   0.02656   8.07714   1.61799   1.11100   1.77543   0.96603  
 23  2.5015   2136.303395  x:  0.24413   0.00000   0.16847   0.19684   0.02798   0.07770   0.11180   0.00557   0.20027   0.04195   0.01261   0.04179   0.00652   0.14525   0.23827   0.01893   0.01130   0.06268   0.03258   0.09216   0.01434   0.18259   0.02776   8.07570   1.64345   1.11093   1.75244   0.99624  
 24 13.8397   2136.180366  x:  0.24311   0.00000   0.15504   0.20289   0.02810   0.07883   0.11193   0.00596   0.20188   0.04272   0.01188   0.04272   0.00669   0.14610   0.23852   0.01875   0.01147   0.06237   0.03253   0.09154   0.01461   0.17944   0.02872   8.07490   1.62703   1.10585   1.75023   0.99675  
 25  2.2189   2135.803666  x:  0.23542   0.00000   0.16726   0.20983   0.02878   0.08191   0.11151   0.00734   0.19663   0.04527   0.00961   0.04560   0.00700   0.14760   0.24693   0.01817   0.01195   0.06155   0.03274   0.08959   0.01530   0.18045   0.03148   8.07253   1.56312   1.08799   1.74880   0.98744  
 26 14.1665   2135.785613  x:  0.23467   0.00000   0.16606   0.20599   0.02885   0.08177   0.11158   0.00733   0.19614   0.04538   0.00959   0.04567   0.00698   0.14698   0.25247   0.01813   0.01193   0.06152   0.03276   0.08966   0.01534   0.17890   0.03156   8.07249   1.56286   1.08676   1.74641   0.98148  
 27  3.4676   2135.739183  x:  0.23445   0.00000   0.16666   0.20888   0.02892   0.08218   0.11175   0.00738   0.19613   0.04584   0.00935   0.04602   0.00701   0.14767   0.25145   0.01804   0.01200   0.06146   0.03280   0.08947   0.01542   0.17953   0.03188   8.07256   1.57097   1.08249   1.73372   0.95123  
 28  3.6562   2135.019449  x:  0.25161   0.00000   0.16888   0.22755   0.02889   0.08356   0.11134   0.00748   0.21213   0.04544   0.01395   0.04584   0.00651   0.14902   0.27795   0.01294   0.01243   0.06197   0.03314   0.09222   0.01652   0.19210   0.03234   8.05661   1.56571   1.08197   1.73237   0.95207  
 29  0.0355   2134.722504  x:  0.25204   0.00000   0.16705   0.23071   0.02803   0.08272   0.11208   0.00767   0.21365   0.04296   0.01004   0.04335   0.00611   0.14710   0.28300   0.00759   0.01240   0.06223   0.03292   0.09268   0.01693   0.19397   0.02989   8.08799   1.57763   1.09000   1.73620   0.96427  
 30  0.0231   2134.596020  x:  0.24554   0.00000   0.16747   0.22882   0.02796   0.08290   0.11203   0.00793   0.20856   0.04325   0.01144   0.04350   0.00626   0.14719   0.27806   0.00483   0.01301   0.06200   0.03326   0.09150   0.01729   0.19045   0.02945   8.10381   1.56814   1.08582   1.73200   0.95699  
 31  0.0196   2134.571958  x:  0.24508   0.00000   0.16772   0.22497   0.02822   0.08272   0.11173   0.00786   0.20679   0.04383   0.01178   0.04411   0.00637   0.14772   0.27277   0.00565   0.01322   0.06188   0.03332   0.09126   0.01714   0.18854   0.02997   8.09426   1.56795   1.08449   1.73340   0.95594  
 32  0.0158   2134.567809  x:  0.24645   0.00000   0.16774   0.22354   0.02837   0.08259   0.11162   0.00779   0.20729   0.04400   0.01161   0.04434   0.00633   0.14793   0.27134   0.00526   0.01332   0.06183   0.03331   0.09142   0.01709   0.18861   0.03028   8.08473   1.57018   1.08484   1.73534   0.95706  
 33  0.0106   2134.567590  x:  0.24652   0.00000   0.16767   0.22358   0.02838   0.08257   0.11168   0.00778   0.20762   0.04401   0.01164   0.04438   0.00628   0.14779   0.27158   0.00529   0.01330   0.06184   0.03328   0.09146   0.01704   0.18894   0.03043   8.08132   1.57048   1.08508   1.73543   0.95724  
 34  0.0028   2134.567524  x:  0.24639   0.00000   0.16767   0.22356   0.02838   0.08257   0.11168   0.00778   0.20749   0.04400   0.01164   0.04437   0.00621   0.14780   0.27151   0.00528   0.01329   0.06184   0.03329   0.09143   0.01702   0.18884   0.03047   8.08089   1.57023   1.08503   1.73523   0.95708  
 35  0.0002   2134.567498  x:  0.24649   0.00000   0.16770   0.22360   0.02838   0.08258   0.11166   0.00777   0.20751   0.04401   0.01164   0.04437   0.00618   0.14785   0.27154   0.00529   0.01329   0.06184   0.03329   0.09145   0.01706   0.18883   0.03043   8.08183   1.57041   1.08503   1.73538   0.95718  
 36  0.0004   2134.567493  x:  0.24645   0.00000   0.16768   0.22357   0.02838   0.08257   0.11167   0.00778   0.20752   0.04401   0.01164   0.04438   0.00618   0.14782   0.27152   0.00529   0.01330   0.06184   0.03329   0.09144   0.01708   0.18886   0.03043   8.08163   1.57035   1.08503   1.73535   0.95715  
 37  0.0001   2134.567493  x:  0.24645   0.00000   0.16768   0.22357   0.02838   0.08257   0.11167   0.00778   0.20752   0.04401   0.01164   0.04437   0.00618   0.14783   0.27152   0.00529   0.01330   0.06184   0.03329   0.09144   0.01709   0.18885   0.03043   8.08149   1.57035   1.08503   1.73533   0.95715  
 38  0.0001   2134.567493  x:  0.24645   0.00000   0.16768   0.22357   0.02838   0.08257   0.11167   0.00778   0.20752   0.04401   0.01164   0.04437   0.00618   0.14783   0.27152   0.00529   0.01330   0.06184   0.03329   0.09144   0.01709   0.18885   0.03043   8.08149   1.57035   1.08503   1.73534   0.95715  
 39  0.0000   2134.567493  x:  0.24645   0.00000   0.16768   0.22357   0.02838   0.08257   0.11167   0.00778   0.20752   0.04401   0.01164   0.04437   0.00618   0.14783   0.27152   0.00529   0.01330   0.06184   0.03329   0.09144   0.01709   0.18885   0.03043   8.08149   1.57035   1.08503   1.73534   0.95715  
 40  0.0000   2134.567493  x:  0.24645   0.00000   0.16768   0.22357   0.02838   0.08257   0.11167   0.00778   0.20752   0.04401   0.01164   0.04437   0.00618   0.14783   0.27152   0.00529   0.01330   0.06184   0.03329   0.09144   0.01709   0.18885   0.03043   8.08149   1.57035   1.08503   1.73534   0.95715  