

TREE # 1

  0  0.0000   2066.595774  x:  0.20925   0.02571   0.03211   0.02495   0.05815   0.02188   0.05666   0.08536   0.02661   0.17168   0.20925   0.02571   0.03211   0.02495   0.05815   0.02188   0.05666   0.08536   0.02661   0.17168   0.21568   8.40433   1.80320   1.26552   1.45080   1.00000  
  1 99.0000   2011.618718  x:  0.19318   0.13105   0.03672   0.03711   0.06152   0.01843   0.04690   0.09536   0.09542   0.17357   0.20197   0.02027   0.03089   0.20057   0.06226   0.01132   0.05466   0.09788   0.04748   0.16568   0.21479   8.40429   1.80182   1.26309   1.45431   0.99954  
  2 1105.7278   2006.451421  x:  0.14405   0.13379   0.02529   0.03974   0.06636   0.02158   0.02415   0.11224   0.08785   0.17997   0.18123   0.02102   0.01198   0.20222   0.06731   0.01273   0.03895   0.12185   0.04181   0.14874   0.21288   8.40419   1.79746   1.25714   1.46392   0.99793  
  3 121.3779   2003.167508  x:  0.08804   0.13623   0.02262   0.04180   0.06878   0.01850   0.02698   0.12590   0.08051   0.18718   0.15829   0.02336   0.03029   0.20210   0.06982   0.00951   0.03404   0.14180   0.03983   0.13190   0.21089   8.40406   1.79203   1.24973   1.47571   0.99588  
  4 237.5255   2002.452186  x:  0.07185   0.13730   0.02717   0.04069   0.06750   0.01916   0.03514   0.12689   0.08049   0.18997   0.15108   0.02089   0.02476   0.20145   0.06877   0.01447   0.03984   0.14323   0.04099   0.12907   0.21034   8.40398   1.78934   1.24611   1.48141   0.99486  
  5 107.0135   2002.249213  x:  0.06780   0.13765   0.02762   0.03943   0.06635   0.01895   0.03557   0.12578   0.08141   0.19157   0.14769   0.02070   0.02245   0.20050   0.06742   0.00957   0.04261   0.14177   0.04249   0.12920   0.21009   8.40393   1.78741   1.24358   1.48539   0.99412  
  6 55.3663   2001.941044  x:  0.06393   0.13902   0.02496   0.03707   0.06371   0.01818   0.03048   0.12143   0.08483   0.19637   0.13827   0.02246   0.02356   0.19831   0.06478   0.01189   0.04589   0.13580   0.04661   0.13124   0.20938   8.40373   1.78067   1.23482   1.49913   0.99155  
  7 45.8412   2001.563274  x:  0.06509   0.14182   0.02536   0.04181   0.06436   0.02186   0.03171   0.11785   0.08677   0.20317   0.12605   0.01939   0.02400   0.19587   0.06520   0.01141   0.04023   0.12930   0.04536   0.13336   0.20817   8.40334   1.76795   1.21858   1.52462   0.98672  
  8 54.6096   2001.291614  x:  0.06751   0.14385   0.02661   0.04226   0.06619   0.01600   0.03325   0.11790   0.08514   0.20666   0.12272   0.02253   0.02241   0.19550   0.06715   0.01133   0.03906   0.12798   0.04264   0.13358   0.20745   8.40299   1.75686   1.20486   1.54629   0.98248  
  9 72.3899   2000.825389  x:  0.07160   0.14648   0.02694   0.03756   0.06881   0.02108   0.03321   0.12091   0.07863   0.20985   0.12695   0.02563   0.02308   0.19687   0.07018   0.01092   0.04429   0.13030   0.04025   0.13217   0.20657   8.40223   1.73326   1.17664   1.59123   0.97337  
 10 97.6930   2000.551490  x:  0.07209   0.14570   0.02576   0.03716   0.06714   0.01849   0.03243   0.12235   0.07643   0.20858   0.13388   0.01884   0.02368   0.19742   0.06876   0.01107   0.04436   0.13246   0.04356   0.13111   0.20661   8.40175   1.71891   1.16062   1.61740   0.96769  
 11 93.8426   2000.428275  x:  0.07049   0.14330   0.02613   0.04019   0.06428   0.01913   0.03311   0.12205   0.07899   0.20462   0.13919   0.02180   0.02316   0.19753   0.06577   0.01115   0.04198   0.13356   0.04553   0.13076   0.20713   8.40146   1.71096   1.15325   1.63045   0.96433  
 12 45.8441   2000.381344  x:  0.06911   0.14102   0.02620   0.03917   0.06442   0.01904   0.03268   0.12082   0.08259   0.20001   0.14042   0.02127   0.02350   0.19793   0.06552   0.01115   0.04173   0.13348   0.04198   0.13094   0.20761   8.40126   1.70685   1.15136   1.63540   0.96229  
 13 17.8490   2000.365859  x:  0.06905   0.13962   0.02589   0.03901   0.06589   0.01907   0.03297   0.12033   0.08287   0.19647   0.13933   0.02137   0.02335   0.19847   0.06713   0.01109   0.04177   0.13337   0.04340   0.13105   0.20775   8.40107   1.70414   1.15191   1.63695   0.96055  
 14  7.6051   2000.357956  x:  0.06947   0.13934   0.02677   0.03952   0.06524   0.01904   0.03239   0.12059   0.08180   0.19461   0.13811   0.02130   0.02344   0.19898   0.06671   0.01110   0.04225   0.13337   0.04331   0.13101   0.20769   8.40085   1.70151   1.15340   1.63748   0.95862  
 15  5.4729   2000.351253  x:  0.06982   0.13954   0.02579   0.03916   0.06456   0.01907   0.03302   0.12077   0.08109   0.19386   0.13744   0.02138   0.02329   0.19930   0.06599   0.01113   0.04210   0.13333   0.04304   0.13094   0.20761   8.40056   1.69851   1.15536   1.63771   0.95632  
 16  7.6200   2000.331328  x:  0.06968   0.14069   0.02674   0.03805   0.06519   0.01915   0.03292   0.12105   0.08161   0.19536   0.13828   0.02144   0.02336   0.19840   0.06574   0.01115   0.04118   0.13293   0.04348   0.13090   0.20755   8.39936   1.68734   1.16305   1.63773   0.94739  
 17  8.1373   2000.323866  x:  0.06953   0.14084   0.02616   0.03928   0.06540   0.01907   0.03282   0.12093   0.08199   0.19632   0.13883   0.02138   0.02336   0.19811   0.06631   0.01114   0.04209   0.13289   0.04323   0.13099   0.20762   8.39884   1.68302   1.16585   1.63757   0.94383  
 18 15.4976   2000.322042  x:  0.06955   0.14005   0.02628   0.03914   0.06475   0.01908   0.03285   0.12042   0.08190   0.19695   0.13880   0.02139   0.02335   0.19863   0.06692   0.01111   0.04197   0.13328   0.04320   0.13128   0.20789   8.39846   1.68205   1.16567   1.63690   0.94263  
 19  1.6730   2000.319189  x:  0.06967   0.13889   0.02635   0.03918   0.06547   0.01907   0.03287   0.11994   0.08172   0.19765   0.13865   0.02139   0.02333   0.19939   0.06611   0.01114   0.04204   0.13366   0.04320   0.13157   0.20829   8.39756   1.68069   1.16428   1.63511   0.94048  
 20  2.3509   2000.299142  x:  0.07017   0.13892   0.02632   0.03906   0.06504   0.01906   0.03297   0.12151   0.08247   0.19724   0.13863   0.02138   0.02325   0.19897   0.06638   0.01113   0.04226   0.13158   0.04334   0.13078   0.20876   8.38987   1.67166   1.15009   1.61964   0.92519  
 21  3.6226   2000.293426  x:  0.06984   0.14045   0.02639   0.03916   0.06517   0.01906   0.03290   0.11965   0.08182   0.19653   0.13898   0.02139   0.02323   0.19833   0.06638   0.01114   0.04217   0.13221   0.04323   0.13184   0.20806   8.38738   1.66862   1.14625   1.61531   0.92218  
 22  5.6618   2000.286872  x:  0.07094   0.14056   0.02651   0.03905   0.06494   0.01904   0.03310   0.11948   0.08310   0.19654   0.13832   0.02128   0.02321   0.19761   0.06615   0.01114   0.04262   0.13396   0.04358   0.13171   0.20672   8.38368   1.66356   1.14328   1.61123   0.92366  
 23  2.0076   2000.250988  x:  0.07100   0.13918   0.02665   0.03902   0.06496   0.01903   0.03319   0.11916   0.08254   0.19704   0.13939   0.02135   0.02306   0.19852   0.06620   0.01112   0.04276   0.13009   0.04359   0.13299   0.20434   8.36247   1.63472   1.12942   1.59049   0.93762  
 24  7.8233   2000.242463  x:  0.07146   0.14016   0.02671   0.03900   0.06490   0.01902   0.03324   0.11859   0.08261   0.19684   0.13914   0.02132   0.02302   0.19785   0.06612   0.01112   0.04297   0.13013   0.04374   0.13272   0.20877   8.35704   1.62902   1.12683   1.58657   0.94080  
 25  5.4282   2000.154247  x:  0.07425   0.13943   0.02734   0.03847   0.06420   0.01890   0.03434   0.11915   0.08437   0.19529   0.14143   0.02102   0.02278   0.19672   0.06536   0.01112   0.04450   0.12605   0.04441   0.14192   0.20945   8.28274   1.65417   1.14245   1.60462   0.93888  
 26  0.7657   2000.112506  x:  0.07631   0.13891   0.02791   0.03835   0.06389   0.01887   0.03453   0.11407   0.08431   0.19484   0.14304   0.02095   0.02250   0.19681   0.06506   0.01111   0.04507   0.12280   0.04462   0.13714   0.20845   8.24855   1.66604   1.14988   1.61305   0.93785  
 27 27.6877   2000.082885  x:  0.07615   0.13736   0.02851   0.03841   0.06398   0.01879   0.03564   0.11471   0.08351   0.19483   0.14320   0.02064   0.02256   0.19391   0.06516   0.01134   0.04563   0.12495   0.04447   0.13584   0.20801   8.01845   1.66438   1.14939   1.61207   0.93357  
 28  0.1161   2000.066923  x:  0.07555   0.13579   0.02796   0.03822   0.06398   0.01893   0.03492   0.11461   0.08274   0.19500   0.14244   0.02100   0.02303   0.18936   0.06509   0.01107   0.04523   0.12298   0.04446   0.13657   0.20828   8.00662   1.66514   1.14962   1.61196   0.93367  
 29  0.0047   2000.062478  x:  0.07589   0.13489   0.02815   0.03829   0.06395   0.01886   0.03502   0.11438   0.08259   0.19485   0.14274   0.02080   0.02267   0.18786   0.06506   0.01132   0.04528   0.12399   0.04441   0.13633   0.20817   8.07323   1.66608   1.14995   1.61333   0.93475  
 30  0.0462   2000.062392  x:  0.07600   0.13488   0.02820   0.03826   0.06396   0.01886   0.03512   0.11451   0.08254   0.19488   0.14281   0.02080   0.02268   0.18783   0.06508   0.01128   0.04538   0.12391   0.04441   0.13630   0.20816   8.07540   1.66574   1.14968   1.61319   0.93484  
 31  0.0020   2000.062391  x:  0.07599   0.13488   0.02820   0.03826   0.06396   0.01887   0.03512   0.11449   0.08254   0.19488   0.14281   0.02080   0.02270   0.18782   0.06507   0.01128   0.04538   0.12392   0.04441   0.13631   0.20816   8.07577   1.66573   1.14968   1.61318   0.93485  
 32  0.0003   2000.062391  x:  0.07599   0.13488   0.02820   0.03826   0.06396   0.01887   0.03513   0.11449   0.08254   0.19488   0.14280   0.02080   0.02270   0.18782   0.06507   0.01128   0.04538   0.12392   0.04441   0.13630   0.20816   8.07582   1.66574   1.14968   1.61318   0.93485  
 33  0.0000   2000.062391  x:  0.07599   0.13488   0.02820   0.03826   0.06396   0.01887   0.03513   0.11449   0.08254   0.19488   0.14280   0.02080   0.02270   0.18782   0.06507   0.01128   0.04538   0.12392   0.04441   0.13630   0.20816   8.07581   1.66574   1.14968   1.61318   0.93485  
 34  0.0000   2000.062391  x:  0.07599   0.13488   0.02820   0.03826   0.06396   0.01887   0.03513   0.11449   0.08254   0.19488   0.14280   0.02080   0.02270   0.18782   0.06507   0.01128   0.04538   0.12392   0.04441   0.13630   0.20816   8.07581   1.66574   1.14968   1.61318   0.93485  