

TREE # 1

  0  0.0000   2379.399427  x:  0.05701   0.00000   0.08809   0.01795   0.08328   0.08214   0.05060   0.05084   0.08856   0.05403   0.06389   0.15298   0.01189   0.03524   0.02006   0.06866   0.04870   0.06455   0.08831   0.06648   0.10509   0.05218   0.12376   0.07563   2.00000   1.72602   1.10798   1.50193   0.40000  
  1 99.0000   2379.394770  x:  0.05701   0.00000   0.08809   0.01795   0.08327   0.08213   0.05060   0.05084   0.08856   0.05403   0.06389   0.15298   0.01189   0.03524   0.02006   0.06866   0.04870   0.06456   0.08831   0.06648   0.10509   0.05218   0.12376   0.07563   2.00000   1.72602   1.10798   1.50193   0.40000  
  2 920.7016   2359.811677  x:  0.06366   0.00000   0.10434   0.01537   0.07600   0.07295   0.05170   0.04611   0.08588   0.06655   0.05844   0.16459   0.00000   0.02881   0.01576   0.06066   0.03549   0.08139   0.08498   0.07008   0.10287   0.04870   0.13534   0.08228   2.00327   1.72549   1.10825   1.50249   0.41225  
  3 748.9165   2341.196726  x:  0.06784   0.00000   0.11502   0.01558   0.05494   0.05245   0.05256   0.03944   0.08088   0.06306   0.04169   0.18331   0.00000   0.02925   0.01824   0.04454   0.00000   0.06535   0.07621   0.07265   0.09896   0.04413   0.14907   0.08646   2.01182   1.72417   1.10901   1.50373   0.43790  
  4 500.0786   2333.509071  x:  0.05992   0.00000   0.09221   0.02387   0.01660   0.02731   0.05085   0.04596   0.07971   0.06431   0.01746   0.19012   0.00000   0.02838   0.02311   0.01742   0.00000   0.07855   0.07704   0.07735   0.09702   0.04640   0.14479   0.07854   2.03105   1.72167   1.11014   1.50625   0.47186  
  5 261.1797   2330.565037  x:  0.06227   0.00000   0.08557   0.02142   0.01932   0.02683   0.05070   0.05147   0.08297   0.07557   0.02361   0.18770   0.00000   0.02851   0.02233   0.00000   0.00000   0.07203   0.08684   0.08512   0.09796   0.04618   0.13775   0.08090   2.05524   1.71878   1.11132   1.50901   0.49959  
  6 104.0913   2327.510317  x:  0.06391   0.00000   0.08972   0.01811   0.02627   0.04125   0.05103   0.05728   0.08849   0.06150   0.01594   0.17814   0.00000   0.02991   0.01897   0.00000   0.00000   0.07455   0.11562   0.10752   0.10409   0.04061   0.13097   0.08257   2.11918   1.71102   1.11543   1.51547   0.55252  
  7 172.4627   2325.181978  x:  0.05658   0.00000   0.10008   0.02495   0.01405   0.04525   0.05068   0.05341   0.08794   0.05529   0.03229   0.17006   0.00000   0.03153   0.01860   0.00000   0.00000   0.07699   0.12855   0.10877   0.10916   0.04108   0.13520   0.07525   2.18057   1.70374   1.12046   1.52058   0.57858  
  8 147.6487   2318.346574  x:  0.03562   0.00000   0.11389   0.03690   0.02325   0.03491   0.04912   0.03549   0.08019   0.06815   0.01843   0.15366   0.00000   0.03470   0.02043   0.00000   0.00000   0.07994   0.14026   0.08650   0.11875   0.05014   0.14696   0.05434   2.36505   1.68220   1.13723   1.53419   0.62236  
  9 262.5966   2308.540084  x:  0.05448   0.00000   0.11412   0.04105   0.01137   0.01860   0.04904   0.02834   0.07171   0.06937   0.00472   0.14050   0.00000   0.03503   0.01938   0.00000   0.00000   0.08787   0.13973   0.05873   0.12530   0.05884   0.14625   0.07327   2.62013   1.65316   1.16093   1.55163   0.65522  
 10 595.2516   2301.712032  x:  0.05654   0.00000   0.10481   0.04032   0.01838   0.00409   0.04980   0.03222   0.06567   0.06047   0.00915   0.15642   0.00000   0.03466   0.02265   0.00000   0.00000   0.09963   0.12322   0.06038   0.12249   0.05838   0.14956   0.07537   2.78609   1.63475   1.17660   1.56238   0.67178  
 11 815.7334   2285.480532  x:  0.05840   0.00000   0.06881   0.03907   0.01983   0.01962   0.05253   0.04500   0.04674   0.05412   0.00948   0.22308   0.00000   0.03268   0.03539   0.00000   0.00000   0.12922   0.05304   0.06603   0.10678   0.05693   0.16574   0.07738   3.31372   1.57677   1.22638   1.59614   0.72364  
 12 3294.8775   2281.179620  x:  0.05414   0.00000   0.06736   0.03371   0.00991   0.01641   0.05079   0.04853   0.06666   0.06315   0.00353   0.24136   0.00000   0.03306   0.03609   0.00000   0.00000   0.12741   0.05357   0.08441   0.09863   0.05039   0.16975   0.07316   3.43721   1.56610   1.23640   1.60285   0.71530  
 13 468.9686   2277.923923  x:  0.05763   0.00000   0.05405   0.03495   0.01162   0.01917   0.04442   0.03161   0.08285   0.06276   0.00643   0.27100   0.00000   0.03224   0.03723   0.00000   0.00000   0.12906   0.08102   0.07490   0.07984   0.04337   0.17639   0.07669   3.56789   1.56188   1.24309   1.60784   0.70123  
 14 180.9500   2270.875793  x:  0.06436   0.00000   0.07587   0.05865   0.01682   0.02170   0.06340   0.08048   0.07507   0.07269   0.00518   0.30293   0.00000   0.03585   0.03105   0.00000   0.00000   0.11620   0.12251   0.07408   0.08254   0.05923   0.18391   0.08354   3.92623   1.57026   1.24544   1.61813   0.63940  
 15 193.4708   2260.883445  x:  0.06836   0.00000   0.08375   0.03013   0.01420   0.02284   0.04252   0.06574   0.06388   0.08340   0.01097   0.27683   0.00000   0.04326   0.00000   0.00000   0.00000   0.10345   0.11144   0.10730   0.11657   0.04859   0.18505   0.08769   4.36509   1.59368   1.23712   1.62766   0.56735  
 16 362.7318   2257.869797  x:  0.07186   0.00000   0.09021   0.01536   0.01351   0.02367   0.03637   0.05751   0.06197   0.08911   0.01383   0.26212   0.00000   0.04602   0.01303   0.00000   0.00000   0.10089   0.10574   0.12227   0.13078   0.04365   0.18468   0.09126   4.54811   1.60457   1.23258   1.63146   0.53781  
 17 2043.2612   2255.393895  x:  0.07410   0.00000   0.09677   0.01740   0.01625   0.02377   0.06297   0.04500   0.08310   0.08933   0.01629   0.24273   0.00000   0.04873   0.01366   0.00000   0.00000   0.10154   0.08657   0.12801   0.12483   0.03683   0.17807   0.09354   4.67030   1.61727   1.22400   1.63303   0.52481  
 18 286.1997   2254.200051  x:  0.07425   0.00000   0.10950   0.01889   0.01878   0.02394   0.05016   0.04904   0.09632   0.08641   0.01696   0.23125   0.00000   0.05065   0.01386   0.00000   0.00000   0.10320   0.07285   0.12577   0.10161   0.04208   0.17042   0.09372   4.71652   1.63078   1.21216   1.63153   0.52469  
 19 87.0522   2253.805247  x:  0.07240   0.00000   0.11178   0.01203   0.01738   0.02376   0.05241   0.05120   0.09175   0.08648   0.01701   0.22875   0.00000   0.05138   0.01352   0.00000   0.00000   0.10364   0.07331   0.12341   0.09212   0.03762   0.16826   0.09188   4.72479   1.64175   1.20182   1.62892   0.52481  
 20 35.2667   2253.159454  x:  0.07279   0.00000   0.11266   0.01822   0.01717   0.02336   0.05206   0.04919   0.08184   0.08904   0.01621   0.22648   0.00000   0.05205   0.01429   0.00000   0.00000   0.10374   0.07439   0.12748   0.08179   0.02840   0.16577   0.09228   4.73396   1.66660   1.17825   1.62252   0.52457  
 21 73.6969   2251.399152  x:  0.07436   0.00000   0.11065   0.01850   0.01604   0.02316   0.05743   0.03640   0.07011   0.09006   0.01548   0.23289   0.00000   0.05275   0.01399   0.00000   0.00000   0.10591   0.07793   0.13894   0.07229   0.04618   0.16773   0.09392   4.75118   1.74481   1.10400   1.60170   0.52872  
 22 113.8484   2248.615020  x:  0.07552   0.00000   0.10683   0.01737   0.01732   0.02366   0.05272   0.04231   0.08424   0.08883   0.01544   0.25032   0.00000   0.05380   0.01412   0.00000   0.00000   0.11273   0.07487   0.12411   0.09459   0.03818   0.18220   0.09518   4.76965   1.86682   0.99074   1.56823   0.54379  
 23 160.6828   2238.491528  x:  0.08771   0.00000   0.09665   0.01664   0.01951   0.02387   0.05413   0.05169   0.08777   0.10171   0.01705   0.23334   0.00000   0.06569   0.01527   0.00000   0.00000   0.13490   0.07332   0.13465   0.08199   0.03868   0.26461   0.10794   4.52451   2.06867   1.23937   1.43848   0.62382  
 24 10.1234   2232.634562  x:  0.08330   0.00000   0.13297   0.01544   0.01501   0.02403   0.05336   0.02892   0.08332   0.10886   0.01710   0.27445   0.00000   0.07769   0.01475   0.00000   0.00000   0.15003   0.06758   0.12844   0.10345   0.03480   0.19983   0.10383   4.38751   2.14724   1.35643   1.40957   0.66338  
 25 123.9972   2217.251478  x:  0.09503   0.00000   0.14983   0.01091   0.01449   0.02433   0.05223   0.01475   0.07723   0.12879   0.01900   0.28702   0.00000   0.09980   0.01550   0.00000   0.00000   0.18439   0.05847   0.13687   0.09386   0.02975   0.24841   0.11646   3.92032   2.03226   1.38610   1.91625   0.73984  
 26 34.7142   2217.094987  x:  0.09518   0.00000   0.15005   0.01085   0.01448   0.02433   0.05222   0.01460   0.07715   0.12905   0.01902   0.28716   0.00000   0.10008   0.01551   0.00815   0.00000   0.18481   0.05837   0.13697   0.09373   0.02969   0.24901   0.11662   3.91466   2.02993   1.38599   1.92172   0.74081  
 27 57.3701   2212.728127  x:  0.09803   0.00000   0.16112   0.01164   0.01257   0.02427   0.05458   0.02209   0.07423   0.13647   0.02031   0.28486   0.00000   0.10722   0.01630   0.00480   0.00000   0.19060   0.05991   0.13960   0.08303   0.03070   0.25613   0.11970   3.90022   1.56256   1.15343   1.60980   0.76372  
 28  6.1510   2204.658126  x:  0.10460   0.00000   0.18345   0.01475   0.01058   0.02696   0.05653   0.06264   0.07785   0.14355   0.02171   0.33838   0.00000   0.11878   0.01596   0.00714   0.00000   0.20190   0.07970   0.11678   0.07922   0.03588   0.26235   0.12673   4.62688   1.99547   1.37174   1.95964   0.84000  
 29  1.6154   2196.271243  x:  0.11526   0.00000   0.20123   0.01159   0.02545   0.02936   0.05285   0.05148   0.07234   0.15045   0.01958   0.35621   0.00000   0.12933   0.01374   0.00000   0.00000   0.20565   0.09001   0.11836   0.08117   0.03431   0.27795   0.13776   5.43825   1.77672   1.22194   1.66631   0.89431  
 30  1.8667   2192.221961  x:  0.12315   0.00000   0.22618   0.01502   0.01815   0.02939   0.05997   0.03359   0.06828   0.16232   0.02248   0.35803   0.00000   0.14660   0.01184   0.00204   0.00000   0.20456   0.08310   0.11984   0.09151   0.03865   0.28196   0.14618   6.38226   1.57694   1.10439   1.42264   0.98857  
 31  0.9709   2190.057165  x:  0.12399   0.00000   0.24302   0.01229   0.01871   0.02800   0.05747   0.03134   0.06836   0.16381   0.02252   0.35252   0.00000   0.16523   0.01001   0.01354   0.00000   0.20261   0.06835   0.10539   0.09407   0.03622   0.28188   0.14759   7.11856   1.75996   1.22970   1.68777   1.07065  
 32  0.5409   2189.435131  x:  0.11852   0.00000   0.24570   0.01335   0.01915   0.02524   0.05534   0.02820   0.07115   0.15681   0.02007   0.34337   0.00000   0.17566   0.01086   0.01549   0.00000   0.19825   0.06593   0.09105   0.08296   0.03725   0.27973   0.14241   7.39502   1.75910   1.20622   1.62511   1.10952  
 33  0.1476   2189.144302  x:  0.11251   0.00000   0.23977   0.01362   0.01938   0.02282   0.05737   0.03277   0.06510   0.15149   0.01839   0.33105   0.00000   0.18347   0.01151   0.01513   0.00000   0.19701   0.06609   0.09377   0.08927   0.03756   0.27699   0.13662   7.40577   1.73905   1.19916   1.60637   1.12316  
 34  0.0231   2189.029162  x:  0.11064   0.00000   0.23337   0.01364   0.01883   0.02212   0.05645   0.03221   0.07168   0.14879   0.01811   0.33153   0.00000   0.18698   0.01162   0.01473   0.00000   0.19813   0.06616   0.09821   0.08913   0.03755   0.28107   0.13488   7.40385   1.71661   1.19589   1.61247   1.12741  
 35  0.0172   2188.974265  x:  0.11003   0.00000   0.22913   0.01321   0.01821   0.02239   0.05613   0.03076   0.06928   0.14900   0.01774   0.33787   0.00000   0.19060   0.01129   0.01224   0.00000   0.19953   0.06998   0.10060   0.08820   0.03662   0.28270   0.13441   7.40957   1.73035   1.20080   1.62140   1.13010  
 36  0.0108   2188.953020  x:  0.10967   0.00000   0.22820   0.01404   0.01832   0.02304   0.05623   0.03151   0.06984   0.14992   0.01811   0.33969   0.00000   0.19400   0.01123   0.01282   0.00000   0.19915   0.06953   0.10060   0.08812   0.03755   0.27944   0.13416   7.41007   1.74204   1.20879   1.62274   1.13046  
 37  0.0066   2188.940605  x:  0.10954   0.00000   0.22732   0.01326   0.01859   0.02365   0.05619   0.03117   0.06977   0.15075   0.01851   0.33828   0.00000   0.19667   0.01108   0.01297   0.00000   0.19798   0.06896   0.10012   0.08851   0.03708   0.27780   0.13411   7.40504   1.73144   1.20166   1.61527   1.12813  
 38  0.0081   2188.938162  x:  0.10974   0.00000   0.22688   0.01354   0.01856   0.02380   0.05621   0.03127   0.06966   0.15087   0.01867   0.33744   0.00000   0.19692   0.01119   0.01260   0.00000   0.19748   0.06937   0.09986   0.08805   0.03712   0.27871   0.13431   7.38513   1.72958   1.20040   1.61720   1.12544  
 39  0.0115   2188.937323  x:  0.10975   0.00000   0.22706   0.01342   0.01853   0.02374   0.05617   0.03115   0.06960   0.15069   0.01876   0.33656   0.00000   0.19726   0.01123   0.01255   0.00000   0.19706   0.06948   0.10001   0.08812   0.03717   0.27915   0.13434   7.37622   1.73235   1.20308   1.61795   1.12450  
 40  0.0044   2188.936817  x:  0.10974   0.00000   0.22770   0.01346   0.01859   0.02360   0.05616   0.03118   0.06973   0.15041   0.01880   0.33690   0.00000   0.19769   0.01123   0.01235   0.00000   0.19680   0.06990   0.10030   0.08826   0.03707   0.27901   0.13434   7.36868   1.73134   1.20230   1.61716   1.12406  
 41  0.0023   2188.936750  x:  0.10975   0.00000   0.22782   0.01345   0.01855   0.02359   0.05620   0.03117   0.06965   0.15041   0.01883   0.33701   0.00000   0.19775   0.01123   0.01231   0.00000   0.19666   0.06983   0.10040   0.08816   0.03713   0.27892   0.13435   7.36846   1.73107   1.20204   1.61704   1.12399  
 42  0.0004   2188.936734  x:  0.10975   0.00000   0.22777   0.01344   0.01857   0.02358   0.05619   0.03119   0.06966   0.15037   0.01882   0.33713   0.00000   0.19771   0.01122   0.01226   0.00000   0.19655   0.06982   0.10039   0.08817   0.03711   0.27897   0.13435   7.36842   1.73111   1.20226   1.61714   1.12396  
 43  0.0002   2188.936730  x:  0.10976   0.00000   0.22772   0.01345   0.01857   0.02358   0.05618   0.03118   0.06966   0.15035   0.01882   0.33716   0.00000   0.19768   0.01122   0.01225   0.00000   0.19650   0.06983   0.10042   0.08819   0.03711   0.27900   0.13436   7.36866   1.73112   1.20218   1.61712   1.12400  
 44  0.0001   2188.936728  x:  0.10976   0.00000   0.22773   0.01344   0.01856   0.02359   0.05619   0.03118   0.06966   0.15035   0.01882   0.33716   0.00000   0.19767   0.01122   0.01225   0.00000   0.19646   0.06986   0.10043   0.08817   0.03712   0.27899   0.13436   7.36878   1.73109   1.20218   1.61709   1.12408  
 45  0.0001   2188.936727  x:  0.10977   0.00000   0.22773   0.01345   0.01856   0.02359   0.05619   0.03118   0.06966   0.15035   0.01882   0.33714   0.00000   0.19767   0.01122   0.01223   0.00000   0.19645   0.06987   0.10045   0.08818   0.03711   0.27897   0.13436   7.36883   1.73108   1.20222   1.61711   1.12415  
 46  0.0001   2188.936727  x:  0.10976   0.00000   0.22773   0.01345   0.01856   0.02359   0.05619   0.03118   0.06966   0.15036   0.01882   0.33714   0.00000   0.19767   0.01122   0.01223   0.00000   0.19645   0.06987   0.10045   0.08818   0.03711   0.27898   0.13436   7.36870   1.73110   1.20220   1.61711   1.12417  
 47  0.0001   2188.936727  x:  0.10976   0.00000   0.22773   0.01345   0.01856   0.02359   0.05619   0.03118   0.06966   0.15036   0.01882   0.33714   0.00000   0.19767   0.01122   0.01223   0.00000   0.19645   0.06987   0.10045   0.08818   0.03711   0.27898   0.13436   7.36856   1.73109   1.20221   1.61710   1.12418  
 48  0.0001   2188.936727  x:  0.10976   0.00000   0.22773   0.01345   0.01856   0.02359   0.05619   0.03118   0.06966   0.15036   0.01882   0.33714   0.00000   0.19767   0.01122   0.01223   0.00000   0.19645   0.06987   0.10045   0.08818   0.03711   0.27898   0.13436   7.36852   1.73109   1.20221   1.61711   1.12418  
 49  0.0000   2188.936727  x:  0.10976   0.00000   0.22773   0.01345   0.01856   0.02359   0.05619   0.03118   0.06966   0.15036   0.01882   0.33714   0.00000   0.19767   0.01122   0.01223   0.00000   0.19645   0.06987   0.10045   0.08818   0.03711   0.27898   0.13436   7.36851   1.73109   1.20221   1.61711   1.12418  
 50  0.0000   2188.936727  x:  0.10976   0.00000   0.22773   0.01345   0.01856   0.02359   0.05619   0.03118   0.06966   0.15036   0.01882   0.33714   0.00000   0.19767   0.01122   0.01223   0.00000   0.19645   0.06987   0.10045   0.08818   0.03711   0.27898   0.13436   7.36851   1.73109   1.20221   1.61711   1.12418  
 51  0.0000   2188.936727  x:  0.10976   0.00000   0.22773   0.01345   0.01856   0.02359   0.05619   0.03118   0.06966   0.15036   0.01882   0.33714   0.00000   0.19767   0.01122   0.01223   0.00000   0.19645   0.06987   0.10045   0.08818   0.03711   0.27898   0.13436   7.36851   1.73109   1.20221   1.61711   1.12418  
 52  0.0000   2188.936727  x:  0.10976   0.00000   0.22773   0.01345   0.01856   0.02359   0.05619   0.03118   0.06966   0.15036   0.01882   0.33714   0.00000   0.19767   0.01122   0.01223   0.00000   0.19645   0.06987   0.10045   0.08818   0.03711   0.27898   0.13436   7.36851   1.73109   1.20221   1.61711   1.12418  