

TREE # 1

  0  0.0000   2141.958749  x:  0.06466   0.00000   0.13422   0.01316   0.05342   0.07555   0.06844   0.07050   0.09606   0.06945   0.07180   0.09440   0.01817   0.08979   0.02005   0.05270   0.05363   0.05302   0.04971   0.05289   0.10344   0.05374   0.10468   0.08328   2.00000   1.80014   1.12384   1.75715   0.40000  
  1 99.0000   2141.957450  x:  0.06466   0.00000   0.13422   0.01316   0.05342   0.07555   0.06845   0.07050   0.09606   0.06945   0.07180   0.09440   0.01817   0.08979   0.02005   0.05270   0.05363   0.05302   0.04971   0.05289   0.10344   0.05373   0.10468   0.08328   2.00000   1.80014   1.12384   1.75715   0.40000  
  2 442.2917   2139.324266  x:  0.06574   0.00000   0.13885   0.00354   0.05229   0.07401   0.06760   0.06766   0.09516   0.06951   0.06584   0.09597   0.01543   0.09144   0.02009   0.04726   0.04941   0.05336   0.04749   0.05282   0.10294   0.05297   0.10714   0.08437   2.00325   1.79970   1.12382   1.75756   0.40794  
  3 314.5337   2131.527354  x:  0.06000   0.00000   0.16086   0.00677   0.04911   0.06600   0.04790   0.05274   0.09069   0.06937   0.03375   0.09961   0.00433   0.08377   0.02654   0.01843   0.02783   0.05282   0.03775   0.05310   0.10046   0.05032   0.11352   0.07873   2.02288   1.79724   1.12378   1.76004   0.45229  
  4 394.5615   2129.270025  x:  0.05597   0.00000   0.17057   0.00719   0.04998   0.06272   0.05577   0.04782   0.08911   0.06822   0.01878   0.09832   0.02380   0.07794   0.03032   0.01676   0.02440   0.05196   0.03680   0.05364   0.09909   0.05025   0.11333   0.07479   2.04136   1.79522   1.12349   1.76250   0.48564  
  5 193.6263   2123.607189  x:  0.05246   0.00000   0.19362   0.00750   0.05813   0.05512   0.06079   0.04348   0.08700   0.06409   0.04057   0.09328   0.01922   0.07162   0.03854   0.04342   0.04034   0.05033   0.04234   0.05489   0.09535   0.05212   0.10529   0.07170   2.12598   1.78664   1.12218   1.77351   0.61658  
  6 180.6737   2120.143343  x:  0.05882   0.00000   0.16798   0.00753   0.06187   0.07202   0.04847   0.07071   0.09228   0.06713   0.03809   0.08440   0.02441   0.08552   0.03438   0.03578   0.04370   0.05034   0.05105   0.05299   0.09824   0.05549   0.09222   0.07848   2.20361   1.78026   1.12236   1.78242   0.68268  
  7 147.3965   2117.867007  x:  0.05426   0.00000   0.13906   0.00739   0.05902   0.07956   0.06373   0.07966   0.09642   0.06880   0.03933   0.08544   0.01504   0.07573   0.02789   0.02541   0.04098   0.05080   0.05092   0.05239   0.10118   0.05490   0.09353   0.07430   2.27190   1.77556   1.12339   1.78947   0.71270  
  8 172.6710   2114.193104  x:  0.05508   0.00000   0.10525   0.00786   0.04737   0.07470   0.05223   0.06781   0.09883   0.06779   0.04200   0.10025   0.02315   0.07484   0.01931   0.03693   0.03576   0.05155   0.04103   0.05433   0.10423   0.05029   0.11606   0.07599   2.42088   1.76734   1.12661   1.80358   0.72905  
  9 151.8709   2088.573608  x:  0.04130   0.00000   0.13490   0.00750   0.02778   0.06265   0.06279   0.02475   0.10484   0.07605   0.05424   0.10780   0.02570   0.11795   0.07243   0.01369   0.04483   0.04562   0.04810   0.04908   0.11472   0.05975   0.09420   0.06998   3.71980   1.70611   1.15655   1.92114   0.67858  
 10 284.3291   2071.853212  x:  0.06637   0.00000   0.18568   0.00709   0.05908   0.05352   0.06693   0.06864   0.09737   0.07317   0.03072   0.10449   0.01140   0.08117   0.08723   0.04040   0.02808   0.05538   0.03833   0.05301   0.11016   0.05270   0.10454   0.10061   4.63732   1.66702   1.17686   2.00198   0.63296  
 11 1667.5637   2068.753105  x:  0.05435   0.00000   0.20442   0.00688   0.06870   0.06592   0.06325   0.07204   0.08573   0.06212   0.02756   0.08545   0.01084   0.08376   0.04468   0.03715   0.04130   0.05388   0.04046   0.05550   0.09193   0.04489   0.12205   0.08960   4.78178   1.67059   1.17700   2.00962   0.62520  
 12 206.1970   2067.934047  x:  0.05474   0.00000   0.21077   0.00669   0.06971   0.06534   0.06116   0.06926   0.08378   0.06417   0.03211   0.08497   0.01392   0.07935   0.02212   0.03482   0.03660   0.05250   0.04194   0.05419   0.08870   0.04896   0.11509   0.09032   4.81680   1.67674   1.17534   2.00889   0.62376  
 13 109.1576   2067.715676  x:  0.05257   0.00000   0.21068   0.00674   0.07030   0.06451   0.06161   0.06852   0.08447   0.06405   0.02707   0.08662   0.01124   0.08158   0.01769   0.03945   0.03673   0.05384   0.04097   0.05497   0.09044   0.04781   0.10981   0.08843   4.82715   1.68980   1.17129   2.00323   0.62396  
 14 24.2297   2065.717683  x:  0.05568   0.00000   0.21061   0.00668   0.07520   0.06746   0.06256   0.06374   0.08478   0.05927   0.03119   0.08108   0.01261   0.08059   0.02091   0.03556   0.03451   0.05275   0.03440   0.05728   0.09320   0.03874   0.10879   0.09513   4.92646   1.86961   1.11575   1.92212   0.63154  
 15 50.1372   2065.205991  x:  0.05382   0.00000   0.21140   0.00669   0.07455   0.06567   0.06268   0.06690   0.08328   0.06336   0.02919   0.08522   0.01154   0.08117   0.02224   0.03610   0.03556   0.05359   0.04140   0.05502   0.09088   0.04976   0.11558   0.09432   4.95237   1.91745   1.10220   1.90053   0.63370  
 16 144.5437   2065.108834  x:  0.05228   0.00000   0.21284   0.00673   0.07046   0.06281   0.06253   0.07173   0.08323   0.06600   0.03026   0.08787   0.01235   0.08173   0.02217   0.03547   0.03635   0.05256   0.04086   0.05269   0.08862   0.04647   0.11579   0.09314   4.95590   1.92370   1.10406   1.89787   0.63438  
 17 13.9725   2064.800665  x:  0.05307   0.00000   0.21513   0.00700   0.05540   0.06157   0.06270   0.07566   0.08562   0.06133   0.02936   0.08512   0.01180   0.07999   0.02138   0.03587   0.03860   0.05435   0.04033   0.05596   0.08637   0.04863   0.11496   0.09557   4.96324   1.93502   1.12192   1.89423   0.63689  
 18 11.0766   2062.978772  x:  0.04539   0.00000   0.22246   0.00720   0.05195   0.07622   0.06586   0.07685   0.09159   0.06413   0.03389   0.08378   0.01108   0.08687   0.01969   0.04254   0.02290   0.04907   0.04153   0.05536   0.09412   0.04925   0.12327   0.09860   5.00193   1.99003   1.24197   1.88303   0.65289  
 19 34.8871   2060.834665  x:  0.04596   0.00000   0.22359   0.00728   0.06503   0.08022   0.06677   0.06849   0.09171   0.07181   0.03138   0.09484   0.01128   0.08519   0.01459   0.03399   0.04196   0.05550   0.04015   0.05137   0.09997   0.04776   0.12724   0.11334   5.05150   2.05904   1.39400   1.87364   0.67357  
 20 231.1250   2059.798252  x:  0.04415   0.00000   0.21415   0.00729   0.07693   0.06223   0.06959   0.06785   0.07964   0.06427   0.03260   0.09234   0.01039   0.09269   0.01545   0.03019   0.03776   0.05687   0.04125   0.05569   0.08639   0.04962   0.12363   0.11778   5.07142   2.08520   1.44437   1.88011   0.68156  
 21 76.2496   2057.459889  x:  0.04520   0.00000   0.20932   0.00758   0.07171   0.05863   0.07368   0.05835   0.07786   0.07750   0.02419   0.07556   0.00348   0.09468   0.01304   0.03547   0.03891   0.04450   0.04140   0.04193   0.07470   0.04794   0.12646   0.13333   5.10759   2.12434   1.45726   1.95823   0.69640  
 22 21.6084   2048.120784  x:  0.02480   0.00000   0.21946   0.00843   0.06090   0.06432   0.08295   0.05755   0.07828   0.09166   0.03157   0.07783   0.00115   0.11156   0.00000   0.02680   0.03194   0.07311   0.03573   0.05246   0.06828   0.04395   0.14401   0.16858   5.24375   2.26797   1.47716   2.27429   0.75380  
 23 254.4426   2046.706470  x:  0.02211   0.00000   0.22086   0.00871   0.05720   0.08059   0.08502   0.05624   0.06840   0.08666   0.03211   0.09106   0.00039   0.11327   0.00148   0.02775   0.03079   0.07295   0.02820   0.04969   0.05535   0.04675   0.14098   0.17553   5.26747   2.29193   1.47980   2.32803   0.76370  
 24 234.8392   2046.166900  x:  0.02187   0.00000   0.22162   0.00883   0.05622   0.08265   0.08548   0.05718   0.06477   0.07960   0.03164   0.09665   0.00000   0.11334   0.00086   0.02704   0.03152   0.06696   0.02976   0.04751   0.05757   0.04680   0.14077   0.17773   5.27353   2.29722   1.47975   2.34095   0.76616  
 25 108.3698   2046.166900  x:  0.02187   0.00000   0.22162   0.00883   0.05622   0.08265   0.08548   0.05718   0.06477   0.07960   0.03164   0.09665   0.00000   0.11334   0.00086   0.02704   0.03152   0.06696   0.02976   0.04751   0.05757   0.04680   0.14077   0.17773   5.27353   2.29722   1.47975   2.34095   0.76616  
 26  8.0140   2042.495719  x:  0.02539   0.00000   0.22241   0.01486   0.05433   0.08034   0.09051   0.05561   0.06745   0.07894   0.03024   0.09935   0.00346   0.12122   0.03167   0.02499   0.02965   0.06629   0.03020   0.04794   0.06364   0.04742   0.14297   0.18124   5.27388   2.29686   1.47922   2.34100   0.76793  
 27 603.1276   2034.667668  x:  0.03903   0.00000   0.22565   0.02194   0.04642   0.07086   0.10948   0.04949   0.07744   0.07601   0.02429   0.10970   0.00000   0.14902   0.02790   0.01577   0.02319   0.06372   0.03161   0.04949   0.08331   0.04481   0.15112   0.19488   5.27538   2.29523   1.47703   2.34109   0.77552  
 28 238.8184   2033.063927  x:  0.04631   0.00000   0.22910   0.01262   0.04365   0.06450   0.11721   0.04789   0.08072   0.07458   0.02585   0.11391   0.00587   0.16479   0.02710   0.03055   0.02947   0.06306   0.03064   0.04941   0.08553   0.04481   0.15722   0.20216   5.27716   2.29331   1.47470   2.34104   0.78401  
 29 151.0672   2032.502124  x:  0.04862   0.00000   0.23193   0.01503   0.04502   0.06209   0.11790   0.04904   0.08011   0.07466   0.02890   0.11411   0.00000   0.17043   0.02743   0.03363   0.03203   0.06340   0.02988   0.04877   0.08056   0.04563   0.15989   0.20447   5.27891   2.29146   1.47268   2.34079   0.79182  
 30 71.3094   2031.599260  x:  0.05154   0.00000   0.24076   0.01035   0.04923   0.06017   0.11487   0.05260   0.07586   0.07560   0.02754   0.11095   0.00000   0.18135   0.02744   0.02425   0.02794   0.06461   0.03086   0.04768   0.06650   0.04672   0.16682   0.20739   5.28555   2.28449   1.46541   2.33963   0.82004  
 31 66.7524   2030.720772  x:  0.04855   0.00000   0.24648   0.01840   0.05018   0.06455   0.10844   0.05274   0.07289   0.07683   0.02215   0.10563   0.00000   0.17953   0.02315   0.01648   0.02309   0.06488   0.03212   0.04877   0.06809   0.04532   0.16822   0.20440   5.29215   2.27773   1.45862   2.33827   0.84563  
 32 89.0194   2029.357333  x:  0.04469   0.00000   0.26363   0.01439   0.04939   0.06842   0.10378   0.05091   0.07590   0.07733   0.03625   0.09933   0.00000   0.17671   0.02360   0.01273   0.02570   0.06413   0.02962   0.04916   0.08204   0.04607   0.16753   0.20054   5.31790   2.25178   1.43255   2.33268   0.94044  
 33 79.6113   2028.284758  x:  0.04347   0.00000   0.27677   0.01461   0.04814   0.06977   0.10387   0.05044   0.07707   0.07709   0.02909   0.09748   0.00000   0.17553   0.02526   0.02501   0.02066   0.06370   0.03214   0.04901   0.08418   0.04585   0.16617   0.19932   5.34379   2.22606   1.40705   2.32666   1.03156  
 34 271.4374   2027.809056  x:  0.04342   0.00000   0.27658   0.01472   0.04603   0.06869   0.10730   0.04983   0.07791   0.07623   0.02128   0.10069   0.00000   0.17132   0.02597   0.02405   0.02960   0.06348   0.03163   0.04917   0.08250   0.04496   0.16247   0.19927   5.35577   2.21473   1.39638   2.32330   1.06731  
 35 152.7803   2027.286167  x:  0.04404   0.00000   0.26111   0.01492   0.04255   0.06430   0.11607   0.04866   0.07982   0.07459   0.02325   0.11107   0.00000   0.15895   0.02568   0.02215   0.02496   0.06303   0.03004   0.04947   0.07799   0.04327   0.15248   0.19989   5.37215   2.20084   1.38482   2.31719   1.09910  
 36 67.4180   2027.019544  x:  0.04530   0.00000   0.24204   0.01480   0.04846   0.06415   0.11583   0.05077   0.07869   0.07564   0.02375   0.11257   0.00000   0.15895   0.02535   0.02201   0.02571   0.06363   0.03588   0.04900   0.08049   0.04668   0.15229   0.20115   5.38733   2.18935   1.37650   2.31034   1.11489  
 37 38.3145   2026.812059  x:  0.04565   0.00000   0.22669   0.01475   0.04873   0.06506   0.11309   0.05076   0.07707   0.07640   0.02297   0.11093   0.00000   0.16228   0.02549   0.02264   0.02549   0.06377   0.02958   0.04905   0.08107   0.04587   0.15554   0.20150   5.40257   2.17838   1.36916   2.30294   1.12571  
 38 54.8031   2026.677596  x:  0.04452   0.00000   0.22024   0.01511   0.04317   0.06587   0.11139   0.04872   0.07735   0.07575   0.02450   0.10924   0.00000   0.16454   0.02573   0.02275   0.02631   0.06333   0.03268   0.04950   0.07897   0.04275   0.15915   0.20037   5.41763   2.16834   1.36317   2.29497   1.12963  
 39 33.9483   2025.698413  x:  0.03443   0.00000   0.21746   0.01644   0.03871   0.06867   0.11654   0.05083   0.09136   0.06780   0.02360   0.11238   0.00000   0.16453   0.02469   0.02202   0.02550   0.06133   0.03145   0.04791   0.07541   0.05783   0.17589   0.19028   5.56720   2.07377   1.31134   2.21204   1.12639  
 40 38.2066   2022.147260  x:  0.03130   0.00000   0.22998   0.01602   0.05642   0.06494   0.12505   0.05220   0.09199   0.07519   0.02515   0.12698   0.00000   0.15883   0.02514   0.02251   0.02619   0.06596   0.03153   0.05284   0.07869   0.03616   0.20237   0.18715   6.08267   1.75046   1.13505   1.92519   1.10988  
 41 335.9897   2020.450053  x:  0.04359   0.00000   0.23798   0.01603   0.04527   0.06254   0.11943   0.04732   0.07566   0.07972   0.02538   0.12497   0.00000   0.15828   0.02451   0.02222   0.02599   0.06502   0.03184   0.04873   0.08209   0.04921   0.19428   0.19944   6.34174   1.59213   1.04906   1.78066   1.10087  
 42 493.0066   2019.936581  x:  0.04753   0.00000   0.23896   0.01593   0.04529   0.06798   0.11673   0.05385   0.08364   0.07222   0.02534   0.11593   0.00000   0.16687   0.02430   0.02210   0.02596   0.06285   0.03186   0.05062   0.08061   0.04646   0.17433   0.20338   6.42434   1.55007   1.02607   1.73498   1.09807  
 43 118.3388   2019.813351  x:  0.04414   0.00000   0.23885   0.01585   0.04718   0.06615   0.11788   0.04844   0.08483   0.07431   0.02501   0.11365   0.00000   0.17199   0.02413   0.02200   0.02585   0.06550   0.03187   0.04873   0.07985   0.04695   0.16749   0.19998   6.44770   1.54675   1.02370   1.72326   1.09861  
 44 31.7747   2019.629504  x:  0.03947   0.00000   0.23910   0.01573   0.04518   0.06398   0.12079   0.05313   0.07985   0.07734   0.02539   0.11473   0.00000   0.17708   0.02396   0.02212   0.02594   0.06356   0.03196   0.05313   0.08093   0.04781   0.16380   0.19532   6.49212   1.55604   1.02629   1.70433   1.10286  
 45 24.9250   2018.886217  x:  0.04158   0.00000   0.24013   0.01579   0.04565   0.06771   0.12002   0.05400   0.07768   0.07276   0.02569   0.12000   0.00000   0.17714   0.02379   0.02220   0.02610   0.06065   0.03221   0.04185   0.08289   0.04513   0.16653   0.19743   6.67773   1.61010   1.04398   1.63263   1.12219  
 46 71.9969   2018.512559  x:  0.04615   0.00000   0.24067   0.01575   0.04701   0.06817   0.11797   0.04900   0.08144   0.07214   0.02559   0.11960   0.00000   0.17431   0.02373   0.02238   0.02611   0.06428   0.03215   0.05132   0.08174   0.04759   0.16965   0.20200   6.77851   1.63945   1.05335   1.59817   1.13257  
 47 209.0385   2018.349788  x:  0.04817   0.00000   0.24039   0.01581   0.04489   0.06321   0.11994   0.05265   0.08654   0.07887   0.02476   0.11253   0.00000   0.17107   0.02367   0.02219   0.02593   0.06569   0.03221   0.04962   0.08206   0.04738   0.17098   0.20402   6.82680   1.65021   1.05597   1.59866   1.13468  
 48 33.6214   2016.745203  x:  0.05221   0.00000   0.24270   0.01604   0.05133   0.05567   0.13264   0.04449   0.07967   0.07038   0.02453   0.09364   0.00000   0.17079   0.02305   0.02183   0.02589   0.04798   0.03211   0.05182   0.08181   0.04662   0.16943   0.20806   7.31586   1.73524   1.07103   1.69880   1.14551  
 49 55.0467   2013.314107  x:  0.06039   0.00000   0.25114   0.01680   0.04323   0.06723   0.14018   0.05037   0.07077   0.06317   0.02602   0.09437   0.00000   0.18562   0.02102   0.02154   0.02570   0.07948   0.03141   0.05038   0.08488   0.04642   0.15719   0.21623   8.51188   1.93832   1.11032   1.95476   1.17138  
 50 831.0912   2012.006781  x:  0.06317   0.00000   0.25505   0.01685   0.04109   0.06815   0.12021   0.04917   0.08285   0.07911   0.02491   0.11335   0.00000   0.19503   0.02028   0.02142   0.02557   0.06761   0.03135   0.05063   0.08325   0.04751   0.14906   0.21901   8.93743   2.00635   1.13134   2.04730   1.18128  
 51 562.7264   2011.836157  x:  0.06257   0.00000   0.25557   0.01690   0.04082   0.05874   0.11366   0.05058   0.08351   0.07407   0.02402   0.11496   0.00000   0.19555   0.02028   0.02135   0.02532   0.06917   0.03152   0.05060   0.08505   0.04694   0.14846   0.21841   8.99076   2.00841   1.14622   2.05874   1.18422  
 52 51.2862   2011.093914  x:  0.06540   0.00000   0.25717   0.01700   0.04067   0.06434   0.11950   0.04993   0.08322   0.07715   0.02465   0.11363   0.00000   0.19771   0.01983   0.02158   0.02566   0.06919   0.03149   0.05100   0.08489   0.04744   0.14817   0.22124   9.24227   1.99079   1.26905   2.11172   1.20437  
 53 51.3771   2008.803894  x:  0.06933   0.00000   0.25850   0.01881   0.04640   0.05144   0.14425   0.04799   0.08814   0.07508   0.02291   0.12487   0.00000   0.22300   0.01165   0.01820   0.02371   0.06323   0.03202   0.04995   0.09512   0.04312   0.18293   0.22514  10.35648   1.89474   1.20692   2.02217   1.25658  
 54  0.9186   2008.398875  x:  0.07217   0.00000   0.25822   0.01804   0.04072   0.05978   0.14338   0.04751   0.08987   0.07460   0.02428   0.11996   0.00000   0.23074   0.00940   0.01900   0.02558   0.06079   0.03132   0.05017   0.09887   0.04580   0.17017   0.22798  10.98438   1.85782   1.17297   1.95977   1.27623  
 55  0.4457   2008.312949  x:  0.07215   0.00000   0.25955   0.01671   0.04302   0.05641   0.14048   0.04776   0.08964   0.07462   0.02396   0.11760   0.00000   0.23039   0.01037   0.01989   0.02526   0.06390   0.03177   0.05058   0.09804   0.04662   0.16725   0.22795  11.36039   1.85459   1.17366   1.95408   1.27950  
 56  0.2351   2008.290366  x:  0.07192   0.00000   0.26016   0.01702   0.04280   0.05690   0.13964   0.04813   0.08904   0.07506   0.02376   0.11876   0.00000   0.22889   0.01010   0.01943   0.02481   0.06279   0.03176   0.05056   0.09656   0.04578   0.17009   0.22772  11.60985   1.85880   1.17459   1.95998   1.27747  
 57  0.1483   2008.288256  x:  0.07157   0.00000   0.25949   0.01714   0.04264   0.05705   0.14015   0.04794   0.08913   0.07476   0.02411   0.11869   0.00000   0.22799   0.01025   0.01945   0.02519   0.06288   0.03163   0.05043   0.09640   0.04600   0.16999   0.22738  11.64131   1.85937   1.17458   1.96043   1.27600  
 58  0.0262   2008.288028  x:  0.07147   0.00000   0.25924   0.01717   0.04262   0.05708   0.14042   0.04793   0.08914   0.07472   0.02395   0.11867   0.00000   0.22772   0.01027   0.01943   0.02509   0.06288   0.03170   0.05044   0.09646   0.04597   0.16978   0.22728  11.64483   1.85917   1.17448   1.96030   1.27549  
 59  0.0034   2008.288009  x:  0.07147   0.00000   0.25927   0.01718   0.04264   0.05704   0.14047   0.04795   0.08915   0.07476   0.02396   0.11869   0.00000   0.22770   0.01028   0.01945   0.02509   0.06285   0.03168   0.05046   0.09653   0.04594   0.16981   0.22728  11.64444   1.85910   1.17451   1.96038   1.27516  
 60  0.0004   2008.288007  x:  0.07148   0.00000   0.25928   0.01718   0.04263   0.05705   0.14046   0.04794   0.08915   0.07476   0.02396   0.11870   0.00000   0.22771   0.01029   0.01944   0.02509   0.06285   0.03168   0.05046   0.09655   0.04595   0.16981   0.22729  11.64492   1.85912   1.17451   1.96037   1.27508  
 61  0.0003   2008.288007  x:  0.07149   0.00000   0.25928   0.01719   0.04263   0.05705   0.14045   0.04794   0.08915   0.07476   0.02396   0.11870   0.00000   0.22772   0.01029   0.01944   0.02509   0.06286   0.03168   0.05045   0.09655   0.04595   0.16981   0.22729  11.64506   1.85911   1.17451   1.96036   1.27507  
 62  0.0001   2008.288007  x:  0.07149   0.00000   0.25928   0.01719   0.04263   0.05705   0.14045   0.04794   0.08915   0.07476   0.02396   0.11870   0.00000   0.22772   0.01029   0.01944   0.02509   0.06285   0.03168   0.05045   0.09655   0.04595   0.16981   0.22730  11.64506   1.85911   1.17451   1.96035   1.27508  
 63  0.0000   2008.288007  x:  0.07149   0.00000   0.25928   0.01719   0.04263   0.05705   0.14045   0.04794   0.08915   0.07476   0.02396   0.11870   0.00000   0.22772   0.01029   0.01944   0.02509   0.06285   0.03168   0.05045   0.09655   0.04595   0.16981   0.22730  11.64505   1.85911   1.17451   1.96035   1.27508  
 64  0.0000   2008.288007  x:  0.07149   0.00000   0.25928   0.01719   0.04263   0.05705   0.14045   0.04794   0.08915   0.07476   0.02396   0.11870   0.00000   0.22772   0.01029   0.01944   0.02509   0.06285   0.03168   0.05045   0.09655   0.04595   0.16981   0.22730  11.64506   1.85911   1.17451   1.96035   1.27508  
 65  0.0000   2008.288007  x:  0.07148   0.00000   0.25928   0.01719   0.04263   0.05705   0.14045   0.04794   0.08915   0.07476   0.02396   0.11870   0.00000   0.22772   0.01029   0.01944   0.02509   0.06285   0.03168   0.05045   0.09655   0.04595   0.16981   0.22730  11.64506   1.85911   1.17451   1.96035   1.27508  