

TREE # 1

  0  0.0000   2152.413329  x:  0.01972   0.20925   0.02571   0.03211   0.02495   0.05815   0.02188   0.05666   0.08536   0.02661   0.17168   0.01972   0.20925   0.02571   0.03211   0.02495   0.05815   0.02188   0.05666   0.08536   0.02661   0.17168   0.21568   8.40433   1.33945   1.11340   1.29892   1.00000  
  1 99.0000   2138.250533  x:  0.00012   0.20315   0.03433   0.04329   0.02835   0.05876   0.03485   0.06337   0.09844   0.03501   0.17949   0.00000   0.20372   0.02856   0.04328   0.02384   0.05981   0.04414   0.06208   0.09288   0.04628   0.17793   0.21883   8.40397   1.33875   1.11288   1.29946   1.00148  
  2 385.2976   2138.221333  x:  0.00000   0.20311   0.03433   0.04330   0.02834   0.05875   0.03485   0.06339   0.09849   0.03501   0.17953   0.00000   0.20369   0.02856   0.04329   0.02383   0.05981   0.04412   0.06209   0.09291   0.04627   0.17796   0.21885   8.40397   1.33875   1.11287   1.29946   1.00149  
  3 266.6148   2134.688947  x:  0.00000   0.15425   0.03094   0.03049   0.03398   0.05975   0.04054   0.05672   0.10148   0.03267   0.21844   0.00000   0.16021   0.03460   0.02851   0.03937   0.06027   0.05189   0.05918   0.09652   0.04283   0.20973   0.23237   8.40082   1.33271   1.10955   1.30311   1.01367  
  4 128.3839   2133.197972  x:  0.00000   0.12462   0.03185   0.03903   0.03216   0.05946   0.03771   0.05195   0.08721   0.03396   0.23396   0.00000   0.13333   0.02967   0.03951   0.03962   0.05933   0.05126   0.05283   0.09009   0.04219   0.22330   0.23615   8.39839   1.32798   1.10751   1.30555   1.02264  
  5 133.0126   2132.971981  x:  0.00000   0.11885   0.03287   0.03799   0.03037   0.05936   0.03725   0.05598   0.08421   0.03518   0.23356   0.00000   0.12715   0.02634   0.03528   0.03437   0.05869   0.05106   0.05379   0.08758   0.04585   0.22400   0.23482   8.39705   1.32538   1.10679   1.30659   1.02725  
  6 41.0392   2132.813709  x:  0.00000   0.11442   0.03236   0.03573   0.03081   0.05943   0.03834   0.05716   0.08499   0.03355   0.22836   0.00000   0.12026   0.03216   0.03694   0.03009   0.05893   0.05089   0.05650   0.08625   0.04534   0.22216   0.23058   8.39374   1.31912   1.10514   1.30899   1.03829  
  7 22.4952   2132.673178  x:  0.00000   0.11258   0.03277   0.03961   0.03153   0.05927   0.03793   0.05462   0.08800   0.03568   0.22405   0.00000   0.11630   0.03225   0.03410   0.03058   0.05937   0.05130   0.05772   0.08620   0.04319   0.22096   0.22679   8.38886   1.31040   1.10261   1.31224   1.05402  
  8 30.0195   2132.336475  x:  0.00000   0.11266   0.03097   0.03600   0.03067   0.05913   0.03658   0.05271   0.09123   0.03479   0.21978   0.00000   0.11458   0.02510   0.03684   0.03637   0.05984   0.05138   0.05552   0.08965   0.04674   0.22123   0.22141   8.37417   1.28558   1.09510   1.32091   1.09975  
  9 48.9056   2132.027583  x:  0.00000   0.11506   0.03365   0.03821   0.03139   0.05938   0.03809   0.05908   0.08764   0.03319   0.22216   0.00000   0.11869   0.02732   0.03598   0.03822   0.05870   0.05001   0.05101   0.09295   0.04579   0.22359   0.22124   8.35849   1.26122   1.08768   1.32828   1.14602  
 10 82.0391   2131.836039  x:  0.00000   0.11768   0.03229   0.03717   0.02976   0.05919   0.03846   0.05683   0.08492   0.03641   0.22779   0.00000   0.12403   0.02886   0.03655   0.03346   0.05829   0.05128   0.05576   0.09100   0.04400   0.22525   0.22550   8.34708   1.24681   1.08317   1.33083   1.17601  
 11 58.7772   2131.781646  x:  0.00000   0.11827   0.03254   0.03802   0.03095   0.05906   0.03756   0.05528   0.08609   0.03368   0.22961   0.00000   0.12534   0.02919   0.03606   0.03155   0.05883   0.05143   0.05592   0.08786   0.04536   0.22469   0.22809   8.34275   1.24398   1.08208   1.32966   1.18459  
 12 27.4521   2131.724771  x:  0.00000   0.11822   0.03281   0.03725   0.03086   0.05928   0.03740   0.05652   0.08820   0.03586   0.23025   0.00000   0.12494   0.02975   0.03670   0.03236   0.05948   0.05065   0.05428   0.08444   0.04542   0.22153   0.23227   8.33524   1.24434   1.08136   1.32346   1.19381  
 13 13.7363   2131.573671  x:  0.00000   0.11732   0.03162   0.03848   0.02959   0.05963   0.03934   0.05772   0.08751   0.03372   0.22990   0.00000   0.12254   0.02789   0.03670   0.03371   0.05884   0.05160   0.05622   0.08714   0.04413   0.21332   0.24157   8.31164   1.24931   1.07989   1.30133   1.21775  
 14 30.0630   2131.471214  x:  0.00000   0.11700   0.03393   0.03755   0.03149   0.05902   0.03688   0.05556   0.08639   0.03517   0.22942   0.00000   0.12196   0.02901   0.03646   0.03240   0.05852   0.05084   0.05555   0.09131   0.04590   0.21223   0.24380   8.29385   1.25380   1.07885   1.28478   1.23326  
 15 46.9355   2131.267738  x:  0.00000   0.11745   0.02961   0.03896   0.03028   0.05904   0.03752   0.05581   0.08736   0.03558   0.22877   0.00000   0.12403   0.03015   0.03607   0.03058   0.05967   0.05135   0.05352   0.09071   0.04674   0.22186   0.23712   8.25534   1.26379   1.07635   1.25130   1.26054  
 16 41.0197   2131.182521  x:  0.00000   0.11776   0.03314   0.03815   0.03061   0.05937   0.03821   0.05657   0.08786   0.03480   0.22903   0.00000   0.12498   0.02890   0.03692   0.03151   0.05947   0.05136   0.05593   0.08857   0.04509   0.22629   0.23316   8.23778   1.26771   1.07499   1.23769   1.27109  
 17 69.5024   2131.117493  x:  0.00000   0.11832   0.03190   0.03907   0.03157   0.05944   0.03620   0.05775   0.08754   0.03514   0.23230   0.00000   0.12455   0.03004   0.03695   0.03382   0.05703   0.05070   0.05859   0.08771   0.04692   0.22484   0.23001   8.21952   1.26721   1.07207   1.23412   1.27179  
 18 10.1813   2130.649539  x:  0.00000   0.12090   0.03323   0.03885   0.02957   0.06041   0.03954   0.05633   0.09128   0.03518   0.25415   0.00000   0.12105   0.02926   0.03733   0.02975   0.05593   0.05031   0.05571   0.09016   0.04650   0.21163   0.21313   8.08214   1.25844   1.04921   1.21849   1.26649  
 19 51.7646   2129.846679  x:  0.00000   0.11691   0.03155   0.03938   0.03459   0.05543   0.03326   0.06348   0.09200   0.03589   0.26210   0.00000   0.12144   0.02764   0.03872   0.02867   0.07432   0.05518   0.05944   0.09400   0.04418   0.20989   0.21132   7.83002   1.23751   1.01063   1.19884   1.24948  
 20 120.0902   2127.131833  x:  0.00000   0.10310   0.03695   0.04477   0.02246   0.05669   0.04102   0.06269   0.10304   0.03693   0.25931   0.00000   0.12363   0.03286   0.03932   0.02901   0.07731   0.04407   0.06772   0.10146   0.05669   0.22780   0.23160   7.02891   1.16693   0.89683   1.14299   1.19092  
 21 476.6049   2126.075173  x:  0.00000   0.10280   0.03355   0.04434   0.03334   0.05919   0.04188   0.06645   0.11030   0.03896   0.25665   0.00000   0.11990   0.02766   0.04261   0.02179   0.06322   0.04756   0.06580   0.10390   0.05301   0.23794   0.24208   6.70636   1.13764   0.85896   1.12184   1.16732  
 22 721.7754   2125.683713  x:  0.00000   0.10758   0.03552   0.04404   0.02705   0.05684   0.03486   0.06832   0.11357   0.03733   0.25709   0.00000   0.11434   0.02905   0.04309   0.02059   0.05845   0.05473   0.06386   0.10478   0.05083   0.24233   0.24571   6.58952   1.12607   0.85792   1.11567   1.15939  
 23 205.8754   2124.544005  x:  0.00000   0.12499   0.03554   0.04622   0.02920   0.05465   0.03999   0.06957   0.11520   0.03874   0.26455   0.00000   0.09509   0.02807   0.04414   0.02005   0.06489   0.04934   0.06733   0.10780   0.05541   0.25301   0.25217   6.23766   1.08924   0.90213   1.10351   1.13868  
 24 161.0651   2123.469770  x:  0.00000   0.10430   0.03578   0.04725   0.02864   0.06410   0.03667   0.07195   0.12276   0.03937   0.27088   0.00000   0.10817   0.02729   0.04567   0.01863   0.06340   0.05159   0.06806   0.11300   0.05571   0.25208   0.25095   5.90372   1.06134   0.96059   1.09976   1.12278  
 25 221.6601   2123.310850  x:  0.00000   0.10085   0.03568   0.04725   0.02894   0.05415   0.03869   0.07221   0.12423   0.03950   0.27163   0.00000   0.11060   0.02693   0.04599   0.01856   0.06108   0.05106   0.06796   0.11308   0.05570   0.25180   0.25072   5.85601   1.06495   0.96842   1.10495   1.12307  
 26 64.1910   2121.727753  x:  0.00000   0.10128   0.03681   0.04935   0.02814   0.05842   0.03817   0.07543   0.13058   0.04022   0.27875   0.00000   0.10745   0.02727   0.04780   0.01464   0.06204   0.05090   0.07127   0.11715   0.05813   0.26047   0.25611   5.33350   1.21466   1.03385   1.24448   1.16263  
 27 49.6528   2121.367468  x:  0.00000   0.09874   0.03618   0.04987   0.02864   0.05865   0.03684   0.07567   0.13393   0.03930   0.28124   0.00000   0.10413   0.02608   0.04870   0.02497   0.06024   0.04887   0.07012   0.11889   0.05679   0.26572   0.25899   5.45151   1.23982   1.06013   1.27205   1.15863  
 28  0.2188   2121.296851  x:  0.00000   0.09625   0.03548   0.05001   0.02817   0.05806   0.03641   0.07496   0.13603   0.03809   0.28378   0.00000   0.10023   0.02682   0.04882   0.02312   0.06062   0.04565   0.06981   0.11832   0.05514   0.26971   0.26090   5.59420   1.25064   1.07420   1.28064   1.15793  
 29  0.1571   2121.281490  x:  0.00000   0.09469   0.03516   0.05013   0.02801   0.05781   0.03646   0.07453   0.13746   0.03766   0.28630   0.00000   0.09795   0.02698   0.04883   0.02284   0.06127   0.04536   0.06968   0.11811   0.05441   0.27212   0.26233   5.49948   1.24869   1.07423   1.27664   1.15844  
 30  0.1093   2121.278336  x:  0.00000   0.09398   0.03513   0.05015   0.02815   0.05800   0.03674   0.07429   0.13826   0.03783   0.28765   0.00000   0.09739   0.02688   0.04872   0.02254   0.06132   0.04623   0.06974   0.11797   0.05441   0.27345   0.26367   5.51466   1.24875   1.07428   1.27732   1.15996  
 31  0.0134   2121.277932  x:  0.00000   0.09370   0.03518   0.05013   0.02821   0.05802   0.03667   0.07420   0.13847   0.03794   0.28808   0.00000   0.09719   0.02692   0.04860   0.02259   0.06123   0.04597   0.06981   0.11788   0.05457   0.27389   0.26412   5.51619   1.24801   1.07320   1.27693   1.16025  
 32  0.0017   2121.277914  x:  0.00000   0.09364   0.03519   0.05011   0.02818   0.05799   0.03666   0.07422   0.13848   0.03792   0.28814   0.00000   0.09711   0.02692   0.04858   0.02262   0.06126   0.04600   0.06981   0.11787   0.05458   0.27392   0.26413   5.51709   1.24797   1.07304   1.27677   1.16023  
 33  0.0009   2121.277914  x:  0.00000   0.09364   0.03518   0.05010   0.02818   0.05799   0.03667   0.07423   0.13847   0.03791   0.28815   0.00000   0.09710   0.02692   0.04857   0.02263   0.06125   0.04599   0.06981   0.11788   0.05458   0.27394   0.26414   5.51715   1.24797   1.07304   1.27675   1.16023  
 34  0.0001   2121.277913  x:  0.00000   0.09363   0.03518   0.05010   0.02818   0.05799   0.03667   0.07424   0.13847   0.03791   0.28816   0.00000   0.09710   0.02692   0.04857   0.02262   0.06125   0.04599   0.06981   0.11788   0.05458   0.27394   0.26414   5.51714   1.24797   1.07305   1.27676   1.16023  
 35  0.0000   2121.277913  x:  0.00000   0.09363   0.03518   0.05010   0.02818   0.05799   0.03666   0.07424   0.13847   0.03791   0.28816   0.00000   0.09710   0.02692   0.04857   0.02262   0.06125   0.04599   0.06981   0.11788   0.05458   0.27395   0.26414   5.51713   1.24797   1.07305   1.27676   1.16024  
 36  0.0000   2121.277913  x:  0.00000   0.09363   0.03518   0.05010   0.02818   0.05799   0.03666   0.07424   0.13846   0.03791   0.28816   0.00000   0.09710   0.02692   0.04857   0.02262   0.06125   0.04599   0.06981   0.11788   0.05458   0.27395   0.26414   5.51713   1.24797   1.07305   1.27676   1.16024  
 37  0.0000   2121.277913  x:  0.00000   0.09363   0.03518   0.05010   0.02818   0.05799   0.03666   0.07424   0.13846   0.03791   0.28816   0.00000   0.09710   0.02692   0.04857   0.02262   0.06125   0.04599   0.06981   0.11788   0.05458   0.27395   0.26414   5.51713   1.24797   1.07305   1.27676   1.16024  

TREE # 2

  0  0.0000   2490.757495  x:  0.00000   0.09363   0.03518   0.05010   0.02818   0.05799   0.03666   0.07424   0.13846   0.03791   0.28816   0.00000   0.09710   0.02692   0.04857   0.02262   0.06125   0.04599   0.06981   0.11788   0.05458   0.27395   0.26414   5.51713   1.22765   0.99079   1.18019   1.16024  
  1 99.0000   2313.838151  x:  0.39365   0.09724   0.05001   0.05468   0.02991   0.05737   0.04147   0.07348   0.13743   0.03922   0.28660   0.07998   0.10063   0.04777   0.05313   0.02430   0.06048   0.05082   0.06917   0.11698   0.05297   0.27200   0.26202   5.51715   1.22761   0.99084   1.18026   1.16023  
  2 23947.6600   2189.654783  x:  0.39058   0.03965   0.25471   0.16104   0.07700   0.03648   0.13648   0.05416   0.11153   0.00000   0.24023   0.05581   0.04331   0.28097   0.15709   0.06490   0.03960   0.14937   0.05392   0.09588   0.01524   0.22587   0.21169   5.51734   1.22692   0.99275   1.18222   1.15987  
  3 1005.7240   2168.887784  x:  0.39068   0.00000   0.27641   0.16374   0.07208   0.03411   0.13938   0.05006   0.10043   0.06894   0.21109   0.05379   0.00379   0.30454   0.15911   0.05493   0.03421   0.15719   0.04938   0.08646   0.01166   0.19679   0.17954   5.51749   1.22618   0.99446   1.18355   1.15974  
  4 490.1807   2167.162920  x:  0.39084   0.00000   0.27702   0.16313   0.07131   0.03321   0.13919   0.04969   0.09924   0.06905   0.20837   0.05335   0.00000   0.30515   0.15846   0.05386   0.03418   0.15716   0.04927   0.08586   0.01247   0.19417   0.17660   5.51750   1.22610   0.99466   1.18367   1.15972  
  5 487.5670   2157.568669  x:  0.39167   0.00000   0.28121   0.15398   0.06765   0.03188   0.13734   0.05138   0.08924   0.06690   0.17642   0.05293   0.00000   0.30892   0.14919   0.05025   0.03368   0.15595   0.04960   0.08217   0.00000   0.16174   0.13976   5.51759   1.22495   0.99703   1.18523   1.15945  
  6 993.7620   2136.332472  x:  0.39061   0.00000   0.29303   0.12705   0.07798   0.05919   0.13761   0.07389   0.07604   0.06409   0.08458   0.06745   0.00000   0.31969   0.12266   0.07224   0.03403   0.15374   0.05746   0.08544   0.01256   0.06732   0.03038   5.51774   1.22127   1.00382   1.19037   1.15878  
  7 1020.6754   2135.395729  x:  0.39034   0.00000   0.29809   0.11661   0.08031   0.05851   0.13727   0.06866   0.08676   0.06388   0.06556   0.06842   0.00000   0.32433   0.11254   0.07511   0.03181   0.15328   0.05334   0.08860   0.01258   0.05554   0.04318   5.51767   1.21929   1.00706   1.19346   1.15851  
  8 61.6011   2134.704829  x:  0.38983   0.00000   0.31249   0.09081   0.08317   0.05569   0.13594   0.05720   0.10305   0.06439   0.06102   0.06817   0.00000   0.33773   0.08803   0.07721   0.03886   0.15240   0.05122   0.09281   0.01198   0.06615   0.03626   5.51740   1.21418   1.01545   1.20253   1.15794  
  9 37.3607   2131.757379  x:  0.38867   0.00000   0.36227   0.00651   0.08496   0.05788   0.13073   0.05712   0.11678   0.06316   0.08775   0.06375   0.00000   0.38368   0.00615   0.07542   0.01162   0.14571   0.06105   0.09516   0.01309   0.06617   0.03477   5.51635   1.19806   1.04443   1.23416   1.15670  
 10 66.4822   2131.709066  x:  0.38864   0.00000   0.36351   0.00450   0.08499   0.05796   0.13061   0.05719   0.11702   0.06314   0.08844   0.06363   0.00000   0.38484   0.00404   0.07537   0.01123   0.14555   0.06131   0.09519   0.01311   0.06610   0.03482   5.51632   1.19767   1.04514   1.23493   1.15668  
 11 2526.4872   2131.634281  x:  0.38860   0.00000   0.36504   0.00437   0.08494   0.05802   0.13009   0.05704   0.11785   0.06306   0.08925   0.06352   0.00000   0.38612   0.00000   0.07525   0.01017   0.14495   0.06175   0.09540   0.01314   0.06604   0.03461   5.51628   1.19695   1.04640   1.23631   1.15661  
 12 58.2262   2131.354450  x:  0.38830   0.00000   0.36550   0.00495   0.08428   0.06459   0.12744   0.06178   0.11007   0.06203   0.08177   0.06517   0.00000   0.38493   0.00000   0.07247   0.01054   0.14262   0.05278   0.09446   0.01320   0.07385   0.03629   5.51582   1.19902   1.04703   1.23487   1.15785  
 13 30.5771   2131.257788  x:  0.38803   0.00000   0.37008   0.00502   0.08334   0.06884   0.12238   0.06019   0.10851   0.06150   0.07937   0.06597   0.00000   0.38617   0.00000   0.07021   0.01050   0.13737   0.05815   0.09537   0.01299   0.07605   0.03744   5.51489   1.19950   1.05276   1.23783   1.15960  
 14 15.6713   2131.138512  x:  0.38806   0.00000   0.37660   0.00510   0.08191   0.07216   0.11753   0.05729   0.11088   0.06077   0.08380   0.06522   0.00000   0.38520   0.00000   0.06927   0.01125   0.13234   0.05398   0.09642   0.01318   0.07202   0.03652   5.51208   1.20234   1.06770   1.24562   1.16492  
 15 11.1107   2130.538256  x:  0.38943   0.00000   0.38941   0.00558   0.07697   0.06933   0.12635   0.06335   0.11185   0.06120   0.07977   0.05815   0.00000   0.36620   0.00000   0.06987   0.01149   0.13999   0.05701   0.08961   0.01353   0.07377   0.03631   5.49334   1.23323   1.14764   1.28528   1.20052  
 16 19.8136   2130.144213  x:  0.38634   0.00000   0.38524   0.00588   0.08474   0.05950   0.12828   0.05814   0.10020   0.06182   0.07871   0.07246   0.00000   0.36379   0.00000   0.06979   0.01167   0.14423   0.05650   0.09233   0.01354   0.07322   0.03696   5.47977   1.26204   1.18903   1.31061   1.22440  
 17 39.3665   2129.497941  x:  0.38796   0.00000   0.36168   0.00630   0.08753   0.04833   0.12410   0.06295   0.09536   0.06365   0.07503   0.06117   0.00000   0.38557   0.00000   0.07373   0.01203   0.13558   0.05621   0.10229   0.01330   0.07305   0.03578   5.45614   1.31944   1.22857   1.35270   1.25964  
 18 31.2016   2128.970704  x:  0.38648   0.00000   0.34408   0.00679   0.07597   0.05822   0.12865   0.05759   0.10111   0.06099   0.07327   0.06562   0.00000   0.40031   0.00000   0.06613   0.01260   0.13696   0.05675   0.09103   0.01374   0.07074   0.03447   5.43588   1.36909   1.24195   1.38519   1.28447  
 19 38.9337   2128.296460  x:  0.38708   0.00000   0.35894   0.00735   0.08400   0.05523   0.11321   0.05684   0.10243   0.05964   0.06940   0.06095   0.00000   0.38424   0.00000   0.06196   0.01322   0.14602   0.05731   0.08120   0.01408   0.06832   0.03281   5.40821   1.42361   1.21984   1.42006   1.30151  
 20 16.9038   2127.766145  x:  0.38642   0.00000   0.37567   0.00769   0.07158   0.04989   0.12265   0.05467   0.09692   0.06003   0.06617   0.06239   0.00000   0.36852   0.00000   0.06402   0.01345   0.13963   0.05665   0.09309   0.01378   0.06717   0.03180   5.38602   1.45523   1.19858   1.44287   1.30852  
 21 34.9221   2127.255192  x:  0.38596   0.00000   0.37815   0.00791   0.08156   0.04353   0.13610   0.05570   0.09612   0.06031   0.06392   0.06201   0.00000   0.36546   0.00000   0.05688   0.01398   0.12180   0.05622   0.08437   0.01409   0.06563   0.03064   5.36461   1.44380   1.18973   1.45090   1.29801  
 22 10.0354   2124.117570  x:  0.38427   0.00000   0.36090   0.00892   0.06702   0.02656   0.13169   0.04224   0.06543   0.05936   0.05047   0.05392   0.00000   0.36967   0.00000   0.06348   0.01531   0.12802   0.05474   0.06939   0.01574   0.05917   0.02891   5.24155   1.32171   1.15819   1.46555   1.21319  
 23 32.7084   2123.350845  x:  0.38270   0.00000   0.35870   0.00948   0.06397   0.02088   0.12895   0.05035   0.06739   0.05812   0.04827   0.05677   0.00000   0.37340   0.00000   0.04711   0.01689   0.13556   0.05567   0.07866   0.01594   0.05591   0.02719   5.21033   1.29099   1.15254   1.46489   1.19086  
 24 97.4475   2123.242589  x:  0.38334   0.00000   0.35725   0.00959   0.06646   0.02393   0.13116   0.04713   0.06512   0.05801   0.04775   0.05321   0.00000   0.37192   0.00000   0.04355   0.01708   0.13779   0.05565   0.08177   0.01591   0.05525   0.02703   5.20612   1.29108   1.15231   1.45531   1.18748  
 25 17.3821   2122.572832  x:  0.38255   0.00000   0.35837   0.01012   0.06339   0.01861   0.12979   0.04480   0.06526   0.05746   0.04459   0.05270   0.00000   0.36832   0.00000   0.04261   0.01694   0.13533   0.05567   0.07878   0.01627   0.05407   0.02522   5.18272   1.31029   1.15860   1.35720   1.16663  
 26 24.9464   2121.407272  x:  0.37715   0.00000   0.35740   0.01024   0.05696   0.01643   0.12754   0.04301   0.06282   0.05251   0.05398   0.04797   0.00000   0.36804   0.00000   0.03700   0.01811   0.13420   0.05558   0.07519   0.01701   0.05516   0.03199   5.22075   1.24680   1.10463   1.27431   1.32830  
 27  1.2148   2120.480684  x:  0.37169   0.00000   0.35933   0.00952   0.05119   0.01764   0.12556   0.04513   0.05955   0.04789   0.06553   0.04538   0.00000   0.36952   0.00000   0.03430   0.01924   0.13324   0.05573   0.07158   0.01836   0.05629   0.03935   5.27775   1.29172   1.12980   1.30271   1.18021  
 28  2.7909   2119.478971  x:  0.36185   0.00000   0.35926   0.00867   0.04547   0.03061   0.11368   0.05104   0.06637   0.03533   0.06351   0.04668   0.00000   0.37175   0.00000   0.04073   0.02098   0.12879   0.05606   0.06768   0.02064   0.05444   0.03776   5.37793   1.23711   1.09970   1.23328   1.19829  
 29  0.3171   2118.576113  x:  0.35309   0.00000   0.35683   0.00708   0.05891   0.02935   0.11269   0.04615   0.07307   0.02338   0.06699   0.04211   0.00000   0.36971   0.00000   0.04640   0.02373   0.12972   0.05654   0.07307   0.02331   0.05844   0.03970   5.44484   1.22786   1.09263   1.24847   1.18121  
 30  0.1356   2118.276798  x:  0.34970   0.00000   0.36012   0.00610   0.05658   0.02894   0.11563   0.04614   0.07087   0.01873   0.06373   0.04880   0.00000   0.37227   0.00000   0.04295   0.02549   0.12977   0.05668   0.07380   0.02510   0.05975   0.03798   5.33913   1.24806   1.10376   1.28094   1.20141  
 31  0.1460   2118.024780  x:  0.35741   0.00000   0.36561   0.00661   0.05424   0.02614   0.12282   0.04596   0.07124   0.02432   0.06008   0.04572   0.00000   0.37939   0.00000   0.04256   0.02815   0.13211   0.05713   0.07631   0.02708   0.05839   0.03535   5.25940   1.26791   1.11457   1.29610   1.20213  
 32  0.0684   2117.903371  x:  0.35882   0.00000   0.37085   0.00652   0.05720   0.02518   0.12246   0.04770   0.06650   0.02415   0.06003   0.04636   0.00000   0.38469   0.00000   0.04314   0.03070   0.13270   0.05682   0.07420   0.02892   0.05696   0.03501   5.37842   1.25987   1.11021   1.27305   1.19383  
 33  0.1091   2117.859471  x:  0.35939   0.00000   0.37369   0.00643   0.05654   0.02587   0.12070   0.04570   0.07000   0.02304   0.06085   0.04595   0.00000   0.38872   0.00000   0.04320   0.03229   0.13296   0.05649   0.07318   0.02975   0.05841   0.03613   5.34502   1.25202   1.10589   1.26652   1.18615  
 34  0.0450   2117.847932  x:  0.35929   0.00000   0.37507   0.00635   0.05610   0.02649   0.12013   0.04630   0.06910   0.02298   0.06139   0.04562   0.00000   0.39009   0.00000   0.04393   0.03304   0.13262   0.05639   0.07396   0.02976   0.05825   0.03665   5.33661   1.25517   1.10638   1.27300   1.19628  
 35  0.0152   2117.843924  x:  0.35924   0.00000   0.37542   0.00645   0.05629   0.02684   0.12063   0.04639   0.06953   0.02330   0.06148   0.04641   0.00000   0.39048   0.00000   0.04344   0.03354   0.13278   0.05644   0.07378   0.02941   0.05805   0.03668   5.35406   1.25571   1.10662   1.27388   1.19820  
 36  0.0137   2117.838428  x:  0.35830   0.00000   0.37516   0.00642   0.05604   0.02670   0.12124   0.04653   0.06917   0.02316   0.06143   0.04589   0.00000   0.39019   0.00000   0.04342   0.03437   0.13285   0.05643   0.07373   0.02848   0.05806   0.03647   5.33464   1.25440   1.10616   1.27138   1.19406  
 37  0.0093   2117.837494  x:  0.35812   0.00000   0.37507   0.00637   0.05609   0.02652   0.12077   0.04627   0.06923   0.02321   0.06129   0.04594   0.00000   0.39009   0.00000   0.04360   0.03442   0.13272   0.05640   0.07393   0.02820   0.05818   0.03651   5.34678   1.25535   1.10663   1.27262   1.19499  
 38  0.0135   2117.837420  x:  0.35811   0.00000   0.37504   0.00636   0.05621   0.02652   0.12065   0.04631   0.06926   0.02322   0.06129   0.04598   0.00000   0.39005   0.00000   0.04361   0.03440   0.13268   0.05640   0.07388   0.02817   0.05815   0.03652   5.34178   1.25530   1.10659   1.27257   1.19515  
 39  0.0078   2117.837417  x:  0.35813   0.00000   0.37503   0.00636   0.05622   0.02652   0.12065   0.04631   0.06928   0.02321   0.06129   0.04596   0.00000   0.39003   0.00000   0.04360   0.03439   0.13267   0.05640   0.07387   0.02816   0.05813   0.03652   5.34231   1.25520   1.10653   1.27258   1.19533  
 40  0.0006   2117.837415  x:  0.35819   0.00000   0.37502   0.00636   0.05622   0.02653   0.12066   0.04631   0.06928   0.02320   0.06129   0.04597   0.00000   0.39002   0.00000   0.04361   0.03438   0.13267   0.05640   0.07389   0.02815   0.05814   0.03653   5.34220   1.25513   1.10649   1.27251   1.19533  
 41  0.0001   2117.837414  x:  0.35823   0.00000   0.37503   0.00636   0.05621   0.02653   0.12066   0.04631   0.06928   0.02320   0.06129   0.04597   0.00000   0.39003   0.00000   0.04360   0.03439   0.13267   0.05640   0.07388   0.02815   0.05814   0.03653   5.34225   1.25520   1.10653   1.27256   1.19529  
 42  0.0001   2117.837414  x:  0.35824   0.00000   0.37503   0.00636   0.05621   0.02653   0.12066   0.04631   0.06928   0.02320   0.06129   0.04597   0.00000   0.39003   0.00000   0.04360   0.03439   0.13267   0.05640   0.07388   0.02815   0.05814   0.03653   5.34224   1.25520   1.10653   1.27256   1.19529  
 43  0.0000   2117.837414  x:  0.35824   0.00000   0.37503   0.00636   0.05622   0.02653   0.12066   0.04631   0.06928   0.02320   0.06129   0.04597   0.00000   0.39003   0.00000   0.04360   0.03439   0.13267   0.05640   0.07388   0.02815   0.05814   0.03653   5.34224   1.25520   1.10653   1.27256   1.19529  
 44  0.0000   2117.837414  x:  0.35824   0.00000   0.37503   0.00636   0.05622   0.02653   0.12066   0.04631   0.06928   0.02320   0.06129   0.04597   0.00000   0.39003   0.00000   0.04360   0.03439   0.13267   0.05640   0.07388   0.02815   0.05814   0.03652   5.34224   1.25520   1.10653   1.27256   1.19529  
 45  0.0000   2117.837414  x:  0.35824   0.00000   0.37503   0.00636   0.05622   0.02653   0.12066   0.04631   0.06928   0.02320   0.06129   0.04597   0.00000   0.39003   0.00000   0.04360   0.03439   0.13267   0.05640   0.07388   0.02815   0.05814   0.03653   5.34224   1.25520   1.10653   1.27256   1.19529  
 46  0.0000   2117.837414  x:  0.35824   0.00000   0.37503   0.00636   0.05622   0.02653   0.12066   0.04631   0.06928   0.02320   0.06129   0.04597   0.00000   0.39003   0.00000   0.04360   0.03439   0.13267   0.05640   0.07388   0.02815   0.05814   0.03652   5.34224   1.25520   1.10653   1.27256   1.19529  
 47  0.0000   2117.837414  x:  0.35824   0.00000   0.37503   0.00636   0.05622   0.02653   0.12066   0.04631   0.06928   0.02320   0.06129   0.04597   0.00000   0.39003   0.00000   0.04360   0.03439   0.13267   0.05640   0.07388   0.02815   0.05814   0.03653   5.34224   1.25520   1.10653   1.27256   1.19529  