

TREE # 1

  0  0.0000   2105.418623  x:  0.01972   0.20925   0.02571   0.03211   0.02495   0.05815   0.02188   0.05666   0.08536   0.02661   0.17168   0.20925   0.02571   0.03211   0.02495   0.05815   0.02188   0.05666   0.08536   0.02661   0.17168   0.21568   8.40433   1.91192   1.36675   1.41026   1.00000  
  1 99.0000   2093.117711  x:  0.00891   0.20595   0.05148   0.01637   0.02588   0.05180   0.04183   0.05551   0.10534   0.02341   0.17389   0.20887   0.05801   0.04225   0.03599   0.08879   0.04006   0.09342   0.11524   0.05969   0.17918   0.21679   8.40439   1.91161   1.36287   1.41418   0.99856  
  2 336.8107   2090.973256  x:  0.01894   0.20158   0.05074   0.01207   0.02430   0.04695   0.03103   0.05466   0.12215   0.01560   0.17738   0.20823   0.05123   0.03957   0.03044   0.10274   0.02873   0.10811   0.13719   0.05268   0.18902   0.21895   8.40450   1.91096   1.35732   1.42026   0.99627  
  3 106.7639   2090.372227  x:  0.01233   0.19843   0.04989   0.01827   0.02544   0.04739   0.02982   0.05498   0.12914   0.02195   0.17912   0.20779   0.04561   0.03829   0.02928   0.10693   0.02759   0.11280   0.14688   0.04726   0.19490   0.22032   8.40459   1.91038   1.35295   1.42509   0.99438  
  4 87.0786   2090.164540  x:  0.00950   0.19569   0.04649   0.01475   0.02545   0.04900   0.03294   0.05509   0.13101   0.02119   0.18065   0.20734   0.04231   0.03831   0.02989   0.10613   0.03016   0.11236   0.15068   0.04451   0.19928   0.22145   8.40470   1.90975   1.34839   1.43015   0.99233  
  5 43.9711   2089.930967  x:  0.01431   0.19028   0.04426   0.01706   0.02539   0.05133   0.03569   0.05553   0.13178   0.02221   0.18389   0.20633   0.04239   0.03982   0.03105   0.10240   0.03302   0.10952   0.15500   0.04578   0.20753   0.22371   8.40498   1.90819   1.33731   1.44239   0.98724  
  6 41.8834   2089.553861  x:  0.01062   0.18135   0.04505   0.01639   0.02465   0.05065   0.03202   0.05528   0.13005   0.02118   0.18856   0.20411   0.04630   0.04053   0.02990   0.09595   0.02966   0.10380   0.15787   0.05054   0.21967   0.22702   8.40557   1.90507   1.31540   1.46653   0.97693  
  7 70.2251   2089.251355  x:  0.01215   0.17804   0.05073   0.01361   0.02723   0.04601   0.03187   0.05443   0.12606   0.02369   0.18992   0.20161   0.04506   0.03656   0.03106   0.09824   0.03061   0.10426   0.15261   0.04790   0.22305   0.22805   8.40628   1.90157   1.29190   1.49239   0.96520  
  8 48.0117   2088.976536  x:  0.01118   0.17794   0.05123   0.01731   0.02450   0.04592   0.03346   0.05412   0.12340   0.01885   0.18931   0.19935   0.04418   0.03689   0.03098   0.10311   0.03093   0.10750   0.14614   0.04582   0.22172   0.22767   8.40706   1.89792   1.26853   1.51815   0.95299  
  9 86.9025   2088.773188  x:  0.01165   0.18081   0.04672   0.01537   0.02417   0.04948   0.03278   0.05422   0.12386   0.02220   0.18699   0.19832   0.04465   0.04015   0.02935   0.10611   0.02893   0.11050   0.14245   0.04694   0.21651   0.22612   8.40778   1.89473   1.24999   1.53886   0.94253  
 10 70.8757   2088.689738  x:  0.01137   0.18389   0.04480   0.01590   0.02696   0.04915   0.03115   0.05467   0.12638   0.02113   0.18470   0.19881   0.04475   0.03859   0.03045   0.10436   0.03033   0.11017   0.14412   0.04833   0.21122   0.22425   8.40824   1.89294   1.24216   1.54813   0.93701  
 11 31.8357   2088.635612  x:  0.01150   0.18646   0.04590   0.01572   0.02451   0.04810   0.03218   0.05471   0.12855   0.02158   0.18274   0.19978   0.04455   0.03751   0.03051   0.10178   0.03015   0.10876   0.14688   0.04835   0.20662   0.22248   8.40864   1.89147   1.23743   1.55427   0.93270  
 12 30.4320   2088.626285  x:  0.01152   0.18684   0.04690   0.01573   0.02528   0.04827   0.03269   0.05443   0.12854   0.02124   0.18234   0.20034   0.04458   0.03861   0.03004   0.10137   0.02978   0.10818   0.14781   0.04763   0.20569   0.22199   8.40881   1.89094   1.23695   1.55541   0.93137  
 13  9.7455   2088.622230  x:  0.01152   0.18676   0.04713   0.01564   0.02500   0.04860   0.03199   0.05422   0.12783   0.02127   0.18218   0.20113   0.04471   0.03895   0.03021   0.10168   0.03034   0.10789   0.14848   0.04723   0.20540   0.22163   8.40907   1.89022   1.23743   1.55596   0.92977  
 14  4.2680   2088.614788  x:  0.01154   0.18633   0.04664   0.01572   0.02514   0.04873   0.03242   0.05439   0.12624   0.02129   0.18199   0.20293   0.04489   0.03822   0.03014   0.10248   0.02986   0.10766   0.14947   0.04740   0.20519   0.22095   8.40983   1.88820   1.23933   1.55703   0.92541  
 15  6.4863   2088.605925  x:  0.01152   0.18595   0.04645   0.01575   0.02510   0.04763   0.03238   0.05470   0.12659   0.02134   0.18205   0.20390   0.04404   0.03908   0.03004   0.10203   0.03003   0.10830   0.14881   0.04795   0.20553   0.22071   8.41115   1.88496   1.24282   1.55831   0.91850  
 16  6.1431   2088.598823  x:  0.01154   0.18593   0.04699   0.01565   0.02513   0.04870   0.03231   0.05433   0.12773   0.02122   0.18222   0.20363   0.04431   0.03853   0.03015   0.10152   0.02994   0.10870   0.14791   0.04773   0.20592   0.22094   8.41242   1.88214   1.24594   1.55929   0.91245  
 17 10.6977   2088.596902  x:  0.01153   0.18626   0.04673   0.01567   0.02513   0.04838   0.03236   0.05449   0.12789   0.02128   0.18230   0.20258   0.04493   0.03858   0.03010   0.10185   0.03001   0.10821   0.14798   0.04732   0.20593   0.22137   8.41298   1.88132   1.24684   1.55948   0.91066  
 18  3.4297   2088.596253  x:  0.01152   0.18650   0.04682   0.01567   0.02512   0.04847   0.03235   0.05444   0.12767   0.02126   0.18234   0.20185   0.04459   0.03862   0.03022   0.10203   0.02994   0.10801   0.14822   0.04759   0.20586   0.22162   8.41336   1.88103   1.24711   1.55948   0.91002  
 19  1.8742   2088.596168  x:  0.01152   0.18652   0.04683   0.01567   0.02513   0.04848   0.03234   0.05444   0.12757   0.02126   0.18235   0.20173   0.04458   0.03859   0.03007   0.10196   0.03001   0.10810   0.14828   0.04760   0.20583   0.22166   8.41355   1.88100   1.24710   1.55943   0.90993  
 20  0.6527   2088.596032  x:  0.01153   0.18651   0.04680   0.01567   0.02513   0.04847   0.03234   0.05445   0.12739   0.02126   0.18237   0.20160   0.04462   0.03860   0.03016   0.10178   0.02996   0.10833   0.14837   0.04752   0.20577   0.22172   8.41411   1.88097   1.24699   1.55926   0.90979  
 21  0.7660   2088.592048  x:  0.01156   0.18511   0.04670   0.01566   0.02512   0.04836   0.03239   0.05404   0.12763   0.02125   0.18272   0.20148   0.04459   0.03860   0.03012   0.10193   0.02998   0.10814   0.14831   0.04760   0.20500   0.22200   8.43823   1.88014   1.24151   1.55225   0.90585  
 22  0.9109   2088.590736  x:  0.01156   0.18540   0.04691   0.01558   0.02511   0.04854   0.03232   0.05484   0.12763   0.02120   0.18266   0.20159   0.04454   0.03860   0.03012   0.10195   0.02998   0.10810   0.14828   0.04757   0.20532   0.22196   8.44646   1.87963   1.23982   1.55016   0.90482  
 23 10.3706   2088.588697  x:  0.01154   0.18683   0.04683   0.01558   0.02510   0.04840   0.03235   0.05437   0.12746   0.02118   0.18235   0.20191   0.04461   0.03859   0.03011   0.10187   0.02997   0.10814   0.14826   0.04757   0.20656   0.22171   8.45958   1.87833   1.23755   1.54746   0.90381  
 24  9.1845   2088.569311  x:  0.01161   0.18607   0.04690   0.01532   0.02503   0.04836   0.03232   0.05443   0.12746   0.02091   0.18273   0.20092   0.04469   0.03858   0.03009   0.10189   0.02991   0.10812   0.14825   0.04754   0.20655   0.21961   8.59151   1.85212   1.22781   1.53737   0.91081  
 25  4.0200   2088.566350  x:  0.01159   0.18641   0.04696   0.01529   0.02502   0.04835   0.03231   0.05443   0.12745   0.02082   0.18260   0.20200   0.04467   0.03858   0.03007   0.10189   0.02990   0.10814   0.14825   0.04756   0.20612   0.22228   8.61215   1.84904   1.22681   1.53650   0.91191  
 26  9.9102   2088.542515  x:  0.01174   0.18564   0.04704   0.01498   0.02492   0.04828   0.03229   0.05440   0.12747   0.02046   0.17927   0.20155   0.04474   0.03858   0.03007   0.10195   0.02981   0.10816   0.14813   0.04766   0.20636   0.22226   8.79175   1.87355   1.24151   1.55327   0.91590  
 27  2.0416   2088.536828  x:  0.01165   0.18675   0.04704   0.01491   0.02490   0.04825   0.03228   0.05439   0.12746   0.02041   0.18253   0.20199   0.04476   0.03858   0.03007   0.10197   0.02978   0.10818   0.14810   0.04767   0.20577   0.22189   8.83511   1.87965   1.24507   1.55744   0.91683  
 28 26.9027   2088.535893  x:  0.01162   0.18662   0.04707   0.01521   0.02500   0.04827   0.03233   0.05440   0.12748   0.02073   0.18252   0.20196   0.04476   0.03856   0.03011   0.10201   0.02988   0.10824   0.14821   0.04769   0.20590   0.22187   8.85853   1.87856   1.24405   1.55723   0.91646  
 29  0.0245   2088.535883  x:  0.01161   0.18662   0.04704   0.01519   0.02499   0.04829   0.03232   0.05440   0.12752   0.02073   0.18251   0.20196   0.04475   0.03858   0.03011   0.10202   0.02987   0.10826   0.14825   0.04768   0.20591   0.22186   8.86113   1.87832   1.24382   1.55715   0.91636  
 30  0.0026   2088.535883  x:  0.01161   0.18662   0.04704   0.01519   0.02499   0.04829   0.03232   0.05440   0.12752   0.02072   0.18251   0.20196   0.04475   0.03857   0.03011   0.10202   0.02987   0.10826   0.14825   0.04768   0.20591   0.22186   8.86125   1.87832   1.24382   1.55714   0.91637  
 31  0.0001   2088.535883  x:  0.01161   0.18662   0.04704   0.01519   0.02499   0.04829   0.03232   0.05440   0.12752   0.02072   0.18251   0.20196   0.04475   0.03857   0.03011   0.10202   0.02987   0.10826   0.14825   0.04768   0.20591   0.22186   8.86121   1.87832   1.24382   1.55714   0.91637  