

TREE # 1

  0  0.0000   2241.189910  x:  0.00000   0.05540   0.05769   0.02445   0.08483   0.09238   0.04580   0.06376   0.10921   0.04205   0.12086   0.01712   0.06404   0.01559   0.03035   0.06542   0.07031   0.03840   0.08112   0.06667   0.09812   0.11391   0.10690   2.00000   1.49124   1.06759   1.43042   0.40000  
  1 99.0000   2229.138064  x:  0.08937   0.06719   0.05524   0.02409   0.08427   0.09164   0.04493   0.06308   0.10955   0.04248   0.12281   0.01584   0.07172   0.01988   0.03046   0.06316   0.06948   0.03678   0.08134   0.06968   0.09718   0.11698   0.11247   2.00093   1.49136   1.06750   1.43067   0.40269  
  2 3438.7193   2192.779846  x:  0.08554   0.12833   0.03712   0.02101   0.08015   0.08626   0.03884   0.05830   0.11218   0.04415   0.13308   0.00000   0.12264   0.04036   0.02919   0.04659   0.06364   0.02524   0.08284   0.09070   0.08943   0.13795   0.14797   2.00796   1.49220   1.06732   1.43229   0.42173  
  3 529.2924   2186.777482  x:  0.08584   0.12496   0.02165   0.02422   0.07641   0.08180   0.03884   0.05718   0.11530   0.03879   0.13785   0.00000   0.12905   0.01346   0.01465   0.03165   0.06232   0.02552   0.08334   0.09880   0.07420   0.15049   0.16661   2.01898   1.49309   1.06811   1.43419   0.44499  
  4 200.5786   2183.563622  x:  0.08619   0.10371   0.01552   0.02599   0.07154   0.07680   0.04072   0.05802   0.11947   0.03487   0.14265   0.00000   0.12588   0.02867   0.01029   0.02193   0.06253   0.02943   0.08356   0.10808   0.05286   0.16390   0.18528   2.03966   1.49475   1.06971   1.43768   0.48255  
  5 168.0932   2181.689049  x:  0.08630   0.09551   0.02722   0.02403   0.06868   0.07426   0.04103   0.05898   0.12242   0.03823   0.14734   0.00000   0.12410   0.02591   0.02418   0.02801   0.06295   0.02892   0.08418   0.11396   0.04137   0.17395   0.19864   2.06253   1.49663   1.07155   1.44143   0.51859  
  6 195.6098   2178.704556  x:  0.08611   0.09660   0.03219   0.01722   0.07103   0.07691   0.04055   0.06016   0.12413   0.04736   0.15355   0.00000   0.11332   0.02745   0.01056   0.04606   0.06546   0.02314   0.08345   0.10980   0.05920   0.18090   0.20479   2.11893   1.50132   1.07682   1.44995   0.58851  
  7 136.3974   2176.112416  x:  0.08581   0.10488   0.01818   0.03006   0.07735   0.08271   0.04031   0.05945   0.12253   0.04294   0.15473   0.00000   0.10429   0.02772   0.02605   0.04300   0.06657   0.02786   0.08151   0.09904   0.07765   0.17542   0.19298   2.19287   1.50781   1.08446   1.46037   0.65837  
  8 190.7524   2173.652710  x:  0.08571   0.11176   0.03231   0.02385   0.07856   0.08493   0.03987   0.05801   0.11727   0.03451   0.14845   0.00000   0.11251   0.02738   0.02434   0.02308   0.06320   0.03047   0.08151   0.08937   0.07746   0.15898   0.16889   2.27422   1.51545   1.09365   1.47104   0.70817  
  9 172.0945   2171.292110  x:  0.08584   0.11303   0.02202   0.02028   0.07557   0.08200   0.04018   0.05648   0.11165   0.04239   0.13499   0.00000   0.12888   0.02625   0.02161   0.03494   0.05963   0.02960   0.08580   0.09263   0.05912   0.13685   0.14280   2.37668   1.52582   1.10580   1.48374   0.73698  
 10 155.0715   2167.658736  x:  0.08578   0.11529   0.03359   0.05090   0.07337   0.07818   0.04003   0.06264   0.11445   0.04055   0.11695   0.00000   0.13020   0.02671   0.01265   0.03845   0.06897   0.01503   0.08373   0.11256   0.05728   0.12563   0.14547   2.59653   1.54969   1.13248   1.50973   0.73140  
 11 133.3643   2157.857791  x:  0.08542   0.11909   0.03903   0.03838   0.07063   0.07408   0.03933   0.06672   0.11960   0.04186   0.09372   0.00000   0.12405   0.02343   0.00971   0.04173   0.08693   0.07353   0.07460   0.14823   0.07496   0.13189   0.18266   3.34303   1.63225   1.22213   1.59757   0.67411  
 12 567.5852   2147.705514  x:  0.08551   0.10703   0.02411   0.00772   0.07382   0.07901   0.04168   0.06150   0.12241   0.03943   0.12263   0.00000   0.11322   0.02360   0.02409   0.03223   0.07610   0.04083   0.07998   0.13900   0.07862   0.15238   0.19919   3.86676   1.69155   1.28227   1.65926   0.62235  
 13 818.9355   2143.980618  x:  0.08529   0.10319   0.02821   0.02241   0.07530   0.08302   0.04051   0.05333   0.12146   0.05064   0.15467   0.00000   0.11878   0.02562   0.01985   0.03521   0.05597   0.04371   0.08588   0.10719   0.06964   0.17504   0.20266   4.11599   1.72084   1.30760   1.68925   0.59535  
 14 624.5182   2143.661361  x:  0.08516   0.10695   0.02783   0.02206   0.07479   0.08111   0.03920   0.05905   0.12126   0.04357   0.15671   0.00000   0.11793   0.02605   0.01880   0.03970   0.06166   0.04380   0.08403   0.09907   0.06388   0.17989   0.20153   4.13550   1.72451   1.30500   1.69227   0.59313  
 15 55.0698   2143.480941  x:  0.08511   0.10838   0.02738   0.02187   0.07308   0.07796   0.04240   0.05831   0.12175   0.04841   0.15318   0.00000   0.11663   0.02597   0.01913   0.03729   0.06457   0.04252   0.07907   0.09788   0.06301   0.18827   0.19632   4.14742   1.73215   1.28494   1.69658   0.59214  
 16 14.1250   2143.161437  x:  0.08511   0.10642   0.02748   0.02192   0.07329   0.07852   0.03647   0.05614   0.12193   0.04386   0.14889   0.00000   0.11832   0.02585   0.01909   0.03901   0.06052   0.04212   0.08090   0.10124   0.06532   0.19749   0.19105   4.16846   1.74800   1.24022   1.70512   0.59088  
 17 40.3818   2142.941356  x:  0.08498   0.10723   0.02772   0.02195   0.07538   0.08211   0.04326   0.05898   0.12098   0.04300   0.15074   0.00000   0.11824   0.02570   0.01864   0.03923   0.05936   0.04298   0.08566   0.10172   0.06469   0.19335   0.19426   4.18363   1.75964   1.20534   1.71086   0.59016  
 18 45.5575   2142.793534  x:  0.08486   0.10759   0.02740   0.02182   0.07464   0.08149   0.03867   0.05868   0.12018   0.04616   0.15428   0.00000   0.11681   0.02571   0.01874   0.03763   0.06143   0.04299   0.08477   0.09954   0.06351   0.18475   0.19953   4.19354   1.76663   1.18277   1.71359   0.58983  
 19 39.2787   2142.752027  x:  0.08484   0.10695   0.02743   0.02188   0.07344   0.07916   0.04003   0.05644   0.12028   0.04435   0.15556   0.00000   0.11793   0.02571   0.01885   0.03877   0.06058   0.04286   0.08155   0.09880   0.06437   0.18216   0.20113   4.19627   1.76741   1.17822   1.71298   0.58997  
 20 10.9475   2142.392003  x:  0.08449   0.10597   0.02662   0.02174   0.07410   0.07318   0.03902   0.06924   0.12299   0.04581   0.16021   0.00000   0.12190   0.02533   0.01950   0.03778   0.05391   0.04289   0.07632   0.10151   0.06733   0.18121   0.19981   4.21968   1.75612   1.16671   1.68772   0.59378  
 21  3.8404   2137.655528  x:  0.07944   0.12128   0.02464   0.02228   0.07016   0.07425   0.03965   0.06011   0.14273   0.04287   0.18864   0.00000   0.14007   0.02485   0.01889   0.03524   0.07232   0.03785   0.08566   0.12068   0.06481   0.18890   0.18915   4.51037   1.60409   1.04078   1.36682   0.64235  
 22 76.8357   2135.985022  x:  0.07757   0.13182   0.02245   0.02065   0.07528   0.08215   0.03846   0.05716   0.12691   0.04284   0.16584   0.00000   0.13607   0.02562   0.01947   0.03535   0.05569   0.03043   0.07937   0.11079   0.05571   0.19348   0.20495   4.61098   1.54576   1.00025   1.26887   0.65961  
 23 150.7994   2135.433970  x:  0.07713   0.12668   0.02107   0.02107   0.07281   0.07551   0.03919   0.05907   0.11566   0.04441   0.15776   0.00000   0.14666   0.02557   0.02194   0.03356   0.06040   0.02710   0.08817   0.10252   0.06212   0.19626   0.21182   4.64264   1.52022   0.99047   1.25962   0.66518  
 24 40.0016   2131.446671  x:  0.07251   0.14277   0.01806   0.02002   0.07739   0.07711   0.03756   0.05500   0.11481   0.04287   0.16745   0.00000   0.15589   0.02514   0.02160   0.03088   0.05962   0.01899   0.08336   0.11295   0.05506   0.19992   0.21316   4.84471   1.31356   0.95089   1.35686   0.69967  
 25 36.4683   2130.987563  x:  0.07193   0.14647   0.01681   0.01939   0.06265   0.07884   0.03794   0.05653   0.12798   0.04275   0.16240   0.00000   0.15521   0.02531   0.02238   0.03014   0.05491   0.01794   0.08839   0.10809   0.05591   0.19855   0.21538   4.86312   1.32033   0.95831   1.37134   0.70466  
 26 18.0019   2128.491673  x:  0.06886   0.15271   0.01433   0.01661   0.08966   0.07114   0.03688   0.05036   0.15882   0.04457   0.15054   0.00000   0.17066   0.02546   0.02371   0.02790   0.05514   0.01111   0.09259   0.09773   0.05228   0.19606   0.22572   4.95702   1.43852   1.03097   1.45969   0.73574  
 27 40.1509   2125.127624  x:  0.06498   0.16379   0.01216   0.01799   0.07453   0.08261   0.03616   0.05219   0.12508   0.04245   0.16482   0.00000   0.17903   0.02485   0.02360   0.02634   0.05679   0.00473   0.08464   0.11253   0.05097   0.19921   0.22697   5.06776   1.59642   1.12483   1.56632   0.77344  
 28 149.9131   2124.820856  x:  0.06446   0.17002   0.01262   0.01821   0.07364   0.07091   0.03657   0.05020   0.11917   0.04132   0.16738   0.00000   0.17165   0.02509   0.02303   0.02590   0.05312   0.00513   0.09147   0.11590   0.04981   0.19919   0.22600   5.07847   1.61161   1.13397   1.57648   0.77708  
 29 46.7219   2120.083161  x:  0.05580   0.18730   0.01333   0.01744   0.06440   0.09617   0.03448   0.05260   0.09967   0.04284   0.17369   0.00000   0.20710   0.02506   0.02131   0.02519   0.05633   0.01949   0.07877   0.12404   0.04909   0.20135   0.23765   5.30143   1.83256   1.27910   1.75885   0.85284  
 30  2.5587   2115.691452  x:  0.03343   0.22529   0.02970   0.01773   0.07713   0.07807   0.03718   0.05617   0.14460   0.04053   0.16324   0.00000   0.23165   0.03382   0.02081   0.02861   0.06028   0.01975   0.08950   0.13214   0.06035   0.20197   0.26336   5.87487   1.83465   1.29521   1.77853   0.90022  
 31  0.5211   2113.856076  x:  0.01422   0.24353   0.02103   0.02075   0.07085   0.06822   0.03745   0.05704   0.12957   0.04008   0.15323   0.00000   0.23482   0.03687   0.01713   0.03007   0.06022   0.02015   0.08733   0.13647   0.05411   0.20295   0.27264   6.37057   1.79327   1.24534   1.71757   0.89297  
 32  0.3418   2113.429311  x:  0.01557   0.23568   0.01856   0.02123   0.06959   0.07910   0.03676   0.05537   0.11900   0.04205   0.16018   0.00000   0.22689   0.03582   0.01593   0.02806   0.05837   0.02021   0.08405   0.13263   0.05553   0.20121   0.26488   6.51617   1.76278   1.22246   1.68277   0.86260  
 33  0.1181   2113.191857  x:  0.01446   0.23123   0.02085   0.02093   0.07298   0.07768   0.03658   0.05712   0.12598   0.04089   0.16081   0.00000   0.22039   0.03358   0.01708   0.02915   0.06143   0.02028   0.08494   0.12977   0.05789   0.19812   0.25789   6.81826   1.76444   1.23236   1.69637   0.84215  
 34  0.1126   2113.108399  x:  0.01556   0.22995   0.02063   0.02040   0.07081   0.07579   0.03727   0.05559   0.12359   0.04167   0.15566   0.00000   0.21945   0.03228   0.01667   0.02950   0.05935   0.02053   0.08570   0.13062   0.05598   0.19837   0.25635   7.00182   1.79268   1.24094   1.72624   0.85111  
 35  0.0927   2113.082894  x:  0.01564   0.22935   0.01988   0.02074   0.07102   0.07606   0.03662   0.05644   0.12360   0.04141   0.15684   0.00000   0.22125   0.03269   0.01683   0.02889   0.05994   0.02077   0.08495   0.13287   0.05707   0.19712   0.25744   7.11790   1.79397   1.24683   1.72482   0.86209  
 36  0.0636   2113.077257  x:  0.01603   0.22857   0.02053   0.02058   0.07124   0.07669   0.03685   0.05619   0.12380   0.04147   0.15718   0.00000   0.22187   0.03312   0.01654   0.02930   0.05990   0.02065   0.08492   0.13257   0.05673   0.19778   0.25800   7.15388   1.78936   1.24358   1.71931   0.86477  
 37  0.0291   2113.076430  x:  0.01599   0.22847   0.02036   0.02065   0.07121   0.07649   0.03692   0.05625   0.12384   0.04148   0.15681   0.00000   0.22159   0.03333   0.01664   0.02921   0.05996   0.02058   0.08512   0.13236   0.05664   0.19796   0.25839   7.16477   1.78682   1.24064   1.71638   0.86453  
 38  0.0096   2113.076358  x:  0.01603   0.22843   0.02037   0.02064   0.07118   0.07642   0.03685   0.05623   0.12388   0.04147   0.15695   0.00000   0.22143   0.03338   0.01666   0.02918   0.05993   0.02054   0.08512   0.13230   0.05662   0.19801   0.25854   7.16399   1.78704   1.24117   1.71679   0.86451  
 39  0.0007   2113.076336  x:  0.01598   0.22843   0.02036   0.02064   0.07119   0.07646   0.03689   0.05623   0.12388   0.04147   0.15697   0.00000   0.22138   0.03340   0.01665   0.02919   0.05992   0.02051   0.08510   0.13231   0.05661   0.19804   0.25863   7.16466   1.78744   1.24142   1.71721   0.86455  
 40  0.0006   2113.076330  x:  0.01600   0.22837   0.02036   0.02064   0.07119   0.07647   0.03689   0.05624   0.12388   0.04147   0.15695   0.00000   0.22135   0.03339   0.01665   0.02919   0.05995   0.02049   0.08510   0.13233   0.05662   0.19803   0.25862   7.16435   1.78757   1.24141   1.71729   0.86454  
 41  0.0002   2113.076328  x:  0.01599   0.22836   0.02036   0.02064   0.07119   0.07647   0.03688   0.05624   0.12387   0.04148   0.15694   0.00000   0.22137   0.03338   0.01664   0.02919   0.05995   0.02048   0.08510   0.13234   0.05662   0.19803   0.25861   7.16423   1.78751   1.24139   1.71721   0.86458  
 42  0.0001   2113.076328  x:  0.01599   0.22836   0.02036   0.02064   0.07119   0.07647   0.03689   0.05624   0.12388   0.04147   0.15694   0.00000   0.22138   0.03338   0.01665   0.02919   0.05994   0.02048   0.08510   0.13234   0.05662   0.19802   0.25860   7.16412   1.78748   1.24139   1.71719   0.86458  
 43  0.0001   2113.076328  x:  0.01599   0.22836   0.02036   0.02064   0.07119   0.07647   0.03689   0.05624   0.12388   0.04147   0.15694   0.00000   0.22138   0.03338   0.01665   0.02919   0.05995   0.02048   0.08510   0.13234   0.05662   0.19802   0.25860   7.16419   1.78749   1.24138   1.71721   0.86458  
 44  0.0000   2113.076328  x:  0.01599   0.22837   0.02036   0.02064   0.07119   0.07647   0.03689   0.05624   0.12388   0.04147   0.15694   0.00000   0.22138   0.03338   0.01665   0.02919   0.05995   0.02048   0.08510   0.13234   0.05662   0.19802   0.25860   7.16422   1.78749   1.24139   1.71721   0.86458  
 45  0.0000   2113.076328  x:  0.01599   0.22837   0.02036   0.02064   0.07119   0.07647   0.03689   0.05624   0.12388   0.04147   0.15694   0.00000   0.22138   0.03338   0.01665   0.02919   0.05995   0.02048   0.08510   0.13234   0.05662   0.19802   0.25860   7.16422   1.78749   1.24139   1.71721   0.86458  
 46  0.0000   2113.076328  x:  0.01599   0.22837   0.02036   0.02064   0.07119   0.07647   0.03689   0.05624   0.12388   0.04147   0.15694   0.00000   0.22138   0.03338   0.01665   0.02919   0.05995   0.02048   0.08510   0.13234   0.05662   0.19802   0.25860   7.16422   1.78749   1.24139   1.71721   0.86458  
 47  0.0000   2113.076328  x:  0.01599   0.22837   0.02036   0.02064   0.07119   0.07647   0.03689   0.05624   0.12388   0.04147   0.15694   0.00000   0.22138   0.03338   0.01665   0.02919   0.05995   0.02048   0.08510   0.13234   0.05662   0.19802   0.25860   7.16423   1.78749   1.24139   1.71721   0.86458  
 48  0.0000   2113.076328  x:  0.01599   0.22837   0.02036   0.02064   0.07119   0.07647   0.03689   0.05624   0.12388   0.04147   0.15694   0.00000   0.22138   0.03338   0.01665   0.02919   0.05995   0.02048   0.08510   0.13234   0.05662   0.19802   0.25860   7.16423   1.78749   1.24139   1.71721   0.86458  

TREE # 2

  0  0.0000   2140.570088  x:  0.22376   0.00000   0.20537   0.09166   0.06196   0.00678   0.10190   0.02838   0.08889   0.02147   0.04433   0.05911   0.02008   0.18776   0.09023   0.05322   0.00806   0.09569   0.03329   0.06504   0.06405   0.06828   0.04883   7.16423   1.63606   1.20026   1.54649   0.86458  
  1 99.0000   2140.567488  x:  0.22376   0.00000   0.20537   0.09166   0.06196   0.00679   0.10190   0.02838   0.08889   0.02147   0.04433   0.05911   0.02008   0.18776   0.09024   0.05322   0.00806   0.09569   0.03329   0.06504   0.06405   0.06828   0.04883   7.16423   1.63606   1.20026   1.54649   0.86458  
  2 558.6227   2131.415518  x:  0.23058   0.00000   0.20651   0.12685   0.06290   0.00000   0.10987   0.02047   0.08877   0.03053   0.05306   0.03871   0.01931   0.18557   0.12940   0.04896   0.02246   0.10493   0.02418   0.06039   0.06770   0.07233   0.04102   7.16418   1.63696   1.19868   1.54833   0.86472  
  3 370.3279   2123.862499  x:  0.23704   0.00000   0.20728   0.15826   0.06415   0.00264   0.11734   0.01419   0.08858   0.03437   0.06009   0.01918   0.01819   0.18294   0.16336   0.04440   0.00586   0.11336   0.01612   0.05609   0.07110   0.07587   0.03443   7.16413   1.63788   1.19711   1.55020   0.86484  
  4 858.1144   2122.883590  x:  0.24068   0.00000   0.20633   0.16777   0.06396   0.00245   0.12155   0.02138   0.08739   0.02290   0.05892   0.02061   0.01616   0.17889   0.17171   0.04371   0.00525   0.11692   0.02530   0.05658   0.07145   0.07618   0.03745   7.16410   1.63873   1.19584   1.55195   0.86488  
  5 100.9486   2122.669766  x:  0.24504   0.00000   0.20390   0.17171   0.06392   0.00246   0.12504   0.01944   0.08569   0.02234   0.05447   0.02640   0.01677   0.17190   0.17265   0.04396   0.00493   0.11872   0.02240   0.05823   0.07020   0.07510   0.04101   7.16406   1.64021   1.19381   1.55492   0.86485  
  6 34.2315   2122.498997  x:  0.25103   0.00000   0.19980   0.17308   0.06443   0.00230   0.12818   0.01969   0.08430   0.02327   0.05091   0.02208   0.01665   0.16133   0.16937   0.04447   0.00525   0.12000   0.02276   0.05960   0.06864   0.07359   0.04152   7.16397   1.64292   1.19029   1.56023   0.86477  
  7 31.8313   2122.400647  x:  0.25567   0.00000   0.19649   0.17356   0.06480   0.00228   0.12898   0.02001   0.08439   0.02373   0.05558   0.02344   0.01774   0.15413   0.16734   0.04413   0.00520   0.12013   0.02336   0.05873   0.06877   0.07373   0.03875   7.16387   1.64601   1.18647   1.56628   0.86465  
  8 26.4259   2122.354054  x:  0.25751   0.00000   0.19509   0.17312   0.06468   0.00232   0.12764   0.01909   0.08522   0.02174   0.05633   0.02299   0.01651   0.15310   0.16711   0.04389   0.00557   0.11929   0.02200   0.05768   0.06980   0.07475   0.03934   7.16378   1.64893   1.18323   1.57192   0.86448  
  9 15.7921   2122.217812  x:  0.26214   0.00000   0.19181   0.17231   0.06393   0.00240   0.12293   0.02016   0.08758   0.02421   0.05531   0.02342   0.01578   0.15366   0.16888   0.04380   0.00539   0.11674   0.02313   0.05572   0.07266   0.07754   0.04249   7.16344   1.65949   1.17194   1.59217   0.86387  
 10 40.3658   2122.080762  x:  0.26456   0.00000   0.19042   0.17143   0.06378   0.00250   0.12030   0.01965   0.08761   0.02270   0.05310   0.02326   0.02015   0.15703   0.17073   0.04438   0.00561   0.11542   0.02336   0.05720   0.07192   0.07676   0.04011   7.16305   1.67157   1.16023   1.61483   0.86311  
 11 51.9704   2121.926890  x:  0.26442   0.00000   0.19104   0.17087   0.06414   0.00251   0.12089   0.01985   0.08558   0.02322   0.05288   0.02434   0.01577   0.16118   0.17164   0.04459   0.00561   0.11590   0.02327   0.05972   0.06872   0.07364   0.03691   7.16260   1.68531   1.14862   1.63989   0.86212  
 12 66.5642   2121.810170  x:  0.26033   0.00000   0.19426   0.17078   0.06470   0.00245   0.12544   0.01996   0.08320   0.02347   0.05619   0.02319   0.01688   0.16333   0.17012   0.04351   0.00581   0.11843   0.02273   0.05879   0.06699   0.07213   0.04117   7.16221   1.69716   1.14215   1.66010   0.86109  
 13 38.2648   2121.710600  x:  0.25309   0.00000   0.19857   0.17224   0.06410   0.00247   0.12958   0.01865   0.08385   0.02362   0.05401   0.02386   0.01689   0.16145   0.16803   0.04414   0.00600   0.12042   0.02376   0.05612   0.07006   0.07519   0.03903   7.16185   1.70821   1.14237   1.67654   0.85982  
 14 22.7044   2121.631926  x:  0.24729   0.00000   0.20068   0.17379   0.06390   0.00240   0.12886   0.02223   0.08554   0.02363   0.05384   0.02396   0.01726   0.15809   0.16831   0.04442   0.00615   0.11932   0.02110   0.05805   0.07071   0.07579   0.03867   7.16153   1.71780   1.14808   1.68861   0.85853  
 15 21.3679   2121.459781  x:  0.23752   0.00000   0.20252   0.17630   0.06426   0.00259   0.12410   0.01892   0.08746   0.02376   0.05510   0.02400   0.01713   0.15133   0.17075   0.04431   0.00628   0.11591   0.02375   0.06202   0.06914   0.07414   0.04048   7.16082   1.73884   1.16566   1.71303   0.85557  
 16 46.5782   2121.126601  x:  0.23345   0.00000   0.19840   0.17594   0.06518   0.00273   0.11981   0.02051   0.08162   0.02401   0.05284   0.02508   0.01744   0.14893   0.17528   0.04249   0.00693   0.11520   0.02349   0.05239   0.06489   0.07057   0.03955   7.15940   1.77991   1.20929   1.75631   0.85007  
 17 43.0449   2120.458419  x:  0.24263   0.00000   0.18753   0.17268   0.06366   0.00315   0.12635   0.02022   0.07689   0.02514   0.05572   0.02531   0.01712   0.15768   0.17883   0.04768   0.00806   0.12161   0.02335   0.05950   0.07124   0.07546   0.04010   7.15632   1.86668   1.30676   1.84394   0.83979  
 18 94.7625   2120.286928  x:  0.24937   0.00000   0.18988   0.17449   0.06286   0.00322   0.12989   0.02006   0.08527   0.02550   0.05499   0.02582   0.01718   0.16134   0.17676   0.04208   0.00858   0.12142   0.02374   0.05972   0.06898   0.07438   0.03974   7.15552   1.88817   1.33052   1.86397   0.83883  
 19 56.4056   2120.226700  x:  0.25411   0.00000   0.19557   0.17709   0.06359   0.00321   0.12961   0.02012   0.08639   0.02553   0.05545   0.02592   0.01714   0.16228   0.17506   0.04633   0.00863   0.11931   0.02376   0.05836   0.06785   0.07363   0.04013   7.15520   1.89533   1.33719   1.86852   0.84065  
 20 16.6032   2120.177698  x:  0.25786   0.00000   0.20151   0.17842   0.06401   0.00321   0.12775   0.02017   0.08275   0.02569   0.05531   0.02602   0.01715   0.16213   0.17381   0.04391   0.00883   0.11783   0.02389   0.05934   0.06960   0.07424   0.03992   7.15491   1.90040   1.34009   1.86900   0.84459  
 21 10.7174   2119.965806  x:  0.26023   0.00000   0.20785   0.17169   0.05865   0.00378   0.12475   0.02014   0.08413   0.02609   0.05559   0.02643   0.01705   0.15847   0.18054   0.04449   0.00934   0.12619   0.02383   0.05971   0.06698   0.07572   0.04009   7.15356   1.91717   1.33605   1.85104   0.87532  
 22  6.0906   2119.685788  x:  0.25765   0.00000   0.20334   0.17174   0.06853   0.00374   0.12891   0.02028   0.08617   0.02671   0.05508   0.02756   0.01699   0.15916   0.18467   0.04463   0.01019   0.12296   0.02424   0.05944   0.07122   0.07231   0.04029   7.15178   1.93626   1.32700   1.82308   0.91560  
 23 29.6373   2119.497053  x:  0.25422   0.00000   0.19585   0.17965   0.06213   0.00400   0.13147   0.02019   0.08386   0.02718   0.05578   0.02761   0.01705   0.16239   0.18182   0.04459   0.01074   0.11629   0.02463   0.05937   0.06861   0.07476   0.04029   7.15072   1.94484   1.31969   1.80404   0.93758  
 24 31.4329   2119.345871  x:  0.25287   0.00000   0.19234   0.18845   0.06295   0.00405   0.12432   0.02039   0.08469   0.02763   0.05595   0.02816   0.01719   0.16501   0.17625   0.04483   0.01136   0.12492   0.02449   0.05955   0.07025   0.07225   0.04052   7.15029   1.93584   1.31073   1.78926   0.93608  
 25  7.1157   2118.330864  x:  0.25483   0.00000   0.19423   0.19391   0.07391   0.00474   0.12383   0.02106   0.08387   0.03008   0.05597   0.03092   0.01728   0.16436   0.18644   0.04335   0.01478   0.12674   0.02585   0.06168   0.05833   0.08858   0.04063   7.14836   1.83611   1.24503   1.69376   0.88101  
 26 19.4980   2117.310271  x:  0.25778   0.00000   0.19869   0.19423   0.06174   0.00619   0.13004   0.02139   0.08392   0.03244   0.05720   0.03280   0.01737   0.16134   0.20171   0.04375   0.01807   0.12090   0.02684   0.06046   0.06920   0.07454   0.04094   7.14654   1.73470   1.18114   1.60210   0.82574  
 27 153.0940   2117.105076  x:  0.25708   0.00000   0.19769   0.19601   0.06122   0.00644   0.13056   0.02136   0.08371   0.03286   0.05746   0.03293   0.01722   0.16119   0.20352   0.04375   0.01870   0.12084   0.02686   0.06040   0.06929   0.07435   0.04090   7.14573   1.67135   1.18354   1.61850   0.85491  
 28  5.2792   2114.895082  x:  0.26208   0.00000   0.19727   0.22524   0.05923   0.01006   0.13584   0.01488   0.08394   0.03194   0.06139   0.01864   0.01564   0.15365   0.23352   0.04073   0.02016   0.12499   0.01962   0.05477   0.07270   0.07593   0.03473   7.14610   1.82017   1.26149   1.76254   0.86197  
 29  0.2063   2114.207811  x:  0.25687   0.00000   0.19802   0.23413   0.06100   0.01517   0.13292   0.02155   0.08508   0.03081   0.06009   0.02196   0.01581   0.15883   0.24619   0.04162   0.02497   0.12375   0.02091   0.05683   0.07139   0.07884   0.03938   7.23150   1.77112   1.22461   1.68811   0.86554  
 30  0.0481   2113.623045  x:  0.25899   0.00000   0.19828   0.22745   0.05404   0.02211   0.13121   0.01387   0.08408   0.02828   0.05958   0.01872   0.01610   0.15636   0.24121   0.04053   0.02694   0.12335   0.02098   0.05636   0.06984   0.07470   0.03591   7.16067   1.78565   1.24417   1.71031   0.85979  
 31  0.0304   2113.317736  x:  0.25919   0.00000   0.19771   0.21812   0.05939   0.02684   0.13243   0.01822   0.08497   0.02749   0.05939   0.02058   0.01572   0.15519   0.22709   0.04062   0.02701   0.12423   0.01989   0.05518   0.07160   0.07689   0.03577   7.15148   1.80731   1.25498   1.74125   0.86165  
 32  0.0245   2113.208209  x:  0.25754   0.00000   0.19753   0.21672   0.05634   0.03081   0.13219   0.01584   0.08527   0.02868   0.06006   0.02052   0.01612   0.15776   0.22246   0.04188   0.02607   0.12341   0.02065   0.05612   0.07168   0.07672   0.03844   7.16888   1.79218   1.23711   1.71694   0.87115  
 33  0.0191   2113.104400  x:  0.25872   0.00000   0.19850   0.22309   0.05634   0.03380   0.13263   0.01667   0.08491   0.03004   0.06023   0.01903   0.01617   0.15727   0.22729   0.04118   0.02256   0.12377   0.02042   0.05633   0.07122   0.07623   0.03608   7.16790   1.78359   1.23968   1.71505   0.85951  
 34  0.0063   2113.080487  x:  0.25882   0.00000   0.19819   0.22263   0.05662   0.03407   0.13236   0.01651   0.08504   0.02982   0.05991   0.02091   0.01597   0.15681   0.22839   0.04132   0.02083   0.12384   0.02055   0.05616   0.07120   0.07632   0.03662   7.16301   1.78871   1.24298   1.71830   0.86344  
 35  0.0082   2113.076699  x:  0.25852   0.00000   0.19793   0.22154   0.05666   0.03363   0.13231   0.01673   0.08508   0.02930   0.05994   0.02046   0.01598   0.15684   0.22847   0.04152   0.02037   0.12391   0.02067   0.05619   0.07119   0.07657   0.03704   7.16456   1.78926   1.24205   1.71787   0.86574  
 36  0.0029   2113.076337  x:  0.25857   0.00000   0.19802   0.22128   0.05663   0.03341   0.13231   0.01665   0.08510   0.02917   0.05994   0.02048   0.01600   0.15695   0.22841   0.04147   0.02038   0.12389   0.02064   0.05624   0.07118   0.07648   0.03689   7.16443   1.78755   1.24141   1.71728   0.86455  
 37  0.0020   2113.076329  x:  0.25861   0.00000   0.19803   0.22138   0.05662   0.03339   0.13234   0.01665   0.08510   0.02919   0.05995   0.02048   0.01599   0.15694   0.22840   0.04147   0.02036   0.12388   0.02064   0.05624   0.07119   0.07646   0.03688   7.16421   1.78746   1.24138   1.71718   0.86457  
 38  0.0002   2113.076328  x:  0.25860   0.00000   0.19802   0.22138   0.05662   0.03338   0.13234   0.01665   0.08510   0.02919   0.05995   0.02048   0.01599   0.15694   0.22837   0.04147   0.02036   0.12388   0.02064   0.05624   0.07119   0.07647   0.03689   7.16422   1.78749   1.24139   1.71721   0.86458  
 39  0.0000   2113.076328  x:  0.25860   0.00000   0.19802   0.22138   0.05662   0.03338   0.13234   0.01665   0.08510   0.02919   0.05995   0.02048   0.01599   0.15694   0.22837   0.04147   0.02036   0.12388   0.02064   0.05624   0.07119   0.07647   0.03689   7.16423   1.78749   1.24139   1.71721   0.86458  
 40  0.0000   2113.076328  x:  0.25860   0.00000   0.19802   0.22138   0.05662   0.03338   0.13234   0.01665   0.08510   0.02919   0.05995   0.02048   0.01599   0.15694   0.22837   0.04147   0.02036   0.12388   0.02064   0.05624   0.07119   0.07647   0.03689   7.16423   1.78749   1.24139   1.71721   0.86458  
 41  0.0000   2113.076328  x:  0.25860   0.00000   0.19802   0.22138   0.05662   0.03338   0.13234   0.01665   0.08510   0.02919   0.05995   0.02048   0.01599   0.15694   0.22837   0.04147   0.02036   0.12388   0.02064   0.05624   0.07119   0.07647   0.03689   7.16423   1.78749   1.24139   1.71721   0.86458  