

TREE # 1

  0  0.0000   2233.520959  x:  0.06727   0.00000   0.06703   0.04811   0.10541   0.08294   0.04619   0.04521   0.08149   0.06499   0.07639   0.16005   0.01366   0.06058   0.01263   0.03523   0.09120   0.05542   0.05956   0.07449   0.10604   0.06555   0.11721   0.08589   2.00000   1.93468   1.15388   1.43335   0.40000  
  1 99.0000   2218.998163  x:  0.07643   0.13064   0.09343   0.06187   0.10805   0.08276   0.04942   0.03262   0.07405   0.08294   0.07799   0.17264   0.01863   0.10269   0.02387   0.01724   0.10554   0.07142   0.04776   0.07041   0.09535   0.05572   0.12729   0.09505   2.00541   1.93422   1.15277   1.43534   0.41799  
  2 901.5795   2209.224383  x:  0.08283   0.12190   0.10714   0.06736   0.11006   0.08264   0.05335   0.01971   0.06521   0.09644   0.07816   0.18178   0.01061   0.12467   0.01868   0.00000   0.11733   0.08081   0.03664   0.06660   0.08422   0.04568   0.13588   0.10145   2.01206   1.93334   1.15213   1.43752   0.43741  
  3 284.3081   2203.182062  x:  0.08998   0.11272   0.12250   0.07337   0.11232   0.08253   0.05760   0.00648   0.05523   0.11134   0.07828   0.19217   0.00255   0.14926   0.01407   0.00661   0.13070   0.09105   0.02471   0.06287   0.07174   0.03460   0.14557   0.10860   2.01986   1.93232   1.15138   1.44009   0.45982  
  4 1261.5960   2198.599480  x:  0.09802   0.10081   0.14005   0.07916   0.11503   0.08292   0.06169   0.02881   0.04396   0.12725   0.07787   0.20506   0.00713   0.17764   0.01735   0.01004   0.14586   0.10154   0.01736   0.05899   0.05755   0.02588   0.15739   0.11664   2.03144   1.93079   1.15042   1.44382   0.49013  
  5 504.9134   2195.902531  x:  0.10123   0.09295   0.15092   0.07945   0.11685   0.08406   0.05947   0.02668   0.04273   0.13384   0.07598   0.21580   0.01401   0.19645   0.02765   0.01063   0.15472   0.10502   0.04066   0.05822   0.05513   0.04174   0.16547   0.11985   2.04739   1.92860   1.14984   1.44851   0.52300  
  6 189.1284   2191.975085  x:  0.09378   0.09249   0.15668   0.06728   0.11790   0.08757   0.04498   0.03130   0.06411   0.12262   0.06864   0.23295   0.00893   0.21198   0.01573   0.01087   0.15408   0.08902   0.03502   0.06922   0.08006   0.05011   0.17053   0.11240   2.10232   1.92091   1.15056   1.46285   0.60823  
  7 108.4616   2189.191272  x:  0.08518   0.09243   0.14880   0.06370   0.11661   0.08546   0.05728   0.02442   0.06276   0.10306   0.06837   0.23844   0.01352   0.20578   0.03975   0.00961   0.14251   0.07637   0.02647   0.06849   0.08191   0.03911   0.16595   0.10381   2.16795   1.91215   1.15276   1.47839   0.68494  
  8 153.7746   2185.801613  x:  0.08167   0.10015   0.13212   0.07215   0.11524   0.08082   0.06287   0.02570   0.04661   0.08886   0.07303   0.23354   0.01191   0.18146   0.02230   0.00954   0.12630   0.08157   0.04051   0.06011   0.06630   0.02857   0.15356   0.10029   2.26044   1.90077   1.15668   1.49851   0.76668  
  9 181.0652   2183.896416  x:  0.08672   0.10364   0.12132   0.07742   0.11573   0.08059   0.06041   0.02483   0.04231   0.09732   0.07575   0.22218   0.01444   0.15815   0.02033   0.00945   0.12181   0.09034   0.02734   0.05842   0.05517   0.04718   0.14514   0.10534   2.33231   1.89329   1.15986   1.51249   0.80809  
 10 169.3868   2181.947735  x:  0.09625   0.10538   0.11702   0.07765   0.11631   0.08454   0.05411   0.02458   0.05286   0.11970   0.07723   0.20230   0.01135   0.13488   0.02867   0.00901   0.12973   0.09973   0.03143   0.06272   0.06082   0.03514   0.14120   0.11487   2.42805   1.88568   1.16419   1.52842   0.83175  
 11 128.4180   2178.671700  x:  0.09773   0.10534   0.12562   0.06457   0.10858   0.08434   0.07036   0.01989   0.04420   0.12994   0.07896   0.17130   0.03295   0.13556   0.01574   0.00897   0.14651   0.08792   0.03194   0.06256   0.07422   0.03366   0.15012   0.11635   2.63969   1.87409   1.17377   1.55762   0.82623  
 12 121.7491   2172.282797  x:  0.08710   0.10416   0.13993   0.06160   0.10000   0.08262   0.06678   0.02922   0.03669   0.12194   0.08065   0.14748   0.00000   0.15897   0.02396   0.00919   0.15721   0.07571   0.03449   0.05766   0.06834   0.04393   0.16129   0.10572   3.03968   1.85607   1.19124   1.60881   0.78999  
 13 372.8922   2166.226643  x:  0.07704   0.09656   0.14881   0.07552   0.10186   0.08331   0.03740   0.02492   0.05396   0.10407   0.07975   0.15539   0.01356   0.18757   0.02731   0.00912   0.15258   0.08169   0.03134   0.05745   0.04924   0.03831   0.16672   0.09566   3.47289   1.83979   1.20853   1.66162   0.74134  
 14 821.0562   2161.472455  x:  0.08666   0.09188   0.14689   0.08773   0.11898   0.08586   0.06418   0.02720   0.06647   0.09732   0.07074   0.20895   0.01103   0.20218   0.02495   0.00965   0.13340   0.10336   0.03227   0.06802   0.06383   0.04308   0.15978   0.10528   3.83215   1.83347   1.21840   1.70008   0.69509  
 15 477.0190   2160.156368  x:  0.09328   0.09268   0.14188   0.07573   0.12320   0.08320   0.05174   0.02620   0.04880   0.10596   0.06601   0.23898   0.01145   0.19772   0.02706   0.00945   0.12988   0.09298   0.03232   0.06228   0.06933   0.04034   0.15548   0.11190   3.92278   1.84100   1.21586   1.70210   0.68317  
 16 125.5872   2159.754833  x:  0.09111   0.09412   0.13978   0.07032   0.12109   0.08610   0.05488   0.02638   0.05333   0.11080   0.07237   0.25252   0.01075   0.19102   0.02516   0.00933   0.13696   0.08501   0.03358   0.06275   0.06015   0.04021   0.15690   0.10973   3.95324   1.85489   1.20865   1.69325   0.68114  
 17 40.7357   2159.223579  x:  0.08499   0.09419   0.13807   0.07781   0.11081   0.08526   0.05328   0.02624   0.04914   0.10928   0.07626   0.26126   0.01119   0.18288   0.02596   0.00918   0.14739   0.09070   0.03228   0.06402   0.06624   0.04086   0.16404   0.10361   3.99777   1.89380   1.18817   1.66405   0.68260  
 18 35.9400   2158.455073  x:  0.09143   0.09391   0.13772   0.07493   0.11081   0.08261   0.05454   0.02626   0.05470   0.10415   0.06414   0.25359   0.01052   0.18561   0.02560   0.00931   0.14081   0.09151   0.03235   0.05883   0.06260   0.04053   0.16711   0.11005   4.06421   1.96346   1.15295   1.60826   0.68815  
 19 56.3529   2158.215994  x:  0.09178   0.09310   0.13963   0.07531   0.11819   0.08430   0.05362   0.02614   0.05214   0.10561   0.07170   0.24865   0.01072   0.19012   0.02579   0.00923   0.13450   0.08971   0.03278   0.06519   0.06314   0.04026   0.16242   0.11040   4.08583   1.98657   1.14276   1.58827   0.69046  
 20 53.0274   2158.180164  x:  0.08965   0.09284   0.14003   0.07536   0.11995   0.08520   0.05404   0.02623   0.05266   0.10759   0.07187   0.24807   0.01099   0.19152   0.02572   0.00933   0.13475   0.09028   0.03270   0.06193   0.06424   0.04038   0.15809   0.10827   4.08930   1.98950   1.14360   1.58403   0.69106  
 21 10.5085   2158.148920  x:  0.08903   0.09272   0.14015   0.07470   0.11899   0.08451   0.05419   0.02620   0.05210   0.10766   0.06965   0.24804   0.01116   0.19241   0.02572   0.00927   0.13680   0.09086   0.03284   0.06446   0.06341   0.04030   0.15368   0.10765   4.09279   1.99067   1.14894   1.57834   0.69193  
 22  5.7225   2158.054223  x:  0.09250   0.09223   0.14111   0.07631   0.11668   0.08441   0.05391   0.02625   0.05314   0.10505   0.07308   0.24886   0.01113   0.19257   0.02577   0.00930   0.13842   0.08968   0.03266   0.06260   0.06444   0.04057   0.15235   0.11112   4.10415   1.99180   1.17093   1.55922   0.69517  
 23  9.8673   2157.967881  x:  0.09034   0.09224   0.14046   0.07562   0.11909   0.08566   0.05430   0.02616   0.05240   0.10794   0.07123   0.24921   0.01116   0.19121   0.02569   0.00931   0.13515   0.09075   0.03278   0.06332   0.06388   0.04040   0.15959   0.10896   4.11469   1.99194   1.18934   1.54363   0.69807  
 24 17.4092   2157.699965  x:  0.09021   0.09130   0.13724   0.07471   0.13262   0.07439   0.05425   0.02601   0.05310   0.10477   0.07229   0.24849   0.01092   0.18998   0.02549   0.00910   0.14390   0.09214   0.03225   0.06270   0.06389   0.04050   0.16274   0.10883   4.14735   1.98691   1.18924   1.54047   0.70479  
 25  2.2804   2155.293009  x:  0.09732   0.07911   0.13385   0.08343   0.15937   0.11038   0.05357   0.02249   0.04084   0.09158   0.06056   0.24419   0.01076   0.18685   0.02330   0.00740   0.17184   0.09165   0.02930   0.06198   0.06102   0.03847   0.16626   0.11594   4.46080   1.93669   1.16176   1.53119   0.76800  
 26 42.7518   2147.146470  x:  0.10399   0.03301   0.16615   0.08301   0.11731   0.08471   0.05975   0.01415   0.04207   0.13556   0.07157   0.24248   0.01218   0.19528   0.01674   0.00370   0.15239   0.10714   0.02413   0.06019   0.05448   0.03120   0.16134   0.12260   5.47623   1.77490   1.06543   1.51078   0.97344  
 27 269.0641   2147.049292  x:  0.10463   0.03257   0.15218   0.08371   0.11404   0.08497   0.05999   0.01412   0.04252   0.13882   0.07329   0.24131   0.01216   0.20276   0.01669   0.00368   0.15301   0.10667   0.02428   0.06048   0.05515   0.03092   0.16229   0.12324   5.48787   1.77929   1.06805   1.51547   0.97587  
 28 10.9992   2146.636230  x:  0.10487   0.03011   0.15329   0.07155   0.11356   0.08786   0.05918   0.01371   0.04155   0.13561   0.07785   0.23972   0.01204   0.20371   0.01701   0.00354   0.15244   0.11660   0.02343   0.05964   0.05470   0.03072   0.16248   0.12348   5.53765   1.88206   1.12911   1.60192   0.98561  
 29  5.7972   2146.250062  x:  0.10491   0.02734   0.15716   0.08408   0.11562   0.08450   0.06015   0.01348   0.04201   0.14043   0.07255   0.23832   0.01221   0.20214   0.01614   0.00337   0.15119   0.10645   0.02403   0.06063   0.05463   0.03081   0.16196   0.12352   5.58515   1.98146   1.18810   1.68539   0.99479  
 30 99.5947   2143.434878  x:  0.09696   0.00304   0.15837   0.07688   0.11838   0.08512   0.05781   0.01746   0.04978   0.12779   0.07057   0.23068   0.01049   0.19896   0.01774   0.00441   0.14995   0.09648   0.02846   0.06351   0.06446   0.03939   0.16379   0.11557   6.14966   1.97595   1.18455   1.65910   1.00776  
 31  0.5572   2142.779303  x:  0.09204   0.01133   0.15020   0.07214   0.11900   0.08557   0.05561   0.01954   0.05052   0.11596   0.07012   0.23611   0.01016   0.18138   0.01774   0.00533   0.14578   0.08788   0.03101   0.06421   0.06560   0.04075   0.16311   0.11064   6.20438   1.97332   1.17721   1.64181   0.96401  
 32  0.1073   2142.464482  x:  0.09153   0.00583   0.14347   0.07213   0.11897   0.08642   0.05529   0.01862   0.04788   0.11021   0.07042   0.23523   0.01102   0.17179   0.01907   0.00526   0.14505   0.08637   0.03114   0.06354   0.06319   0.03802   0.16201   0.11014   6.41355   1.96786   1.16774   1.64174   0.93213  
 33  0.1862   2142.370052  x:  0.09395   0.00665   0.14420   0.07444   0.11755   0.08566   0.05638   0.01839   0.04826   0.11396   0.07129   0.23140   0.01140   0.17226   0.01786   0.00522   0.14453   0.09133   0.03000   0.06292   0.06187   0.03694   0.16052   0.11256   6.44258   1.96781   1.16783   1.65267   0.90769  
 34  0.0308   2142.359816  x:  0.09380   0.00666   0.14508   0.07422   0.11760   0.08536   0.05651   0.01820   0.04816   0.11565   0.07101   0.23124   0.01159   0.17278   0.01830   0.00519   0.14466   0.08967   0.02965   0.06308   0.06264   0.03754   0.16066   0.11241   6.47467   1.96913   1.16940   1.65405   0.90162  
 35  0.0292   2142.356203  x:  0.09354   0.00657   0.14532   0.07376   0.11786   0.08555   0.05607   0.01826   0.04847   0.11579   0.07114   0.23194   0.01120   0.17317   0.01786   0.00514   0.14476   0.08984   0.02996   0.06320   0.06269   0.03772   0.16081   0.11214   6.51060   1.96889   1.16964   1.65362   0.90088  
 36  0.0302   2142.353713  x:  0.09358   0.00682   0.14539   0.07371   0.11772   0.08568   0.05624   0.01804   0.04838   0.11560   0.07124   0.23180   0.01120   0.17351   0.01822   0.00504   0.14496   0.09024   0.03007   0.06324   0.06267   0.03758   0.16094   0.11219   6.54836   1.96848   1.16887   1.65297   0.90397  
 37  0.0188   2142.353094  x:  0.09366   0.00681   0.14527   0.07399   0.11770   0.08561   0.05633   0.01811   0.04829   0.11554   0.07113   0.23157   0.01129   0.17344   0.01803   0.00505   0.14491   0.08998   0.02999   0.06318   0.06262   0.03759   0.16085   0.11227   6.56410   1.96879   1.16906   1.65375   0.90529  
 38  0.0135   2142.353029  x:  0.09367   0.00681   0.14530   0.07400   0.11777   0.08558   0.05627   0.01819   0.04834   0.11548   0.07111   0.23156   0.01129   0.17341   0.01808   0.00507   0.14490   0.09003   0.02993   0.06318   0.06261   0.03757   0.16084   0.11227   6.56647   1.96863   1.16913   1.65375   0.90520  
 39  0.0019   2142.353023  x:  0.09367   0.00680   0.14530   0.07397   0.11776   0.08559   0.05626   0.01821   0.04832   0.11552   0.07112   0.23159   0.01131   0.17344   0.01807   0.00508   0.14491   0.09003   0.02995   0.06318   0.06260   0.03757   0.16085   0.11227   6.56649   1.96862   1.16909   1.65368   0.90526  
 40  0.0001   2142.353022  x:  0.09367   0.00680   0.14531   0.07398   0.11776   0.08559   0.05626   0.01820   0.04832   0.11552   0.07112   0.23161   0.01131   0.17344   0.01808   0.00508   0.14491   0.09003   0.02995   0.06318   0.06259   0.03757   0.16085   0.11227   6.56651   1.96864   1.16908   1.65368   0.90526  
 41  0.0000   2142.353022  x:  0.09367   0.00680   0.14531   0.07398   0.11776   0.08559   0.05626   0.01820   0.04832   0.11551   0.07112   0.23160   0.01131   0.17344   0.01807   0.00509   0.14491   0.09003   0.02994   0.06317   0.06260   0.03757   0.16085   0.11227   6.56658   1.96863   1.16908   1.65368   0.90526  
 42  0.0000   2142.353022  x:  0.09367   0.00680   0.14530   0.07398   0.11776   0.08559   0.05626   0.01820   0.04832   0.11552   0.07112   0.23160   0.01131   0.17344   0.01807   0.00509   0.14491   0.09003   0.02994   0.06317   0.06260   0.03757   0.16085   0.11227   6.56658   1.96863   1.16909   1.65368   0.90526  
 43  0.0000   2142.353022  x:  0.09367   0.00680   0.14530   0.07398   0.11776   0.08559   0.05626   0.01820   0.04832   0.11552   0.07112   0.23160   0.01131   0.17344   0.01807   0.00509   0.14491   0.09003   0.02994   0.06317   0.06260   0.03757   0.16085   0.11227   6.56658   1.96863   1.16909   1.65368   0.90526  