

TREE # 1

  0  0.0000   2185.290386  x:  0.05924   0.00000   0.12692   0.02321   0.05473   0.08264   0.05847   0.04845   0.09892   0.07197   0.05830   0.13515   0.00224   0.07392   0.01772   0.06166   0.06283   0.07174   0.07908   0.05354   0.11187   0.05527   0.11072   0.07786   2.00000   1.57293   0.95149   1.44948   0.40000  
  1 99.0000   2185.289315  x:  0.05924   0.00000   0.12692   0.02321   0.05473   0.08264   0.05847   0.04845   0.09892   0.07197   0.05830   0.13515   0.00224   0.07392   0.01772   0.06166   0.06283   0.07174   0.07908   0.05354   0.11187   0.05527   0.11072   0.07786   2.00000   1.57293   0.95149   1.44948   0.40000  
  2 414.8361   2184.044499  x:  0.05979   0.00000   0.12833   0.02321   0.05377   0.08170   0.05899   0.04753   0.09921   0.07253   0.05678   0.13576   0.00000   0.07508   0.01740   0.06143   0.06162   0.07273   0.07883   0.05405   0.11178   0.05440   0.11158   0.07841   2.00058   1.57293   0.95153   1.44953   0.40110  
  3 686.7488   2179.410194  x:  0.06194   0.00000   0.13825   0.01570   0.04513   0.07229   0.05982   0.03959   0.10165   0.07444   0.04072   0.14081   0.00162   0.07024   0.00490   0.05979   0.04911   0.07422   0.07610   0.05559   0.11023   0.04586   0.11830   0.08056   2.00742   1.57306   0.95210   1.45005   0.41259  
  4 375.4098   2175.807072  x:  0.06267   0.00000   0.14752   0.00894   0.03593   0.06129   0.05881   0.03131   0.10422   0.07481   0.02153   0.14618   0.00252   0.05823   0.01132   0.05877   0.03431   0.07210   0.07290   0.05576   0.10833   0.03651   0.12467   0.08130   2.01637   1.57331   0.95287   1.45071   0.42674  
  5 610.2876   2174.481471  x:  0.06213   0.00000   0.15091   0.01706   0.03268   0.05582   0.05748   0.02834   0.10535   0.07398   0.01299   0.14870   0.00285   0.05196   0.01155   0.05850   0.02729   0.06947   0.07138   0.05510   0.10717   0.03262   0.12707   0.08076   2.02198   1.57351   0.95334   1.45114   0.43484  
  6 411.1603   2172.640843  x:  0.05590   0.00000   0.15179   0.01666   0.03746   0.04330   0.05152   0.03263   0.10738   0.06476   0.01217   0.15490   0.00251   0.06177   0.01145   0.05977   0.01979   0.05823   0.06875   0.05057   0.10292   0.03294   0.12853   0.07454   2.04823   1.57470   0.95529   1.45331   0.46696  
  7 97.1007   2169.389056  x:  0.05165   0.00000   0.15329   0.01767   0.04503   0.03304   0.05457   0.03634   0.11078   0.05821   0.02033   0.16704   0.00333   0.05382   0.01214   0.06294   0.03900   0.06948   0.06679   0.05257   0.09463   0.03485   0.13015   0.07035   2.12746   1.57847   0.96116   1.45993   0.55271  
  8 164.5649   2165.636089  x:  0.05804   0.00000   0.14004   0.01756   0.04788   0.07144   0.05619   0.03782   0.10874   0.07290   0.01237   0.16896   0.00400   0.05476   0.01200   0.06408   0.04031   0.06298   0.07032   0.05153   0.09457   0.04113   0.12117   0.07681   2.24986   1.58490   0.97098   1.46966   0.65694  
  9 236.5977   2163.667242  x:  0.06060   0.00000   0.13184   0.01801   0.03653   0.07482   0.05380   0.03003   0.10157   0.07074   0.03109   0.15194   0.00442   0.05337   0.01218   0.05926   0.02543   0.06839   0.07517   0.05330   0.10777   0.03559   0.11422   0.07944   2.33258   1.59005   0.97895   1.47536   0.68693  
 10 131.9644   2160.305809  x:  0.05712   0.00000   0.12681   0.01778   0.02126   0.06325   0.05795   0.03382   0.09256   0.06883   0.01799   0.11665   0.00412   0.05919   0.01153   0.05476   0.03753   0.06654   0.07907   0.05455   0.12554   0.03687   0.10978   0.07607   2.48880   1.60135   0.99437   1.48530   0.69684  
 11 163.8554   2154.351458  x:  0.06256   0.00000   0.14141   0.01666   0.06505   0.04704   0.05984   0.03248   0.09279   0.08032   0.00838   0.08610   0.00371   0.05553   0.01122   0.05450   0.03260   0.06921   0.07854   0.05511   0.14480   0.04147   0.11634   0.08177   2.84527   1.62879   1.02835   1.50805   0.67967  
 12 345.8196   2136.338140  x:  0.06107   0.00000   0.18484   0.01787   0.05032   0.05227   0.06066   0.03529   0.11370   0.08541   0.02977   0.16385   0.00182   0.05484   0.01180   0.06404   0.04435   0.04431   0.06513   0.04917   0.15593   0.04134   0.13907   0.08113   3.98844   1.71982   1.13305   1.58192   0.57016  
 13 685.9330   2131.487985  x:  0.05316   0.00000   0.17214   0.01698   0.04915   0.05931   0.04795   0.04067   0.11670   0.06916   0.01561   0.18551   0.00148   0.05775   0.01123   0.06769   0.03347   0.07483   0.06780   0.04610   0.13617   0.04496   0.13452   0.07344   4.27720   1.74396   1.15547   1.60172   0.53806  
 14 796.1905   2129.631152  x:  0.05775   0.00000   0.15335   0.01665   0.05085   0.05381   0.06185   0.03595   0.11461   0.06260   0.01322   0.18983   0.00150   0.05935   0.01131   0.06711   0.02882   0.07284   0.07133   0.05871   0.10543   0.04017   0.12922   0.07813   4.38129   1.75406   1.15703   1.61087   0.52522  
 15 230.7583   2129.186468  x:  0.05932   0.00000   0.14895   0.01669   0.04932   0.05026   0.05657   0.03326   0.11312   0.07005   0.01500   0.18769   0.00140   0.06059   0.01153   0.06512   0.03088   0.07274   0.07131   0.05443   0.09151   0.03634   0.12978   0.07973   4.40581   1.75749   1.15204   1.61469   0.52233  
 16 81.4193   2128.748853  x:  0.05796   0.00000   0.15490   0.01679   0.04673   0.05522   0.05879   0.03823   0.11135   0.06762   0.01764   0.18109   0.00115   0.05936   0.01177   0.06234   0.02786   0.07332   0.06641   0.05392   0.08277   0.03814   0.13778   0.07845   4.42903   1.76686   1.11553   1.62842   0.52070  
 17 21.2901   2127.888623  x:  0.05825   0.00000   0.15433   0.01676   0.04834   0.05607   0.05293   0.03007   0.11126   0.06331   0.01572   0.18274   0.00081   0.06121   0.01163   0.06355   0.03174   0.07193   0.06788   0.05814   0.08682   0.03451   0.13903   0.07894   4.47230   1.78720   1.03257   1.65828   0.51752  
 18 75.8697   2127.577069  x:  0.05827   0.00000   0.15136   0.01658   0.04772   0.05140   0.05790   0.03313   0.11184   0.06837   0.01552   0.18656   0.00087   0.06066   0.01148   0.06424   0.02925   0.07345   0.06922   0.05372   0.09085   0.03573   0.13477   0.07904   4.48791   1.79470   1.00154   1.66910   0.51648  
 19 86.9626   2127.509083  x:  0.05963   0.00000   0.15245   0.01658   0.04693   0.04999   0.05584   0.03467   0.11204   0.06939   0.01549   0.18712   0.00099   0.06035   0.01150   0.06255   0.02878   0.07351   0.06666   0.05654   0.09083   0.03835   0.13116   0.08044   4.48986   1.79529   0.99908   1.66926   0.51675  
 20  6.8748   2127.070776  x:  0.05934   0.00000   0.16030   0.01668   0.04835   0.05172   0.05894   0.03078   0.11293   0.06673   0.01481   0.18698   0.00131   0.06213   0.01177   0.05449   0.03035   0.07436   0.06029   0.05236   0.08943   0.03525   0.11824   0.08050   4.49804   1.79599   0.99617   1.66402   0.51944  
 21  7.2158   2121.314119  x:  0.04799   0.00000   0.21203   0.01830   0.04222   0.05596   0.06309   0.03378   0.11734   0.08480   0.01953   0.18200   0.00227   0.07447   0.01312   0.06730   0.02446   0.08055   0.09594   0.07303   0.07905   0.02095   0.09873   0.07427   4.60511   1.79844   0.98127   1.57814   0.56285  
 22 23.7755   2112.529092  x:  0.06798   0.00000   0.23938   0.02132   0.02856   0.05098   0.07229   0.01133   0.11740   0.08217   0.02209   0.18379   0.00179   0.09044   0.01479   0.07059   0.02189   0.09125   0.11012   0.06357   0.08059   0.04959   0.12292   0.10163   4.75787   1.79782   0.96407   1.45684   0.62558  
 23 246.5882   2106.625305  x:  0.09178   0.00000   0.23918   0.02340   0.02675   0.05017   0.07328   0.03248   0.11495   0.07817   0.02150   0.19139   0.00117   0.10246   0.01671   0.05743   0.02408   0.10166   0.10021   0.06403   0.09549   0.02316   0.15415   0.13088   4.87070   1.79326   0.95307   1.37154   0.67151  
 24 376.2248   2103.972941  x:  0.07700   0.00000   0.22381   0.02399   0.02857   0.05149   0.07935   0.02429   0.11230   0.09580   0.02270   0.19567   0.00077   0.10923   0.01723   0.05165   0.02186   0.10791   0.06812   0.07879   0.10608   0.01601   0.17328   0.11826   4.91491   1.78250   0.95197   1.34984   0.68877  
 25 112.8115   2101.710546  x:  0.07692   0.00000   0.22694   0.02471   0.02725   0.05097   0.08076   0.02415   0.12610   0.09874   0.02274   0.19722   0.00033   0.11287   0.01814   0.03331   0.02154   0.10999   0.07821   0.08227   0.10784   0.01709   0.18132   0.12005   4.95079   1.67971   0.97749   1.46320   0.70006  
 26 23.3227   2100.551004  x:  0.08152   0.00000   0.23125   0.02510   0.02479   0.05077   0.08179   0.02447   0.12594   0.09774   0.02302   0.19471   0.00018   0.11587   0.01809   0.04999   0.02125   0.11228   0.07038   0.08038   0.10745   0.01325   0.17947   0.12571   4.97089   1.62005   0.99256   1.53005   0.70620  
 27 205.0714   2100.413102  x:  0.08149   0.00000   0.23370   0.02510   0.02603   0.05029   0.08187   0.02448   0.11221   0.09804   0.02236   0.19808   0.00016   0.11597   0.01812   0.04936   0.02134   0.11242   0.07136   0.08041   0.10771   0.01358   0.17964   0.12579   4.97326   1.61452   0.99480   1.53827   0.70687  
 28 20.4466   2099.037786  x:  0.08029   0.00000   0.23474   0.02584   0.02501   0.04939   0.08370   0.02512   0.11281   0.10080   0.02150   0.19828   0.00000   0.12039   0.01852   0.05268   0.02117   0.11531   0.06651   0.08131   0.10949   0.01845   0.18151   0.12564   5.01691   1.76819   1.07079   1.65707   0.71836  
 29  1.9074   2097.309965  x:  0.07414   0.00000   0.23671   0.02746   0.02483   0.04944   0.08620   0.02616   0.11981   0.10480   0.01984   0.19791   0.00000   0.12915   0.01951   0.05726   0.02160   0.11995   0.06026   0.08382   0.10778   0.03084   0.18410   0.12150   5.23455   1.55249   0.98654   1.51911   0.72684  
 30  2.3331   2092.950331  x:  0.07371   0.00000   0.24910   0.03310   0.03469   0.04056   0.08882   0.02450   0.12153   0.10313   0.00654   0.20410   0.00000   0.16416   0.02371   0.05920   0.02556   0.13811   0.07024   0.07926   0.09782   0.03239   0.18622   0.12885   6.15724   1.74700   1.05746   1.62507   0.77607  
 31  0.8368   2091.651466  x:  0.07211   0.00000   0.25320   0.03570   0.03304   0.04259   0.08862   0.02330   0.11917   0.10036   0.02160   0.19253   0.00000   0.18102   0.02586   0.05833   0.02227   0.14558   0.06993   0.07712   0.10219   0.03285   0.18123   0.13017   6.68901   1.78931   1.07071   1.62894   0.79165  
 32  0.5958   2090.875960  x:  0.06690   0.00000   0.25058   0.03614   0.02219   0.04648   0.08431   0.02370   0.11275   0.09719   0.01783   0.18647   0.00000   0.18996   0.02617   0.05485   0.02090   0.14665   0.06594   0.07520   0.10240   0.03133   0.17448   0.12560   7.12154   1.74037   1.05055   1.58285   0.79465  
 33  0.3372   2090.443220  x:  0.06574   0.00000   0.24417   0.03580   0.03101   0.04754   0.08111   0.02396   0.11601   0.09420   0.01378   0.18049   0.00000   0.19526   0.02605   0.05405   0.02235   0.14477   0.06744   0.07475   0.10508   0.02907   0.16794   0.12415   7.44637   1.69638   1.04108   1.57214   0.79012  
 34  0.2773   2090.285552  x:  0.06731   0.00000   0.24212   0.03444   0.02905   0.04226   0.08170   0.02460   0.11677   0.09635   0.01257   0.17896   0.00000   0.19491   0.02518   0.05468   0.02273   0.14130   0.06978   0.07694   0.10597   0.02649   0.16856   0.12550   7.61430   1.71977   1.04563   1.60680   0.78493  
 35  0.1063   2090.188370  x:  0.06892   0.00000   0.24197   0.03265   0.02877   0.04614   0.08389   0.02472   0.11562   0.09864   0.01410   0.17738   0.00000   0.19224   0.02408   0.05641   0.02158   0.13720   0.06862   0.07857   0.10579   0.02595   0.17165   0.12653   7.76506   1.73941   1.05473   1.61312   0.78655  
 36  0.0689   2090.152541  x:  0.06924   0.00000   0.24252   0.03183   0.02890   0.04503   0.08440   0.02435   0.11543   0.09890   0.01423   0.17797   0.00000   0.19087   0.02358   0.05640   0.02296   0.13501   0.06864   0.07753   0.10587   0.02716   0.17148   0.12648   7.90157   1.71950   1.04765   1.59123   0.78812  
 37  0.0773   2090.141383  x:  0.06920   0.00000   0.24317   0.03172   0.02931   0.04478   0.08413   0.02428   0.11598   0.09832   0.01399   0.17906   0.00000   0.18988   0.02351   0.05579   0.02191   0.13494   0.06824   0.07672   0.10576   0.02781   0.17134   0.12631   7.96271   1.72312   1.04656   1.59882   0.79178  
 38  0.0369   2090.137056  x:  0.06895   0.00000   0.24402   0.03187   0.02914   0.04507   0.08383   0.02432   0.11618   0.09809   0.01407   0.17954   0.00000   0.18876   0.02358   0.05536   0.02265   0.13497   0.06840   0.07671   0.10580   0.02792   0.17170   0.12595   7.98027   1.72999   1.05075   1.60583   0.79371  
 39  0.0134   2090.134204  x:  0.06887   0.00000   0.24412   0.03212   0.02910   0.04481   0.08353   0.02448   0.11590   0.09792   0.01407   0.17947   0.00000   0.18713   0.02368   0.05536   0.02229   0.13515   0.06848   0.07715   0.10577   0.02769   0.17172   0.12568   7.99074   1.72902   1.05185   1.60242   0.79418  
 40  0.0043   2090.133138  x:  0.06897   0.00000   0.24388   0.03235   0.02916   0.04490   0.08358   0.02441   0.11599   0.09792   0.01403   0.17913   0.00000   0.18659   0.02381   0.05559   0.02244   0.13546   0.06822   0.07718   0.10582   0.02757   0.17176   0.12575   7.99701   1.72734   1.04898   1.60193   0.79414  
 41  0.0043   2090.132917  x:  0.06907   0.00000   0.24385   0.03242   0.02914   0.04491   0.08375   0.02437   0.11604   0.09804   0.01403   0.17911   0.00000   0.18654   0.02386   0.05567   0.02240   0.13564   0.06844   0.07704   0.10585   0.02760   0.17177   0.12588   8.00156   1.72734   1.04978   1.60252   0.79411  
 42  0.0030   2090.132883  x:  0.06905   0.00000   0.24374   0.03242   0.02913   0.04491   0.08380   0.02437   0.11597   0.09811   0.01401   0.17912   0.00000   0.18653   0.02387   0.05562   0.02240   0.13567   0.06836   0.07702   0.10584   0.02761   0.17176   0.12585   8.00331   1.72774   1.04992   1.60259   0.79393  
 43  0.0013   2090.132877  x:  0.06905   0.00000   0.24372   0.03242   0.02913   0.04492   0.08380   0.02438   0.11599   0.09811   0.01402   0.17912   0.00000   0.18650   0.02387   0.05559   0.02240   0.13568   0.06839   0.07702   0.10583   0.02762   0.17174   0.12585   8.00302   1.72772   1.04980   1.60251   0.79378  
 44  0.0003   2090.132876  x:  0.06906   0.00000   0.24372   0.03241   0.02913   0.04492   0.08379   0.02438   0.11599   0.09811   0.01402   0.17911   0.00000   0.18650   0.02388   0.05559   0.02240   0.13569   0.06838   0.07703   0.10584   0.02763   0.17174   0.12586   8.00279   1.72770   1.04984   1.60257   0.79372  
 45  0.0001   2090.132876  x:  0.06906   0.00000   0.24373   0.03241   0.02913   0.04492   0.08379   0.02437   0.11598   0.09810   0.01402   0.17911   0.00000   0.18650   0.02388   0.05559   0.02240   0.13570   0.06838   0.07703   0.10584   0.02763   0.17174   0.12586   8.00301   1.72771   1.04983   1.60255   0.79372  
 46  0.0001   2090.132876  x:  0.06906   0.00000   0.24372   0.03240   0.02913   0.04492   0.08379   0.02438   0.11599   0.09810   0.01402   0.17911   0.00000   0.18650   0.02388   0.05559   0.02240   0.13571   0.06838   0.07703   0.10584   0.02763   0.17175   0.12586   8.00296   1.72772   1.04984   1.60255   0.79374  
 47  0.0000   2090.132876  x:  0.06906   0.00000   0.24372   0.03240   0.02913   0.04492   0.08379   0.02438   0.11599   0.09810   0.01402   0.17911   0.00000   0.18650   0.02388   0.05559   0.02240   0.13571   0.06838   0.07703   0.10584   0.02763   0.17174   0.12586   8.00297   1.72771   1.04983   1.60255   0.79374  
 48  0.0000   2090.132876  x:  0.06906   0.00000   0.24372   0.03240   0.02913   0.04492   0.08379   0.02438   0.11599   0.09810   0.01402   0.17911   0.00000   0.18650   0.02388   0.05559   0.02240   0.13571   0.06838   0.07703   0.10584   0.02763   0.17174   0.12586   8.00297   1.72771   1.04983   1.60255   0.79374  
 49  0.0000   2090.132876  x:  0.06906   0.00000   0.24372   0.03240   0.02913   0.04492   0.08379   0.02438   0.11599   0.09810   0.01402   0.17911   0.00000   0.18650   0.02388   0.05559   0.02240   0.13571   0.06838   0.07703   0.10584   0.02762   0.17174   0.12586   8.00296   1.72771   1.04983   1.60255   0.79374  
 50  0.0000   2090.132876  x:  0.06906   0.00000   0.24372   0.03240   0.02913   0.04492   0.08379   0.02438   0.11599   0.09810   0.01402   0.17911   0.00000   0.18650   0.02388   0.05559   0.02240   0.13571   0.06838   0.07703   0.10584   0.02763   0.17174   0.12586   8.00296   1.72771   1.04983   1.60255   0.79374  
 51  0.0000   2090.132876  x:  0.06905   0.00000   0.24372   0.03240   0.02913   0.04492   0.08379   0.02438   0.11599   0.09810   0.01402   0.17911   0.00000   0.18650   0.02388   0.05559   0.02240   0.13571   0.06838   0.07703   0.10584   0.02763   0.17174   0.12586   8.00296   1.72771   1.04983   1.60255   0.79374  
 52  0.0000   2090.132876  x:  0.06905   0.00000   0.24372   0.03240   0.02913   0.04492   0.08379   0.02438   0.11599   0.09810   0.01402   0.17911   0.00000   0.18650   0.02388   0.05559   0.02240   0.13571   0.06838   0.07703   0.10584   0.02763   0.17174   0.12586   8.00296   1.72771   1.04983   1.60255   0.79374  