

TREE # 1

  0  0.0000   2209.890341  x:  0.08403   0.01044   0.08805   0.02136   0.04895   0.05648   0.07564   0.06407   0.10043   0.06226   0.13186   0.14916   0.00000   0.10166   0.01871   0.04775   0.06671   0.03779   0.04485   0.05932   0.08738   0.05205   0.14744   0.10265   2.00000   1.71387   1.07949   1.54319   0.40000  
  1 99.0000   2186.147809  x:  0.10382   0.00000   0.12555   0.10296   0.04356   0.00971   0.12337   0.03197   0.10971   0.05887   0.12755   0.15870   0.22531   0.17148   0.00875   0.02665   0.04005   0.03745   0.01635   0.08571   0.07993   0.04093   0.17061   0.12244   2.01314   1.71099   1.07924   1.54438   0.43573  
  2 878.1022   2182.408467  x:  0.10572   0.00000   0.12882   0.10207   0.04281   0.00000   0.12655   0.02775   0.11083   0.05836   0.12636   0.15946   0.22372   0.17659   0.01391   0.02586   0.03695   0.03754   0.01694   0.08708   0.07905   0.04050   0.17258   0.12434   2.01582   1.71042   1.07943   1.54441   0.44129  
  3 273.2883   2176.838731  x:  0.11426   0.00000   0.14373   0.09635   0.04015   0.00000   0.14066   0.01336   0.11592   0.05623   0.12047   0.16302   0.21154   0.20036   0.00319   0.02340   0.02170   0.03775   0.01703   0.09432   0.07315   0.03789   0.18169   0.13288   2.03052   1.70738   1.08048   1.54461   0.46979  
  4 465.0754   2172.794520  x:  0.12315   0.00000   0.16090   0.09212   0.04100   0.00000   0.15644   0.03959   0.12119   0.05509   0.11261   0.16750   0.19941   0.23230   0.00139   0.02850   0.02306   0.03704   0.00805   0.10395   0.06446   0.03855   0.19305   0.14177   2.05773   1.70192   1.08244   1.54503   0.51456  
  5 257.8668   2172.072418  x:  0.12395   0.00000   0.16317   0.09240   0.04216   0.00000   0.15828   0.04418   0.12156   0.05529   0.11134   0.16817   0.19831   0.23821   0.00043   0.02930   0.02536   0.03687   0.01562   0.10565   0.06317   0.03940   0.19480   0.14257   2.06559   1.70038   1.08305   1.54513   0.52510  
  6 273.2341   2166.727456  x:  0.10548   0.00000   0.14643   0.10686   0.06631   0.00000   0.13455   0.03666   0.10813   0.06443   0.11091   0.16597   0.19398   0.25209   0.00000   0.02724   0.03309   0.03460   0.01336   0.11174   0.06292   0.05648   0.19021   0.12410   2.16084   1.68238   1.09139   1.54615   0.61401  
  7 113.3227   2162.802259  x:  0.09657   0.00000   0.12864   0.11535   0.04709   0.00000   0.11701   0.04409   0.10393   0.05442   0.11504   0.16168   0.19613   0.24422   0.00173   0.03245   0.01649   0.04225   0.01634   0.10377   0.07108   0.03758   0.17877   0.11519   2.26631   1.66395   1.09936   1.54697   0.68017  
  8 180.0138   2160.709734  x:  0.09835   0.00000   0.12325   0.11636   0.03047   0.00000   0.11565   0.03882   0.10629   0.04881   0.11810   0.15940   0.19763   0.23295   0.00080   0.02985   0.03115   0.04159   0.01405   0.09645   0.07386   0.02828   0.17178   0.11697   2.33749   1.65238   1.10373   1.54754   0.71279  
  9 290.7762   2155.492524  x:  0.11854   0.00000   0.12269   0.10810   0.02597   0.00000   0.13483   0.04028   0.12325   0.05041   0.12769   0.15461   0.20813   0.17684   0.00068   0.02794   0.02573   0.03058   0.01475   0.07455   0.07235   0.04800   0.15386   0.13716   2.54935   1.62133   1.11283   1.54928   0.76622  
 10 247.7901   2152.382280  x:  0.12736   0.00000   0.12829   0.09792   0.04855   0.00000   0.14530   0.03835   0.12905   0.05481   0.13064   0.15455   0.21363   0.14877   0.00165   0.03139   0.02857   0.04418   0.01452   0.07733   0.07026   0.03012   0.15258   0.14598   2.69646   1.60224   1.11639   1.55026   0.77926  
 11 314.3130   2139.054266  x:  0.11370   0.00000   0.15757   0.04844   0.03111   0.00000   0.14133   0.04180   0.10431   0.05748   0.11965   0.17124   0.22542   0.13995   0.00331   0.02490   0.02770   0.03419   0.01701   0.15286   0.07444   0.03826   0.21132   0.13232   3.40484   1.52646   1.11704   1.55235   0.71027  
 12 253.9390   2125.933551  x:  0.11440   0.00000   0.16549   0.12004   0.04368   0.00000   0.14413   0.03523   0.11969   0.03895   0.11701   0.18007   0.18828   0.22043   0.00141   0.04869   0.03207   0.03617   0.01559   0.11830   0.06500   0.04782   0.24446   0.13302   4.18502   1.45927   1.10214   1.55092   0.58586  
 13 484.0270   2123.776558  x:  0.11552   0.00000   0.16304   0.12340   0.04307   0.00000   0.14608   0.04084   0.11977   0.06287   0.11339   0.17791   0.18349   0.24097   0.00125   0.02662   0.02948   0.03763   0.01570   0.10429   0.06929   0.04180   0.23921   0.13414   4.29862   1.45633   1.09381   1.54880   0.56738  
 14 271.0851   2122.147256  x:  0.11765   0.00000   0.15261   0.09400   0.04996   0.00000   0.15148   0.04003   0.10887   0.05463   0.10542   0.16535   0.19228   0.27209   0.00087   0.02784   0.03074   0.03775   0.01551   0.09540   0.06796   0.04332   0.19823   0.13627   4.38521   1.48320   1.06143   1.53934   0.55662  
 15 61.1005   2121.567842  x:  0.11657   0.00000   0.15782   0.09404   0.04629   0.00000   0.14781   0.03884   0.12010   0.06166   0.11519   0.16523   0.19151   0.27744   0.00096   0.03358   0.03131   0.03979   0.01563   0.10583   0.06857   0.04479   0.18137   0.13519   4.41880   1.51063   1.03462   1.53095   0.55683  
 16 40.4600   2121.198739  x:  0.11578   0.00000   0.16220   0.09811   0.04877   0.00000   0.14585   0.04075   0.12225   0.05504   0.11847   0.16729   0.18929   0.27529   0.00128   0.02535   0.03049   0.03632   0.01592   0.10911   0.06808   0.04298   0.17910   0.13440   4.43874   1.53376   1.01407   1.52368   0.55919  
 17 50.4776   2120.612000  x:  0.11571   0.00000   0.16633   0.10452   0.04605   0.00000   0.14714   0.03974   0.11138   0.05760   0.11059   0.17138   0.18764   0.26634   0.00126   0.02865   0.03084   0.03897   0.01581   0.10174   0.06785   0.04338   0.19272   0.13433   4.47147   1.58098   0.97649   1.50815   0.56690  
 18 50.0513   2120.502569  x:  0.11586   0.00000   0.16019   0.10301   0.04709   0.00000   0.14777   0.03940   0.11645   0.05833   0.10919   0.16873   0.18821   0.26642   0.00134   0.03013   0.03081   0.03503   0.01588   0.10150   0.06924   0.04163   0.19913   0.13448   4.47692   1.59065   0.97488   1.50412   0.56852  
 19 14.2731   2120.409911  x:  0.11631   0.00000   0.15465   0.10153   0.04679   0.00000   0.14838   0.03953   0.12072   0.05715   0.10947   0.16616   0.18857   0.26689   0.00130   0.02843   0.03117   0.03916   0.01584   0.10187   0.06912   0.04371   0.20427   0.13493   4.48138   1.59912   0.97653   1.50031   0.56986  
 20 24.4193   2119.963094  x:  0.12024   0.00000   0.15096   0.10133   0.04554   0.00000   0.14997   0.03970   0.11378   0.05912   0.12280   0.16311   0.18696   0.27001   0.00199   0.02821   0.03100   0.03776   0.01640   0.10232   0.05924   0.04185   0.20815   0.13886   4.49978   1.63588   1.00938   1.48257   0.57530  
 21 12.1256   2119.306876  x:  0.12326   0.00000   0.15758   0.10238   0.04748   0.00000   0.15339   0.03968   0.10965   0.05749   0.12677   0.16550   0.18378   0.27423   0.00155   0.02911   0.03239   0.03818   0.01626   0.10154   0.07707   0.04320   0.20669   0.14188   4.52744   1.68964   1.06260   1.45963   0.58438  
 22 63.6973   2118.627509  x:  0.11712   0.00000   0.16792   0.10313   0.04611   0.00000   0.15176   0.03935   0.11983   0.05741   0.10622   0.17294   0.18275   0.27376   0.00231   0.02823   0.03297   0.03857   0.01684   0.09832   0.06998   0.04239   0.19841   0.13574   4.55292   1.73453   1.10883   1.44917   0.59298  
 23 50.8914   2112.816725  x:  0.14094   0.00000   0.15877   0.12594   0.03716   0.00000   0.17799   0.03837   0.11195   0.05930   0.08010   0.15984   0.14933   0.29313   0.00822   0.02285   0.03805   0.03798   0.02196   0.11715   0.07325   0.03656   0.18644   0.15956   4.75272   1.92222   1.22486   1.78980   0.69320  
 24 12.2725   2110.453198  x:  0.13011   0.00000   0.17863   0.10247   0.03910   0.00000   0.17800   0.03675   0.12278   0.05714   0.10416   0.17055   0.14912   0.30936   0.00933   0.02316   0.04134   0.03902   0.02290   0.08429   0.07459   0.03502   0.19973   0.14873   4.82664   1.98397   1.26053   1.91490   0.73394  
 25 129.4158   2109.623323  x:  0.14903   0.00000   0.18254   0.09687   0.04080   0.00000   0.14786   0.03580   0.12534   0.05703   0.10044   0.17559   0.14950   0.31586   0.00973   0.02294   0.04246   0.03908   0.02323   0.08072   0.07456   0.03574   0.20163   0.16764   4.85079   1.92854   1.22841   1.86642   0.74713  
 26  7.0208   2102.801274  x:  0.15039   0.00000   0.18187   0.09760   0.03720   0.00000   0.18122   0.03123   0.12644   0.05752   0.10621   0.17567   0.12014   0.34178   0.01313   0.02006   0.04718   0.03944   0.02600   0.08150   0.07649   0.03318   0.18770   0.16900   5.03222   1.45845   0.95679   1.43528   0.84573  
 27 70.3678   2102.712113  x:  0.14937   0.00000   0.18842   0.09832   0.03713   0.00000   0.17929   0.03110   0.12645   0.05739   0.10544   0.16241   0.11957   0.34138   0.01311   0.02004   0.04714   0.03943   0.02596   0.08084   0.07648   0.03326   0.18882   0.16798   5.03830   1.45647   0.95588   1.43330   0.84713  
 28  4.9361   2091.023400  x:  0.13676   0.00000   0.18055   0.09749   0.04209   0.00000   0.17705   0.00543   0.12624   0.05610   0.11020   0.16471   0.06355   0.34562   0.01083   0.02409   0.03674   0.03730   0.01948   0.09431   0.06867   0.04137   0.18860   0.15536   5.87077   1.58104   1.03316   1.52035   0.97934  
 29  4.0011   2081.624859  x:  0.12545   0.00000   0.17580   0.09651   0.04461   0.00000   0.17522   0.01786   0.12567   0.05183   0.11538   0.16976   0.00000   0.34845   0.01017   0.02478   0.02057   0.03584   0.01761   0.10791   0.06231   0.04577   0.19735   0.14405   6.75743   1.69309   1.10593   1.59507   1.10197  
 30  2.4239   2081.602012  x:  0.12530   0.00205   0.17574   0.09649   0.04464   0.00000   0.17520   0.01802   0.12566   0.05177   0.11544   0.16983   0.00000   0.34849   0.01016   0.02479   0.02036   0.03583   0.01758   0.10809   0.06222   0.04583   0.19747   0.14391   6.76889   1.69453   1.10686   1.59603   1.10356  
 31 139.3252   2078.321363  x:  0.11841   0.00025   0.16529   0.05513   0.04310   0.00000   0.15259   0.01859   0.12158   0.05152   0.11020   0.18266   0.00000   0.32488   0.01072   0.02756   0.01740   0.03720   0.01702   0.09933   0.06428   0.04362   0.23962   0.13701   7.51885   1.65328   1.07982   1.58432   1.16605  
 32  0.6789   2076.434609  x:  0.12614   0.00085   0.16463   0.07652   0.03700   0.00000   0.13813   0.02005   0.11538   0.05697   0.10974   0.18464   0.00000   0.27608   0.01295   0.02575   0.02653   0.03798   0.01888   0.09863   0.07049   0.03990   0.25108   0.14473   8.20330   1.60345   1.04973   1.55397   1.16428  
 33  0.4559   2074.908140  x:  0.12463   0.00174   0.16379   0.05953   0.03999   0.00000   0.15752   0.01993   0.11779   0.05422   0.11233   0.17782   0.00000   0.25346   0.01494   0.02430   0.02968   0.03798   0.02006   0.09362   0.07206   0.03749   0.21347   0.14322   9.11865   1.63479   1.06323   1.58454   1.14900  
 34  0.5194   2074.349666  x:  0.12745   0.00024   0.16358   0.06903   0.04112   0.00000   0.15537   0.01909   0.12375   0.05405   0.11589   0.17732   0.00000   0.25865   0.01533   0.02571   0.02118   0.03741   0.01904   0.10105   0.06730   0.04087   0.21041   0.14603   9.79573   1.64835   1.08113   1.59383   1.13569  
 35  0.3886   2073.979545  x:  0.12765   0.00016   0.16836   0.06199   0.04107   0.00000   0.15154   0.01933   0.12344   0.05499   0.11403   0.17912   0.00000   0.27330   0.01721   0.02608   0.02372   0.03762   0.01968   0.09806   0.06647   0.04139   0.21893   0.14623  10.38940   1.62452   1.06544   1.58016   1.08170  
 36  0.3004   2073.938603  x:  0.12520   0.00000   0.16678   0.06524   0.04092   0.00000   0.15422   0.01908   0.12078   0.05444   0.11354   0.17976   0.00000   0.27111   0.01756   0.02533   0.02319   0.03756   0.01928   0.09768   0.06754   0.03996   0.22126   0.14378  10.51739   1.63125   1.06521   1.58543   1.06821  
 37  0.1158   2073.933792  x:  0.12581   0.00000   0.16624   0.06460   0.04099   0.00000   0.15319   0.01895   0.12059   0.05432   0.11389   0.17925   0.00000   0.27147   0.01766   0.02561   0.02324   0.03765   0.01902   0.09881   0.06793   0.03986   0.21939   0.14439  10.50876   1.62995   1.06463   1.58443   1.06548  
 38  0.0069   2073.933785  x:  0.12581   0.00004   0.16624   0.06460   0.04099   0.00000   0.15318   0.01895   0.12059   0.05432   0.11389   0.17925   0.00000   0.27147   0.01766   0.02561   0.02324   0.03766   0.01902   0.09882   0.06793   0.03986   0.21938   0.14439  10.50874   1.62994   1.06463   1.58443   1.06547  
 39  0.4614   2073.927463  x:  0.12509   0.00002   0.16632   0.06462   0.04077   0.00000   0.15297   0.01862   0.12104   0.05446   0.11341   0.17926   0.00000   0.27167   0.01827   0.02545   0.02326   0.03778   0.01828   0.09849   0.06755   0.04003   0.21958   0.14367  10.43736   1.62891   1.06558   1.58529   1.06496  
 40  0.0155   2073.924578  x:  0.12543   0.00000   0.16634   0.06474   0.04084   0.00000   0.15331   0.01862   0.12090   0.05437   0.11358   0.17936   0.00000   0.27139   0.01864   0.02552   0.02316   0.03767   0.01831   0.09851   0.06759   0.03985   0.21995   0.14402  10.43605   1.62931   1.06521   1.58499   1.06481  
 41  0.0016   2073.924578  x:  0.12543   0.00000   0.16634   0.06474   0.04084   0.00000   0.15331   0.01862   0.12090   0.05437   0.11358   0.17936   0.00000   0.27139   0.01864   0.02552   0.02316   0.03767   0.01831   0.09851   0.06759   0.03985   0.21995   0.14402  10.43605   1.62931   1.06521   1.58499   1.06481  
 42  0.0023   2073.921778  x:  0.12544   0.00001   0.16634   0.06473   0.04094   0.00000   0.15330   0.01891   0.12087   0.05439   0.11362   0.17935   0.00000   0.27137   0.01942   0.02554   0.02301   0.03768   0.01871   0.09852   0.06763   0.03990   0.21993   0.14402  10.43605   1.62932   1.06520   1.58499   1.06481  
 43  5.9738   2073.921580  x:  0.12545   0.00007   0.16633   0.06473   0.04100   0.00000   0.15329   0.01883   0.12084   0.05441   0.11364   0.17935   0.00000   0.27134   0.01955   0.02552   0.02287   0.03768   0.01860   0.09856   0.06761   0.03984   0.21991   0.14403  10.43605   1.62933   1.06520   1.58498   1.06481  
 44  1.5938   2073.921545  x:  0.12545   0.00001   0.16632   0.06473   0.04102   0.00000   0.15328   0.01883   0.12082   0.05442   0.11367   0.17934   0.00000   0.27130   0.01956   0.02552   0.02284   0.03768   0.01860   0.09860   0.06757   0.03979   0.21989   0.14404  10.43605   1.62935   1.06520   1.58497   1.06482  
 45  0.6465   2073.921509  x:  0.12547   0.00005   0.16631   0.06472   0.04104   0.00000   0.15326   0.01884   0.12076   0.05442   0.11372   0.17934   0.00000   0.27122   0.01956   0.02553   0.02287   0.03768   0.01861   0.09870   0.06751   0.03976   0.21984   0.14406  10.43605   1.62939   1.06519   1.58495   1.06484  
 46  0.4500   2073.921496  x:  0.12548   0.00005   0.16630   0.06471   0.04100   0.00000   0.15325   0.01884   0.12073   0.05442   0.11375   0.17933   0.00000   0.27113   0.01956   0.02552   0.02286   0.03768   0.01861   0.09873   0.06751   0.03981   0.21980   0.14407  10.43604   1.62944   1.06519   1.58493   1.06486  
 47  0.2836   2073.921485  x:  0.12549   0.00006   0.16628   0.06471   0.04102   0.00000   0.15324   0.01885   0.12074   0.05442   0.11375   0.17932   0.00000   0.27102   0.01955   0.02554   0.02285   0.03768   0.01861   0.09870   0.06756   0.03980   0.21976   0.14407  10.43604   1.62953   1.06518   1.58488   1.06490  
 48  0.1934   2073.921481  x:  0.12549   0.00005   0.16628   0.06472   0.04102   0.00000   0.15324   0.01883   0.12075   0.05442   0.11375   0.17932   0.00000   0.27098   0.01956   0.02552   0.02287   0.03768   0.01861   0.09868   0.06756   0.03979   0.21974   0.14407  10.43604   1.62958   1.06517   1.58486   1.06493  
 49  0.3290   2073.921477  x:  0.12548   0.00006   0.16628   0.06472   0.04101   0.00000   0.15325   0.01885   0.12076   0.05442   0.11373   0.17932   0.00000   0.27095   0.01956   0.02551   0.02287   0.03768   0.01860   0.09867   0.06753   0.03979   0.21974   0.14407  10.43604   1.62966   1.06516   1.58483   1.06497  
 50  0.1741   2073.921472  x:  0.12548   0.00006   0.16628   0.06472   0.04101   0.00000   0.15326   0.01883   0.12077   0.05442   0.11371   0.17933   0.00000   0.27094   0.01956   0.02553   0.02286   0.03768   0.01862   0.09866   0.06751   0.03979   0.21976   0.14406  10.43603   1.62976   1.06515   1.58478   1.06502  
 51  0.3230   2073.921467  x:  0.12547   0.00005   0.16628   0.06472   0.04102   0.00000   0.15326   0.01884   0.12078   0.05442   0.11371   0.17933   0.00000   0.27095   0.01956   0.02554   0.02287   0.03768   0.01860   0.09868   0.06751   0.03980   0.21978   0.14405  10.43602   1.62990   1.06514   1.58473   1.06509  
 52  0.2965   2073.921459  x:  0.12547   0.00006   0.16629   0.06472   0.04103   0.00000   0.15327   0.01884   0.12077   0.05442   0.11371   0.17934   0.00000   0.27098   0.01955   0.02552   0.02286   0.03768   0.01861   0.09871   0.06754   0.03980   0.21982   0.14405  10.43601   1.63011   1.06513   1.58465   1.06521  
 53  0.6368   2073.921457  x:  0.12547   0.00006   0.16629   0.06472   0.04100   0.00000   0.15326   0.01884   0.12075   0.05441   0.11373   0.17933   0.00000   0.27100   0.01956   0.02552   0.02286   0.03768   0.01861   0.09870   0.06754   0.03979   0.21981   0.14406  10.43601   1.63018   1.06513   1.58462   1.06525  
 54  0.1533   2073.921456  x:  0.12548   0.00006   0.16628   0.06472   0.04102   0.00000   0.15325   0.01884   0.12075   0.05442   0.11374   0.17933   0.00000   0.27103   0.01955   0.02552   0.02286   0.03767   0.01861   0.09868   0.06753   0.03979   0.21980   0.14407  10.43601   1.63022   1.06514   1.58462   1.06529  
 55  0.1095   2073.921455  x:  0.12549   0.00006   0.16628   0.06472   0.04102   0.00000   0.15325   0.01884   0.12076   0.05441   0.11373   0.17932   0.00000   0.27104   0.01955   0.02552   0.02286   0.03768   0.01861   0.09869   0.06753   0.03979   0.21977   0.14407  10.43600   1.63025   1.06518   1.58464   1.06533  
 56  0.0416   2073.921454  x:  0.12548   0.00006   0.16628   0.06472   0.04101   0.00000   0.15325   0.01884   0.12076   0.05442   0.11373   0.17932   0.00000   0.27105   0.01956   0.02552   0.02286   0.03767   0.01861   0.09869   0.06754   0.03979   0.21976   0.14407  10.43599   1.63027   1.06520   1.58465   1.06536  
 57  0.0868   2073.921453  x:  0.12547   0.00006   0.16628   0.06472   0.04101   0.00000   0.15326   0.01884   0.12075   0.05443   0.11373   0.17932   0.00000   0.27104   0.01955   0.02552   0.02286   0.03768   0.01861   0.09869   0.06754   0.03979   0.21975   0.14405  10.43598   1.63032   1.06530   1.58473   1.06545  
 58  0.0764   2073.921452  x:  0.12547   0.00006   0.16629   0.06472   0.04102   0.00000   0.15327   0.01884   0.12074   0.05441   0.11373   0.17932   0.00000   0.27103   0.01956   0.02552   0.02286   0.03768   0.01861   0.09869   0.06753   0.03979   0.21977   0.14405  10.43596   1.63036   1.06537   1.58479   1.06552  
 59  0.1647   2073.921451  x:  0.12548   0.00006   0.16628   0.06472   0.04102   0.00000   0.15325   0.01884   0.12076   0.05442   0.11374   0.17933   0.00000   0.27102   0.01956   0.02552   0.02286   0.03768   0.01861   0.09869   0.06754   0.03979   0.21979   0.14406  10.43595   1.63039   1.06541   1.58484   1.06556  
 60  0.0708   2073.921450  x:  0.12548   0.00006   0.16627   0.06473   0.04102   0.00000   0.15325   0.01884   0.12075   0.05442   0.11372   0.17933   0.00000   0.27102   0.01956   0.02552   0.02286   0.03768   0.01861   0.09869   0.06753   0.03979   0.21979   0.14407  10.43593   1.63044   1.06541   1.58493   1.06557  
 61  0.0197   2073.921450  x:  0.12548   0.00006   0.16627   0.06471   0.04102   0.00000   0.15325   0.01884   0.12075   0.05442   0.11373   0.17933   0.00000   0.27103   0.01956   0.02552   0.02286   0.03768   0.01861   0.09869   0.06753   0.03979   0.21978   0.14406  10.43591   1.63050   1.06540   1.58502   1.06558  
 62  0.0680   2073.921450  x:  0.12548   0.00006   0.16627   0.06472   0.04102   0.00000   0.15325   0.01884   0.12076   0.05442   0.11373   0.17932   0.00000   0.27103   0.01956   0.02552   0.02286   0.03768   0.01861   0.09869   0.06753   0.03979   0.21978   0.14406  10.43590   1.63052   1.06540   1.58505   1.06557  
 63  0.0441   2073.921449  x:  0.12548   0.00006   0.16629   0.06472   0.04102   0.00000   0.15325   0.01884   0.12075   0.05442   0.11373   0.17932   0.00000   0.27102   0.01956   0.02552   0.02286   0.03768   0.01861   0.09869   0.06753   0.03979   0.21978   0.14406  10.43589   1.63054   1.06542   1.58507   1.06556  
 64  0.0133   2073.921449  x:  0.12548   0.00006   0.16628   0.06472   0.04102   0.00000   0.15325   0.01884   0.12075   0.05442   0.11373   0.17933   0.00000   0.27103   0.01956   0.02552   0.02286   0.03768   0.01861   0.09869   0.06753   0.03979   0.21978   0.14406  10.43585   1.63061   1.06548   1.58511   1.06548  
 65  0.0214   2073.921449  x:  0.12548   0.00006   0.16628   0.06472   0.04102   0.00000   0.15325   0.01884   0.12075   0.05442   0.11373   0.17932   0.00000   0.27103   0.01956   0.02552   0.02286   0.03768   0.01861   0.09869   0.06753   0.03979   0.21978   0.14406  10.43584   1.63061   1.06548   1.58511   1.06548  
 66  0.0034   2073.921448  x:  0.12547   0.00006   0.16627   0.06472   0.04102   0.00000   0.15324   0.01884   0.12075   0.05442   0.11373   0.17928   0.00000   0.27102   0.01955   0.02552   0.02286   0.03768   0.01861   0.09869   0.06753   0.03979   0.21979   0.14406  10.43528   1.63061   1.06547   1.58510   1.06548  
 67  0.0060   2073.921446  x:  0.12548   0.00004   0.16627   0.06472   0.04102   0.00000   0.15325   0.01884   0.12075   0.05442   0.11374   0.17931   0.00000   0.27101   0.01955   0.02552   0.02285   0.03768   0.01861   0.09870   0.06753   0.03978   0.21978   0.14406  10.43413   1.63059   1.06546   1.58507   1.06547  
 68  0.3138   2073.921445  x:  0.12548   0.00004   0.16628   0.06472   0.04102   0.00000   0.15325   0.01884   0.12075   0.05442   0.11374   0.17932   0.00000   0.27101   0.01955   0.02552   0.02285   0.03768   0.01861   0.09870   0.06752   0.03978   0.21977   0.14406  10.43276   1.63058   1.06546   1.58506   1.06545  
 69  0.0017   2073.921445  x:  0.12548   0.00004   0.16628   0.06472   0.04102   0.00000   0.15325   0.01884   0.12075   0.05442   0.11374   0.17932   0.00000   0.27101   0.01955   0.02552   0.02285   0.03768   0.01861   0.09870   0.06753   0.03978   0.21977   0.14406  10.43157   1.63057   1.06546   1.58505   1.06543  
 70  0.0013   2073.921444  x:  0.12548   0.00004   0.16627   0.06472   0.04102   0.00000   0.15325   0.01884   0.12075   0.05442   0.11374   0.17932   0.00000   0.27101   0.01955   0.02552   0.02285   0.03768   0.01861   0.09870   0.06753   0.03978   0.21977   0.14406  10.43039   1.63056   1.06545   1.58505   1.06542  
 71  0.0002   2073.921444  x:  0.12548   0.00004   0.16627   0.06472   0.04102   0.00000   0.15325   0.01884   0.12075   0.05442   0.11374   0.17932   0.00000   0.27101   0.01955   0.02552   0.02285   0.03768   0.01861   0.09870   0.06753   0.03978   0.21977   0.14406  10.43043   1.63056   1.06545   1.58505   1.06542  
 72  0.0010   2073.921444  x:  0.12548   0.00004   0.16627   0.06472   0.04102   0.00000   0.15325   0.01884   0.12075   0.05442   0.11374   0.17932   0.00000   0.27101   0.01955   0.02552   0.02285   0.03768   0.01861   0.09870   0.06753   0.03978   0.21977   0.14406  10.43048   1.63056   1.06545   1.58505   1.06542  
 73  0.0009   2073.921444  x:  0.12548   0.00004   0.16627   0.06472   0.04102   0.00000   0.15325   0.01884   0.12075   0.05442   0.11374   0.17932   0.00000   0.27101   0.01955   0.02552   0.02285   0.03768   0.01861   0.09870   0.06753   0.03978   0.21977   0.14406  10.43049   1.63056   1.06545   1.58505   1.06542  
 74  0.0009   2073.921444  x:  0.12548   0.00004   0.16627   0.06472   0.04102   0.00000   0.15325   0.01884   0.12075   0.05442   0.11374   0.17932   0.00000   0.27101   0.01955   0.02552   0.02285   0.03768   0.01861   0.09870   0.06753   0.03978   0.21977   0.14406  10.43049   1.63056   1.06545   1.58505   1.06542  
 75  0.0009   2073.921444  x:  0.12548   0.00004   0.16627   0.06472   0.04102   0.00000   0.15325   0.01884   0.12075   0.05442   0.11374   0.17932   0.00000   0.27101   0.01955   0.02552   0.02285   0.03768   0.01861   0.09870   0.06753   0.03978   0.21977   0.14406  10.43049   1.63056   1.06545   1.58505   1.06542  
check convergence!
