

TREE # 1

  0  0.0000   2000.525796  x:  0.01972   0.20925   0.02571   0.03211   0.02495   0.05815   0.02188   0.05666   0.08536   0.02661   0.17168   0.01972   0.20925   0.02571   0.03211   0.02495   0.05815   0.02188   0.05666   0.08536   0.02661   0.17168   0.21568   8.40433   1.59934   1.00074   1.46968   1.00000  
  1 99.0000   1986.297801  x:  0.00047   0.20552   0.03478   0.03606   0.03134   0.05532   0.03242   0.06176   0.09747   0.02438   0.16640   0.00000   0.20523   0.03063   0.03338   0.04872   0.05803   0.05864   0.05915   0.09861   0.02611   0.16749   0.22284   8.40437   1.59837   1.00036   1.47125   1.00057  
  2 407.9392   1986.191184  x:  0.00000   0.20544   0.03483   0.03608   0.03134   0.05527   0.03240   0.06182   0.09765   0.02431   0.16630   0.00000   0.20514   0.03066   0.03339   0.04872   0.05801   0.05858   0.05917   0.09881   0.02607   0.16740   0.22300   8.40437   1.59835   1.00035   1.47129   1.00059  
  3 224.6099   1984.946647  x:  0.00000   0.19005   0.03344   0.02705   0.03020   0.05871   0.03747   0.05501   0.09517   0.02566   0.14821   0.00000   0.18645   0.02619   0.02722   0.04781   0.05957   0.05932   0.05687   0.09566   0.03181   0.15322   0.25088   8.40463   1.59195   0.99862   1.48047   1.00368  
  4 62.6145   1984.549073  x:  0.00000   0.18337   0.03249   0.03419   0.03106   0.05991   0.03485   0.05529   0.09115   0.02879   0.14115   0.00000   0.17810   0.02790   0.03252   0.04755   0.06009   0.05994   0.05731   0.09068   0.03209   0.14794   0.26220   8.40480   1.58792   0.99745   1.48634   1.00569  
  5 72.9253   1984.461607  x:  0.00000   0.18189   0.03206   0.03264   0.03097   0.05852   0.03242   0.05928   0.08910   0.02751   0.14144   0.00000   0.17594   0.02752   0.03173   0.04797   0.05916   0.06081   0.05865   0.08885   0.02915   0.14864   0.26423   8.40498   1.58379   0.99621   1.49243   1.00790  
  6 18.7272   1984.209858  x:  0.00000   0.17866   0.03581   0.03259   0.03110   0.05597   0.03642   0.06032   0.08736   0.02642   0.14831   0.00000   0.17071   0.03208   0.03101   0.04692   0.05732   0.05936   0.05954   0.08846   0.03040   0.15585   0.26680   8.40599   1.56197   0.98977   1.52462   1.01972  
  7 23.8475   1983.948852  x:  0.00000   0.17600   0.03272   0.03417   0.03084   0.05667   0.03497   0.05657   0.08995   0.02650   0.15480   0.00000   0.16690   0.02667   0.03225   0.04799   0.05828   0.05990   0.05845   0.09075   0.02999   0.16219   0.26754   8.40715   1.53833   0.98322   1.55943   1.03264  
  8 83.2992   1983.895876  x:  0.00000   0.17600   0.03180   0.03273   0.03092   0.05857   0.03264   0.05703   0.09137   0.02865   0.15403   0.00000   0.16793   0.02869   0.03183   0.04804   0.05952   0.06038   0.05763   0.09117   0.03082   0.16127   0.26613   8.40753   1.53303   0.98238   1.56732   1.03581  
  9 25.3410   1983.832149  x:  0.00000   0.17709   0.03338   0.03295   0.03124   0.06076   0.03411   0.05915   0.09190   0.02928   0.14922   0.00000   0.17212   0.02716   0.03174   0.04729   0.06035   0.06012   0.05755   0.09045   0.03036   0.15627   0.26211   8.40824   1.52635   0.98255   1.57754   1.04040  
 10 18.5456   1983.792783  x:  0.00000   0.17851   0.03199   0.03312   0.03065   0.05967   0.03435   0.05800   0.09104   0.02709   0.14536   0.00000   0.17528   0.02813   0.03196   0.04783   0.05954   0.06009   0.05811   0.09043   0.03049   0.15236   0.25956   8.40882   1.52249   0.98334   1.58378   1.04352  
 11 22.5877   1983.780997  x:  0.00000   0.17965   0.03294   0.03313   0.03100   0.05821   0.03351   0.05698   0.09047   0.02775   0.14434   0.00000   0.17611   0.02791   0.03159   0.04800   0.05897   0.06010   0.05804   0.09072   0.03031   0.15133   0.25937   8.40912   1.52174   0.98415   1.58545   1.04466  
 12  8.9970   1983.756491  x:  0.00000   0.18384   0.03157   0.03288   0.03107   0.05642   0.03457   0.05788   0.09042   0.02922   0.14371   0.00000   0.17687   0.02772   0.03218   0.04756   0.05897   0.06021   0.05717   0.09122   0.03023   0.15073   0.26153   8.41029   1.52212   0.98801   1.58792   1.04776  
 13  4.5476   1983.698235  x:  0.00000   0.19189   0.03270   0.03391   0.03013   0.05808   0.03340   0.05837   0.09121   0.02717   0.14331   0.00000   0.17801   0.02764   0.03137   0.04784   0.05965   0.06028   0.05750   0.09069   0.03144   0.15063   0.26679   8.41347   1.52464   0.99826   1.59300   1.05549  
 14 13.9319   1983.650023  x:  0.00000   0.19345   0.03297   0.03268   0.03259   0.06015   0.03372   0.05705   0.09149   0.02661   0.14337   0.00000   0.17844   0.02844   0.03265   0.04816   0.05936   0.05970   0.05897   0.09098   0.02922   0.15082   0.26873   8.41635   1.52798   1.00659   1.59666   1.06180  
 15 16.0419   1983.424348  x:  0.00000   0.18527   0.03277   0.03406   0.02788   0.06144   0.03484   0.05659   0.09197   0.02915   0.14435   0.00000   0.17870   0.02950   0.03089   0.04887   0.05702   0.05964   0.06021   0.09439   0.02553   0.15153   0.26913   8.43025   1.54687   1.04276   1.61214   1.08984  
 16 25.7992   1983.172665  x:  0.00000   0.17410   0.03243   0.03434   0.03192   0.05814   0.03344   0.05951   0.09338   0.02729   0.14533   0.00000   0.17803   0.02806   0.03121   0.04854   0.05710   0.05948   0.05838   0.09666   0.03044   0.15207   0.26759   8.44639   1.56969   1.08184   1.62987   1.12117  
 17 107.7186   1983.105304  x:  0.00000   0.17308   0.03411   0.03273   0.03023   0.05576   0.03323   0.05893   0.09565   0.02629   0.14478   0.00000   0.17587   0.02830   0.03380   0.04828   0.06007   0.05981   0.05745   0.09504   0.02973   0.15177   0.26622   8.45088   1.57713   1.08723   1.63483   1.12764  
 18 22.6888   1982.952026  x:  0.00000   0.17500   0.03313   0.03497   0.03221   0.05363   0.03401   0.05826   0.09982   0.02572   0.14238   0.00000   0.16861   0.02968   0.02974   0.04790   0.06252   0.05945   0.05749   0.09341   0.02721   0.15016   0.26265   8.46131   1.59639   1.08886   1.64650   1.13805  
 19 22.3887   1982.565748  x:  0.00000   0.18128   0.03381   0.03335   0.03099   0.05565   0.03328   0.06077   0.10061   0.02645   0.13674   0.00000   0.15466   0.02844   0.03239   0.04994   0.05715   0.05797   0.06099   0.10007   0.03006   0.14573   0.25704   8.48840   1.64714   1.08370   1.67665   1.16026  
 20 55.9145   1982.135351  x:  0.00000   0.17947   0.03538   0.03428   0.03141   0.05682   0.03218   0.06122   0.09875   0.02244   0.13446   0.00000   0.16470   0.03011   0.03264   0.04562   0.05720   0.06074   0.05329   0.10738   0.02587   0.14268   0.26678   8.51905   1.70173   1.06969   1.70951   1.17762  
 21 44.0101   1981.869153  x:  0.00000   0.17622   0.03491   0.03433   0.03131   0.05376   0.03264   0.06216   0.10305   0.02444   0.13402   0.00000   0.17655   0.02966   0.03214   0.05077   0.05882   0.05715   0.05888   0.10654   0.02685   0.14115   0.27615   8.53873   1.73379   1.06015   1.72940   1.18521  
 22 67.6565   1981.805701  x:  0.00000   0.17571   0.03472   0.03410   0.03120   0.05331   0.03230   0.06181   0.10702   0.02468   0.13355   0.00000   0.17781   0.02947   0.03263   0.04773   0.05466   0.05905   0.06015   0.10460   0.02736   0.14121   0.27747   8.54381   1.73468   1.05991   1.73152   1.18029  
 23  8.0451   1980.837385  x:  0.00000   0.17334   0.03736   0.03463   0.03177   0.05205   0.03248   0.06562   0.11705   0.02157   0.12488   0.00000   0.17497   0.03160   0.03326   0.05704   0.04800   0.05333   0.05124   0.10981   0.02348   0.14210   0.28578   8.62430   1.69889   1.07211   1.74401   1.05820  
 24 15.7330   1980.324348  x:  0.00000   0.17216   0.03804   0.03546   0.03178   0.04945   0.03195   0.06672   0.11739   0.02038   0.12296   0.00000   0.17283   0.03213   0.03262   0.05089   0.05553   0.05614   0.06058   0.12004   0.02334   0.13958   0.29015   8.66842   1.67747   1.07846   1.74933   0.99156  
 25 145.8568   1980.271321  x:  0.00000   0.17214   0.03829   0.03550   0.03181   0.04937   0.03194   0.06689   0.11800   0.02003   0.12918   0.00000   0.17188   0.03236   0.03267   0.05117   0.05510   0.05597   0.06030   0.12019   0.02299   0.13238   0.29093   8.67324   1.67177   1.07642   1.74499   0.98950  
 26  8.6174   1979.556665  x:  0.00000   0.17065   0.03986   0.03637   0.03204   0.04737   0.03186   0.06923   0.12367   0.01815   0.12351   0.00000   0.16921   0.03368   0.03287   0.05121   0.05505   0.05544   0.06187   0.12760   0.02123   0.13151   0.29866   8.74254   1.53554   0.99843   1.59804   1.05304  
 27  8.2171   1979.312187  x:  0.00000   0.17198   0.03938   0.03694   0.03179   0.05083   0.03233   0.06990   0.13133   0.02357   0.12800   0.00000   0.16985   0.03327   0.03327   0.05200   0.05650   0.05775   0.06018   0.13615   0.02376   0.13586   0.30386   8.95630   1.54787   1.00316   1.60691   1.06963  
 28  0.2022   1979.275704  x:  0.00000   0.17225   0.03944   0.03691   0.03180   0.05020   0.03249   0.06951   0.13434   0.02113   0.12791   0.00000   0.17083   0.03319   0.03340   0.05325   0.05628   0.05881   0.06003   0.13936   0.02319   0.13599   0.30319   9.04811   1.56042   1.01045   1.61762   1.07362  
 29  0.0883   1979.273515  x:  0.00000   0.17211   0.03944   0.03679   0.03187   0.05001   0.03257   0.06927   0.13468   0.02134   0.12724   0.00000   0.17073   0.03319   0.03334   0.05343   0.05610   0.05904   0.06000   0.13981   0.02292   0.13523   0.30234   9.05849   1.55543   1.00812   1.61318   1.07093  
 30  0.0134   1979.273436  x:  0.00000   0.17211   0.03945   0.03675   0.03188   0.05001   0.03258   0.06917   0.13462   0.02132   0.12734   0.00000   0.17066   0.03318   0.03331   0.05345   0.05611   0.05910   0.06005   0.13984   0.02301   0.13530   0.30205   9.05934   1.55542   1.00802   1.61315   1.07078  
 31  0.0009   1979.273433  x:  0.00000   0.17210   0.03945   0.03674   0.03188   0.05002   0.03258   0.06915   0.13460   0.02133   0.12735   0.00000   0.17066   0.03319   0.03331   0.05346   0.05612   0.05911   0.06006   0.13984   0.02299   0.13531   0.30203   9.05931   1.55560   1.00809   1.61329   1.07084  
 32  0.0003   1979.273433  x:  0.00000   0.17211   0.03946   0.03674   0.03188   0.05002   0.03258   0.06915   0.13460   0.02133   0.12734   0.00000   0.17066   0.03319   0.03331   0.05346   0.05612   0.05911   0.06006   0.13984   0.02299   0.13531   0.30204   9.05923   1.55558   1.00809   1.61328   1.07085  
 33  0.0001   1979.273433  x:  0.00000   0.17211   0.03946   0.03674   0.03188   0.05002   0.03258   0.06915   0.13459   0.02133   0.12734   0.00000   0.17066   0.03319   0.03331   0.05346   0.05612   0.05911   0.06006   0.13984   0.02299   0.13531   0.30204   9.05921   1.55558   1.00809   1.61328   1.07085  
 34  0.0000   1979.273433  x:  0.00000   0.17211   0.03946   0.03674   0.03188   0.05002   0.03258   0.06915   0.13459   0.02133   0.12734   0.00000   0.17066   0.03319   0.03331   0.05346   0.05612   0.05911   0.06006   0.13984   0.02299   0.13531   0.30204   9.05921   1.55558   1.00809   1.61328   1.07085  
 35  0.0000   1979.273433  x:  0.00000   0.17211   0.03946   0.03674   0.03188   0.05002   0.03258   0.06915   0.13459   0.02133   0.12734   0.00000   0.17066   0.03319   0.03331   0.05346   0.05612   0.05911   0.06006   0.13984   0.02299   0.13531   0.30204   9.05921   1.55558   1.00809   1.61328   1.07085  

TREE # 2

  0  0.0000   2298.398874  x:  0.00000   0.17211   0.03946   0.03674   0.03188   0.05002   0.03258   0.06915   0.13459   0.02133   0.12734   0.00000   0.17066   0.03319   0.03331   0.05346   0.05612   0.05911   0.06006   0.13984   0.02299   0.13531   0.30204   9.05921   1.52712   0.92191   1.47718   1.07085  
  1 99.0000   2154.704448  x:  0.18556   0.17355   0.04558   0.04452   0.03202   0.04967   0.03906   0.06860   0.13362   0.02947   0.12711   0.24902   0.17212   0.04035   0.04200   0.05270   0.05536   0.06160   0.05972   0.13863   0.02290   0.13391   0.30004   9.05921   1.52714   0.92198   1.47727   1.07085  
  2 19624.4586   2056.875236  x:  0.23075   0.10888   0.19926   0.23223   0.03428   0.02818   0.21076   0.04346   0.09396   0.05172   0.08994   0.21108   0.10884   0.20241   0.24241   0.03293   0.02890   0.13844   0.04429   0.10037   0.02062   0.08999   0.23690   9.05931   1.52433   0.92700   1.47952   1.07070  
  3 863.2434   2007.256270  x:  0.29224   0.00000   0.19249   0.23723   0.00446   0.03197   0.20478   0.01749   0.04602   0.05100   0.04326   0.16919   0.00089   0.19120   0.24680   0.00358   0.04305   0.14857   0.03130   0.05764   0.04612   0.03594   0.13442   9.05957   1.51805   0.93729   1.48310   1.06960  
  4 310.9492   2006.950086  x:  0.29269   0.00000   0.19245   0.23726   0.00466   0.03209   0.20474   0.01757   0.04580   0.05104   0.04305   0.16889   0.00000   0.19112   0.24683   0.00376   0.04316   0.14863   0.03130   0.05743   0.04619   0.03569   0.13362   9.05957   1.51801   0.93736   1.48313   1.06959  
  5 952.7736   2000.726791  x:  0.31819   0.00000   0.19013   0.23974   0.00000   0.03591   0.20315   0.03186   0.04419   0.05517   0.04236   0.15099   0.00000   0.18726   0.24924   0.00265   0.04507   0.15171   0.03587   0.05398   0.04225   0.03635   0.08467   9.05966   1.51555   0.94130   1.48509   1.06904  
  6 523.4401   1999.397426  x:  0.32418   0.00000   0.18949   0.24029   0.00165   0.03627   0.20269   0.03329   0.04439   0.05597   0.04271   0.14678   0.00000   0.18626   0.24969   0.00000   0.04501   0.15234   0.03664   0.05373   0.04126   0.03736   0.07310   9.05969   1.51496   0.94224   1.48558   1.06891  
  7 1458.9003   1995.098414  x:  0.34820   0.00000   0.18682   0.24253   0.00257   0.03167   0.20080   0.02382   0.04852   0.05757   0.04692   0.12989   0.00000   0.18211   0.25172   0.00262   0.04351   0.15439   0.03698   0.05648   0.03741   0.04613   0.02702   9.05979   1.51251   0.94610   1.48769   1.06837  
  8 779.8990   1993.362371  x:  0.39405   0.00000   0.18153   0.24770   0.00252   0.03767   0.19833   0.02343   0.05493   0.05426   0.05126   0.09645   0.00000   0.17459   0.25686   0.00355   0.03962   0.15539   0.02413   0.06921   0.03704   0.04776   0.03380   9.06001   1.50740   0.95433   1.49318   1.06730  
  9 64.1445   1992.812392  x:  0.41283   0.00000   0.17875   0.25040   0.00311   0.03410   0.19742   0.02149   0.05601   0.05363   0.05251   0.08268   0.00000   0.17110   0.25924   0.00375   0.04107   0.15515   0.03464   0.07062   0.03696   0.04863   0.03971   9.06014   1.50490   0.95840   1.49629   1.06671  
 10 104.0469   1992.733719  x:  0.41475   0.00000   0.17696   0.25153   0.00363   0.03003   0.19730   0.02266   0.05594   0.05475   0.05325   0.08120   0.00000   0.16956   0.26032   0.00403   0.04051   0.15361   0.03327   0.06674   0.03565   0.04971   0.04093   9.06024   1.50369   0.96047   1.49843   1.06637  
 11 20.1463   1992.647249  x:  0.41442   0.00000   0.17277   0.25472   0.00333   0.03335   0.19786   0.02146   0.05671   0.05592   0.05452   0.08121   0.00000   0.16636   0.26394   0.00417   0.03909   0.14981   0.03380   0.06230   0.03467   0.05153   0.04161   9.06051   1.50060   0.96597   1.50455   1.06549  
 12 14.9297   1992.395199  x:  0.40923   0.00000   0.15849   0.26641   0.00344   0.03237   0.19978   0.02325   0.05856   0.05456   0.05471   0.08435   0.00000   0.15527   0.27658   0.00398   0.04139   0.13951   0.03409   0.06631   0.03756   0.05058   0.04068   9.06157   1.48984   0.98571   1.52781   1.06217  
 13 29.2064   1992.307767  x:  0.40706   0.00000   0.15493   0.26895   0.00341   0.03222   0.19849   0.02313   0.05601   0.05489   0.05359   0.08564   0.00000   0.15132   0.27947   0.00405   0.03967   0.14243   0.03456   0.06887   0.03274   0.05005   0.04093   9.06205   1.48704   0.99225   1.53728   1.06079  
 14 21.8677   1992.181090  x:  0.40392   0.00000   0.15341   0.27071   0.00360   0.03234   0.19466   0.02411   0.05568   0.05617   0.05473   0.08732   0.00000   0.14711   0.28158   0.00434   0.03904   0.15411   0.03466   0.06869   0.03607   0.05300   0.04153   9.06297   1.48509   1.00093   1.55353   1.05842  
 15 20.6030   1992.086936  x:  0.40235   0.00000   0.15575   0.26988   0.00360   0.03271   0.19221   0.02394   0.06084   0.05443   0.05594   0.08796   0.00000   0.14780   0.28066   0.00408   0.04263   0.15822   0.03435   0.06698   0.03362   0.05078   0.04158   9.06382   1.48677   1.00525   1.56620   1.05650  
 16 16.0897   1991.606119  x:  0.39801   0.00000   0.17438   0.25733   0.00423   0.03232   0.18457   0.02690   0.06445   0.05234   0.05686   0.08808   0.00000   0.16380   0.26760   0.00533   0.03340   0.15185   0.03685   0.06822   0.03390   0.04856   0.04061   9.06861   1.50677   1.01879   1.62883   1.04652  
 17 22.4716   1991.249756  x:  0.39524   0.00000   0.18716   0.24737   0.00423   0.03414   0.18311   0.02764   0.05940   0.05674   0.05750   0.08750   0.00000   0.17649   0.25697   0.00513   0.04045   0.14570   0.03576   0.07127   0.03172   0.05533   0.04103   9.07241   1.52483   1.02804   1.67525   1.03905  
 18 95.7320   1990.878119  x:  0.39210   0.00000   0.17655   0.23667   0.00465   0.03460   0.21096   0.02923   0.06061   0.05717   0.06156   0.08700   0.00000   0.17752   0.24416   0.00579   0.03915   0.14987   0.03649   0.07217   0.03065   0.05471   0.04081   9.07693   1.56121   1.03067   1.70319   1.03386  
 19 15.3664   1990.693155  x:  0.38976   0.00000   0.17392   0.23939   0.00491   0.03497   0.21088   0.03086   0.06473   0.05526   0.05305   0.08731   0.00000   0.17302   0.24577   0.00617   0.03860   0.14956   0.03690   0.07217   0.02960   0.06002   0.04107   9.07937   1.58507   1.03076   1.70381   1.03357  
 20 13.2781   1990.071098  x:  0.37992   0.00000   0.16804   0.25546   0.00539   0.03616   0.19472   0.03396   0.06509   0.05869   0.06272   0.08904   0.00000   0.15482   0.25907   0.00677   0.03829   0.14548   0.03844   0.07516   0.02754   0.05882   0.04102   9.08814   1.67169   1.03154   1.69288   1.03537  
 21 41.8782   1989.984607  x:  0.37873   0.00000   0.16354   0.25328   0.00559   0.03632   0.19181   0.03500   0.06328   0.05325   0.06462   0.08928   0.00000   0.16182   0.26053   0.00691   0.03852   0.14625   0.03861   0.07457   0.02699   0.06066   0.04090   9.08961   1.67525   1.03812   1.68407   1.03911  
 22  7.5064   1989.852988  x:  0.37664   0.00000   0.15856   0.24737   0.00591   0.03610   0.18856   0.03533   0.06650   0.05919   0.06353   0.08939   0.00000   0.17218   0.26106   0.00713   0.03804   0.14724   0.03904   0.07600   0.02678   0.05968   0.04110   9.09209   1.67567   1.05116   1.66662   1.04700  
 23 20.2433   1989.588729  x:  0.37220   0.00000   0.17510   0.23566   0.00661   0.03607   0.19492   0.03725   0.06701   0.05809   0.06481   0.09022   0.00000   0.16717   0.25387   0.00779   0.03739   0.14592   0.03983   0.07685   0.02573   0.06121   0.04107   9.09754   1.66094   1.07713   1.62597   1.06751  
 24 14.0277   1989.230243  x:  0.36793   0.00000   0.17315   0.25709   0.00675   0.03721   0.19333   0.03922   0.06805   0.05859   0.06582   0.08992   0.00000   0.17068   0.22695   0.00872   0.03638   0.14567   0.04049   0.07775   0.02469   0.06237   0.04068   9.10618   1.60635   1.04521   1.58735   1.09873  
 25  6.3081   1988.592692  x:  0.36198   0.00000   0.16895   0.23600   0.00790   0.03753   0.19066   0.04261   0.06989   0.05865   0.06714   0.08827   0.00000   0.16578   0.24416   0.00932   0.03624   0.14400   0.04182   0.07890   0.02310   0.06396   0.03983   9.12207   1.50329   0.95777   1.53056   1.14418  
 26 20.5929   1987.428675  x:  0.35829   0.00000   0.16743   0.22826   0.00903   0.03848   0.18509   0.04514   0.07028   0.05882   0.06711   0.08255   0.00000   0.16401   0.23246   0.01045   0.03676   0.14394   0.04209   0.07907   0.02351   0.06333   0.03704   9.15714   1.42398   0.92270   1.45761   0.96011  
 27  2.7279   1982.590331  x:  0.36725   0.00000   0.14502   0.19950   0.01333   0.03839   0.15787   0.04946   0.06199   0.05812   0.06087   0.04676   0.00000   0.13433   0.20634   0.01457   0.03855   0.14245   0.04006   0.07342   0.03069   0.05349   0.02107   9.28712   1.50104   0.98214   1.55448   1.04604  
 28  1.4529   1979.883600  x:  0.31231   0.00000   0.13849   0.16620   0.01724   0.03427   0.13949   0.04793   0.05669   0.05583   0.05562   0.06485   0.00000   0.12829   0.17242   0.01836   0.03946   0.13692   0.03924   0.06771   0.03563   0.04682   0.03341   9.33617   1.54934   1.00593   1.61236   1.07277  
 29  0.2212   1979.499124  x:  0.30818   0.00000   0.12731   0.17471   0.01834   0.03216   0.13781   0.03894   0.06058   0.05333   0.05542   0.06123   0.00000   0.12271   0.16732   0.01955   0.03912   0.13208   0.03664   0.06970   0.03126   0.05196   0.03351   9.18683   1.56912   1.01792   1.63075   1.06998  
 30  0.1178   1979.382154  x:  0.30717   0.00000   0.13501   0.16504   0.01887   0.03217   0.13776   0.03377   0.06135   0.05302   0.05610   0.06033   0.00000   0.12809   0.16834   0.01982   0.03962   0.13231   0.03594   0.07017   0.03060   0.05181   0.03279   9.08863   1.56630   1.01542   1.62699   1.07087  
 31  0.1214   1979.331057  x:  0.30638   0.00000   0.13429   0.17061   0.01924   0.03351   0.13900   0.03200   0.06014   0.05341   0.05658   0.06030   0.00000   0.12482   0.17245   0.02011   0.03990   0.13449   0.03642   0.06943   0.03195   0.04972   0.03264   9.03496   1.55392   1.00689   1.61116   1.07376  
 32  0.0547   1979.304819  x:  0.30273   0.00000   0.13496   0.16958   0.02011   0.03406   0.14009   0.03321   0.05947   0.05389   0.05638   0.05926   0.00000   0.12871   0.16932   0.02085   0.03961   0.13489   0.03718   0.06896   0.03259   0.04955   0.03247   9.02623   1.54806   1.00299   1.60361   1.07119  
 33  0.0112   1979.287771  x:  0.29952   0.00000   0.13483   0.16990   0.02113   0.03361   0.13947   0.03362   0.05968   0.05374   0.05597   0.05854   0.00000   0.12691   0.17336   0.02152   0.03943   0.13446   0.03728   0.06893   0.03201   0.05018   0.03257   9.02999   1.55322   1.00664   1.60793   1.06851  
 34  0.0085   1979.282329  x:  0.29927   0.00000   0.13584   0.17144   0.02155   0.03318   0.14026   0.03312   0.05998   0.05352   0.05597   0.05854   0.00000   0.12746   0.17201   0.02176   0.03948   0.13452   0.03687   0.06905   0.03169   0.05006   0.03258   9.03989   1.55636   1.00867   1.61399   1.06983  
 35  0.0120   1979.279178  x:  0.30058   0.00000   0.13488   0.17093   0.02199   0.03292   0.14041   0.03328   0.06003   0.05341   0.05618   0.05861   0.00000   0.12790   0.17277   0.02187   0.03954   0.13497   0.03648   0.06916   0.03199   0.04979   0.03265   9.06837   1.55638   1.00844   1.61548   1.07296  
 36  0.0142   1979.276301  x:  0.30163   0.00000   0.13586   0.17075   0.02246   0.03310   0.13953   0.03353   0.05995   0.05349   0.05620   0.05907   0.00000   0.12727   0.17206   0.02196   0.03950   0.13484   0.03641   0.06920   0.03212   0.04992   0.03248   9.08736   1.55599   1.00798   1.61419   1.07229  
 37  0.0108   1979.274971  x:  0.30248   0.00000   0.13531   0.17053   0.02271   0.03327   0.14016   0.03329   0.06000   0.05354   0.05609   0.05918   0.00000   0.12719   0.17202   0.02196   0.03943   0.13456   0.03660   0.06916   0.03188   0.05005   0.03254   9.07573   1.55584   1.00817   1.61316   1.07043  
 38  0.0093   1979.274609  x:  0.30260   0.00000   0.13520   0.17077   0.02278   0.03324   0.13963   0.03325   0.06008   0.05349   0.05611   0.05923   0.00000   0.12748   0.17211   0.02190   0.03943   0.13459   0.03674   0.06916   0.03182   0.05005   0.03258   9.06352   1.55548   1.00797   1.61299   1.07063  
 39  0.0104   1979.274185  x:  0.30245   0.00000   0.13532   0.17060   0.02289   0.03311   0.13988   0.03337   0.06012   0.05339   0.05618   0.05927   0.00000   0.12722   0.17200   0.02175   0.03945   0.13467   0.03689   0.06917   0.03186   0.05001   0.03261   9.04689   1.55509   1.00784   1.61323   1.07143  
 40  0.0084   1979.273636  x:  0.30232   0.00000   0.13535   0.17062   0.02296   0.03312   0.13982   0.03335   0.05994   0.05353   0.05607   0.05910   0.00000   0.12736   0.17207   0.02145   0.03950   0.13449   0.03674   0.06915   0.03193   0.04996   0.03258   9.04385   1.55647   1.00861   1.61406   1.07038  
 41  0.0012   1979.273455  x:  0.30200   0.00000   0.13528   0.17066   0.02299   0.03319   0.13985   0.03332   0.06007   0.05348   0.05613   0.05915   0.00000   0.12736   0.17212   0.02134   0.03946   0.13462   0.03670   0.06917   0.03190   0.05006   0.03254   9.05387   1.55560   1.00812   1.61340   1.07062  
 42  0.0072   1979.273436  x:  0.30206   0.00000   0.13531   0.17066   0.02299   0.03320   0.13984   0.03332   0.06007   0.05346   0.05613   0.05909   0.00000   0.12733   0.17210   0.02133   0.03945   0.13461   0.03672   0.06916   0.03188   0.05003   0.03258   9.05744   1.55549   1.00806   1.61324   1.07080  
 43  0.0040   1979.273433  x:  0.30204   0.00000   0.13531   0.17066   0.02299   0.03319   0.13984   0.03332   0.06006   0.05346   0.05612   0.05912   0.00000   0.12734   0.17211   0.02133   0.03945   0.13459   0.03674   0.06915   0.03188   0.05001   0.03258   9.05893   1.55557   1.00809   1.61325   1.07086  
 44  0.0014   1979.273433  x:  0.30204   0.00000   0.13531   0.17066   0.02299   0.03319   0.13984   0.03331   0.06006   0.05346   0.05612   0.05911   0.00000   0.12734   0.17211   0.02133   0.03946   0.13459   0.03674   0.06915   0.03188   0.05002   0.03258   9.05919   1.55558   1.00809   1.61327   1.07085  
 45  0.0002   1979.273433  x:  0.30204   0.00000   0.13531   0.17066   0.02299   0.03319   0.13984   0.03331   0.06006   0.05346   0.05612   0.05911   0.00000   0.12734   0.17211   0.02133   0.03946   0.13459   0.03674   0.06915   0.03188   0.05002   0.03258   9.05921   1.55558   1.00809   1.61328   1.07085  
 46  0.0000   1979.273433  x:  0.30204   0.00000   0.13531   0.17066   0.02299   0.03319   0.13984   0.03331   0.06006   0.05346   0.05612   0.05911   0.00000   0.12734   0.17211   0.02133   0.03946   0.13459   0.03674   0.06915   0.03188   0.05002   0.03258   9.05921   1.55558   1.00809   1.61328   1.07085  
 47  0.0000   1979.273433  x:  0.30204   0.00000   0.13531   0.17066   0.02299   0.03319   0.13984   0.03331   0.06006   0.05346   0.05612   0.05911   0.00000   0.12734   0.17211   0.02133   0.03946   0.13459   0.03674   0.06915   0.03188   0.05002   0.03258   9.05921   1.55558   1.00809   1.61328   1.07085  
 48  0.0000   1979.273433  x:  0.30204   0.00000   0.13531   0.17066   0.02299   0.03319   0.13984   0.03331   0.06006   0.05346   0.05612   0.05911   0.00000   0.12734   0.17211   0.02133   0.03946   0.13459   0.03674   0.06915   0.03188   0.05002   0.03258   9.05921   1.55558   1.00809   1.61328   1.07085  