

TREE # 1

  0  0.0000   2188.105960  x:  0.20925   0.02571   0.03211   0.02495   0.05815   0.02188   0.05666   0.08536   0.02661   0.17168   0.20925   0.02571   0.03211   0.02495   0.05815   0.02188   0.05666   0.08536   0.02661   0.17168   0.21568   8.40433   1.70539   1.08114   1.36634   1.00000  
  1 99.0000   2122.061814  x:  0.22314   0.01266   0.01450   0.27683   0.08647   0.07067   0.08082   0.09583   0.03010   0.17198   0.20642   0.00986   0.04454   0.01256   0.04683   0.07364   0.08074   0.08281   0.03859   0.17012   0.21511   8.40455   1.70645   1.07990   1.36883   0.99921  
  2 1305.7710   2119.125063  x:  0.23073   0.01726   0.00000   0.27785   0.09060   0.06763   0.08332   0.09926   0.02728   0.17210   0.20483   0.01015   0.04614   0.01198   0.04224   0.07038   0.08543   0.08139   0.03927   0.16931   0.21481   8.40469   1.70713   1.07952   1.37006   0.99872  
  3 159.8258   2118.233457  x:  0.24471   0.00787   0.00000   0.27817   0.09486   0.06383   0.08783   0.10331   0.02304   0.17234   0.20173   0.01182   0.04675   0.01173   0.03895   0.06575   0.09061   0.07895   0.03942   0.16775   0.21421   8.40502   1.70876   1.07864   1.37282   0.99759  
  4 129.8705   2117.561067  x:  0.27126   0.00733   0.00000   0.27839   0.09392   0.06308   0.09548   0.10627   0.03268   0.17286   0.19520   0.01279   0.04174   0.01004   0.04889   0.06380   0.09014   0.07524   0.03685   0.16462   0.21288   8.40595   1.71325   1.07650   1.38014   0.99450  
  5 62.0648   2117.345723  x:  0.28347   0.00881   0.00000   0.27789   0.08959   0.06635   0.09475   0.10348   0.02806   0.17317   0.19185   0.01285   0.04361   0.01399   0.05026   0.06751   0.08617   0.07587   0.03873   0.16319   0.21203   8.40686   1.71755   1.07501   1.38683   0.99158  
  6 34.2369   2117.261839  x:  0.28794   0.00892   0.00000   0.27743   0.08793   0.06774   0.09336   0.10208   0.02658   0.17330   0.19061   0.01041   0.04414   0.01157   0.04940   0.06883   0.08450   0.07681   0.03883   0.16273   0.21166   8.40740   1.72006   1.07427   1.39058   0.98991  
  7 48.6443   2117.173530  x:  0.29141   0.00868   0.00000   0.27742   0.08727   0.06922   0.08922   0.10047   0.02880   0.17340   0.18975   0.01295   0.04400   0.01051   0.04546   0.06954   0.08366   0.07929   0.03785   0.16258   0.21117   8.40864   1.72579   1.07292   1.39883   0.98620  
  8 24.2318   2117.057258  x:  0.29233   0.00825   0.00000   0.27755   0.08804   0.06961   0.08526   0.09960   0.03072   0.17340   0.18972   0.00948   0.04276   0.01391   0.04400   0.06882   0.08531   0.08001   0.03667   0.16293   0.21061   8.41107   1.73688   1.07092   1.41434   0.97915  
  9 30.1682   2116.529527  x:  0.28700   0.00913   0.00000   0.27913   0.09191   0.06739   0.08122   0.09938   0.02660   0.17293   0.19219   0.01164   0.04160   0.01125   0.05189   0.06386   0.08762   0.08108   0.04078   0.16512   0.20859   8.42414   1.79587   1.06254   1.49504   0.94224  
 10 67.7207   2116.286490  x:  0.28247   0.00916   0.00000   0.27864   0.08951   0.06561   0.08916   0.10084   0.02694   0.17226   0.19274   0.01197   0.04506   0.01119   0.04846   0.06643   0.08530   0.07723   0.03550   0.16462   0.20831   8.43080   1.82471   1.06236   1.53237   0.92529  
 11 78.9956   2116.227432  x:  0.28124   0.00893   0.00000   0.27804   0.08847   0.06567   0.09171   0.10169   0.02807   0.17187   0.19203   0.01162   0.04298   0.01124   0.04589   0.06773   0.08477   0.07595   0.03911   0.16342   0.20863   8.43295   1.83287   1.06581   1.54116   0.92161  
 12 31.4238   2115.979893  x:  0.27826   0.00928   0.00000   0.27674   0.08919   0.07090   0.09171   0.10473   0.02624   0.16962   0.18342   0.01262   0.04109   0.01068   0.04672   0.06815   0.08843   0.07693   0.03690   0.15280   0.21249   8.44636   1.87567   1.11149   1.57294   0.91208  
 13 17.8204   2115.822104  x:  0.27887   0.00857   0.00000   0.27735   0.08956   0.06789   0.09038   0.10354   0.02939   0.16996   0.18204   0.01184   0.04749   0.01077   0.04746   0.06647   0.08730   0.07650   0.03968   0.15296   0.21372   8.45603   1.90537   1.14474   1.59305   0.90792  
 14 60.4561   2115.639449  x:  0.28172   0.00920   0.00000   0.27935   0.08983   0.06196   0.08995   0.10029   0.02754   0.17217   0.18601   0.01223   0.04343   0.01107   0.04665   0.06597   0.08400   0.07576   0.03800   0.16066   0.21321   8.46774   1.94014   1.18329   1.61499   0.90594  
 15 67.8632   2115.571465  x:  0.28379   0.00906   0.00000   0.27752   0.09016   0.06620   0.09155   0.10204   0.02783   0.17347   0.19186   0.01230   0.04403   0.01075   0.04678   0.06790   0.08688   0.07701   0.03829   0.16620   0.21102   8.47327   1.95503   1.19652   1.62315   0.90899  
 16 23.4782   2115.512965  x:  0.28457   0.00923   0.00000   0.27821   0.08822   0.06739   0.08998   0.10486   0.02744   0.17191   0.19666   0.01234   0.04402   0.01081   0.04619   0.06502   0.08508   0.07488   0.03817   0.16312   0.20755   8.48139   1.97207   1.20133   1.62928   0.92342  
 17  7.8015   2115.423794  x:  0.28491   0.00932   0.00000   0.27772   0.08999   0.06376   0.09108   0.10190   0.02765   0.17021   0.19791   0.01226   0.04409   0.01073   0.04659   0.06837   0.08701   0.07711   0.03827   0.15903   0.20575   8.49578   1.99974   1.20550   1.63835   0.95000  
 18 23.1306   2115.364926  x:  0.28409   0.00951   0.00000   0.27741   0.09176   0.06601   0.09217   0.10104   0.02759   0.17195   0.19197   0.01223   0.04413   0.01085   0.04590   0.06633   0.08589   0.07624   0.03827   0.16294   0.20985   8.50697   2.01754   1.20672   1.64388   0.96813  
 19 18.1646   2115.352956  x:  0.28395   0.00951   0.00000   0.27758   0.08987   0.06499   0.09124   0.10289   0.02745   0.17262   0.19043   0.01237   0.04417   0.01070   0.04608   0.06701   0.08686   0.07619   0.03824   0.16423   0.21104   8.51017   2.02033   1.20678   1.64471   0.97102  
 20  7.6320   2114.920042  x:  0.29169   0.01043   0.00000   0.27323   0.10332   0.06105   0.08687   0.11435   0.02629   0.18092   0.19482   0.01156   0.04527   0.01106   0.04389   0.07303   0.08105   0.07538   0.03844   0.15957   0.21951   8.73320   2.02011   1.20228   1.64111   0.96854  
 21  2.3119   2113.585527  x:  0.31143   0.01593   0.00000   0.26762   0.10075   0.05529   0.09189   0.11003   0.02284   0.18799   0.20074   0.01189   0.04747   0.00982   0.03331   0.05722   0.09792   0.07767   0.03959   0.15243   0.22954   9.40481   2.01627   1.18985   1.62974   0.95907  
 22 261.4134   2113.208338  x:  0.31516   0.01717   0.00000   0.26429   0.10584   0.05397   0.08825   0.11042   0.02182   0.17293   0.19137   0.01337   0.04850   0.00796   0.03119   0.05984   0.10224   0.06811   0.03980   0.15940   0.21601   9.59201   2.01326   1.18759   1.62768   0.95709  
 23 141.0795   2113.154881  x:  0.31517   0.01727   0.00000   0.26428   0.10654   0.05305   0.08974   0.11325   0.02170   0.17017   0.18830   0.01255   0.04851   0.00885   0.03071   0.05853   0.10037   0.07293   0.03985   0.16116   0.21128   9.61964   2.01188   1.18763   1.62831   0.95734  
 24 40.9749   2113.144051  x:  0.31459   0.01730   0.00000   0.26417   0.10666   0.05298   0.08979   0.11314   0.02169   0.17374   0.18688   0.01264   0.04854   0.00876   0.03067   0.05852   0.10062   0.07254   0.03985   0.16068   0.20803   9.62611   2.00837   1.18875   1.63180   0.95942  
 25  3.7411   2113.119588  x:  0.31499   0.01734   0.00000   0.26393   0.10679   0.05280   0.08997   0.11324   0.02165   0.17201   0.18770   0.01271   0.04860   0.00869   0.03067   0.05848   0.10075   0.07249   0.03986   0.16091   0.21007   9.64331   1.99337   1.19349   1.64727   0.96859  
 26  3.9802   2112.936224  x:  0.32155   0.01778   0.00000   0.25862   0.10742   0.05455   0.09069   0.11337   0.02094   0.17153   0.18666   0.01282   0.04832   0.00955   0.03807   0.05793   0.10313   0.07285   0.03999   0.16113   0.20865  10.02719   1.99626   1.19295   1.64764   0.97220  
 27  0.5384   2112.894081  x:  0.32437   0.01768   0.00000   0.25539   0.10649   0.05591   0.09125   0.11304   0.02202   0.17306   0.18767   0.01291   0.04777   0.00976   0.03608   0.05931   0.10270   0.07367   0.03962   0.16042   0.21035  10.31750   2.00205   1.19392   1.65071   0.97604  
 28  0.2510   2112.888855  x:  0.32335   0.01765   0.00000   0.25612   0.10615   0.05499   0.09098   0.11296   0.02151   0.17273   0.18765   0.01288   0.04770   0.00942   0.03591   0.05870   0.10210   0.07345   0.03964   0.16053   0.21010  10.39875   2.00213   1.19359   1.65081   0.97659  
 29  0.0718   2112.888378  x:  0.32266   0.01756   0.00000   0.25660   0.10616   0.05511   0.09088   0.11294   0.02167   0.17260   0.18760   0.01285   0.04778   0.00954   0.03596   0.05878   0.10194   0.07332   0.03968   0.16063   0.20993  10.41270   2.00130   1.19340   1.65052   0.97659  
 30  0.0124   2112.888350  x:  0.32260   0.01753   0.00000   0.25667   0.10619   0.05515   0.09091   0.11295   0.02164   0.17265   0.18763   0.01286   0.04779   0.00952   0.03599   0.05883   0.10196   0.07337   0.03968   0.16063   0.21000  10.41514   2.00138   1.19343   1.65051   0.97664  
 31  0.0024   2112.888348  x:  0.32262   0.01752   0.00000   0.25669   0.10621   0.05514   0.09092   0.11295   0.02165   0.17266   0.18763   0.01286   0.04779   0.00952   0.03599   0.05881   0.10199   0.07337   0.03968   0.16063   0.21001  10.41570   2.00142   1.19345   1.65051   0.97666  
 32  0.0005   2112.888348  x:  0.32263   0.01752   0.00000   0.25669   0.10621   0.05514   0.09092   0.11295   0.02164   0.17265   0.18763   0.01286   0.04779   0.00952   0.03599   0.05881   0.10199   0.07337   0.03968   0.16063   0.21001  10.41561   2.00140   1.19345   1.65050   0.97666  
 33  0.0001   2112.888348  x:  0.32263   0.01751   0.00000   0.25668   0.10621   0.05514   0.09092   0.11295   0.02165   0.17265   0.18763   0.01286   0.04779   0.00952   0.03599   0.05881   0.10199   0.07337   0.03968   0.16063   0.21000  10.41552   2.00140   1.19344   1.65050   0.97666  
 34  0.0001   2112.888348  x:  0.32263   0.01751   0.00000   0.25668   0.10621   0.05514   0.09092   0.11295   0.02165   0.17265   0.18763   0.01286   0.04779   0.00952   0.03599   0.05881   0.10199   0.07337   0.03968   0.16063   0.21000  10.41551   2.00140   1.19344   1.65050   0.97666  
 35  0.0000   2112.888348  x:  0.32263   0.01751   0.00000   0.25668   0.10621   0.05514   0.09092   0.11295   0.02165   0.17265   0.18763   0.01286   0.04779   0.00952   0.03599   0.05881   0.10199   0.07337   0.03968   0.16063   0.21000  10.41552   2.00140   1.19344   1.65050   0.97666  