

TREE # 1

  0  0.0000   2077.362086  x:  0.01972   0.20925   0.02571   0.03211   0.02495   0.05815   0.02188   0.05666   0.08536   0.02661   0.17168   0.20925   0.02571   0.03211   0.02495   0.05815   0.02188   0.05666   0.08536   0.02661   0.17168   0.21568   8.40433   1.85386   1.18464   1.24567   1.00000  
  1 99.0000   2060.303306  x:  0.01610   0.20177   0.07603   0.02152   0.06440   0.04640   0.02791   0.05573   0.10471   0.06626   0.17198   0.20431   0.03106   0.03946   0.05453   0.09015   0.05316   0.08711   0.09478   0.03410   0.16125   0.22068   8.40426   1.85083   1.18278   1.25092   1.00023  
  2 452.4910   2056.679083  x:  0.01744   0.18338   0.07185   0.01416   0.05706   0.02904   0.01938   0.05352   0.13122   0.05897   0.17292   0.19244   0.02673   0.03727   0.04871   0.11427   0.04078   0.11178   0.10935   0.03175   0.13646   0.23231   8.40410   1.84268   1.17935   1.26395   1.00049  
  3 113.3008   2055.671229  x:  0.01739   0.17265   0.06937   0.02272   0.05504   0.03654   0.02924   0.05337   0.14107   0.05573   0.17331   0.18563   0.02890   0.03657   0.04708   0.12197   0.03852   0.11896   0.11402   0.03265   0.12284   0.23895   8.40399   1.83678   1.17688   1.27318   1.00067  
  4 120.0881   2055.061478  x:  0.01740   0.16037   0.06551   0.01697   0.05582   0.04556   0.02442   0.05419   0.14248   0.05583   0.17354   0.17813   0.03212   0.03682   0.04802   0.12041   0.04401   0.11587   0.11285   0.03378   0.11064   0.24656   8.40379   1.82679   1.17299   1.28819   1.00092  
  5 56.7864   2054.438117  x:  0.01891   0.14598   0.06520   0.02270   0.05903   0.03765   0.02367   0.05438   0.13932   0.05969   0.17373   0.16902   0.02853   0.03703   0.04938   0.11351   0.04573   0.10764   0.10828   0.03191   0.10169   0.25669   8.40340   1.80830   1.16592   1.31526   1.00139  
  6 61.1718   2054.057159  x:  0.01711   0.14142   0.06714   0.01682   0.05839   0.03507   0.03022   0.05327   0.13657   0.06103   0.17373   0.16566   0.02925   0.03742   0.04892   0.11108   0.04128   0.10572   0.10714   0.03374   0.10449   0.26220   8.40303   1.79125   1.15946   1.33941   1.00184  
  7 60.9757   2053.266646  x:  0.01859   0.14230   0.07364   0.02034   0.05562   0.03974   0.02372   0.05200   0.13289   0.06041   0.17370   0.16395   0.03143   0.03805   0.04819   0.11252   0.03588   0.10934   0.10862   0.03535   0.11944   0.27039   8.40204   1.74780   1.14320   1.39944   1.00300  
  8 93.5380   2052.877787  x:  0.01743   0.14864   0.07034   0.01960   0.05495   0.03907   0.02592   0.05404   0.13282   0.05613   0.17329   0.16723   0.02777   0.03638   0.04768   0.11493   0.04482   0.11163   0.10989   0.03089   0.12335   0.26960   8.40145   1.72301   1.13458   1.43185   1.00354  
  9 84.8451   2052.683839  x:  0.01823   0.15589   0.06597   0.02013   0.05803   0.03675   0.02603   0.05452   0.13457   0.05620   0.17255   0.17279   0.03100   0.03640   0.04876   0.11507   0.04448   0.11093   0.10978   0.03505   0.11803   0.26260   8.40103   1.70805   1.13046   1.44873   1.00367  
 10 40.2401   2052.600324  x:  0.01697   0.15881   0.06655   0.01965   0.05868   0.03842   0.02573   0.05345   0.13574   0.05817   0.17193   0.17569   0.02891   0.03680   0.04891   0.11462   0.04175   0.11017   0.10925   0.03282   0.11373   0.25680   8.40078   1.70059   1.12907   1.45551   1.00360  
 11 32.4740   2052.581227  x:  0.01866   0.15822   0.06832   0.01937   0.05695   0.03834   0.02601   0.05320   0.13601   0.05800   0.17166   0.17601   0.02917   0.03679   0.04840   0.11434   0.04224   0.10982   0.10908   0.03266   0.11277   0.25349   8.40064   1.69762   1.12917   1.45645   1.00343  
 12 10.4904   2052.570175  x:  0.01744   0.15706   0.06927   0.01964   0.05618   0.03805   0.02577   0.05341   0.13609   0.05737   0.17137   0.17586   0.02952   0.03671   0.04819   0.11421   0.04264   0.10972   0.10905   0.03311   0.11267   0.25088   8.40049   1.69515   1.12950   1.45648   1.00323  
 13 11.1561   2052.559051  x:  0.01792   0.15502   0.06873   0.01952   0.05751   0.03828   0.02580   0.05401   0.13599   0.05664   0.17112   0.17506   0.02905   0.03667   0.04858   0.11434   0.04225   0.11012   0.10926   0.03314   0.11371   0.24782   8.40019   1.69097   1.13029   1.45535   1.00281  
 14  7.0367   2052.551034  x:  0.01785   0.15439   0.06745   0.01969   0.05735   0.03815   0.02583   0.05295   0.13592   0.05791   0.17119   0.17436   0.02976   0.03678   0.04850   0.11463   0.04252   0.11040   0.10945   0.03256   0.11444   0.24693   8.39977   1.68606   1.13116   1.45312   1.00229  
 15  5.4575   2052.536307  x:  0.01786   0.15497   0.06699   0.01973   0.05667   0.03840   0.02582   0.05331   0.13588   0.05917   0.17181   0.17354   0.02849   0.03633   0.04815   0.11487   0.04273   0.11045   0.10941   0.03392   0.11450   0.24771   8.39876   1.67495   1.13269   1.44731   1.00110  
 16  9.0383   2052.513313  x:  0.01778   0.15637   0.06792   0.01961   0.05690   0.03821   0.02586   0.05448   0.13584   0.05810   0.17275   0.17306   0.02949   0.03692   0.04846   0.11471   0.04227   0.11016   0.10917   0.03286   0.11381   0.25019   8.39702   1.65679   1.13438   1.43735   0.99920  
 17 23.2664   2052.507924  x:  0.01781   0.15623   0.06828   0.01959   0.05742   0.03824   0.02583   0.05306   0.13590   0.05723   0.17250   0.17373   0.02932   0.03650   0.04847   0.11445   0.04241   0.11010   0.10919   0.03306   0.11368   0.25090   8.39650   1.65254   1.13358   1.43468   0.99882  
 18  8.4387   2052.496406  x:  0.01791   0.15441   0.06806   0.01962   0.05722   0.03825   0.02584   0.05353   0.13641   0.05768   0.17051   0.17690   0.02919   0.03723   0.04823   0.11376   0.04252   0.11038   0.10953   0.03310   0.11393   0.25212   8.39487   1.64336   1.12676   1.42760   0.99827  
 19  5.5070   2052.487568  x:  0.01792   0.15408   0.06803   0.01959   0.05704   0.03824   0.02580   0.05398   0.13620   0.05802   0.17023   0.17701   0.02959   0.03546   0.04866   0.11414   0.04223   0.11018   0.10930   0.03276   0.11389   0.25220   8.39342   1.63659   1.11956   1.42184   0.99799  
 20  9.7677   2052.466519  x:  0.01788   0.15467   0.06782   0.01959   0.05685   0.03817   0.02580   0.05351   0.13524   0.05764   0.17127   0.17451   0.02926   0.03680   0.04878   0.11528   0.04220   0.10980   0.10870   0.03304   0.11350   0.25148   8.38971   1.62055   1.10061   1.40778   0.99742  
 21 21.7088   2052.464948  x:  0.01786   0.15482   0.06793   0.01957   0.05720   0.03818   0.02578   0.05359   0.13560   0.05776   0.17165   0.17414   0.02936   0.03669   0.04807   0.11461   0.04229   0.10996   0.10906   0.03300   0.11355   0.25138   8.38932   1.61938   1.09914   1.40674   0.99740  
 22  4.1712   2052.464594  x:  0.01785   0.15487   0.06790   0.01956   0.05710   0.03818   0.02579   0.05357   0.13588   0.05776   0.17186   0.17403   0.02933   0.03668   0.04838   0.11417   0.04231   0.11007   0.10924   0.03301   0.11361   0.25135   8.38912   1.61914   1.09882   1.40652   0.99741  
 23  1.3227   2052.464107  x:  0.01783   0.15471   0.06786   0.01956   0.05711   0.03819   0.02578   0.05356   0.13633   0.05776   0.17243   0.17427   0.02933   0.03669   0.04832   0.11425   0.04231   0.10991   0.10874   0.03300   0.11381   0.25133   8.38736   1.61912   1.09880   1.40643   0.99768  
 24  0.2379   2052.453610  x:  0.01776   0.15402   0.06747   0.01951   0.05681   0.03811   0.02561   0.05359   0.13453   0.05763   0.17514   0.17579   0.02921   0.03666   0.04824   0.11436   0.04211   0.10913   0.11046   0.03291   0.11356   0.25105   8.34524   1.61958   1.09956   1.40488   1.00376  
 25  1.8744   2052.423831  x:  0.01779   0.15533   0.06630   0.01923   0.05607   0.03793   0.02518   0.05356   0.13398   0.05681   0.17235   0.17461   0.02912   0.03658   0.04764   0.11227   0.04174   0.10975   0.10804   0.03268   0.11379   0.25050   8.22585   1.62110   1.10186   1.40057   1.01937  
 26 29.6630   2052.419924  x:  0.01781   0.15565   0.06625   0.01917   0.05605   0.03793   0.02511   0.05354   0.13498   0.05671   0.17151   0.17419   0.02905   0.03667   0.04767   0.11261   0.04169   0.10792   0.10886   0.03265   0.11428   0.25047   8.21014   1.62143   1.10207   1.40011   1.01967  
 27 12.1541   2052.391132  x:  0.01783   0.15608   0.06517   0.01894   0.05532   0.03777   0.02470   0.05352   0.13376   0.05600   0.17193   0.17483   0.02892   0.03664   0.04718   0.11139   0.04130   0.10738   0.10835   0.03244   0.11449   0.24990   8.09478   1.62615   1.10194   1.39844   0.99410  
 28  5.8292   2052.388287  x:  0.01787   0.15572   0.06455   0.01924   0.05493   0.03799   0.02505   0.05352   0.13398   0.05564   0.17179   0.17457   0.02905   0.03656   0.04692   0.11140   0.04097   0.10738   0.10843   0.03261   0.11430   0.25014   8.09458   1.62437   1.10193   1.40195   0.99350  
 29  0.0034   2052.388146  x:  0.01788   0.15572   0.06456   0.01932   0.05492   0.03806   0.02502   0.05353   0.13382   0.05563   0.17181   0.17457   0.02903   0.03656   0.04691   0.11122   0.04096   0.10721   0.10837   0.03258   0.11434   0.25019   8.10577   1.62457   1.10188   1.40181   0.99379  
 30  0.0090   2052.388141  x:  0.01788   0.15574   0.06453   0.01930   0.05491   0.03806   0.02503   0.05353   0.13383   0.05561   0.17182   0.17459   0.02903   0.03656   0.04690   0.11123   0.04096   0.10722   0.10837   0.03258   0.11434   0.25017   8.10755   1.62461   1.10188   1.40172   0.99384  
 31  0.0015   2052.388141  x:  0.01788   0.15574   0.06453   0.01930   0.05491   0.03805   0.02502   0.05353   0.13383   0.05561   0.17182   0.17459   0.02903   0.03656   0.04690   0.11123   0.04096   0.10722   0.10837   0.03258   0.11434   0.25017   8.10770   1.62460   1.10188   1.40173   0.99383  
 32  0.0001   2052.388141  x:  0.01788   0.15574   0.06453   0.01930   0.05491   0.03805   0.02502   0.05353   0.13383   0.05561   0.17182   0.17459   0.02903   0.03656   0.04690   0.11123   0.04096   0.10722   0.10837   0.03258   0.11434   0.25017   8.10770   1.62460   1.10188   1.40173   0.99383  
 33  0.0000   2052.388141  x:  0.01788   0.15574   0.06453   0.01930   0.05491   0.03805   0.02502   0.05353   0.13383   0.05561   0.17182   0.17459   0.02903   0.03656   0.04690   0.11123   0.04096   0.10722   0.10837   0.03258   0.11434   0.25017   8.10770   1.62460   1.10188   1.40173   0.99383  