

TREE # 1

  0  0.0000   2225.034939  x:  0.00000   0.03737   0.07228   0.02976   0.08013   0.09668   0.04329   0.07167   0.10624   0.04366   0.12710   0.02367   0.04844   0.01530   0.03273   0.06796   0.07601   0.04008   0.06380   0.06208   0.09099   0.11226   0.11881   2.00000   1.61486   1.12923   1.50791   0.40000  
  1 99.0000   2201.365778  x:  0.19180   0.11019   0.07124   0.04784   0.06137   0.09626   0.03079   0.08858   0.11158   0.05486   0.14776   0.02687   0.09484   0.00878   0.04698   0.05003   0.07241   0.03954   0.04910   0.07447   0.07372   0.14147   0.17359   2.00759   1.61404   1.12434   1.51195   0.42627  
  2 1094.5665   2178.166066  x:  0.15813   0.13626   0.06648   0.05662   0.01940   0.09562   0.01668   0.11057   0.11836   0.05792   0.17786   0.00636   0.14138   0.02278   0.05254   0.01261   0.06523   0.04129   0.02031   0.09083   0.03548   0.17829   0.24301   2.02833   1.61167   1.11309   1.52116   0.48426  
  3 285.8543   2170.783635  x:  0.14434   0.14892   0.06494   0.05872   0.01708   0.09551   0.02736   0.11889   0.12076   0.05817   0.19165   0.00000   0.15846   0.01287   0.05376   0.03179   0.06302   0.04274   0.02785   0.09573   0.02624   0.19476   0.27551   2.04147   1.61014   1.10638   1.52684   0.51520  
  4 358.2165   2166.270634  x:  0.13196   0.16103   0.06458   0.05817   0.04091   0.09531   0.02630   0.12278   0.12157   0.05683   0.20441   0.00245   0.16846   0.00265   0.05172   0.02655   0.06344   0.04185   0.03463   0.09617   0.04686   0.20956   0.30811   2.06145   1.60778   1.09725   1.53490   0.55257  
  5 276.9374   2165.024412  x:  0.12859   0.16592   0.06474   0.05708   0.04977   0.09525   0.02696   0.12280   0.12144   0.05595   0.20895   0.00334   0.17016   0.01360   0.05087   0.02828   0.06432   0.04125   0.03897   0.09516   0.05596   0.21477   0.32095   2.07192   1.60654   1.09280   1.53892   0.56954  
  6 421.3135   2162.551693  x:  0.12969   0.16764   0.06630   0.05194   0.04502   0.09522   0.02374   0.11385   0.11881   0.05379   0.20835   0.00000   0.15728   0.01325   0.04781   0.03007   0.06847   0.03917   0.03826   0.08709   0.05928   0.21385   0.32851   2.09500   1.60370   1.08487   1.54659   0.59379  
  7 108.4041   2159.532167  x:  0.13446   0.16206   0.06755   0.05759   0.04174   0.09560   0.04987   0.10363   0.11616   0.05710   0.20298   0.00000   0.12531   0.01324   0.05419   0.01575   0.06378   0.04625   0.03853   0.08456   0.05458   0.20602   0.33385   2.16438   1.59529   1.06348   1.56823   0.64778  
  8 177.3850   2155.567742  x:  0.13945   0.14187   0.06308   0.07879   0.04671   0.09360   0.03691   0.11204   0.11824   0.06544   0.19405   0.00000   0.10207   0.01332   0.06711   0.02702   0.04902   0.05033   0.02246   0.10365   0.04481   0.19241   0.32323   2.27689   1.58192   1.03324   1.60061   0.70784  
  9 176.5295   2152.198482  x:  0.14400   0.12023   0.05751   0.08693   0.03666   0.09200   0.02253   0.12507   0.12072   0.06749   0.18783   0.00000   0.10857   0.01260   0.06880   0.02196   0.05534   0.04710   0.04950   0.11772   0.03216   0.18202   0.30115   2.39674   1.56805   1.00559   1.63217   0.75019  
 10 235.5708   2147.877005  x:  0.14671   0.10338   0.05645   0.08055   0.01616   0.09245   0.03728   0.14009   0.12301   0.06411   0.18609   0.00000   0.14188   0.01120   0.05667   0.02449   0.06710   0.03816   0.03766   0.12474   0.04041   0.17700   0.26624   2.55386   1.55090   0.97612   1.66875   0.78016  
 11 256.0494   2145.389890  x:  0.14491   0.10904   0.06228   0.06758   0.02529   0.09379   0.03955   0.13979   0.12204   0.06050   0.18785   0.00000   0.15934   0.01200   0.04907   0.02415   0.06716   0.04348   0.03015   0.11628   0.02162   0.17858   0.24790   2.65192   1.54131   0.96305   1.68761   0.78388  
 12 236.8680   2142.382568  x:  0.13610   0.13278   0.06954   0.05811   0.01466   0.09523   0.03506   0.13335   0.12146   0.06258   0.19198   0.00000   0.17226   0.01103   0.06076   0.02544   0.04453   0.06023   0.03398   0.10387   0.02440   0.18521   0.23403   2.79404   1.52943   0.95231   1.70869   0.76821  
 13 220.9269   2136.624861  x:  0.11419   0.18359   0.05900   0.08261   0.01389   0.09530   0.03615   0.11363   0.12330   0.07044   0.19531   0.00000   0.16814   0.00987   0.09787   0.02774   0.07840   0.04519   0.03021   0.09427   0.02155   0.20096   0.25220   3.15557   1.50517   0.94431   1.74651   0.69321  
 14 211.4786   2129.752238  x:  0.11320   0.18877   0.05219   0.08302   0.01647   0.09075   0.03925   0.11826   0.11768   0.05052   0.19157   0.00000   0.14655   0.01085   0.05402   0.02466   0.05549   0.02805   0.03633   0.11259   0.02384   0.20632   0.31205   3.56552   1.48613   0.95188   1.77256   0.61094  
 15 252.5951   2127.796132  x:  0.11614   0.17808   0.05939   0.07984   0.01770   0.09111   0.03710   0.12412   0.11707   0.05339   0.19205   0.00000   0.14247   0.01106   0.04247   0.02566   0.06534   0.05257   0.03580   0.11674   0.03004   0.20669   0.33419   3.71295   1.48275   0.95849   1.77693   0.58802  
 16 357.0848   2125.474825  x:  0.12499   0.14507   0.07624   0.05648   0.02702   0.09616   0.03662   0.13166   0.11752   0.06500   0.19968   0.00000   0.14856   0.01092   0.06496   0.02527   0.06359   0.04726   0.03515   0.10525   0.03541   0.20584   0.35222   3.88486   1.48771   0.97600   1.76903   0.57902  
 17 175.7176   2124.000583  x:  0.13049   0.13335   0.05480   0.06679   0.03395   0.09689   0.03564   0.12251   0.12725   0.06276   0.21659   0.00000   0.15668   0.01141   0.06372   0.02516   0.05863   0.05084   0.03519   0.08735   0.04077   0.21177   0.33754   3.99634   1.50659   1.00211   1.74249   0.59466  
 18 74.6080   2122.687738  x:  0.13023   0.14742   0.06984   0.07395   0.03860   0.09304   0.03484   0.11536   0.12956   0.06696   0.22992   0.00000   0.15618   0.01161   0.05609   0.02425   0.06062   0.04466   0.03782   0.10210   0.04640   0.21901   0.30798   4.10420   1.53788   1.03687   1.70044   0.62095  
 19 84.6785   2122.156957  x:  0.12901   0.15888   0.06221   0.06547   0.03980   0.09445   0.03512   0.12496   0.12117   0.05793   0.22292   0.00000   0.15410   0.01141   0.06159   0.02383   0.06404   0.04695   0.03733   0.10955   0.04797   0.21781   0.29985   4.14591   1.55800   1.05360   1.67533   0.63247  
 20 54.4211   2121.744409  x:  0.12607   0.16540   0.06322   0.06964   0.03869   0.09756   0.03544   0.13360   0.11946   0.06534   0.20302   0.00000   0.15841   0.01154   0.05770   0.02408   0.06310   0.04537   0.03761   0.10090   0.04702   0.21113   0.30442   4.17601   1.58457   1.06835   1.64529   0.63898  
 21 30.6742   2121.495047  x:  0.12558   0.16091   0.06683   0.07023   0.03685   0.09301   0.03573   0.12569   0.12547   0.05815   0.19768   0.00000   0.16264   0.01130   0.06069   0.02456   0.06274   0.04710   0.03716   0.10326   0.04488   0.20744   0.31314   4.19179   1.60709   1.07618   1.62250   0.63882  
 22 22.4587   2121.324781  x:  0.12565   0.15550   0.06334   0.06602   0.03458   0.09707   0.03575   0.12186   0.12347   0.06431   0.20654   0.00000   0.15961   0.01118   0.05939   0.02491   0.06263   0.04734   0.03702   0.10704   0.04246   0.20917   0.31868   4.20123   1.62589   1.07896   1.60637   0.63554  
 23 16.9897   2121.230725  x:  0.12585   0.15260   0.06629   0.06793   0.03293   0.09532   0.03578   0.12842   0.12224   0.06156   0.21448   0.00000   0.15434   0.01118   0.05938   0.02491   0.06318   0.04703   0.03701   0.10292   0.04139   0.21298   0.31986   4.20645   1.63644   1.07791   1.60038   0.63344  
 24 11.2804   2120.379704  x:  0.12470   0.15091   0.06452   0.06028   0.03502   0.09466   0.03476   0.12912   0.13469   0.06298   0.20075   0.00000   0.15005   0.01123   0.05773   0.02447   0.06318   0.04603   0.03684   0.10333   0.04347   0.24010   0.31685   4.26602   1.70556   1.02703   1.62622   0.64102  
 25  3.5370   2119.240827  x:  0.12065   0.15293   0.06909   0.06987   0.03740   0.09918   0.03309   0.12077   0.10726   0.05590   0.20769   0.00000   0.16297   0.01116   0.05739   0.02479   0.06159   0.04571   0.03645   0.10171   0.04609   0.22120   0.32171   4.34205   1.77300   0.98715   1.66595   0.65586  
 26 34.2928   2117.930530  x:  0.11416   0.16489   0.06379   0.05798   0.03778   0.08201   0.03291   0.12792   0.12170   0.06292   0.22472   0.00000   0.16336   0.01116   0.05395   0.02449   0.06251   0.04438   0.03535   0.09927   0.04661   0.18627   0.33034   4.42454   1.81800   0.98643   1.71366   0.67653  
 27 38.8475   2114.869674  x:  0.10152   0.16739   0.07336   0.05073   0.03331   0.12917   0.02894   0.13535   0.15145   0.04641   0.23790   0.00000   0.15702   0.01083   0.04902   0.02531   0.06385   0.04244   0.03396   0.09752   0.04447   0.17257   0.35165   4.63062   1.88398   1.05462   1.83698   0.73584  
 28 66.6438   2106.554238  x:  0.07447   0.13292   0.07509   0.03241   0.02250   0.09408   0.02279   0.12571   0.11197   0.05370   0.22809   0.00000   0.15558   0.00996   0.03845   0.02849   0.06187   0.04217   0.02837   0.08873   0.03496   0.23147   0.40392   5.15072   2.01263   1.27116   2.14184   0.89014  
 29 197.9828   2100.637849  x:  0.05257   0.13536   0.07820   0.02789   0.02309   0.09852   0.01848   0.12691   0.11735   0.04992   0.23090   0.00000   0.15494   0.01001   0.03467   0.02935   0.06342   0.04110   0.02724   0.08464   0.03724   0.24145   0.42377   5.53094   1.50875   0.97003   1.67940   0.99125  
 30  8.0107   2093.933661  x:  0.00000   0.15343   0.07297   0.06676   0.02011   0.09229   0.02269   0.11711   0.11506   0.05598   0.23232   0.00000   0.14722   0.00968   0.04903   0.02863   0.06863   0.04279   0.03200   0.08443   0.03575   0.25587   0.44639   6.17548   1.51564   0.98390   1.70984   1.09840  
 31  1.1403   2090.706675  x:  0.00000   0.12568   0.06509   0.05271   0.03311   0.09415   0.03231   0.10853   0.11806   0.05620   0.23654   0.00000   0.12384   0.01071   0.04738   0.02504   0.06619   0.03883   0.03887   0.09022   0.04450   0.23534   0.38457   6.55724   1.71232   1.06157   1.81684   1.08125  
 32  0.3634   2089.491820  x:  0.00000   0.12611   0.06306   0.04813   0.02783   0.09742   0.02480   0.11768   0.12199   0.05843   0.23356   0.00000   0.11547   0.01040   0.04892   0.02832   0.06743   0.04084   0.03332   0.08714   0.04192   0.22237   0.34210   7.16807   1.65032   1.02352   1.76224   1.08535  
 33  0.3013   2089.490901  x:  0.00036   0.12611   0.06306   0.04813   0.02782   0.09743   0.02479   0.11769   0.12199   0.05843   0.23355   0.00000   0.11546   0.01040   0.04893   0.02832   0.06743   0.04084   0.03332   0.08714   0.04191   0.22236   0.34207   7.16857   1.65027   1.02349   1.76219   1.08536  
 34  9.4631   2089.036849  x:  0.00000   0.13115   0.06705   0.04999   0.02484   0.09417   0.02634   0.11250   0.11891   0.05568   0.22854   0.00000   0.12819   0.01047   0.04629   0.02799   0.06542   0.04118   0.03290   0.08781   0.03874   0.22632   0.34642   7.58416   1.63723   1.02625   1.78754   1.09256  
 35  0.3204   2088.838635  x:  0.00000   0.13062   0.06766   0.04903   0.02501   0.09561   0.02738   0.11442   0.11954   0.05687   0.22987   0.00000   0.12744   0.01081   0.04772   0.02640   0.06570   0.04073   0.03600   0.08977   0.03811   0.23292   0.35315   8.10281   1.66026   1.03442   1.81924   1.07530  
 36  0.2734   2088.782420  x:  0.00000   0.12682   0.06720   0.05003   0.02629   0.09508   0.02695   0.11409   0.11876   0.05629   0.23093   0.00000   0.12741   0.01089   0.04683   0.02685   0.06609   0.04055   0.03443   0.08827   0.03954   0.23045   0.35338   8.20070   1.65057   1.02732   1.79876   1.05317  
 37  0.0792   2088.782387  x:  0.00007   0.12681   0.06720   0.05003   0.02629   0.09508   0.02695   0.11409   0.11876   0.05628   0.23093   0.00000   0.12741   0.01089   0.04683   0.02685   0.06609   0.04055   0.03443   0.08827   0.03955   0.23045   0.35338   8.20093   1.65055   1.02730   1.79871   1.05312  
 38  3.8046   2088.775118  x:  0.00000   0.12814   0.06686   0.04996   0.02618   0.09518   0.02686   0.11403   0.11908   0.05648   0.23101   0.00000   0.12653   0.01084   0.04714   0.02697   0.06630   0.04072   0.03429   0.08838   0.03956   0.23015   0.35463   8.19474   1.65033   1.02760   1.79689   1.04860  
 39  0.0147   2088.772430  x:  0.00000   0.12869   0.06674   0.04984   0.02602   0.09524   0.02683   0.11402   0.11938   0.05666   0.23117   0.00000   0.12571   0.01074   0.04738   0.02704   0.06631   0.04090   0.03438   0.08855   0.03950   0.23002   0.35615   8.17002   1.64901   1.02807   1.79617   1.04197  
 40  0.0242   2088.772289  x:  0.00000   0.12883   0.06676   0.04990   0.02605   0.09520   0.02684   0.11400   0.11931   0.05666   0.23110   0.00000   0.12593   0.01071   0.04734   0.02705   0.06626   0.04085   0.03438   0.08851   0.03954   0.23015   0.35590   8.16107   1.64920   1.02792   1.79695   1.04109  
 41  0.0067   2088.772276  x:  0.00000   0.12872   0.06677   0.04990   0.02603   0.09519   0.02686   0.11399   0.11930   0.05664   0.23111   0.00000   0.12593   0.01070   0.04735   0.02704   0.06626   0.04086   0.03439   0.08853   0.03952   0.23017   0.35584   8.15994   1.64901   1.02778   1.79687   1.04096  
 42  0.0013   2088.772276  x:  0.00000   0.12872   0.06677   0.04991   0.02602   0.09520   0.02685   0.11400   0.11929   0.05665   0.23111   0.00000   0.12592   0.01070   0.04735   0.02704   0.06627   0.04086   0.03440   0.08853   0.03952   0.23018   0.35583   8.16022   1.64905   1.02781   1.79689   1.04097  
 43  0.0002   2088.772275  x:  0.00000   0.12873   0.06676   0.04991   0.02603   0.09520   0.02686   0.11400   0.11929   0.05665   0.23111   0.00000   0.12592   0.01070   0.04736   0.02704   0.06627   0.04086   0.03440   0.08853   0.03952   0.23018   0.35583   8.16030   1.64903   1.02780   1.79688   1.04097  
 44  0.0001   2088.772275  x:  0.00000   0.12873   0.06677   0.04991   0.02603   0.09520   0.02686   0.11400   0.11929   0.05665   0.23111   0.00000   0.12592   0.01070   0.04735   0.02704   0.06627   0.04086   0.03440   0.08853   0.03952   0.23017   0.35583   8.16030   1.64904   1.02781   1.79688   1.04098  
 45  0.0000   2088.772275  x:  0.00000   0.12873   0.06677   0.04991   0.02603   0.09520   0.02686   0.11400   0.11929   0.05665   0.23111   0.00000   0.12592   0.01070   0.04735   0.02704   0.06627   0.04086   0.03440   0.08853   0.03952   0.23018   0.35583   8.16030   1.64904   1.02781   1.79688   1.04098  

TREE # 2

  0  0.0000   2100.577370  x:  0.30952   0.00283   0.23211   0.07000   0.05009   0.00043   0.09396   0.03827   0.04766   0.02069   0.05828   0.05557   0.00000   0.23111   0.06442   0.06855   0.03711   0.10577   0.04037   0.09383   0.04181   0.08297   0.03713   8.16030   1.51542   0.99531   1.62590   1.04098  
  1 99.0000   2097.678626  x:  0.31036   0.00220   0.23232   0.07272   0.04949   0.02057   0.09393   0.04011   0.04644   0.02202   0.05900   0.05438   0.00345   0.23143   0.06767   0.06823   0.04010   0.10653   0.04136   0.09473   0.04043   0.08364   0.03590   8.16030   1.51554   0.99515   1.62613   1.04098  
  2 714.1853   2095.382535  x:  0.31226   0.00000   0.23274   0.07816   0.04741   0.01987   0.09330   0.04226   0.04372   0.02440   0.06053   0.05172   0.00459   0.23202   0.07434   0.06746   0.04608   0.10821   0.04342   0.09675   0.03734   0.08513   0.03323   8.16029   1.51579   0.99476   1.62666   1.04099  
  3 205.4698   2094.847060  x:  0.31421   0.00000   0.23288   0.08191   0.04639   0.02046   0.09283   0.04208   0.04234   0.02217   0.06096   0.05016   0.00000   0.23233   0.07744   0.06643   0.04515   0.10919   0.04351   0.09836   0.03553   0.08618   0.03263   8.16028   1.51610   0.99430   1.62730   1.04101  
  4 118.6521   2094.401296  x:  0.31859   0.00000   0.23300   0.08842   0.04506   0.02021   0.09196   0.04025   0.04069   0.01669   0.06109   0.04786   0.00215   0.23305   0.08249   0.06417   0.03930   0.11081   0.04244   0.10144   0.03292   0.08803   0.03288   8.16026   1.51689   0.99323   1.62883   1.04108  
  5 115.1465   2094.258596  x:  0.32253   0.00000   0.23276   0.09149   0.04499   0.02022   0.09152   0.03893   0.04113   0.02050   0.06073   0.04755   0.00205   0.23334   0.08401   0.06277   0.03549   0.11172   0.04124   0.10331   0.03284   0.08897   0.03412   8.16023   1.51775   0.99214   1.63041   1.04115  
  6 49.0601   2094.107062  x:  0.33453   0.00000   0.23136   0.09413   0.04641   0.02021   0.09106   0.03708   0.04442   0.01993   0.05916   0.04914   0.00205   0.23355   0.08328   0.06137   0.03851   0.11354   0.03981   0.10636   0.03635   0.08999   0.03698   8.16016   1.52082   0.98845   1.63596   1.04142  
  7 25.3218   2093.924605  x:  0.35488   0.00000   0.22888   0.09104   0.04638   0.02003   0.09131   0.04215   0.04397   0.01965   0.06006   0.04975   0.00230   0.23347   0.07976   0.06220   0.03716   0.11451   0.04114   0.10693   0.03541   0.08929   0.03384   8.16001   1.52739   0.98122   1.64765   1.04196  
  8 29.0622   2093.852317  x:  0.36203   0.00000   0.22863   0.08794   0.04566   0.02020   0.09138   0.03839   0.04153   0.02006   0.06040   0.04869   0.00231   0.23380   0.07977   0.06333   0.03786   0.11358   0.04104   0.10511   0.03347   0.08864   0.03371   8.15992   1.53118   0.97771   1.65443   1.04218  
  9 26.7652   2093.788398  x:  0.36309   0.00000   0.23114   0.08700   0.04478   0.02013   0.09137   0.04010   0.04212   0.01993   0.06005   0.04674   0.00209   0.23557   0.08231   0.06338   0.03777   0.11057   0.04080   0.10139   0.03446   0.08854   0.03658   8.15978   1.53799   0.97348   1.66660   1.04239  
 10 12.0059   2093.643535  x:  0.35881   0.00000   0.23729   0.08966   0.04657   0.02002   0.09096   0.03856   0.04366   0.01996   0.05985   0.04912   0.00210   0.23962   0.08166   0.06174   0.03764   0.10770   0.04290   0.09907   0.03460   0.08862   0.03252   8.15942   1.55656   0.96457   1.69952   1.04276  
 11 26.8315   2093.502877  x:  0.35188   0.00000   0.23993   0.08949   0.04532   0.01988   0.09069   0.03988   0.04059   0.02009   0.06045   0.04904   0.00238   0.24108   0.07799   0.06199   0.03877   0.11086   0.04000   0.10435   0.03268   0.08853   0.03478   8.15905   1.57619   0.95889   1.73353   1.04291  
 12 42.5223   2093.427180  x:  0.34831   0.00000   0.23695   0.08676   0.04469   0.01988   0.09064   0.03913   0.04213   0.02007   0.05949   0.04683   0.00228   0.23879   0.08040   0.06332   0.03796   0.11456   0.04210   0.10724   0.03453   0.08870   0.03386   8.15884   1.58772   0.96071   1.75241   1.04266  
 13 26.1714   2093.282147  x:  0.34432   0.00000   0.22508   0.08792   0.04693   0.01964   0.09056   0.03972   0.04356   0.01998   0.06030   0.04831   0.00222   0.23055   0.08396   0.06247   0.03846   0.11556   0.03836   0.10418   0.03242   0.08864   0.03295   8.15844   1.61069   0.97518   1.78725   1.04153  
 14 25.8150   2093.175203  x:  0.34289   0.00000   0.21810   0.09175   0.04511   0.01949   0.09034   0.03950   0.04053   0.02013   0.06024   0.04849   0.00245   0.22551   0.08223   0.06162   0.03844   0.11349   0.04219   0.10235   0.03393   0.08866   0.03481   8.15814   1.62844   0.99029   1.81255   1.04048  
 15 49.2514   2093.013889  x:  0.34537   0.00000   0.22122   0.09286   0.04209   0.01928   0.09043   0.03934   0.04258   0.02043   0.05781   0.04502   0.00252   0.22595   0.08044   0.06360   0.03934   0.10749   0.04023   0.10597   0.03328   0.08791   0.03212   8.15767   1.65604   1.02304   1.84659   1.03858  
 16 27.1060   2092.822285  x:  0.34973   0.00000   0.22990   0.08983   0.04644   0.01891   0.09065   0.03982   0.04115   0.02037   0.06155   0.04750   0.00216   0.23049   0.08295   0.06374   0.03928   0.10762   0.04241   0.10868   0.03252   0.08847   0.03416   8.15710   1.69013   1.06525   1.88603   1.03634  
 17 69.2940   2092.761460  x:  0.35111   0.00000   0.23283   0.08915   0.04418   0.01885   0.09017   0.03999   0.04036   0.02045   0.05998   0.04818   0.00210   0.23373   0.08255   0.06159   0.03944   0.11303   0.04148   0.10504   0.03327   0.08902   0.03330   8.15692   1.70101   1.07796   1.89670   1.03591  
 18 28.6835   2092.746326  x:  0.35119   0.00000   0.23251   0.09023   0.04512   0.01878   0.09012   0.03985   0.04115   0.02051   0.06046   0.04655   0.00214   0.23539   0.08156   0.06288   0.03949   0.11459   0.04181   0.10378   0.03264   0.08881   0.03364   8.15689   1.70392   1.07958   1.89734   1.03623  
 19  5.3963   2092.665821  x:  0.35051   0.00000   0.22698   0.09144   0.04379   0.01851   0.09045   0.03983   0.04008   0.02057   0.06216   0.04813   0.00190   0.24381   0.08335   0.06603   0.03943   0.11410   0.04066   0.10432   0.03480   0.08771   0.03265   8.15676   1.71991   1.08047   1.89149   1.03989  
 20  4.5131   2092.541817  x:  0.34944   0.00000   0.22142   0.09016   0.04432   0.01806   0.09055   0.04046   0.04070   0.02081   0.05886   0.04776   0.00175   0.25031   0.08439   0.06172   0.04046   0.11235   0.04292   0.10624   0.03093   0.08872   0.03355   8.15659   1.74320   1.08009   1.88085   1.04580  
 21 23.4763   2092.348407  x:  0.34897   0.00000   0.22407   0.09075   0.04557   0.01735   0.08939   0.04027   0.03938   0.02114   0.06337   0.04287   0.00188   0.24328   0.08458   0.05695   0.04168   0.11188   0.04153   0.10658   0.03371   0.09163   0.03118   8.15637   1.77495   1.07721   1.86362   1.05503  
 22 20.4483   2092.114409  x:  0.34909   0.00000   0.23147   0.09462   0.04251   0.01647   0.08886   0.04056   0.04077   0.02139   0.06258   0.04633   0.00190   0.22969   0.08748   0.06188   0.04232   0.11389   0.04298   0.10579   0.03095   0.09175   0.03211   8.15612   1.80939   1.07306   1.84368   1.06585  
 23 47.9690   2092.056700  x:  0.34926   0.00000   0.23263   0.09602   0.04511   0.01614   0.09059   0.04123   0.03813   0.02159   0.05935   0.04572   0.00185   0.22796   0.08881   0.06235   0.04249   0.11449   0.04261   0.10592   0.03183   0.08824   0.03156   8.15610   1.81126   1.07218   1.84128   1.06758  
 24  8.3210   2091.631041  x:  0.35015   0.00000   0.23325   0.09994   0.04061   0.01447   0.09797   0.04082   0.04106   0.02217   0.06511   0.04443   0.00167   0.22750   0.09304   0.05615   0.04482   0.11657   0.04474   0.10772   0.02979   0.07545   0.03165   8.15620   1.78975   1.06687   1.83744   1.07486  
 25  6.1257   2089.592758  x:  0.35357   0.00000   0.23077   0.11285   0.03838   0.00636   0.10142   0.04559   0.03451   0.02587   0.06609   0.04078   0.00118   0.23206   0.10906   0.05910   0.05458   0.11847   0.04797   0.11144   0.02499   0.09525   0.02530   8.15677   1.67111   1.04195   1.82548   1.10565  
 26 48.0126   2089.460427  x:  0.35378   0.00000   0.23048   0.11322   0.03883   0.00598   0.08935   0.04628   0.03402   0.02608   0.06600   0.04058   0.00113   0.23246   0.11042   0.05886   0.05522   0.11836   0.04841   0.11209   0.02469   0.09153   0.02506   8.15685   1.66344   1.04023   1.82452   1.10546  
 27 20.9830   2089.305669  x:  0.35429   0.00000   0.23047   0.11451   0.03860   0.00588   0.08965   0.04675   0.03365   0.02631   0.06619   0.04036   0.00122   0.23228   0.11184   0.05869   0.05609   0.11860   0.04874   0.11245   0.02443   0.09192   0.02472   8.15818   1.66343   1.03088   1.81568   1.02971  
 28  3.0248   2088.934424  x:  0.35558   0.00000   0.23003   0.11989   0.03858   0.01231   0.08598   0.04799   0.03285   0.02735   0.06657   0.03976   0.00087   0.23265   0.11889   0.05844   0.05999   0.11931   0.04988   0.11389   0.02438   0.09423   0.02481   8.15710   1.63575   1.02353   1.80534   1.03415  
 29  0.1070   2088.800130  x:  0.35634   0.00000   0.23011   0.12515   0.03972   0.01141   0.08844   0.04803   0.03490   0.02755   0.06639   0.04091   0.00028   0.23154   0.12588   0.05709   0.06374   0.11968   0.05011   0.11433   0.02715   0.09589   0.02833   8.15554   1.64486   1.02552   1.79629   1.03894  
 30  0.0195   2088.775476  x:  0.35618   0.00000   0.23021   0.12664   0.03970   0.01091   0.08892   0.04759   0.03456   0.02743   0.06626   0.04112   0.00000   0.23087   0.12864   0.05661   0.06568   0.11950   0.05002   0.11416   0.02600   0.09566   0.02678   8.15731   1.65149   1.02827   1.79608   1.04227  
 31  0.0091   2088.772704  x:  0.35586   0.00000   0.23016   0.12640   0.03944   0.01067   0.08846   0.04733   0.03427   0.02721   0.06626   0.04075   0.00000   0.23108   0.12910   0.05664   0.06644   0.11928   0.04993   0.11399   0.02598   0.09518   0.02687   8.15997   1.64872   1.02798   1.79675   1.04092  
 32  0.0039   2088.772335  x:  0.35577   0.00000   0.23014   0.12597   0.03955   0.01066   0.08849   0.04732   0.03446   0.02707   0.06627   0.04088   0.00000   0.23111   0.12886   0.05666   0.06665   0.11926   0.04990   0.11398   0.02604   0.09514   0.02681   8.16064   1.64870   1.02772   1.79691   1.04078  
 33  0.0008   2088.772281  x:  0.35582   0.00000   0.23017   0.12588   0.03953   0.01069   0.08854   0.04734   0.03440   0.02704   0.06627   0.04087   0.00000   0.23111   0.12875   0.05665   0.06672   0.11928   0.04991   0.11399   0.02602   0.09519   0.02687   8.16049   1.64912   1.02779   1.79693   1.04099  
 34  0.0005   2088.772276  x:  0.35583   0.00000   0.23018   0.12590   0.03952   0.01070   0.08853   0.04736   0.03440   0.02704   0.06627   0.04085   0.00000   0.23111   0.12874   0.05665   0.06676   0.11930   0.04991   0.11400   0.02603   0.09520   0.02685   8.16031   1.64905   1.02781   1.79688   1.04099  
 35  0.0002   2088.772276  x:  0.35583   0.00000   0.23018   0.12592   0.03952   0.01070   0.08853   0.04736   0.03440   0.02704   0.06627   0.04086   0.00000   0.23111   0.12873   0.05665   0.06676   0.11930   0.04991   0.11400   0.02602   0.09520   0.02686   8.16028   1.64902   1.02781   1.79687   1.04097  
 36  0.0000   2088.772275  x:  0.35583   0.00000   0.23017   0.12592   0.03952   0.01070   0.08853   0.04736   0.03440   0.02704   0.06627   0.04086   0.00000   0.23111   0.12873   0.05665   0.06677   0.11929   0.04991   0.11400   0.02603   0.09520   0.02686   8.16030   1.64904   1.02780   1.79688   1.04098  
 37  0.0000   2088.772275  x:  0.35583   0.00000   0.23018   0.12592   0.03952   0.01070   0.08853   0.04735   0.03440   0.02704   0.06627   0.04086   0.00000   0.23111   0.12873   0.05665   0.06677   0.11929   0.04991   0.11400   0.02603   0.09520   0.02686   8.16030   1.64904   1.02781   1.79688   1.04098  
 38  0.0000   2088.772275  x:  0.35583   0.00000   0.23018   0.12592   0.03952   0.01070   0.08853   0.04735   0.03440   0.02704   0.06627   0.04086   0.00000   0.23111   0.12873   0.05665   0.06677   0.11929   0.04991   0.11400   0.02603   0.09520   0.02686   8.16030   1.64904   1.02781   1.79688   1.04098  
 39  0.0000   2088.772275  x:  0.35583   0.00000   0.23018   0.12592   0.03952   0.01070   0.08853   0.04735   0.03440   0.02704   0.06627   0.04086   0.00000   0.23111   0.12873   0.05665   0.06677   0.11929   0.04991   0.11400   0.02603   0.09520   0.02686   8.16030   1.64904   1.02781   1.79688   1.04098  