

TREE # 1

  0  0.0000   2267.629676  x:  0.00000   0.05550   0.06626   0.02443   0.08091   0.08951   0.04965   0.06590   0.10875   0.03902   0.15212   0.02878   0.06886   0.02476   0.02517   0.06347   0.08764   0.04005   0.06680   0.07462   0.08999   0.09623   0.08869   2.00000   1.54678   1.21628   1.47529   0.40000  
  1 99.0000   2233.270446  x:  0.19460   0.14993   0.04036   0.07347   0.05773   0.08425   0.04348   0.08489   0.10613   0.05180   0.18153   0.03065   0.13874   0.05856   0.06595   0.02699   0.09459   0.04298   0.06648   0.09270   0.06436   0.11576   0.13748   2.01081   1.54481   1.21143   1.47969   0.44180  
  2 961.5291   2220.190932  x:  0.18084   0.16310   0.02630   0.07090   0.04178   0.08200   0.04120   0.08963   0.10410   0.04937   0.19511   0.02512   0.15622   0.05453   0.06434   0.00000   0.09735   0.04358   0.06454   0.09751   0.04354   0.12388   0.15385   2.02017   1.54318   1.20825   1.48256   0.46961  
  3 298.7500   2209.165522  x:  0.15997   0.18385   0.00593   0.06736   0.01773   0.07858   0.03801   0.09687   0.10104   0.04611   0.21614   0.01702   0.18334   0.04884   0.06276   0.00567   0.10165   0.04513   0.06209   0.10480   0.01126   0.13628   0.17903   2.03517   1.54057   1.20316   1.48716   0.51333  
  4 969.2744   2204.334544  x:  0.14522   0.19901   0.02493   0.06711   0.01523   0.07681   0.03799   0.10128   0.09995   0.04737   0.23035   0.01508   0.20203   0.04882   0.06341   0.00719   0.10345   0.04661   0.06067   0.10874   0.00000   0.14388   0.19529   2.04776   1.53836   1.19912   1.49094   0.54594  
  5 466.4484   2195.221978  x:  0.09722   0.24652   0.05631   0.06582   0.00991   0.07154   0.03817   0.11509   0.09596   0.04909   0.27473   0.00982   0.26141   0.05376   0.06568   0.01182   0.10867   0.05109   0.05634   0.12065   0.02577   0.16773   0.24572   2.08876   1.53115   1.18615   1.50320   0.65003  
  6 1159.5364   2191.905049  x:  0.07818   0.26556   0.05081   0.06912   0.04733   0.07274   0.04155   0.11779   0.09556   0.04757   0.28906   0.01811   0.28244   0.05697   0.06845   0.01300   0.10758   0.04957   0.05789   0.12109   0.02474   0.17247   0.26123   2.11323   1.52708   1.17948   1.50960   0.69808  
  7 349.7598   2185.589315  x:  0.06340   0.28494   0.04597   0.09058   0.04036   0.09173   0.04906   0.08467   0.10626   0.06302   0.27471   0.02943   0.28120   0.07858   0.08548   0.01222   0.08297   0.03459   0.07493   0.08835   0.02208   0.13536   0.23501   2.20650   1.51241   1.16168   1.52795   0.79893  
  8 106.7942   2180.786404  x:  0.06838   0.29358   0.04496   0.09689   0.04327   0.08741   0.03256   0.07804   0.10703   0.05525   0.24618   0.01983   0.26238   0.08013   0.08697   0.01152   0.08911   0.07169   0.06472   0.08211   0.02151   0.10519   0.19413   2.31961   1.49576   1.14309   1.54734   0.89168  
  9 174.5239   2174.701577  x:  0.09049   0.28829   0.04734   0.08802   0.03732   0.07351   0.05307   0.09668   0.10079   0.04222   0.20248   0.03632   0.22201   0.06490   0.07232   0.01156   0.10173   0.05510   0.05326   0.10413   0.02333   0.10916   0.14467   2.49378   1.47217   1.11824   1.57324   1.00225  
 10 220.2446   2171.287309  x:  0.10817   0.26866   0.04876   0.07399   0.04244   0.07606   0.03082   0.10135   0.09875   0.05136   0.18855   0.02126   0.19289   0.05647   0.06594   0.01178   0.10048   0.03915   0.06696   0.10605   0.02508   0.12744   0.14657   2.61019   1.45920   1.10546   1.58643   1.04662  
 11 174.8200   2167.260736  x:  0.13196   0.21983   0.04837   0.05903   0.04215   0.08606   0.05040   0.09407   0.09919   0.05380   0.19253   0.01854   0.15804   0.05615   0.06607   0.01129   0.09381   0.06014   0.07081   0.09651   0.02528   0.14995   0.18071   2.79643   1.44272   1.09020   1.60148   1.08025  
 12 192.4878   2163.037280  x:  0.14268   0.16510   0.05000   0.07544   0.03841   0.07641   0.03316   0.08992   0.10092   0.03820   0.21599   0.03495   0.16178   0.06262   0.06600   0.01155   0.09326   0.05155   0.05252   0.09501   0.02508   0.14581   0.20263   3.00750   1.42918   1.07957   1.61100   1.08027  
 13 190.6730   2157.962904  x:  0.14352   0.13446   0.04835   0.08725   0.04301   0.06799   0.04932   0.09783   0.09986   0.05301   0.24493   0.00863   0.19430   0.05925   0.06712   0.01148   0.10458   0.04313   0.05702   0.10647   0.02496   0.12396   0.20188   3.27920   1.41705   1.07214   1.61596   1.04816  
 14 254.2190   2149.940798  x:  0.12695   0.16540   0.04741   0.06331   0.03646   0.08850   0.03954   0.10958   0.09480   0.07290   0.28128   0.04407   0.25042   0.04278   0.06767   0.01076   0.11359   0.06084   0.08870   0.11765   0.02540   0.11474   0.18919   3.82118   1.40059   1.06579   1.61561   0.94620  
 15 376.1166   2141.037830  x:  0.09322   0.25416   0.04819   0.05346   0.03908   0.09027   0.04423   0.10296   0.09766   0.03904   0.28788   0.01706   0.27731   0.07612   0.06832   0.01128   0.09187   0.05167   0.06546   0.10446   0.02129   0.14911   0.18477   4.37222   1.39199   1.06702   1.60493   0.82501  
 16 438.6247   2139.323308  x:  0.07836   0.28028   0.04582   0.07998   0.03880   0.07721   0.04478   0.10103   0.10140   0.05511   0.27454   0.01819   0.26984   0.06571   0.07039   0.01122   0.09507   0.05313   0.05550   0.10111   0.02197   0.15838   0.20027   4.48574   1.39598   1.07092   1.59682   0.79947  
 17 164.2923   2138.879788  x:  0.07494   0.28805   0.04712   0.08430   0.03822   0.07494   0.04596   0.10022   0.10136   0.04538   0.26493   0.01716   0.26532   0.06152   0.07548   0.01118   0.10118   0.05038   0.06355   0.10466   0.02281   0.14894   0.21455   4.51423   1.40347   1.07589   1.58813   0.79540  
 18 45.6301   2138.633844  x:  0.07443   0.29123   0.04703   0.07888   0.03860   0.07840   0.04567   0.10282   0.10044   0.04832   0.25747   0.01744   0.26378   0.06331   0.07440   0.01131   0.10169   0.04729   0.05686   0.10781   0.02280   0.13797   0.22479   4.53068   1.41484   1.08276   1.57621   0.79624  
 19 28.9101   2138.349864  x:  0.07531   0.28848   0.04686   0.07694   0.03847   0.07033   0.04585   0.10528   0.10072   0.04957   0.25224   0.01891   0.26733   0.06727   0.06827   0.01131   0.09554   0.04970   0.06122   0.10622   0.02244   0.13754   0.22561   4.55109   1.44228   1.09864   1.54909   0.80364  
 20 19.5744   2138.006056  x:  0.07630   0.28312   0.04724   0.08090   0.03859   0.07935   0.04571   0.10378   0.10121   0.04743   0.25087   0.01745   0.27145   0.06252   0.07104   0.01130   0.09739   0.05041   0.05966   0.10460   0.02290   0.14525   0.21953   4.57674   1.48107   1.12061   1.51245   0.81519  
 21 44.9657   2137.937966  x:  0.07616   0.28360   0.04691   0.07816   0.03882   0.07628   0.04545   0.09999   0.10073   0.04904   0.25517   0.01800   0.26826   0.06366   0.07562   0.01121   0.10101   0.04953   0.05891   0.10555   0.02274   0.14609   0.21749   4.58177   1.48897   1.12461   1.50772   0.81749  
 22 12.8604   2137.809200  x:  0.07645   0.28839   0.04676   0.08075   0.03863   0.07699   0.04542   0.10243   0.10075   0.04857   0.27022   0.01768   0.25577   0.06305   0.07178   0.01118   0.10024   0.04874   0.05964   0.10666   0.02298   0.14229   0.21512   4.59114   1.50266   1.13028   1.50925   0.82118  
 23  7.2401   2136.492151  x:  0.06818   0.28738   0.04414   0.07712   0.03674   0.07207   0.04434   0.12302   0.10371   0.04701   0.27029   0.01708   0.25263   0.05463   0.09600   0.01008   0.08356   0.04867   0.05659   0.10206   0.02246   0.14142   0.21333   4.68727   1.61327   1.17206   1.62048   0.84877  
 24  6.5679   2132.922113  x:  0.04809   0.28522   0.03628   0.08151   0.03250   0.08014   0.04332   0.11711   0.10177   0.04953   0.25366   0.01941   0.25785   0.07773   0.07504   0.00755   0.11367   0.04707   0.06245   0.09722   0.01786   0.15229   0.21595   4.95947   1.91323   1.29404   1.93665   0.92696  
 25 182.6323   2132.046226  x:  0.04916   0.28761   0.03597   0.07832   0.03367   0.07759   0.04394   0.09318   0.09834   0.04759   0.25221   0.01756   0.26332   0.06259   0.06371   0.00737   0.10478   0.04584   0.05895   0.10527   0.01906   0.15134   0.21763   5.01816   1.96683   1.32520   1.99922   0.94501  
 26 113.7395   2129.453742  x:  0.03117   0.28624   0.02919   0.08394   0.03151   0.08241   0.04102   0.09498   0.10685   0.05126   0.25265   0.01872   0.25615   0.07339   0.06998   0.00542   0.09689   0.04996   0.06222   0.12882   0.01597   0.15694   0.21670   5.20839   1.89935   1.52270   2.06093   1.01892  
 27 14.9697   2128.448152  x:  0.03039   0.28904   0.02851   0.07763   0.03125   0.07718   0.04284   0.09948   0.09976   0.04931   0.25580   0.01873   0.25723   0.06271   0.06645   0.00497   0.10619   0.04469   0.05898   0.10106   0.01659   0.15418   0.21798   5.27601   1.87140   1.58134   2.07417   1.04519  
 28 85.1257   2120.632410  x:  0.00000   0.29487   0.01784   0.07714   0.02704   0.07622   0.04032   0.10123   0.10227   0.05031   0.25334   0.01904   0.25456   0.06123   0.06737   0.00129   0.10267   0.04293   0.05921   0.10345   0.01364   0.15660   0.22222   5.63728   1.71435   1.38386   1.89415   1.15722  
 29 13.4587   2120.562117  x:  0.00035   0.29518   0.01770   0.07539   0.02709   0.07570   0.04041   0.10115   0.11196   0.04996   0.25364   0.01899   0.25497   0.05989   0.06634   0.00128   0.10405   0.04253   0.05880   0.10285   0.01379   0.15638   0.22238   5.64224   1.71201   1.38086   1.89142   1.15885  
 30 14.4239   2115.202004  x:  0.01540   0.25265   0.01309   0.06678   0.02343   0.07885   0.03743   0.09981   0.09314   0.05102   0.25458   0.02074   0.23255   0.05308   0.06428   0.00000   0.09331   0.04404   0.06296   0.10421   0.01329   0.15302   0.21244   6.01844   1.45253   1.05939   1.57567   1.26300  
 31  1.8932   2110.979771  x:  0.00421   0.20243   0.02387   0.05236   0.02437   0.08123   0.03741   0.09375   0.11084   0.04814   0.26075   0.02053   0.22362   0.04033   0.05872   0.00676   0.09555   0.04903   0.06729   0.09756   0.01860   0.14257   0.19838   6.85283   1.41427   1.02399   1.51598   1.35048  
 32  0.7837   2109.533839  x:  0.00611   0.17716   0.02195   0.05640   0.02435   0.08137   0.03989   0.09348   0.10191   0.04708   0.26187   0.01982   0.21195   0.04956   0.05384   0.00718   0.09650   0.04934   0.06606   0.09897   0.01722   0.14074   0.19131   7.28182   1.54880   1.16455   1.65985   1.35797  
 33  0.6597   2108.748964  x:  0.00155   0.18581   0.01919   0.06338   0.02608   0.07819   0.04185   0.09693   0.10066   0.04706   0.25692   0.01866   0.20319   0.04944   0.05798   0.00679   0.09850   0.04721   0.06154   0.10365   0.01673   0.14090   0.19583   7.71678   1.54470   1.14397   1.66530   1.32515  
 34  0.3910   2108.185857  x:  0.00655   0.19105   0.01771   0.06642   0.02790   0.07574   0.04269   0.09939   0.09497   0.04774   0.24917   0.01820   0.20018   0.04670   0.06221   0.00630   0.09881   0.04544   0.05805   0.10655   0.01678   0.14136   0.20054   8.16816   1.52674   1.11998   1.65983   1.27469  
 35  0.7506   2107.612866  x:  0.00595   0.18680   0.01627   0.05901   0.02724   0.07753   0.04080   0.09787   0.10065   0.05033   0.25169   0.02153   0.21809   0.04886   0.05682   0.00495   0.09768   0.04629   0.06086   0.10197   0.01645   0.14297   0.19934   8.83004   1.49550   1.10594   1.64292   1.22968  
 36  0.5072   2107.471233  x:  0.00554   0.19091   0.01948   0.06030   0.02657   0.07896   0.04005   0.09560   0.10147   0.04777   0.25783   0.01962   0.21265   0.04674   0.05775   0.00460   0.09761   0.04743   0.06321   0.10104   0.01798   0.14234   0.19716   9.10674   1.50744   1.11668   1.64303   1.22334  
 37  0.2388   2107.441248  x:  0.00532   0.18877   0.01969   0.06013   0.02653   0.07907   0.04086   0.09686   0.10130   0.04798   0.25636   0.01937   0.21097   0.04905   0.05871   0.00414   0.09813   0.04748   0.06293   0.10254   0.01809   0.14295   0.19739   9.25640   1.50768   1.11120   1.63857   1.23672  
 38  0.1027   2107.428052  x:  0.00517   0.18945   0.01945   0.06029   0.02669   0.07891   0.04105   0.09695   0.10065   0.04846   0.25554   0.01974   0.21192   0.04744   0.05840   0.00374   0.09802   0.04746   0.06266   0.10246   0.01832   0.14307   0.19803   9.32685   1.51292   1.11740   1.64664   1.24895  
 39  0.0646   2107.422427  x:  0.00531   0.19130   0.01957   0.06081   0.02694   0.07877   0.04061   0.09669   0.10088   0.04829   0.25608   0.01966   0.21312   0.04827   0.05813   0.00371   0.09792   0.04742   0.06275   0.10190   0.01836   0.14289   0.19814   9.32555   1.51041   1.11647   1.64546   1.25689  
 40  0.0064   2107.421197  x:  0.00541   0.19104   0.01955   0.06057   0.02690   0.07884   0.04058   0.09660   0.10101   0.04828   0.25665   0.01971   0.21351   0.04809   0.05874   0.00379   0.09790   0.04742   0.06283   0.10206   0.01837   0.14278   0.19814   9.32695   1.51218   1.11685   1.64606   1.26030  
 41  0.0037   2107.420705  x:  0.00546   0.19106   0.01950   0.06064   0.02680   0.07891   0.04068   0.09677   0.10100   0.04833   0.25680   0.01964   0.21341   0.04804   0.05840   0.00389   0.09795   0.04747   0.06284   0.10220   0.01835   0.14283   0.19836   9.34208   1.51194   1.11659   1.64548   1.26164  
 42  0.0097   2107.420585  x:  0.00545   0.19121   0.01947   0.06061   0.02676   0.07886   0.04067   0.09674   0.10096   0.04832   0.25665   0.01962   0.21354   0.04809   0.05850   0.00393   0.09796   0.04743   0.06279   0.10210   0.01832   0.14290   0.19839   9.35198   1.51187   1.11693   1.64574   1.26122  
 43  0.0078   2107.420575  x:  0.00543   0.19121   0.01946   0.06064   0.02676   0.07886   0.04064   0.09672   0.10098   0.04832   0.25665   0.01964   0.21354   0.04809   0.05849   0.00393   0.09794   0.04743   0.06280   0.10212   0.01831   0.14291   0.19835   9.35275   1.51202   1.11682   1.64584   1.26119  
 44  0.0007   2107.420571  x:  0.00542   0.19122   0.01946   0.06063   0.02677   0.07886   0.04064   0.09673   0.10099   0.04832   0.25667   0.01963   0.21352   0.04808   0.05849   0.00393   0.09794   0.04744   0.06280   0.10212   0.01829   0.14289   0.19834   9.35246   1.51195   1.11686   1.64582   1.26129  
 45  0.0002   2107.420569  x:  0.00543   0.19121   0.01948   0.06063   0.02677   0.07886   0.04065   0.09673   0.10098   0.04831   0.25665   0.01964   0.21354   0.04809   0.05850   0.00393   0.09794   0.04744   0.06280   0.10212   0.01827   0.14289   0.19835   9.35228   1.51196   1.11684   1.64579   1.26132  
 46  0.0001   2107.420569  x:  0.00543   0.19121   0.01948   0.06063   0.02677   0.07886   0.04065   0.09673   0.10098   0.04832   0.25666   0.01964   0.21353   0.04809   0.05850   0.00393   0.09794   0.04744   0.06279   0.10212   0.01827   0.14290   0.19835   9.35252   1.51198   1.11685   1.64581   1.26130  
 47  0.0002   2107.420569  x:  0.00543   0.19121   0.01948   0.06063   0.02677   0.07886   0.04065   0.09673   0.10098   0.04832   0.25666   0.01964   0.21353   0.04809   0.05850   0.00393   0.09794   0.04744   0.06280   0.10212   0.01827   0.14290   0.19835   9.35255   1.51197   1.11685   1.64581   1.26129  
 48  0.0000   2107.420569  x:  0.00543   0.19121   0.01948   0.06063   0.02677   0.07886   0.04065   0.09673   0.10098   0.04832   0.25666   0.01964   0.21353   0.04809   0.05850   0.00393   0.09794   0.04744   0.06280   0.10212   0.01827   0.14289   0.19835   9.35256   1.51197   1.11685   1.64581   1.26129  

TREE # 2

  0  0.0000   2127.248504  x:  0.20866   0.01857   0.17622   0.12039   0.05238   0.02675   0.12269   0.01800   0.05737   0.01468   0.09059   0.05363   0.00000   0.28362   0.10822   0.05356   0.02569   0.11234   0.02526   0.07624   0.04841   0.06602   0.05438   9.35256   1.39357   1.08279   1.49438   1.26129  
  1 99.0000   2121.735145  x:  0.20826   0.02086   0.17436   0.12797   0.04707   0.03513   0.12131   0.03802   0.05919   0.00777   0.09138   0.05242   0.04835   0.28309   0.11661   0.05269   0.02348   0.11112   0.03994   0.07926   0.04469   0.06809   0.05163   9.35254   1.39389   1.08241   1.49487   1.26128  
  2 729.1719   2117.053597  x:  0.20764   0.02050   0.17097   0.14003   0.03741   0.04225   0.11857   0.04914   0.06116   0.00000   0.09302   0.05019   0.04159   0.28181   0.12819   0.05114   0.02062   0.10907   0.05159   0.08358   0.03838   0.07140   0.04715   9.35254   1.39449   1.08176   1.49568   1.26125  
  3 229.9698   2112.432924  x:  0.20620   0.01985   0.16339   0.16614   0.01646   0.05603   0.11244   0.07223   0.06561   0.01228   0.09691   0.04632   0.02925   0.27886   0.15322   0.04800   0.01523   0.10462   0.07445   0.09263   0.02507   0.07835   0.03782   9.35253   1.39586   1.08028   1.49755   1.26120  
  4 964.3658   2111.101349  x:  0.20332   0.02029   0.15335   0.19135   0.02040   0.04978   0.10412   0.07259   0.06262   0.01267   0.09928   0.04734   0.02933   0.27325   0.17573   0.04962   0.03102   0.10189   0.06961   0.09692   0.03044   0.08093   0.04179   9.35251   1.39810   1.07801   1.50087   1.26114  
  5 80.5802   2110.496599  x:  0.20111   0.01904   0.14623   0.20555   0.02007   0.04391   0.10012   0.06707   0.06068   0.01202   0.09976   0.04796   0.03206   0.26792   0.18730   0.04800   0.02104   0.10019   0.05990   0.09727   0.02806   0.07990   0.04272   9.35250   1.40042   1.07584   1.50419   1.26103  
  6 67.1378   2110.412236  x:  0.20025   0.01926   0.14396   0.20872   0.01995   0.04868   0.10211   0.06307   0.06225   0.01207   0.09846   0.04777   0.03273   0.26340   0.18839   0.04958   0.02075   0.10154   0.05922   0.09529   0.02897   0.07746   0.04114   9.35249   1.40299   1.07370   1.50793   1.26091  
  7 17.1746   2110.358637  x:  0.19952   0.01903   0.14281   0.20985   0.01797   0.04675   0.10432   0.06222   0.06270   0.01200   0.09715   0.04847   0.03286   0.25734   0.18724   0.04898   0.02141   0.10277   0.06121   0.09354   0.02864   0.07705   0.04266   9.35247   1.40750   1.07027   1.51456   1.26071  
  8 13.1150   2110.312192  x:  0.19903   0.01926   0.14248   0.21040   0.02099   0.04613   0.10526   0.06368   0.06242   0.01215   0.09657   0.04872   0.03236   0.25166   0.18593   0.04818   0.02078   0.10311   0.06235   0.09329   0.02817   0.07780   0.04238   9.35244   1.41299   1.06642   1.52266   1.26045  
  9 24.8774   2110.250710  x:  0.19894   0.01965   0.14331   0.20921   0.01945   0.04636   0.10371   0.06559   0.06131   0.01202   0.09765   0.04746   0.03229   0.24644   0.18412   0.04889   0.02115   0.10208   0.05974   0.09518   0.02937   0.07915   0.04040   9.35240   1.42229   1.06087   1.53630   1.26001  
 10 22.1965   2110.198724  x:  0.19933   0.01849   0.14431   0.20756   0.01953   0.04826   0.10098   0.06489   0.06180   0.01199   0.09927   0.04765   0.03238   0.24702   0.18450   0.04926   0.02153   0.10064   0.05949   0.09637   0.02744   0.07832   0.04342   9.35236   1.43228   1.05673   1.55087   1.25948  
 11 19.7057   2110.138518  x:  0.19996   0.02041   0.14503   0.20621   0.01973   0.04706   0.09991   0.06302   0.06274   0.01199   0.09946   0.04824   0.03242   0.25240   0.18678   0.04787   0.02111   0.10019   0.06151   0.09643   0.02861   0.07663   0.04198   9.35230   1.44525   1.05378   1.56966   1.25871  
 12 25.2747   2110.102238  x:  0.19996   0.01807   0.14438   0.20592   0.01992   0.04641   0.10173   0.06354   0.06226   0.01198   0.09804   0.04774   0.03244   0.25689   0.18806   0.04856   0.02146   0.10126   0.06099   0.09525   0.02809   0.07736   0.04073   9.35226   1.45356   1.05423   1.58155   1.25815  
 13 23.7366   2110.081821  x:  0.19977   0.01970   0.14375   0.20642   0.01969   0.04702   0.10334   0.06455   0.06165   0.01199   0.09713   0.04753   0.03217   0.25922   0.18811   0.04893   0.02108   0.10205   0.05994   0.09462   0.02818   0.07851   0.04213   9.35225   1.45867   1.05675   1.58867   1.25773  
 14 17.5159   2110.019492  x:  0.19792   0.01836   0.14120   0.20934   0.01935   0.04795   0.10366   0.06521   0.06184   0.01196   0.09848   0.04926   0.03199   0.26082   0.18385   0.04690   0.02073   0.10173   0.05983   0.09606   0.03014   0.07825   0.04259   9.35224   1.47546   1.07732   1.61095   1.25600  
 15 11.1283   2109.960184  x:  0.19683   0.01982   0.14041   0.21133   0.01951   0.04689   0.10271   0.06447   0.06206   0.01188   0.09909   0.04816   0.03212   0.26082   0.18096   0.04828   0.02173   0.10125   0.06019   0.09644   0.02719   0.07750   0.04130   9.35223   1.49156   1.09849   1.63186   1.25435  
 16 55.1440   2109.921716  x:  0.19781   0.01915   0.14278   0.21022   0.01969   0.04664   0.10141   0.06407   0.06188   0.01201   0.09763   0.04608   0.03198   0.25857   0.18337   0.04956   0.02063   0.10103   0.06137   0.09548   0.02875   0.07788   0.04214   9.35224   1.50245   1.11362   1.64502   1.25339  
 17 24.5799   2109.900595  x:  0.19905   0.01925   0.14462   0.20833   0.01942   0.04714   0.10143   0.06427   0.06174   0.01193   0.09707   0.04813   0.03190   0.25660   0.18633   0.04869   0.02105   0.10130   0.06051   0.09461   0.02818   0.07810   0.04164   9.35225   1.50874   1.12220   1.65187   1.25300  
 18 21.4495   2109.896354  x:  0.19942   0.01932   0.14411   0.20730   0.01953   0.04701   0.10249   0.06431   0.06217   0.01191   0.09786   0.04747   0.03189   0.25609   0.18739   0.04822   0.02118   0.10156   0.06026   0.09543   0.02803   0.07776   0.04177   9.35227   1.51036   1.12369   1.65262   1.25316  
 19  3.7267   2109.893476  x:  0.19953   0.01941   0.14313   0.20653   0.01955   0.04692   0.10270   0.06424   0.06167   0.01191   0.09818   0.04797   0.03183   0.25589   0.18782   0.04900   0.02095   0.10156   0.06062   0.09589   0.02811   0.07776   0.04176   9.35229   1.51190   1.12425   1.65233   1.25360  
 20  2.0180   2109.882282  x:  0.19937   0.01967   0.14051   0.20509   0.01951   0.04727   0.10136   0.06424   0.06154   0.01191   0.09733   0.04745   0.03169   0.25575   0.18801   0.04812   0.02123   0.10108   0.06079   0.09508   0.02796   0.07835   0.04162   9.35243   1.51864   1.12526   1.64949   1.25607  
 21  2.8339   2109.856124  x:  0.19884   0.01954   0.14186   0.20632   0.01957   0.04668   0.10130   0.06559   0.06394   0.01176   0.09740   0.04802   0.03116   0.25603   0.18764   0.04922   0.02089   0.10124   0.06024   0.09477   0.02826   0.07764   0.04170   9.35277   1.53391   1.12659   1.64236   1.26247  
 22  6.9257   2109.837451  x:  0.19874   0.01929   0.14419   0.20800   0.01945   0.04715   0.10228   0.06463   0.06165   0.01178   0.09799   0.04758   0.03112   0.25629   0.18728   0.04843   0.02102   0.10151   0.06076   0.09539   0.02793   0.07764   0.04162   9.35303   1.54339   1.12734   1.63790   1.26703  
 23 13.8231   2109.803736  x:  0.20128   0.01913   0.14438   0.20913   0.01939   0.04732   0.10313   0.06236   0.06358   0.01161   0.09754   0.04811   0.03111   0.25630   0.18689   0.04849   0.02091   0.10040   0.06138   0.09703   0.02758   0.08189   0.04130   9.35363   1.54442   1.12785   1.63834   1.27492  
 24  1.3821   2109.407277  x:  0.22077   0.01878   0.14053   0.21641   0.01800   0.04843   0.10317   0.06760   0.06201   0.01021   0.09392   0.04751   0.02416   0.25565   0.18603   0.04810   0.01993   0.09740   0.06274   0.09795   0.02657   0.07576   0.04080   9.36093   1.53954   1.13319   1.65220   1.36609  
 25 12.5504   2109.073709  x:  0.20896   0.01934   0.14102   0.21616   0.01701   0.04985   0.09944   0.06903   0.06270   0.00888   0.10347   0.04659   0.01870   0.25498   0.19073   0.04793   0.01804   0.10602   0.06553   0.09268   0.02624   0.08015   0.03953   9.36714   1.53320   1.13733   1.66421   1.43578  
 26 36.8303   2108.924630  x:  0.19523   0.01980   0.14282   0.21416   0.01636   0.05054   0.10155   0.06952   0.06309   0.00838   0.09795   0.04696   0.01629   0.25467   0.19434   0.04768   0.01803   0.10089   0.06613   0.09712   0.02530   0.07925   0.03941   9.36997   1.53027   1.13883   1.66884   1.46039  
 27 25.0212   2108.306970  x:  0.19895   0.01990   0.14206   0.21990   0.01494   0.05227   0.10562   0.07310   0.06320   0.00634   0.10402   0.04598   0.00708   0.25452   0.19776   0.04813   0.01653   0.09071   0.06948   0.09123   0.02465   0.08080   0.03812   9.38366   1.53003   1.13195   1.66371   1.38002  
 28  2.5701   2108.133466  x:  0.20062   0.01990   0.14177   0.22156   0.01437   0.05292   0.10239   0.07359   0.06376   0.00578   0.10002   0.04615   0.00441   0.25449   0.19819   0.04753   0.01596   0.09838   0.07028   0.09708   0.02362   0.08058   0.03805   9.38783   1.53005   1.12978   1.66196   1.35454  
 29 41.1025   2107.639902  x:  0.20101   0.01916   0.14191   0.22089   0.01613   0.05121   0.10084   0.06466   0.06372   0.00446   0.09737   0.04678   0.00806   0.25576   0.19626   0.04749   0.01813   0.10264   0.06605   0.09993   0.02474   0.07993   0.03931   9.38516   1.51721   1.11637   1.64828   1.23499  
 30  0.1479   2107.466903  x:  0.19761   0.01947   0.14252   0.21770   0.01822   0.04950   0.10213   0.06017   0.06308   0.00276   0.09861   0.04723   0.00599   0.25641   0.19482   0.04822   0.02030   0.10036   0.06305   0.09710   0.02693   0.07938   0.04054   9.37986   1.51121   1.11581   1.64571   1.25610  
 31  0.0326   2107.425288  x:  0.19810   0.01975   0.14303   0.21352   0.01864   0.04799   0.10203   0.05945   0.06267   0.00377   0.09780   0.04752   0.00569   0.25673   0.19162   0.04844   0.01923   0.10092   0.06087   0.09657   0.02700   0.07869   0.04091   9.36288   1.51071   1.11723   1.64455   1.27109  
 32  0.0162   2107.420806  x:  0.19839   0.01967   0.14296   0.21331   0.01831   0.04802   0.10218   0.05864   0.06276   0.00386   0.09800   0.04745   0.00538   0.25669   0.19111   0.04836   0.01939   0.10080   0.06063   0.09654   0.02679   0.07883   0.04068   9.35601   1.51164   1.11691   1.64537   1.26080  
 33  0.0131   2107.420580  x:  0.19837   0.01964   0.14291   0.21346   0.01826   0.04809   0.10212   0.05848   0.06280   0.00391   0.09793   0.04744   0.00545   0.25666   0.19116   0.04831   0.01949   0.10098   0.06065   0.09672   0.02676   0.07887   0.04064   9.35426   1.51197   1.11688   1.64578   1.26130  
 34  0.0023   2107.420569  x:  0.19835   0.01964   0.14289   0.21353   0.01827   0.04809   0.10212   0.05850   0.06280   0.00393   0.09794   0.04744   0.00543   0.25666   0.19120   0.04832   0.01948   0.10098   0.06064   0.09673   0.02677   0.07886   0.04065   9.35328   1.51198   1.11685   1.64582   1.26128  
 35  0.0010   2107.420569  x:  0.19835   0.01964   0.14289   0.21353   0.01827   0.04809   0.10212   0.05849   0.06280   0.00393   0.09794   0.04744   0.00543   0.25666   0.19121   0.04832   0.01947   0.10098   0.06063   0.09673   0.02677   0.07886   0.04065   9.35291   1.51197   1.11685   1.64582   1.26129  
 36  0.0004   2107.420569  x:  0.19835   0.01964   0.14289   0.21353   0.01827   0.04809   0.10212   0.05850   0.06280   0.00393   0.09794   0.04744   0.00543   0.25666   0.19121   0.04832   0.01948   0.10098   0.06063   0.09673   0.02677   0.07886   0.04065   9.35266   1.51197   1.11685   1.64581   1.26129  
 37  0.0002   2107.420569  x:  0.19835   0.01964   0.14289   0.21353   0.01827   0.04809   0.10212   0.05850   0.06280   0.00393   0.09794   0.04744   0.00543   0.25666   0.19121   0.04832   0.01948   0.10098   0.06063   0.09673   0.02677   0.07886   0.04065   9.35256   1.51197   1.11685   1.64581   1.26129  
 38  0.0001   2107.420569  x:  0.19835   0.01964   0.14289   0.21353   0.01827   0.04809   0.10212   0.05850   0.06280   0.00393   0.09794   0.04744   0.00543   0.25666   0.19121   0.04832   0.01948   0.10098   0.06063   0.09673   0.02677   0.07886   0.04065   9.35256   1.51197   1.11685   1.64581   1.26129  
 39  0.0000   2107.420569  x:  0.19835   0.01964   0.14289   0.21353   0.01827   0.04809   0.10212   0.05850   0.06280   0.00393   0.09794   0.04744   0.00543   0.25666   0.19121   0.04832   0.01948   0.10098   0.06063   0.09673   0.02677   0.07886   0.04065   9.35256   1.51197   1.11685   1.64581   1.26129  