

TREE # 1

  0  0.0000   2339.892953  x:  0.20925   0.02571   0.03211   0.02495   0.05815   0.02188   0.05666   0.08536   0.02661   0.17168   0.20925   0.02571   0.03211   0.02495   0.05815   0.02188   0.05666   0.08536   0.02661   0.17168   0.21568   8.40433   1.35703   1.12067   1.18282   1.00000  
  1 99.0000   2268.890464  x:  0.21793   0.00000   0.02682   0.17460   0.06277   0.02491   0.05488   0.09719   0.01963   0.17508   0.20658   0.03553   0.14684   0.03091   0.05453   0.01777   0.09262   0.12649   0.05503   0.15987   0.22569   8.40404   1.35697   1.11586   1.18770   1.00101  
  2 1152.7520   2259.630219  x:  0.24638   0.00000   0.01054   0.14875   0.06937   0.00873   0.04871   0.12349   0.02353   0.18552   0.19517   0.02052   0.16051   0.02059   0.04706   0.02235   0.13296   0.18421   0.05972   0.11788   0.25829   8.40298   1.35656   1.09968   1.20515   1.00455  
  3 165.7618   2256.841378  x:  0.26091   0.00000   0.02630   0.13647   0.07287   0.02476   0.04900   0.13354   0.02321   0.19042   0.18872   0.01801   0.16549   0.02216   0.04615   0.01985   0.14773   0.20975   0.06307   0.09586   0.27509   8.40232   1.35634   1.08977   1.21572   1.00667  
  4 316.5402   2255.986607  x:  0.26892   0.00000   0.02549   0.13449   0.06922   0.02234   0.05216   0.13054   0.01653   0.19177   0.18374   0.02570   0.16456   0.03183   0.05171   0.01535   0.14316   0.21615   0.06706   0.08747   0.28438   8.40161   1.35611   1.08014   1.22599   1.00882  
  5 78.1896   2255.167140  x:  0.28041   0.00000   0.02536   0.13734   0.06405   0.02187   0.05529   0.12241   0.02428   0.19286   0.17527   0.02737   0.16148   0.03476   0.05644   0.02289   0.13037   0.22131   0.07268   0.08080   0.29769   8.40028   1.35567   1.06265   1.24472   1.01278  
  6 93.5168   2254.208918  x:  0.29336   0.00000   0.02348   0.14281   0.06221   0.02378   0.05450   0.11337   0.02148   0.19329   0.16431   0.01847   0.15607   0.02751   0.05434   0.01680   0.11460   0.22521   0.07804   0.08068   0.31294   8.39827   1.35499   1.03773   1.27154   1.01851  
  7 115.4823   2253.814055  x:  0.29712   0.00000   0.02561   0.14446   0.06625   0.02237   0.05129   0.11363   0.01680   0.19228   0.15992   0.01782   0.15311   0.03059   0.04909   0.02169   0.11357   0.22512   0.07958   0.08786   0.31781   8.39674   1.35456   1.02143   1.28935   1.02248  
  8 62.1945   2253.491537  x:  0.29821   0.00000   0.02632   0.14528   0.06990   0.02095   0.04936   0.11608   0.02178   0.19069   0.15725   0.02030   0.15088   0.03377   0.04669   0.01775   0.11628   0.22360   0.08037   0.09502   0.31976   8.39504   1.35411   1.00499   1.30765   1.02668  
  9 87.9491   2253.119662  x:  0.29380   0.00000   0.02313   0.14546   0.06948   0.02438   0.05288   0.12125   0.02067   0.18787   0.15738   0.02255   0.14985   0.02952   0.05452   0.01877   0.12394   0.21850   0.07973   0.09828   0.31611   8.39209   1.35343   0.98188   1.33457   1.03318  
 10 54.8468   2252.927186  x:  0.28808   0.00000   0.02712   0.14511   0.06506   0.02062   0.05383   0.12188   0.02016   0.18684   0.15995   0.02134   0.15157   0.02816   0.05291   0.01844   0.12657   0.21468   0.07816   0.09317   0.31043   8.38983   1.35300   0.96936   1.35084   1.03742  
 11 43.4948   2252.830874  x:  0.28407   0.00000   0.02449   0.14405   0.06460   0.02287   0.05201   0.12071   0.02031   0.18699   0.16250   0.02106   0.15361   0.02985   0.04965   0.01865   0.12625   0.21321   0.07675   0.08852   0.30608   8.38816   1.35283   0.96340   1.36013   1.04010  
 12 37.3354   2252.798807  x:  0.28234   0.00000   0.02503   0.14271   0.06788   0.02213   0.05121   0.11936   0.02033   0.18834   0.16475   0.02115   0.15592   0.02946   0.05107   0.01865   0.12402   0.21508   0.07568   0.08798   0.30357   8.38655   1.35300   0.96280   1.36477   1.04192  
 13 11.2032   2252.781734  x:  0.28187   0.00000   0.02485   0.14193   0.06675   0.02241   0.05293   0.11920   0.02039   0.18976   0.16648   0.02035   0.15697   0.03023   0.05076   0.01861   0.12293   0.21775   0.07477   0.08990   0.30206   8.38426   1.35354   0.96477   1.36885   1.04399  
 14  7.0174   2252.765278  x:  0.28197   0.00000   0.02503   0.14231   0.06504   0.02266   0.05098   0.11955   0.02031   0.19047   0.16747   0.02146   0.15613   0.02957   0.05095   0.01866   0.12257   0.21949   0.07463   0.09063   0.30096   8.38029   1.35480   0.96945   1.37431   1.04717  
 15  7.1796   2252.716702  x:  0.28259   0.00000   0.02503   0.14506   0.06654   0.02241   0.05144   0.11995   0.02035   0.19040   0.16779   0.02002   0.15198   0.03076   0.05154   0.01855   0.12358   0.22006   0.07516   0.08903   0.29884   8.36571   1.36031   0.98698   1.39230   1.05811  
 16 15.1960   2252.695062  x:  0.28268   0.00000   0.02493   0.14427   0.06724   0.02240   0.05292   0.11963   0.02024   0.18954   0.16659   0.02174   0.15307   0.02934   0.05002   0.01864   0.12375   0.21901   0.07596   0.08881   0.29903   8.35812   1.36416   0.99497   1.40023   1.06301  
 17 18.3242   2252.669924  x:  0.28243   0.00000   0.02498   0.14201   0.06649   0.02245   0.05184   0.11919   0.02029   0.18823   0.16423   0.02062   0.15695   0.02990   0.05089   0.01860   0.12421   0.21641   0.07622   0.08949   0.30051   8.34799   1.37065   1.00377   1.40891   1.06842  
 18 18.1108   2252.638808  x:  0.28102   0.00000   0.02490   0.14272   0.06663   0.02235   0.05195   0.12175   0.02028   0.19007   0.16630   0.02102   0.15761   0.02978   0.05073   0.01860   0.12297   0.21434   0.07238   0.08889   0.30485   8.32918   1.38854   1.00968   1.41591   1.07235  
 19  5.8333   2252.612058  x:  0.28048   0.00000   0.02493   0.14258   0.06658   0.02238   0.05183   0.11922   0.02023   0.19027   0.16947   0.02075   0.15703   0.02965   0.05067   0.01857   0.12472   0.21456   0.07505   0.08928   0.30572   8.31060   1.40553   1.01322   1.42083   1.07428  
 20 14.1400   2252.586410  x:  0.28144   0.00000   0.02497   0.14298   0.06648   0.02238   0.05186   0.11852   0.02020   0.18731   0.16565   0.02084   0.15629   0.02975   0.05068   0.01856   0.12457   0.21761   0.07423   0.08916   0.30052   8.28933   1.42045   1.01538   1.42439   1.07356  
 21  9.5007   2252.574690  x:  0.28176   0.00000   0.02489   0.14273   0.06654   0.02235   0.05183   0.12108   0.02024   0.18831   0.16452   0.02044   0.15642   0.02993   0.05064   0.01856   0.12308   0.21751   0.07690   0.08893   0.29837   8.27685   1.42407   1.01616   1.42588   1.07142  
 22  6.5151   2252.492476  x:  0.28176   0.00000   0.02478   0.14333   0.06656   0.02223   0.05178   0.11853   0.02016   0.19887   0.15920   0.02102   0.15648   0.02946   0.05054   0.01853   0.12611   0.21573   0.07648   0.08914   0.29597   8.17567   1.42956   1.02129   1.43598   1.04840  
 23  9.3447   2252.248799  x:  0.28023   0.00000   0.02437   0.14428   0.06677   0.02194   0.05173   0.12001   0.02010   0.18889   0.16525   0.02053   0.15818   0.02958   0.05038   0.01841   0.12485   0.21792   0.07535   0.08900   0.30062   7.87813   1.43565   1.03476   1.46217   0.98532  
 24 55.4750   2251.339315  x:  0.29167   0.00000   0.02314   0.14811   0.06721   0.02094   0.05113   0.12080   0.01968   0.18930   0.16782   0.01995   0.16377   0.02855   0.04971   0.01805   0.12702   0.21777   0.07395   0.08891   0.29910   6.76159   1.40509   1.01130   1.42488   1.01852  
 25 19.3697   2251.304546  x:  0.28211   0.00000   0.02308   0.14878   0.06715   0.02095   0.05118   0.12076   0.01972   0.18923   0.16377   0.01977   0.16210   0.02876   0.04975   0.01804   0.12651   0.22149   0.07613   0.08916   0.30204   6.71680   1.40361   1.01049   1.42298   1.02036  
 26 21.0756   2251.011127  x:  0.28232   0.00000   0.02178   0.15910   0.06713   0.01927   0.05144   0.12103   0.02010   0.18789   0.16497   0.01985   0.17174   0.02882   0.05019   0.01873   0.12809   0.22366   0.07669   0.08945   0.30328   7.04970   1.35951   0.98200   1.36980   1.05939  
 27  0.1387   2250.825431  x:  0.28369   0.00000   0.02106   0.17065   0.06746   0.01890   0.05137   0.12148   0.01997   0.18872   0.16545   0.01887   0.18375   0.02827   0.04988   0.01838   0.13039   0.22574   0.07706   0.08951   0.30237   6.88548   1.38803   1.00381   1.40389   1.04029  
 28  0.0919   2250.815521  x:  0.28278   0.00000   0.02187   0.17192   0.06755   0.01956   0.05143   0.12149   0.01989   0.18910   0.16491   0.01877   0.18455   0.02849   0.04986   0.01831   0.13021   0.22621   0.07732   0.08930   0.30317   6.96021   1.38506   1.00157   1.40201   1.03592  
 29  0.0597   2250.814808  x:  0.28306   0.00000   0.02201   0.17216   0.06752   0.01978   0.05145   0.12142   0.01987   0.18894   0.16511   0.01885   0.18479   0.02859   0.04990   0.01832   0.13008   0.22588   0.07728   0.08919   0.30304   6.94129   1.38369   1.00059   1.40022   1.03662  
 30  0.0161   2250.814787  x:  0.28300   0.00000   0.02203   0.17214   0.06751   0.01980   0.05144   0.12140   0.01986   0.18893   0.16510   0.01886   0.18477   0.02858   0.04990   0.01830   0.13004   0.22578   0.07727   0.08921   0.30299   6.94183   1.38418   1.00095   1.40070   1.03693  
 31  0.0009   2250.814787  x:  0.28300   0.00000   0.02203   0.17214   0.06751   0.01980   0.05144   0.12140   0.01986   0.18894   0.16510   0.01886   0.18476   0.02859   0.04990   0.01830   0.13004   0.22577   0.07728   0.08921   0.30299   6.94185   1.38416   1.00095   1.40069   1.03692  
 32  0.0000   2250.814787  x:  0.28300   0.00000   0.02203   0.17214   0.06751   0.01980   0.05144   0.12140   0.01986   0.18894   0.16510   0.01886   0.18476   0.02859   0.04990   0.01830   0.13004   0.22577   0.07727   0.08921   0.30299   6.94185   1.38416   1.00095   1.40069   1.03691  
 33  0.0000   2250.814787  x:  0.28300   0.00000   0.02203   0.17214   0.06751   0.01980   0.05144   0.12140   0.01986   0.18894   0.16510   0.01886   0.18476   0.02859   0.04990   0.01830   0.13004   0.22577   0.07727   0.08921   0.30299   6.94185   1.38416   1.00095   1.40069   1.03691  
 34  0.0000   2250.814787  x:  0.28300   0.00000   0.02203   0.17215   0.06751   0.01980   0.05144   0.12140   0.01986   0.18894   0.16510   0.01886   0.18476   0.02859   0.04990   0.01830   0.13004   0.22577   0.07727   0.08921   0.30299   6.94185   1.38416   1.00095   1.40069   1.03691  
 35  0.0000   2250.814787  x:  0.28300   0.00000   0.02203   0.17215   0.06751   0.01980   0.05144   0.12140   0.01986   0.18894   0.16510   0.01886   0.18476   0.02859   0.04990   0.01830   0.13004   0.22577   0.07727   0.08921   0.30299   6.94185   1.38416   1.00095   1.40069   1.03691  