

TREE # 1

  0  0.0000   2082.497507  x:  0.07259   0.00636   0.10529   0.00888   0.03619   0.08004   0.04604   0.03412   0.09177   0.05590   0.06396   0.14368   0.00000   0.08624   0.01243   0.05548   0.05751   0.05800   0.04242   0.07224   0.10747   0.07484   0.14409   0.09121   2.00000   1.52821   1.16248   1.27659   0.40000  
  1 99.0000   2075.539598  x:  0.07672   0.02152   0.11372   0.01711   0.02413   0.06879   0.04994   0.01760   0.09816   0.06231   0.06008   0.14774   0.06433   0.10821   0.02973   0.05306   0.05290   0.06216   0.03393   0.07505   0.10605   0.07250   0.15143   0.09534   2.00499   1.52771   1.16217   1.27759   0.41612  
  2 602.2022   2068.601675  x:  0.08028   0.01624   0.12120   0.01522   0.01295   0.05705   0.05297   0.00170   0.10420   0.06688   0.05613   0.15145   0.06109   0.12359   0.03043   0.05095   0.04913   0.06538   0.02706   0.07726   0.10421   0.06961   0.15778   0.09890   2.01077   1.52714   1.16198   1.27861   0.43300  
  3 294.2449   2064.219324  x:  0.08423   0.01119   0.12970   0.01385   0.00284   0.04385   0.05631   0.00698   0.11101   0.07187   0.05174   0.15571   0.05812   0.14078   0.03131   0.04879   0.04512   0.06883   0.02033   0.07969   0.10207   0.06632   0.16499   0.10285   2.01776   1.52648   1.16175   1.27985   0.45283  
  4 685.1956   2059.059084  x:  0.09118   0.00466   0.14518   0.01324   0.01563   0.02097   0.06164   0.01170   0.12344   0.08051   0.04409   0.16353   0.05288   0.17153   0.03270   0.04551   0.03866   0.07460   0.01206   0.08387   0.09811   0.06032   0.17813   0.10980   2.03152   1.52520   1.16128   1.28226   0.49058  
  5 874.9480   2055.272283  x:  0.09684   0.01847   0.16107   0.01861   0.01808   0.01410   0.06343   0.01352   0.13544   0.08691   0.03861   0.17171   0.04293   0.20029   0.03161   0.04615   0.03846   0.07776   0.03774   0.08668   0.09395   0.05502   0.19108   0.11546   2.05075   1.52358   1.16075   1.28547   0.53652  
  6 354.1473   2052.030558  x:  0.09797   0.01914   0.17491   0.02258   0.02027   0.05000   0.05858   0.01515   0.14565   0.08858   0.03826   0.17820   0.03771   0.22451   0.03146   0.05357   0.04669   0.07487   0.03553   0.08601   0.09041   0.05371   0.20218   0.11659   2.08212   1.52124   1.16029   1.29026   0.59735  
  7 218.5530   2047.623852  x:  0.08570   0.02104   0.17060   0.00868   0.02014   0.04530   0.04376   0.01512   0.13528   0.06893   0.06781   0.17628   0.04011   0.22284   0.03072   0.06349   0.05563   0.05929   0.03352   0.07594   0.09062   0.06187   0.20124   0.10432   2.14647   1.51672   1.16118   1.29845   0.68608  
  8 136.7287   2044.792186  x:  0.07498   0.01619   0.15711   0.03779   0.01838   0.03935   0.04751   0.01412   0.11830   0.05608   0.07687   0.17019   0.03981   0.20512   0.02877   0.06427   0.05549   0.05511   0.02970   0.06996   0.09225   0.06541   0.19336   0.09360   2.21728   1.51208   1.16270   1.30677   0.76681  
  9 265.4419   2039.166539  x:  0.07253   0.01616   0.12418   0.02259   0.01816   0.04374   0.06498   0.01357   0.09336   0.06403   0.05446   0.15612   0.04644   0.15227   0.03102   0.05172   0.04441   0.07354   0.03199   0.07549   0.09639   0.06228   0.17122   0.09115   2.35177   1.50413   1.16641   1.32108   0.88709  
 10 232.0245   2037.244139  x:  0.08475   0.01813   0.12155   0.02603   0.01721   0.03823   0.04944   0.01312   0.10963   0.07098   0.04480   0.15311   0.04874   0.12626   0.02727   0.05007   0.04967   0.06335   0.02845   0.07976   0.09916   0.06308   0.16233   0.10337   2.42514   1.50179   1.16876   1.32676   0.91065  
 11 105.1954   2033.659932  x:  0.09242   0.00338   0.13751   0.02559   0.01725   0.04029   0.06564   0.01310   0.13481   0.06865   0.06111   0.15501   0.05065   0.11210   0.04167   0.05123   0.04217   0.06329   0.03822   0.07929   0.10396   0.06981   0.15658   0.11104   2.62139   1.49935   1.17518   1.33823   0.90468  
 12 102.5754   2027.744198  x:  0.09322   0.03820   0.16217   0.02473   0.01747   0.04127   0.08875   0.01315   0.15689   0.06003   0.07487   0.16128   0.03892   0.11030   0.04293   0.04864   0.03414   0.07256   0.01789   0.07539   0.10963   0.07682   0.15237   0.11184   3.04544   1.49527   1.18918   1.36163   0.87445  
 13 583.9751   2010.926271  x:  0.06863   0.01973   0.17484   0.02003   0.01808   0.03385   0.07511   0.01381   0.14020   0.06730   0.04574   0.16910   0.04887   0.16822   0.00975   0.04195   0.07735   0.08084   0.02800   0.07503   0.10854   0.06931   0.16747   0.08725   4.05662   1.48871   1.22179   1.41410   0.78092  
 14 787.0011   2006.762468  x:  0.06660   0.01846   0.16784   0.02241   0.01819   0.03185   0.05326   0.01408   0.12019   0.07275   0.03240   0.17057   0.03919   0.19124   0.04238   0.04976   0.07800   0.07608   0.02930   0.07708   0.10303   0.06344   0.17747   0.08522   4.38369   1.48854   1.23090   1.42974   0.74909  
 15 1107.4802   2004.348126  x:  0.08102   0.01699   0.15178   0.02487   0.01840   0.03685   0.04238   0.01432   0.10210   0.08094   0.04506   0.16975   0.03930   0.20534   0.03600   0.05603   0.05526   0.06844   0.03083   0.08021   0.09142   0.05206   0.18848   0.09964   4.52942   1.49226   1.23184   1.43444   0.73450  
 16 305.4315   2004.035299  x:  0.08333   0.01705   0.14321   0.02367   0.01845   0.03726   0.04684   0.01431   0.10373   0.07583   0.04027   0.16900   0.03966   0.20868   0.03453   0.05961   0.05154   0.06113   0.03134   0.07969   0.08818   0.05556   0.19330   0.10195   4.54875   1.49630   1.22903   1.43278   0.73279  
 17 55.3685   2003.877799  x:  0.08367   0.01717   0.13353   0.02417   0.01843   0.03741   0.04558   0.01433   0.10959   0.07293   0.04194   0.16786   0.03928   0.21004   0.03512   0.05835   0.05256   0.06613   0.03132   0.08013   0.08786   0.05638   0.19891   0.10229   4.55933   1.50527   1.22179   1.42751   0.73256  
 18 22.2772   2003.637443  x:  0.08176   0.01802   0.13245   0.02386   0.01838   0.03714   0.04858   0.01427   0.10980   0.07806   0.04359   0.16708   0.03880   0.20767   0.03613   0.05598   0.05467   0.06152   0.03077   0.07956   0.09232   0.05229   0.20586   0.10038   4.57686   1.53272   1.19904   1.41000   0.73375  
 19 19.7082   2003.398706  x:  0.08151   0.01710   0.13888   0.02381   0.01830   0.03688   0.04516   0.01423   0.10637   0.07687   0.04069   0.16745   0.03954   0.20482   0.03445   0.05762   0.05104   0.06432   0.03123   0.07889   0.09206   0.05683   0.20776   0.10013   4.59471   1.56264   1.17406   1.39006   0.73540  
 20 52.2337   2003.340169  x:  0.08310   0.01704   0.13953   0.02371   0.01829   0.03659   0.04633   0.01420   0.10525   0.07475   0.04105   0.16808   0.03943   0.20593   0.03499   0.05799   0.05402   0.06477   0.03101   0.08067   0.08803   0.05517   0.20249   0.10172   4.59932   1.56952   1.16821   1.38413   0.73600  
 21 15.9692   2003.298482  x:  0.08230   0.01697   0.13789   0.02370   0.01832   0.03689   0.04564   0.01424   0.10711   0.07569   0.04096   0.16855   0.03919   0.20944   0.03499   0.05724   0.05223   0.06396   0.03129   0.07941   0.08799   0.05487   0.19458   0.10092   4.60291   1.57258   1.16543   1.37903   0.73672  
 22  8.6661   2003.263506  x:  0.08347   0.01709   0.13693   0.02386   0.01834   0.03661   0.04637   0.01425   0.10647   0.07694   0.04150   0.16775   0.03889   0.21135   0.03475   0.05964   0.05323   0.06459   0.03115   0.08035   0.09150   0.05678   0.19217   0.10209   4.60636   1.57186   1.16529   1.37424   0.73762  
 23  4.3931   2002.898791  x:  0.08676   0.01649   0.13993   0.02307   0.01827   0.03779   0.04537   0.01410   0.10559   0.06870   0.04034   0.16002   0.03812   0.21381   0.03482   0.05350   0.05138   0.06382   0.03168   0.08280   0.10031   0.05325   0.19263   0.10538   4.64298   1.55190   1.17115   1.32573   0.74716  
 24  9.3937   2002.106216  x:  0.08460   0.01694   0.14186   0.02267   0.01783   0.03662   0.04764   0.01359   0.10887   0.07817   0.04249   0.15656   0.03614   0.20960   0.03470   0.05493   0.05168   0.06515   0.03088   0.08127   0.08849   0.05833   0.19884   0.10322   4.72245   1.50595   1.18074   1.22703   0.76739  
 25 76.1158   2001.766706  x:  0.08363   0.01599   0.14010   0.02200   0.01748   0.03565   0.04778   0.01325   0.11053   0.07605   0.04082   0.17308   0.03632   0.20525   0.03349   0.06298   0.04985   0.06754   0.03066   0.08001   0.09145   0.05074   0.20045   0.10225   4.75710   1.48526   1.17331   1.20136   0.77542  
 26 33.5708   2001.052056  x:  0.08683   0.01501   0.13690   0.02145   0.01712   0.03649   0.04824   0.01278   0.10643   0.07640   0.04286   0.19919   0.03428   0.20357   0.03419   0.04895   0.05030   0.06495   0.03065   0.08496   0.09499   0.06068   0.20200   0.10545   4.82915   1.44243   1.13966   1.17637   0.79124  
 27 43.7762   1997.338974  x:  0.09098   0.01318   0.14526   0.01663   0.01482   0.03248   0.05258   0.01026   0.11550   0.08049   0.04176   0.17430   0.02528   0.20509   0.03249   0.05110   0.04518   0.06999   0.02926   0.07890   0.09354   0.05564   0.20073   0.10960   5.17705   1.24432   0.93906   1.12862   0.86427  
 28 76.5199   1997.024515  x:  0.08601   0.01332   0.14635   0.01646   0.01458   0.03239   0.05188   0.01001   0.11879   0.08054   0.04268   0.17290   0.02450   0.20471   0.03138   0.05334   0.04058   0.06824   0.02911   0.09581   0.09297   0.05548   0.20030   0.10463   5.20940   1.24715   0.93997   1.13518   0.87195  
 29 18.3491   1989.746745  x:  0.10058   0.00639   0.16457   0.00382   0.00821   0.02192   0.06389   0.00280   0.13433   0.09187   0.04093   0.17821   0.00000   0.19674   0.02739   0.04715   0.03000   0.08114   0.02560   0.08347   0.09062   0.05470   0.19736   0.11919   6.15283   1.57996   1.20386   1.44632   1.10727  
 30 44.1017   1987.702087  x:  0.10103   0.00328   0.16890   0.02035   0.00767   0.01925   0.06207   0.00317   0.13914   0.08924   0.04153   0.17843   0.00000   0.19555   0.02532   0.04979   0.03775   0.07914   0.02302   0.08124   0.09041   0.05648   0.19824   0.11963   6.48555   1.64421   1.25752   1.50655   1.15242  
 31  0.8258   1987.700942  x:  0.10103   0.00328   0.16890   0.02035   0.00768   0.01925   0.06207   0.00317   0.13914   0.08924   0.04154   0.17843   0.00049   0.19555   0.02532   0.04979   0.03775   0.07913   0.02302   0.08124   0.09041   0.05648   0.19824   0.11963   6.48572   1.64422   1.25753   1.50656   1.15243  
 32  3.3585   1985.450424  x:  0.09188   0.00627   0.16331   0.01824   0.01265   0.02902   0.05595   0.00958   0.13428   0.08072   0.04133   0.17504   0.00000   0.19430   0.02421   0.05550   0.05075   0.06914   0.02489   0.08407   0.09242   0.05952   0.20044   0.11048   6.85554   1.58924   1.21530   1.44512   1.12455  
 33  0.6153   1983.787883  x:  0.08378   0.00563   0.15754   0.01715   0.01189   0.03085   0.05131   0.00856   0.12684   0.07065   0.04617   0.17474   0.00105   0.19497   0.01934   0.05517   0.04508   0.06206   0.02511   0.07934   0.09430   0.06131   0.20447   0.10239   8.09533   1.46989   1.11916   1.33535   1.13629  
 34  0.5692   1982.845019  x:  0.09086   0.00833   0.16420   0.01616   0.01075   0.03093   0.05771   0.00660   0.13123   0.08066   0.04575   0.17795   0.00151   0.19450   0.02408   0.05082   0.04418   0.07346   0.02484   0.08104   0.09376   0.05924   0.19937   0.10946   9.05218   1.52056   1.16081   1.39296   1.16290  
 35  0.5316   1982.611699  x:  0.09091   0.00426   0.16213   0.01485   0.01058   0.02847   0.05610   0.00605   0.13083   0.08005   0.04282   0.17653   0.00268   0.19151   0.02357   0.05419   0.04656   0.07119   0.02608   0.08293   0.09310   0.05948   0.19843   0.10951   9.48346   1.53011   1.16784   1.40207   1.14996  
 36  0.3526   1982.516296  x:  0.09044   0.00622   0.16215   0.01459   0.01118   0.02820   0.05550   0.00633   0.13094   0.07793   0.04303   0.17684   0.00245   0.18837   0.02309   0.05472   0.04390   0.06842   0.02560   0.08133   0.09342   0.06006   0.19855   0.10904   9.76791   1.53732   1.17177   1.40647   1.12137  
 37  0.2249   1982.499036  x:  0.09047   0.00558   0.16184   0.01461   0.01146   0.02900   0.05561   0.00645   0.13109   0.07867   0.04331   0.17614   0.00268   0.18827   0.02315   0.05305   0.04428   0.06914   0.02539   0.08178   0.09376   0.05973   0.19760   0.10907   9.81191   1.53753   1.17176   1.40957   1.10535  
 38  0.0351   1982.496511  x:  0.09055   0.00576   0.16187   0.01478   0.01142   0.02868   0.05578   0.00637   0.13137   0.07879   0.04345   0.17624   0.00266   0.18793   0.02324   0.05343   0.04484   0.06945   0.02503   0.08188   0.09368   0.05988   0.19763   0.10915   9.78284   1.53689   1.17165   1.41023   1.10118  
 39  0.0250   1982.496099  x:  0.09064   0.00570   0.16184   0.01492   0.01141   0.02867   0.05586   0.00636   0.13136   0.07878   0.04341   0.17624   0.00267   0.18795   0.02317   0.05353   0.04457   0.06950   0.02510   0.08172   0.09369   0.05992   0.19763   0.10924   9.76311   1.53709   1.17170   1.41019   1.09991  
 40  0.0183   1982.496061  x:  0.09061   0.00571   0.16183   0.01495   0.01139   0.02865   0.05583   0.00635   0.13135   0.07875   0.04337   0.17623   0.00266   0.18791   0.02320   0.05346   0.04459   0.06942   0.02512   0.08178   0.09369   0.05990   0.19761   0.10920   9.75955   1.53705   1.17162   1.41002   1.09977  
 41  0.0031   1982.496059  x:  0.09061   0.00571   0.16183   0.01496   0.01139   0.02866   0.05583   0.00635   0.13135   0.07875   0.04337   0.17621   0.00266   0.18789   0.02320   0.05347   0.04460   0.06943   0.02513   0.08176   0.09369   0.05990   0.19760   0.10921   9.76038   1.53706   1.17166   1.41006   1.09980  
 42  0.0005   1982.496059  x:  0.09061   0.00571   0.16183   0.01496   0.01139   0.02866   0.05583   0.00635   0.13135   0.07875   0.04337   0.17622   0.00266   0.18789   0.02320   0.05347   0.04460   0.06943   0.02513   0.08177   0.09369   0.05990   0.19760   0.10921   9.76068   1.53706   1.17165   1.41006   1.09980  
 43  0.0002   1982.496059  x:  0.09061   0.00571   0.16183   0.01496   0.01139   0.02866   0.05583   0.00635   0.13135   0.07875   0.04337   0.17622   0.00266   0.18789   0.02320   0.05347   0.04460   0.06943   0.02512   0.08177   0.09369   0.05990   0.19760   0.10921   9.76073   1.53705   1.17164   1.41005   1.09980  
 44  0.0000   1982.496059  x:  0.09061   0.00571   0.16183   0.01496   0.01139   0.02866   0.05583   0.00635   0.13135   0.07875   0.04337   0.17622   0.00266   0.18789   0.02320   0.05347   0.04460   0.06943   0.02512   0.08177   0.09369   0.05990   0.19760   0.10921   9.76074   1.53705   1.17164   1.41005   1.09980  
 45  0.0000   1982.496059  x:  0.09061   0.00571   0.16183   0.01496   0.01139   0.02866   0.05583   0.00635   0.13135   0.07875   0.04337   0.17622   0.00266   0.18789   0.02320   0.05347   0.04460   0.06943   0.02513   0.08177   0.09369   0.05990   0.19760   0.10921   9.76072   1.53705   1.17164   1.41005   1.09980  
 46  0.0000   1982.496059  x:  0.09061   0.00571   0.16183   0.01496   0.01139   0.02866   0.05583   0.00635   0.13135   0.07875   0.04337   0.17622   0.00266   0.18789   0.02320   0.05347   0.04460   0.06943   0.02512   0.08177   0.09369   0.05990   0.19760   0.10921   9.76072   1.53705   1.17164   1.41005   1.09980  