

TREE # 1

  0  0.0000   1984.809964  x:  0.03399   0.00949   0.09750   0.01990   0.08602   0.07680   0.04901   0.04776   0.08339   0.04009   0.06585   0.08519   0.02417   0.04008   0.00000   0.10323   0.06677   0.03769   0.05691   0.05030   0.11061   0.05691   0.05464   0.05261   2.00000   1.58726   0.99007   1.34270   0.40000  
  1 99.0000   1945.347506  x:  0.07589   0.00000   0.12060   0.00543   0.06324   0.04235   0.04962   0.02422   0.06476   0.08371   0.04868   0.13073   0.01456   0.09448   0.14589   0.08995   0.04548   0.03695   0.02675   0.04644   0.15338   0.06433   0.10127   0.09451   2.00802   1.58603   0.98963   1.34541   0.42646  
  2 847.4175   1932.648261  x:  0.08582   0.03999   0.13467   0.02481   0.04460   0.01065   0.05004   0.01302   0.05142   0.09254   0.03757   0.15290   0.01033   0.10883   0.14035   0.07099   0.02824   0.03706   0.00497   0.04788   0.17602   0.05853   0.11436   0.10444   2.01584   1.58466   0.98999   1.34767   0.44895  
  3 448.8072   1929.020308  x:  0.08818   0.04103   0.13846   0.02394   0.03870   0.00175   0.05012   0.01404   0.04774   0.09444   0.03465   0.15919   0.00918   0.11299   0.13536   0.06367   0.02384   0.03718   0.01167   0.04861   0.18323   0.05568   0.11774   0.10680   2.01885   1.58413   0.99017   1.34851   0.45695  
  4 469.6763   1920.768562  x:  0.09695   0.04055   0.15283   0.01808   0.01697   0.01096   0.05041   0.01840   0.03450   0.10140   0.02446   0.18322   0.00557   0.12910   0.11431   0.03424   0.00867   0.03750   0.02103   0.05155   0.21134   0.04385   0.13043   0.11557   2.03107   1.58200   0.99096   1.35192   0.48885  
  5 738.8138   1913.730985  x:  0.10406   0.02950   0.16483   0.00955   0.01361   0.00853   0.05050   0.01895   0.02900   0.10696   0.02350   0.20423   0.00737   0.14425   0.09220   0.00668   0.02192   0.03759   0.01330   0.05454   0.23753   0.03167   0.14116   0.12268   2.04427   1.57975   0.99192   1.35551   0.52090  
  6 561.2766   1906.984731  x:  0.11312   0.00601   0.18071   0.01309   0.03236   0.00560   0.05044   0.01708   0.03265   0.11398   0.02969   0.23288   0.00663   0.16550   0.06082   0.00772   0.01304   0.03741   0.00466   0.05543   0.27596   0.02032   0.15511   0.13174   2.06598   1.57612   0.99355   1.36141   0.57025  
  7 411.9566   1903.931283  x:  0.11843   0.00154   0.19042   0.01844   0.03446   0.00902   0.05034   0.01073   0.03693   0.11812   0.03191   0.25083   0.00880   0.17870   0.04445   0.02021   0.02387   0.03715   0.01076   0.05479   0.30004   0.02491   0.16368   0.13705   2.08207   1.57353   0.99488   1.36560   0.60391  
  8 457.2921   1902.717142  x:  0.11858   0.00000   0.19190   0.01664   0.03136   0.00805   0.05024   0.01692   0.03981   0.11802   0.03196   0.25468   0.00837   0.18129   0.04037   0.02475   0.02556   0.03705   0.00790   0.05308   0.30621   0.03167   0.16479   0.13720   2.08955   1.57243   0.99568   1.36732   0.61641  
  9 224.7781   1901.591608  x:  0.11561   0.00000   0.18979   0.00832   0.03040   0.00732   0.04995   0.01160   0.04430   0.11523   0.03355   0.25472   0.00722   0.18090   0.03958   0.02476   0.02327   0.03703   0.00654   0.04893   0.30979   0.03747   0.16261   0.13423   2.10371   1.57052   0.99750   1.37018   0.63469  
 10 127.2473   1898.304733  x:  0.10160   0.00000   0.17542   0.01147   0.03951   0.00997   0.04902   0.01490   0.05494   0.10356   0.04203   0.24771   0.00981   0.17593   0.05622   0.01059   0.02114   0.03715   0.01307   0.03511   0.31730   0.04374   0.15074   0.12022   2.17024   1.56200   1.00615   1.38312   0.71262  
 11 219.3223   1892.758503  x:  0.07782   0.00000   0.14778   0.01040   0.03438   0.00893   0.04924   0.01687   0.04528   0.08447   0.03576   0.22613   0.00949   0.15983   0.08327   0.02104   0.02408   0.03739   0.01066   0.05053   0.32166   0.02394   0.12598   0.09644   2.30223   1.54623   1.02283   1.40819   0.85522  
 12 359.1067   1890.639356  x:  0.08266   0.00000   0.14282   0.02006   0.03038   0.00730   0.05038   0.01127   0.03667   0.09044   0.02988   0.20839   0.01667   0.14808   0.08361   0.01803   0.02195   0.03687   0.00716   0.05634   0.30781   0.03824   0.12106   0.10128   2.37306   1.54036   1.03033   1.42020   0.91317  
 13 184.4563   1887.714975  x:  0.10088   0.00000   0.14775   0.01754   0.03448   0.00820   0.05118   0.01311   0.03606   0.10822   0.03123   0.18336   0.00463   0.13212   0.08303   0.01822   0.02398   0.03683   0.00893   0.05806   0.27476   0.03602   0.12385   0.11950   2.46949   1.53537   1.03889   1.43492   0.97179  
 14 236.3410   1886.609624  x:  0.10957   0.00000   0.15208   0.01281   0.03488   0.00835   0.05106   0.01519   0.03836   0.11608   0.03263   0.17272   0.01481   0.12646   0.08294   0.02043   0.02237   0.03703   0.00959   0.05724   0.25600   0.03023   0.12739   0.12819   2.52004   1.53364   1.04291   1.44215   0.99736  
 15 458.7068   1884.879580  x:  0.10711   0.00000   0.16318   0.01904   0.02325   0.00707   0.04778   0.01308   0.04678   0.11008   0.03404   0.17743   0.01250   0.13882   0.08093   0.02248   0.02301   0.03760   0.00702   0.04858   0.22419   0.02363   0.13764   0.12573   2.61197   1.53620   1.04706   1.45212   1.01327  
 16 103.4299   1882.561431  x:  0.09971   0.00000   0.17738   0.01486   0.03461   0.00794   0.04823   0.01435   0.03631   0.09920   0.02833   0.19267   0.01182   0.15974   0.07918   0.02232   0.02279   0.03726   0.00851   0.05358   0.18564   0.03012   0.15108   0.11833   2.75136   1.54356   1.05159   1.46514   1.01840  
 17 246.3645   1876.333158  x:  0.09561   0.00000   0.17548   0.01452   0.02430   0.00849   0.07261   0.01424   0.04400   0.10804   0.07326   0.22186   0.01181   0.16609   0.07577   0.01643   0.01682   0.03371   0.01066   0.09004   0.20112   0.03840   0.14757   0.11423   3.26966   1.58705   1.06086   1.50274   0.95161  
 18 148.9284   1860.454469  x:  0.10050   0.00000   0.15428   0.01082   0.03513   0.00855   0.04411   0.01574   0.03961   0.12696   0.02933   0.25950   0.01180   0.15369   0.05887   0.02249   0.02364   0.05183   0.00919   0.04678   0.28902   0.03030   0.12856   0.11912   4.39474   1.68532   1.08071   1.57897   0.78671  
 19 711.8987   1859.651835  x:  0.10234   0.00000   0.15713   0.01077   0.03581   0.00847   0.04671   0.01573   0.03895   0.11786   0.02587   0.25244   0.01160   0.15290   0.05847   0.02277   0.02414   0.03392   0.00909   0.04330   0.29747   0.02952   0.13496   0.12096   4.44757   1.69082   1.08145   1.58035   0.77886  
 20 131.7337   1859.163932  x:  0.10518   0.00000   0.16435   0.01083   0.03574   0.00848   0.04353   0.01563   0.03618   0.10067   0.02888   0.23639   0.01126   0.15391   0.05895   0.02253   0.02395   0.03798   0.00907   0.04447   0.30792   0.03082   0.14748   0.12380   4.48338   1.69602   1.08150   1.57767   0.77373  
 21 62.7026   1859.105408  x:  0.10485   0.00000   0.16574   0.01103   0.03617   0.00851   0.04558   0.01556   0.03874   0.09971   0.02646   0.23307   0.01118   0.15529   0.05900   0.02196   0.02390   0.03935   0.00919   0.04589   0.30939   0.03092   0.14896   0.12347   4.48788   1.69717   1.08132   1.57603   0.77331  
 22 27.7420   1859.016962  x:  0.10135   0.00000   0.16891   0.01084   0.03604   0.00848   0.04688   0.01559   0.03715   0.10472   0.02695   0.22415   0.01108   0.16232   0.05825   0.02224   0.02391   0.03959   0.00916   0.04460   0.31171   0.03079   0.14899   0.11997   4.49535   1.70115   1.08029   1.56744   0.77390  
 23 13.3984   1858.983813  x:  0.10109   0.00000   0.16945   0.01086   0.03611   0.00851   0.04389   0.01559   0.03819   0.10563   0.02679   0.22223   0.01108   0.16458   0.05816   0.02187   0.02372   0.03859   0.00930   0.04619   0.31194   0.03102   0.14788   0.11971   4.49834   1.70330   1.07959   1.56202   0.77465  
 24 13.9899   1858.797554  x:  0.10629   0.00000   0.16828   0.01078   0.03592   0.00848   0.04563   0.01570   0.03779   0.10082   0.02701   0.22154   0.01118   0.17050   0.05772   0.02222   0.02372   0.03877   0.00931   0.04554   0.31004   0.03056   0.13779   0.12491   4.51699   1.71824   1.07400   1.52022   0.78244  
 25 15.7424   1858.588109  x:  0.10276   0.00000   0.16745   0.01102   0.03590   0.00843   0.04540   0.01563   0.03793   0.10358   0.02690   0.22711   0.01108   0.15831   0.05803   0.02257   0.02396   0.03908   0.00914   0.04550   0.30850   0.03072   0.14741   0.12138   4.53906   1.73147   1.06645   1.47205   0.79253  
 26 19.9928   1857.298754  x:  0.10657   0.00000   0.13476   0.01052   0.03451   0.00829   0.04647   0.01598   0.03871   0.10525   0.02842   0.22279   0.01005   0.17139   0.04613   0.02304   0.02364   0.03876   0.00954   0.04644   0.30699   0.03016   0.16447   0.12519   4.68385   1.58187   1.00761   1.38047   0.81352  
 27  3.4587   1855.583960  x:  0.10419   0.00000   0.16435   0.01064   0.03369   0.00803   0.04733   0.01610   0.03947   0.10370   0.02934   0.22339   0.01015   0.16164   0.04189   0.02287   0.02392   0.03790   0.00951   0.04712   0.31096   0.03142   0.14949   0.12281   4.88074   1.38125   0.92724   1.26661   0.84362  
 28 129.0882   1853.437558  x:  0.10362   0.00000   0.16469   0.01059   0.03169   0.00752   0.04797   0.01620   0.03981   0.10236   0.03012   0.21560   0.00961   0.15497   0.03318   0.02247   0.02402   0.03643   0.00951   0.04734   0.30583   0.03195   0.14624   0.12223   5.10146   1.42356   0.81161   1.32662   0.91484  
 29  7.9712   1846.493558  x:  0.10329   0.00000   0.17093   0.01084   0.02646   0.00641   0.05148   0.01685   0.04227   0.10204   0.03421   0.20650   0.00767   0.14244   0.00456   0.02236   0.02428   0.03350   0.00983   0.04995   0.29998   0.03420   0.14410   0.12190   5.69453   1.55909   0.96336   1.47389   1.08216  
 30 34.1630   1843.868599  x:  0.09157   0.00000   0.17185   0.01118   0.02602   0.00609   0.05268   0.01751   0.04504   0.09137   0.03698   0.19152   0.00760   0.12000   0.02283   0.02132   0.02460   0.03309   0.01033   0.05063   0.28623   0.03520   0.12702   0.11017   6.13076   1.67106   1.07098   1.57513   1.17297  
 31  1.2527   1841.199556  x:  0.07860   0.00000   0.15843   0.00965   0.03101   0.00609   0.04567   0.01922   0.04317   0.08471   0.03134   0.20440   0.01002   0.13130   0.01316   0.02513   0.02583   0.04412   0.01188   0.04340   0.26105   0.03492   0.10976   0.09720   7.24175   1.73207   1.10837   1.58752   1.24460  
 32  0.7657   1839.918160  x:  0.08324   0.00000   0.15344   0.01089   0.03269   0.00648   0.05163   0.01963   0.04431   0.08532   0.03626   0.20189   0.01114   0.12834   0.00658   0.02661   0.02660   0.03737   0.01290   0.05258   0.25937   0.03485   0.13067   0.10183   8.00077   1.72902   1.10087   1.57726   1.22205  
 33  0.5863   1839.111927  x:  0.09243   0.00000   0.16211   0.01230   0.03127   0.00627   0.05047   0.01881   0.04356   0.09289   0.03494   0.19684   0.01152   0.13013   0.01296   0.02707   0.02623   0.03414   0.01307   0.05092   0.26660   0.03488   0.12836   0.11102   8.70963   1.69186   1.07558   1.57735   1.15202  
 34  0.4179   1838.800878  x:  0.08760   0.00000   0.16468   0.01080   0.02987   0.00589   0.04869   0.01830   0.04281   0.09073   0.03300   0.20499   0.01042   0.12827   0.01096   0.02717   0.02575   0.03866   0.01300   0.04774   0.26542   0.03583   0.12644   0.10619   9.43680   1.69403   1.07116   1.57912   1.14925  
 35  0.4587   1838.754854  x:  0.08667   0.00000   0.16326   0.01072   0.03002   0.00610   0.05004   0.01827   0.04326   0.08930   0.03428   0.20292   0.01002   0.13252   0.01110   0.02631   0.02589   0.03712   0.01288   0.04949   0.26505   0.03576   0.12564   0.10526   9.65109   1.70406   1.07648   1.58097   1.15738  
 36  0.1914   1838.738522  x:  0.08809   0.00000   0.16175   0.01097   0.03018   0.00627   0.04977   0.01825   0.04311   0.09010   0.03405   0.20303   0.00992   0.13024   0.01127   0.02568   0.02593   0.03702   0.01248   0.04921   0.26527   0.03545   0.12730   0.10668   9.79053   1.70619   1.07868   1.58198   1.16793  
 37  0.0886   1838.733617  x:  0.08799   0.00000   0.16293   0.01074   0.03011   0.00629   0.04977   0.01833   0.04303   0.09067   0.03405   0.20398   0.00998   0.13147   0.01141   0.02550   0.02564   0.03729   0.01213   0.04917   0.26646   0.03533   0.12697   0.10658   9.80827   1.70349   1.07730   1.58122   1.17417  
 38  0.0105   1838.733200  x:  0.08798   0.00000   0.16291   0.01085   0.03008   0.00628   0.04976   0.01832   0.04308   0.09028   0.03406   0.20400   0.00998   0.13147   0.01143   0.02551   0.02559   0.03721   0.01208   0.04907   0.26657   0.03539   0.12715   0.10657   9.79410   1.70305   1.07683   1.58047   1.17610  
 39  0.0140   1838.733152  x:  0.08799   0.00000   0.16286   0.01082   0.03011   0.00629   0.04979   0.01831   0.04310   0.09037   0.03410   0.20403   0.00998   0.13140   0.01142   0.02555   0.02558   0.03719   0.01208   0.04912   0.26648   0.03540   0.12715   0.10658   9.78832   1.70295   1.07660   1.58011   1.17670  
 40  0.0055   1838.733146  x:  0.08800   0.00000   0.16285   0.01083   0.03011   0.00629   0.04978   0.01830   0.04310   0.09037   0.03408   0.20399   0.00998   0.13144   0.01141   0.02556   0.02558   0.03720   0.01209   0.04912   0.26649   0.03540   0.12716   0.10659   9.78890   1.70284   1.07647   1.58002   1.17683  
 41  0.0005   1838.733145  x:  0.08800   0.00000   0.16285   0.01083   0.03011   0.00629   0.04978   0.01830   0.04310   0.09037   0.03408   0.20402   0.00998   0.13143   0.01141   0.02557   0.02559   0.03720   0.01209   0.04912   0.26650   0.03540   0.12715   0.10658   9.78999   1.70281   1.07644   1.58001   1.17687  
 42  0.0008   1838.733145  x:  0.08800   0.00000   0.16285   0.01083   0.03011   0.00629   0.04978   0.01830   0.04310   0.09037   0.03408   0.20401   0.00998   0.13143   0.01141   0.02557   0.02559   0.03720   0.01210   0.04912   0.26650   0.03540   0.12716   0.10658   9.79005   1.70283   1.07647   1.58002   1.17690  
 43  0.0000   1838.733145  x:  0.08800   0.00000   0.16285   0.01083   0.03011   0.00629   0.04978   0.01830   0.04310   0.09037   0.03408   0.20401   0.00998   0.13143   0.01141   0.02557   0.02559   0.03720   0.01210   0.04912   0.26650   0.03540   0.12716   0.10659   9.79000   1.70283   1.07647   1.58002   1.17691  
 44  0.0000   1838.733145  x:  0.08800   0.00000   0.16285   0.01083   0.03011   0.00629   0.04978   0.01830   0.04310   0.09037   0.03408   0.20401   0.00998   0.13143   0.01141   0.02557   0.02559   0.03720   0.01210   0.04912   0.26650   0.03540   0.12716   0.10659   9.79000   1.70282   1.07647   1.58002   1.17691  
 45  0.0000   1838.733145  x:  0.08800   0.00000   0.16285   0.01083   0.03011   0.00629   0.04978   0.01830   0.04310   0.09037   0.03408   0.20401   0.00998   0.13143   0.01141   0.02557   0.02559   0.03720   0.01210   0.04912   0.26650   0.03540   0.12716   0.10659   9.79000   1.70282   1.07647   1.58002   1.17691  
 46  0.0000   1838.733145  x:  0.08800   0.00000   0.16285   0.01083   0.03011   0.00629   0.04978   0.01830   0.04310   0.09037   0.03408   0.20401   0.00998   0.13143   0.01141   0.02557   0.02559   0.03720   0.01210   0.04912   0.26650   0.03540   0.12716   0.10659   9.79000   1.70282   1.07647   1.58002   1.17691  