

TREE # 1

  0  0.0000   1986.828401  x:  0.01972   0.20925   0.02571   0.03211   0.02495   0.05815   0.02188   0.05666   0.08536   0.02661   0.17168   0.01972   0.20925   0.02571   0.03211   0.02495   0.05815   0.02188   0.05666   0.08536   0.02661   0.17168   0.21568   8.40433   1.32558   1.15893   1.04955   1.00000  
  1 99.0000   1972.469039  x:  0.00055   0.20444   0.01138   0.03379   0.02502   0.06768   0.02354   0.06885   0.09818   0.03707   0.16876   0.00000   0.20419   0.01594   0.04506   0.03076   0.07135   0.04556   0.06213   0.08563   0.02748   0.17088   0.21690   8.40439   1.32549   1.15710   1.05276   1.00025  
  2 372.0602   1972.343126  x:  0.00000   0.20431   0.01121   0.03376   0.02502   0.06778   0.02351   0.06897   0.09838   0.03707   0.16869   0.00000   0.20406   0.01588   0.04509   0.03070   0.07143   0.04538   0.06216   0.08563   0.02748   0.17086   0.21693   8.40439   1.32548   1.15706   1.05284   1.00025  
  3 248.7575   1970.552691  x:  0.00000   0.18054   0.03000   0.03029   0.02532   0.07717   0.02350   0.07938   0.12029   0.04162   0.15719   0.00000   0.17947   0.02052   0.04708   0.03202   0.08264   0.03545   0.06628   0.08523   0.02830   0.16951   0.22363   8.40467   1.32453   1.14789   1.06982   1.00175  
  4 118.3226   1969.435975  x:  0.00000   0.15495   0.03014   0.02649   0.02443   0.07206   0.02212   0.07331   0.12279   0.03580   0.14947   0.00000   0.15347   0.01414   0.03970   0.03029   0.08117   0.04218   0.06401   0.08514   0.02603   0.17034   0.22995   8.40508   1.32345   1.13604   1.09201   1.00375  
  5 71.7545   1968.895988  x:  0.00000   0.14028   0.02477   0.03020   0.02579   0.06878   0.02441   0.06984   0.11841   0.03952   0.14892   0.00000   0.13863   0.02102   0.04258   0.03136   0.07712   0.04264   0.06336   0.08562   0.03071   0.17284   0.23330   8.40544   1.32269   1.12644   1.10985   1.00537  
  6 84.4579   1968.538643  x:  0.00000   0.13465   0.02565   0.03111   0.02399   0.07088   0.02273   0.07252   0.10999   0.04412   0.15685   0.00000   0.13292   0.01639   0.04576   0.03356   0.07529   0.03954   0.06370   0.08703   0.02741   0.17866   0.23468   8.40593   1.32200   1.11517   1.13085   1.00735  
  7 43.1573   1968.171014  x:  0.00000   0.13366   0.02561   0.02815   0.02688   0.07485   0.02401   0.07629   0.10681   0.03942   0.16945   0.00000   0.13260   0.01842   0.04391   0.03026   0.07871   0.04102   0.06410   0.08712   0.02953   0.18713   0.23512   8.40674   1.32137   1.09923   1.16105   1.01032  
  8 54.1836   1967.975730  x:  0.00000   0.13653   0.02513   0.03116   0.02305   0.07233   0.02241   0.07360   0.11262   0.03924   0.17426   0.00000   0.13556   0.01931   0.04184   0.03209   0.07994   0.04114   0.06403   0.08615   0.02980   0.19066   0.23445   8.40741   1.32152   1.08927   1.18091   1.01244  
  9 44.0881   1967.895674  x:  0.00000   0.13906   0.02536   0.03101   0.02626   0.07041   0.02397   0.07127   0.11565   0.04055   0.17368   0.00000   0.13782   0.01787   0.04279   0.03217   0.07899   0.04059   0.06404   0.08567   0.02865   0.19052   0.23359   8.40785   1.32207   1.08475   1.19095   1.01365  
 10 34.8611   1967.818794  x:  0.00000   0.14260   0.02558   0.02794   0.02468   0.07011   0.02336   0.07107   0.11564   0.04094   0.16810   0.00000   0.14106   0.01834   0.04547   0.03065   0.07677   0.04112   0.06404   0.08535   0.02879   0.18685   0.23181   8.40859   1.32365   1.08071   1.20243   1.01530  
 11 21.6307   1967.744305  x:  0.00000   0.14609   0.02538   0.03042   0.02531   0.07165   0.02329   0.07323   0.11331   0.04001   0.16023   0.00000   0.14468   0.01838   0.04393   0.03176   0.07613   0.04126   0.06345   0.08523   0.02862   0.18094   0.22956   8.40958   1.32620   1.07750   1.21477   1.01728  
 12 28.3616   1967.729903  x:  0.00000   0.14653   0.02522   0.03030   0.02496   0.07141   0.02383   0.07211   0.11205   0.04055   0.15942   0.00000   0.14515   0.01818   0.04357   0.03159   0.07867   0.04074   0.06415   0.08554   0.02884   0.17904   0.22920   8.41008   1.32789   1.07833   1.21754   1.01797  
 13  7.5425   1967.717974  x:  0.00000   0.14654   0.02511   0.03033   0.02567   0.07101   0.02240   0.07186   0.11186   0.04020   0.15989   0.00000   0.14521   0.01859   0.04408   0.03177   0.07943   0.04071   0.06445   0.08574   0.02842   0.17759   0.22913   8.41083   1.33066   1.08077   1.22007   1.01886  
 14  6.2979   1967.644924  x:  0.00000   0.14622   0.02511   0.03088   0.02480   0.07047   0.02431   0.07275   0.11293   0.03856   0.16425   0.00000   0.14513   0.01857   0.04544   0.03201   0.07850   0.04079   0.06422   0.08595   0.02758   0.17055   0.22928   8.41641   1.35119   1.09989   1.23667   1.02514  
 15 19.3882   1967.579906  x:  0.00000   0.14641   0.02509   0.03032   0.02533   0.07140   0.02309   0.07300   0.11365   0.04131   0.16588   0.00000   0.14535   0.01768   0.04333   0.03111   0.07720   0.04121   0.06341   0.08533   0.03000   0.16858   0.22949   8.42168   1.37028   1.11778   1.25147   1.03080  
 16 49.8519   1967.472540  x:  0.00000   0.14737   0.02360   0.02899   0.02524   0.07351   0.02352   0.07197   0.11349   0.04190   0.16237   0.00000   0.14606   0.01949   0.04252   0.03268   0.07756   0.04135   0.06391   0.08492   0.02732   0.17534   0.22974   8.43088   1.40252   1.14776   1.27540   1.03994  
 17 44.1592   1967.427741  x:  0.00000   0.14771   0.02417   0.03065   0.02520   0.07257   0.02335   0.07218   0.11313   0.04038   0.16010   0.00000   0.14649   0.01811   0.04440   0.03182   0.07833   0.04108   0.06445   0.08504   0.02888   0.17937   0.22973   8.43489   1.41591   1.15992   1.28507   1.04351  
 18 55.1991   1967.421857  x:  0.00000   0.14772   0.02408   0.03063   0.02517   0.07127   0.02345   0.07327   0.11311   0.04080   0.15988   0.00000   0.14650   0.01832   0.04421   0.03132   0.07874   0.04112   0.06392   0.08545   0.02851   0.17977   0.22951   8.43572   1.41728   1.16053   1.28567   1.04346  
 19  3.8843   1967.403334  x:  0.00000   0.14752   0.02373   0.02932   0.02532   0.07026   0.02359   0.07404   0.11322   0.04054   0.15985   0.00000   0.14641   0.01801   0.04413   0.03330   0.07901   0.04076   0.06329   0.08632   0.02957   0.18003   0.22844   8.43927   1.42041   1.15963   1.28567   1.04178  
 20  2.9035   1967.132723  x:  0.00000   0.14428   0.02148   0.03046   0.02514   0.07383   0.02327   0.07261   0.11594   0.04112   0.16099   0.00000   0.14417   0.01779   0.04453   0.03143   0.07909   0.04182   0.06296   0.09222   0.02912   0.18061   0.21495   8.49247   1.46170   1.14131   1.28181   1.01470  
 21 16.8528   1966.942470  x:  0.00000   0.14426   0.01936   0.03011   0.02516   0.07208   0.02344   0.07507   0.11534   0.04148   0.16119   0.00000   0.14330   0.01753   0.04436   0.03183   0.07964   0.04199   0.06762   0.08130   0.02852   0.17997   0.21789   8.52963   1.48361   1.13078   1.27991   0.99757  
 22 36.5526   1966.699125  x:  0.00000   0.14662   0.01649   0.03057   0.02508   0.07452   0.02325   0.07439   0.11593   0.04168   0.15994   0.00000   0.14524   0.01713   0.04673   0.03179   0.08209   0.04232   0.06066   0.08302   0.02849   0.17858   0.23797   8.57920   1.49679   1.12376   1.28035   0.98021  
 23 26.1697   1966.497971  x:  0.00000   0.14715   0.01404   0.03039   0.02513   0.07371   0.02340   0.07630   0.11735   0.04224   0.15916   0.00000   0.14665   0.01696   0.04446   0.03184   0.07962   0.04337   0.06982   0.09091   0.02907   0.17802   0.24702   8.62148   1.49611   1.12394   1.28277   0.97055  
 24 31.8852   1965.426153  x:  0.00000   0.14235   0.00461   0.03008   0.02505   0.07627   0.02324   0.07880   0.12175   0.04380   0.15871   0.00000   0.14541   0.01551   0.04733   0.03199   0.08317   0.04509   0.06805   0.08811   0.02890   0.17808   0.23800   8.79753   1.46097   1.14186   1.29709   0.94743  
 25 43.4627   1965.388892  x:  0.00000   0.14758   0.00428   0.03025   0.02505   0.07648   0.02322   0.07904   0.12195   0.04360   0.15894   0.00000   0.13983   0.01541   0.04729   0.03197   0.08337   0.04521   0.06819   0.08855   0.02912   0.17809   0.23804   8.80578   1.46146   1.13833   1.29405   0.95907  
 26  4.1285   1965.288907  x:  0.00000   0.14252   0.00359   0.03010   0.02503   0.07681   0.02318   0.07945   0.12270   0.04401   0.15911   0.00000   0.14396   0.01512   0.04757   0.03191   0.08366   0.04547   0.06858   0.08844   0.02897   0.17828   0.23958   8.82869   1.46462   1.12520   1.28287   1.00029  
 27 10.9481   1964.430238  x:  0.00000   0.13893   0.00783   0.02873   0.02476   0.08286   0.02236   0.08635   0.13442   0.04551   0.15824   0.00000   0.14030   0.01017   0.05234   0.03080   0.09006   0.04757   0.06877   0.08640   0.02868   0.17764   0.23250   9.08935   1.40501   1.11853   1.26935   1.06532  
 28  0.8667   1964.319229  x:  0.00000   0.13985   0.00697   0.02865   0.02453   0.08485   0.02212   0.08897   0.13886   0.04569   0.15758   0.00000   0.14114   0.01264   0.05395   0.03021   0.09217   0.04792   0.06863   0.08539   0.02838   0.17688   0.22929   9.20108   1.38233   1.12701   1.27065   1.04972  
 29  0.1649   1964.305950  x:  0.00000   0.14056   0.00648   0.02891   0.02450   0.08521   0.02220   0.08975   0.14030   0.04560   0.15753   0.00000   0.14165   0.01176   0.05437   0.03014   0.09262   0.04780   0.06877   0.08528   0.02847   0.17691   0.22981   9.25323   1.38623   1.12816   1.27090   1.04176  
 30  0.0652   1964.304063  x:  0.00000   0.14068   0.00648   0.02899   0.02450   0.08517   0.02224   0.08990   0.14067   0.04553   0.15760   0.00000   0.14176   0.01197   0.05436   0.03018   0.09260   0.04768   0.06885   0.08543   0.02851   0.17695   0.23043   9.27305   1.38997   1.12636   1.26912   1.04393  
 31  0.0250   1964.303881  x:  0.00000   0.14050   0.00643   0.02897   0.02451   0.08508   0.02224   0.08989   0.14076   0.04553   0.15764   0.00000   0.14168   0.01194   0.05432   0.03023   0.09253   0.04762   0.06883   0.08548   0.02852   0.17699   0.23039   9.28939   1.38909   1.12596   1.26866   1.04512  
 32  0.0114   1964.303866  x:  0.00000   0.14057   0.00644   0.02897   0.02451   0.08507   0.02224   0.08986   0.14070   0.04553   0.15762   0.00000   0.14170   0.01195   0.05430   0.03020   0.09251   0.04762   0.06883   0.08545   0.02851   0.17698   0.23038   9.29330   1.38930   1.12615   1.26894   1.04525  
 33  0.0029   1964.303865  x:  0.00000   0.14056   0.00644   0.02897   0.02451   0.08508   0.02224   0.08985   0.14069   0.04553   0.15763   0.00000   0.14170   0.01195   0.05430   0.03021   0.09252   0.04762   0.06883   0.08546   0.02851   0.17698   0.23038   9.29453   1.38929   1.12612   1.26891   1.04516  
 34  0.0008   1964.303865  x:  0.00000   0.14056   0.00644   0.02897   0.02451   0.08508   0.02224   0.08985   0.14069   0.04553   0.15762   0.00000   0.14170   0.01195   0.05430   0.03021   0.09252   0.04762   0.06883   0.08546   0.02851   0.17698   0.23038   9.29461   1.38928   1.12612   1.26891   1.04516  
 35  0.0001   1964.303865  x:  0.00000   0.14056   0.00644   0.02897   0.02451   0.08508   0.02224   0.08985   0.14069   0.04553   0.15763   0.00000   0.14170   0.01195   0.05430   0.03021   0.09252   0.04762   0.06883   0.08546   0.02851   0.17698   0.23038   9.29462   1.38928   1.12612   1.26891   1.04516  
 36  0.0000   1964.303865  x:  0.00000   0.14056   0.00644   0.02897   0.02451   0.08508   0.02224   0.08985   0.14069   0.04553   0.15763   0.00000   0.14170   0.01195   0.05430   0.03021   0.09252   0.04762   0.06883   0.08546   0.02851   0.17698   0.23038   9.29462   1.38928   1.12612   1.26891   1.04516  

TREE # 2

  0  0.0000   2303.385029  x:  0.00000   0.14056   0.00644   0.02897   0.02451   0.08508   0.02224   0.08985   0.14069   0.04553   0.15763   0.00000   0.14170   0.01195   0.05430   0.03021   0.09252   0.04762   0.06883   0.08546   0.02851   0.17698   0.23038   9.29462   1.36576   1.03657   1.16934   1.04516  
  1 99.0000   2111.212683  x:  0.37974   0.14315   0.09057   0.05018   0.02607   0.08210   0.03144   0.08867   0.13886   0.04690   0.15718   0.17091   0.14423   0.05378   0.06286   0.03223   0.08892   0.05483   0.06728   0.08547   0.02698   0.17483   0.22694   9.29461   1.36560   1.03673   1.16959   1.04521  
  2 15961.4327   2020.242222  x:  0.36597   0.07245   0.17258   0.18235   0.03307   0.01919   0.15333   0.06142   0.10065   0.01317   0.12387   0.12370   0.07412   0.20761   0.15603   0.06258   0.01997   0.16334   0.03895   0.08578   0.00000   0.13438   0.16146   9.29473   1.36217   1.04259   1.17195   1.04598  
  3 672.3241   2008.701887  x:  0.36714   0.04981   0.18369   0.19434   0.03195   0.00631   0.16030   0.05633   0.09167   0.02035   0.11615   0.11342   0.05175   0.22220   0.16474   0.06153   0.00187   0.17352   0.03320   0.08671   0.03925   0.12585   0.14284   9.29477   1.36112   1.04438   1.17261   1.04628  
  4 680.8357   1991.451844  x:  0.37279   0.00000   0.19895   0.20393   0.02988   0.00859   0.15887   0.04919   0.07525   0.03371   0.10154   0.09394   0.00260   0.23536   0.17203   0.05473   0.03336   0.18216   0.02328   0.08830   0.06403   0.10645   0.10043   9.29484   1.35897   1.04823   1.17375   1.04687  
  5 570.4207   1990.658638  x:  0.37315   0.00000   0.19942   0.20389   0.02986   0.00896   0.15831   0.04906   0.07467   0.03389   0.10095   0.09309   0.00000   0.23545   0.17204   0.05434   0.03309   0.18219   0.02305   0.08838   0.06397   0.10558   0.09825   9.29484   1.35887   1.04842   1.17381   1.04689  
  6 616.7210   1987.794907  x:  0.37696   0.00000   0.20374   0.20228   0.02936   0.00165   0.15140   0.04852   0.07020   0.03507   0.09581   0.08458   0.00000   0.23531   0.17149   0.05141   0.03231   0.18169   0.02283   0.08923   0.06176   0.09756   0.07447   9.29488   1.35778   1.05048   1.17444   1.04713  
  7 862.9565   1984.722894  x:  0.38071   0.00000   0.21179   0.20035   0.03010   0.00238   0.14313   0.05489   0.07856   0.02920   0.09745   0.07420   0.00000   0.23846   0.17295   0.06421   0.03390   0.18338   0.04249   0.09045   0.06612   0.09796   0.02813   9.29495   1.35569   1.05434   1.17652   1.04730  
  8 190.6317   1984.428397  x:  0.38068   0.00000   0.21623   0.19850   0.02828   0.00237   0.13903   0.05415   0.08374   0.03253   0.10268   0.07178   0.00000   0.24149   0.17354   0.06613   0.03338   0.18362   0.03459   0.08801   0.06511   0.10588   0.02171   9.29502   1.35406   1.05745   1.17878   1.04746  
  9 33.8647   1984.243677  x:  0.38177   0.00000   0.22480   0.19474   0.03124   0.00234   0.13031   0.05257   0.08515   0.02837   0.10493   0.06467   0.00000   0.24659   0.17310   0.06658   0.03379   0.18453   0.03267   0.08804   0.06561   0.11027   0.02399   9.29518   1.35087   1.06378   1.18311   1.04785  
 10 23.6774   1984.117209  x:  0.38073   0.00000   0.23232   0.19072   0.02755   0.00250   0.12482   0.05255   0.08489   0.03198   0.10608   0.06238   0.00000   0.25246   0.17139   0.06661   0.03321   0.18583   0.03597   0.08915   0.06432   0.11143   0.02660   9.29537   1.34764   1.07073   1.18814   1.04828  
 11 26.6777   1983.881217  x:  0.37269   0.00000   0.24432   0.17871   0.03231   0.00238   0.12159   0.05553   0.08308   0.03349   0.10759   0.07184   0.00000   0.26583   0.16232   0.06385   0.03296   0.18639   0.03668   0.08953   0.06386   0.11017   0.02581   9.29595   1.34048   1.08842   1.20190   1.04931  
 12 23.2260   1983.748281  x:  0.36957   0.00000   0.24889   0.17125   0.02796   0.00252   0.12294   0.05458   0.08253   0.02896   0.10685   0.07541   0.00000   0.27211   0.15581   0.06367   0.03321   0.18525   0.03550   0.08896   0.06456   0.10924   0.02513   9.29633   1.33735   1.09812   1.20985   1.04987  
 13 41.2481   1983.527403  x:  0.37056   0.00000   0.25078   0.15843   0.03026   0.00253   0.13364   0.05103   0.08512   0.03161   0.10143   0.07007   0.00000   0.28010   0.14218   0.06982   0.03262   0.18029   0.03462   0.08744   0.06373   0.10791   0.02583   9.29723   1.33602   1.11368   1.22448   1.05070  
 14 20.9761   1983.306364  x:  0.37334   0.00000   0.24696   0.15378   0.02962   0.00246   0.14069   0.05972   0.08283   0.03114   0.10610   0.06257   0.00000   0.28451   0.13653   0.06333   0.03256   0.17934   0.03430   0.09121   0.06353   0.10994   0.02538   9.29852   1.34472   1.12283   1.23753   1.05100  
 15 10.7679   1982.461698  x:  0.37334   0.00000   0.23142   0.14938   0.03206   0.00293   0.13931   0.04415   0.07227   0.03174   0.11917   0.05843   0.00000   0.28882   0.13583   0.05467   0.03074   0.18000   0.04062   0.09125   0.06082   0.11170   0.02128   9.30373   1.39032   1.14655   1.27993   1.05144  
 16 21.2620   1979.027660  x:  0.36319   0.00000   0.19363   0.14939   0.02926   0.00401   0.10085   0.05550   0.06992   0.03251   0.10940   0.05353   0.00000   0.28640   0.15480   0.06622   0.02379   0.17949   0.02927   0.07796   0.05235   0.08112   0.02225   9.32571   1.58517   1.23854   1.44408   1.05348  
 17 89.5616   1976.903786  x:  0.34911   0.00000   0.20313   0.16520   0.02911   0.00474   0.09202   0.05190   0.08039   0.03286   0.07783   0.05640   0.00000   0.25760   0.16035   0.05233   0.01952   0.17182   0.02768   0.09806   0.04535   0.09067   0.01850   9.33944   1.69972   1.29639   1.53393   1.05546  
 18 121.0719   1975.393724  x:  0.33751   0.00000   0.23882   0.18125   0.02923   0.00515   0.10082   0.05478   0.06801   0.03330   0.08478   0.05280   0.00000   0.20788   0.16005   0.05294   0.01607   0.16087   0.02816   0.08600   0.04062   0.08511   0.01837   9.34954   1.77079   1.34147   1.58183   1.05840  
 19 74.1591   1974.884009  x:  0.33605   0.00000   0.23746   0.17800   0.02943   0.00538   0.10217   0.05113   0.07735   0.03354   0.09183   0.05141   0.00000   0.19433   0.16228   0.05124   0.01496   0.17335   0.02477   0.09480   0.03943   0.07316   0.01883   9.35326   1.76766   1.35966   1.56166   1.06263  
 20 11.8743   1973.324062  x:  0.33199   0.00000   0.21765   0.16971   0.02959   0.00592   0.09800   0.05518   0.06249   0.03427   0.07989   0.04974   0.00000   0.17156   0.16964   0.05196   0.01133   0.19814   0.02316   0.08959   0.03401   0.08310   0.01705   9.36479   1.73822   1.41007   1.47379   1.07740  
 21 42.1002   1972.073617  x:  0.32553   0.00000   0.20655   0.18493   0.02932   0.00637   0.09016   0.05460   0.06856   0.03464   0.08094   0.04646   0.00000   0.18149   0.16982   0.04004   0.00864   0.16648   0.02713   0.08162   0.03062   0.07654   0.01704   9.37402   1.70419   1.42917   1.39772   1.08866  
 22 43.1125   1971.715536  x:  0.32262   0.00000   0.20501   0.18689   0.02933   0.00649   0.08700   0.05461   0.06207   0.03483   0.08402   0.04682   0.00000   0.18505   0.16888   0.04688   0.00762   0.15421   0.02406   0.09218   0.02927   0.07531   0.01668   9.37681   1.69152   1.42591   1.37687   1.09159  
 23 47.6251   1969.752127  x:  0.30582   0.00000   0.22983   0.13915   0.03010   0.00716   0.08574   0.05358   0.05854   0.03559   0.07965   0.04240   0.00000   0.20068   0.15800   0.04108   0.00310   0.15108   0.02321   0.09100   0.02286   0.06994   0.01560   9.39099   1.59246   1.27931   1.31657   1.09827  
 24 20.1478   1969.454970  x:  0.30420   0.00000   0.22749   0.14912   0.02993   0.00721   0.07973   0.05354   0.05809   0.03557   0.07982   0.04169   0.00000   0.19921   0.14047   0.04224   0.00240   0.15850   0.02217   0.08988   0.02183   0.06934   0.01537   9.39344   1.56620   1.25509   1.31478   1.09823  
 25 26.6622   1969.154098  x:  0.30534   0.00000   0.21466   0.15962   0.02980   0.00731   0.07970   0.05384   0.05718   0.03550   0.07913   0.04120   0.00000   0.18441   0.15785   0.04066   0.00185   0.15411   0.02245   0.09019   0.02083   0.06855   0.01514   9.39640   1.51152   1.23894   1.33439   1.09369  
 26 11.1907   1967.240580  x:  0.29028   0.00000   0.20274   0.15579   0.02983   0.00805   0.07901   0.05345   0.05931   0.03357   0.08235   0.04468   0.00000   0.17356   0.15065   0.03991   0.00435   0.15110   0.02211   0.09028   0.01943   0.07236   0.01851   9.42727   1.38427   1.14578   1.28511   0.91397  
 27  1.4744   1965.935699  x:  0.27833   0.00000   0.19215   0.15478   0.02982   0.00854   0.07973   0.05339   0.06279   0.03146   0.08619   0.04868   0.00000   0.16374   0.14633   0.04018   0.00649   0.14796   0.02322   0.09029   0.01841   0.07743   0.02137   9.44647   1.31268   1.07126   1.26455   1.06804  
 28  5.9109   1965.036781  x:  0.25837   0.00000   0.18179   0.14674   0.02937   0.00906   0.08607   0.05287   0.07051   0.02987   0.09224   0.05456   0.00000   0.15443   0.14204   0.04373   0.00471   0.14025   0.02758   0.09065   0.01605   0.08631   0.02542   9.45396   1.38340   1.11071   1.26796   1.05127  
 29  0.3123   1964.581041  x:  0.24940   0.00000   0.17902   0.13881   0.02939   0.00959   0.08632   0.05492   0.07129   0.02705   0.09265   0.04898   0.00000   0.15800   0.13711   0.04824   0.00557   0.13938   0.03370   0.09030   0.02178   0.08451   0.02181   9.41943   1.36734   1.11071   1.25264   1.04967  
 30  0.0716   1964.367918  x:  0.23790   0.00000   0.17540   0.13970   0.02860   0.01055   0.08523   0.05571   0.06955   0.02877   0.09474   0.04963   0.00000   0.15800   0.13921   0.04487   0.00617   0.13855   0.02830   0.08943   0.02514   0.08725   0.02272   9.35586   1.39741   1.12976   1.26908   1.05259  
 31  0.0825   1964.320410  x:  0.23197   0.00000   0.17703   0.14084   0.02852   0.01096   0.08418   0.05469   0.06889   0.03063   0.09276   0.04763   0.00000   0.15447   0.14040   0.04562   0.00649   0.13959   0.02924   0.08959   0.02513   0.08541   0.02229   9.31766   1.39393   1.12734   1.27138   1.04692  
 32  0.0420   1964.311155  x:  0.23082   0.00000   0.17672   0.14029   0.02852   0.01121   0.08551   0.05425   0.06863   0.03087   0.09212   0.04766   0.00000   0.15748   0.13923   0.04547   0.00646   0.14028   0.02890   0.08992   0.02504   0.08497   0.02225   9.30287   1.38654   1.12465   1.26706   1.04390  
 33  0.0211   1964.306009  x:  0.23004   0.00000   0.17653   0.14208   0.02854   0.01147   0.08518   0.05412   0.06881   0.03021   0.09244   0.04760   0.00000   0.15784   0.14106   0.04543   0.00647   0.14084   0.02890   0.08998   0.02474   0.08500   0.02215   9.28995   1.38777   1.12662   1.26893   1.04432  
 34  0.0105   1964.304845  x:  0.22981   0.00000   0.17738   0.14188   0.02855   0.01162   0.08564   0.05428   0.06884   0.03008   0.09253   0.04750   0.00000   0.15781   0.14060   0.04551   0.00643   0.14072   0.02889   0.08985   0.02454   0.08505   0.02226   9.28960   1.38931   1.12557   1.26893   1.04499  
 35  0.0022   1964.304254  x:  0.23001   0.00000   0.17682   0.14179   0.02853   0.01177   0.08563   0.05440   0.06880   0.03022   0.09255   0.04767   0.00000   0.15760   0.14067   0.04561   0.00642   0.14095   0.02902   0.08980   0.02441   0.08509   0.02229   9.29250   1.38944   1.12612   1.26855   1.04557  
 36  0.0021   1964.303923  x:  0.23029   0.00000   0.17697   0.14171   0.02852   0.01192   0.08543   0.05430   0.06887   0.03026   0.09254   0.04760   0.00000   0.15772   0.14056   0.04554   0.00644   0.14056   0.02898   0.08984   0.02443   0.08513   0.02223   9.29495   1.38938   1.12631   1.26895   1.04538  
 37  0.0017   1964.303869  x:  0.23037   0.00000   0.17699   0.14171   0.02851   0.01195   0.08546   0.05429   0.06881   0.03021   0.09251   0.04764   0.00000   0.15760   0.14056   0.04551   0.00644   0.14069   0.02896   0.08987   0.02449   0.08507   0.02223   9.29502   1.38932   1.12615   1.26893   1.04517  
 38  0.0004   1964.303865  x:  0.23039   0.00000   0.17698   0.14169   0.02851   0.01195   0.08545   0.05430   0.06883   0.03021   0.09252   0.04762   0.00000   0.15762   0.14057   0.04553   0.00644   0.14070   0.02896   0.08985   0.02450   0.08508   0.02224   9.29486   1.38929   1.12612   1.26890   1.04515  
 39  0.0002   1964.303865  x:  0.23038   0.00000   0.17698   0.14170   0.02851   0.01195   0.08546   0.05430   0.06883   0.03021   0.09252   0.04762   0.00000   0.15763   0.14056   0.04553   0.00644   0.14069   0.02897   0.08985   0.02451   0.08507   0.02224   9.29475   1.38928   1.12612   1.26891   1.04515  
 40  0.0001   1964.303865  x:  0.23038   0.00000   0.17698   0.14170   0.02851   0.01195   0.08546   0.05430   0.06883   0.03021   0.09252   0.04762   0.00000   0.15763   0.14056   0.04553   0.00644   0.14069   0.02897   0.08985   0.02451   0.08508   0.02224   9.29467   1.38928   1.12612   1.26890   1.04516  
 41  0.0001   1964.303865  x:  0.23038   0.00000   0.17698   0.14170   0.02851   0.01195   0.08546   0.05430   0.06883   0.03021   0.09252   0.04762   0.00000   0.15763   0.14056   0.04553   0.00644   0.14069   0.02897   0.08985   0.02451   0.08508   0.02224   9.29460   1.38928   1.12612   1.26891   1.04516  
 42  0.0000   1964.303865  x:  0.23038   0.00000   0.17698   0.14170   0.02851   0.01195   0.08546   0.05430   0.06883   0.03021   0.09252   0.04762   0.00000   0.15763   0.14056   0.04553   0.00644   0.14069   0.02897   0.08985   0.02451   0.08508   0.02224   9.29460   1.38928   1.12612   1.26891   1.04516  
 43  0.0000   1964.303865  x:  0.23038   0.00000   0.17698   0.14170   0.02851   0.01195   0.08546   0.05430   0.06883   0.03021   0.09252   0.04762   0.00000   0.15763   0.14056   0.04553   0.00644   0.14069   0.02897   0.08985   0.02451   0.08508   0.02224   9.29461   1.38928   1.12612   1.26891   1.04516  
 44  0.0000   1964.303865  x:  0.23038   0.00000   0.17698   0.14170   0.02851   0.01195   0.08546   0.05430   0.06883   0.03021   0.09252   0.04762   0.00000   0.15763   0.14056   0.04553   0.00644   0.14069   0.02897   0.08985   0.02451   0.08508   0.02224   9.29461   1.38928   1.12612   1.26891   1.04516  
 45  0.0000   1964.303865  x:  0.23038   0.00000   0.17698   0.14170   0.02851   0.01195   0.08546   0.05430   0.06883   0.03021   0.09252   0.04762   0.00000   0.15763   0.14056   0.04553   0.00644   0.14069   0.02897   0.08985   0.02451   0.08508   0.02224   9.29462   1.38928   1.12612   1.26891   1.04516  