

TREE # 1

  0  0.0000   2097.160398  x:  0.07571   0.00324   0.10292   0.00881   0.05307   0.00959   0.11340   0.09494   0.11320   0.06546   0.06684   0.11851   0.00000   0.10038   0.01851   0.04681   0.06278   0.05090   0.05045   0.03500   0.08503   0.04928   0.14228   0.09433   2.00000   1.64432   0.93422   1.36130   0.40000  
  1 99.0000   2078.874974  x:  0.07889   0.06989   0.11977   0.03306   0.04235   0.00000   0.10790   0.11594   0.10812   0.06762   0.05569   0.11706   0.10010   0.12567   0.02058   0.03655   0.05604   0.05662   0.04169   0.03268   0.08066   0.04409   0.14542   0.09751   2.00471   1.64377   0.93389   1.36207   0.41672  
  2 1213.3056   2078.874974  x:  0.07889   0.06989   0.11977   0.03306   0.04235   0.00000   0.10790   0.11594   0.10812   0.06762   0.05569   0.11706   0.10010   0.12567   0.02058   0.03655   0.05604   0.05662   0.04169   0.03268   0.08066   0.04409   0.14542   0.09751   2.00471   1.64377   0.93389   1.36207   0.41672  
  3 368.6595   2052.218980  x:  0.08051   0.03456   0.17245   0.01517   0.00116   0.00241   0.08813   0.17991   0.08888   0.07307   0.00934   0.10203   0.04990   0.18918   0.03142   0.00000   0.03196   0.07172   0.01106   0.02745   0.06452   0.02279   0.14614   0.09913   2.02497   1.64085   0.93449   1.36517   0.48128  
  4 356.3439   2051.699349  x:  0.08054   0.03390   0.17343   0.01486   0.00050   0.00245   0.08776   0.18110   0.08852   0.07317   0.00850   0.10175   0.04896   0.19036   0.03163   0.00024   0.03153   0.07200   0.01052   0.02736   0.06423   0.02240   0.14616   0.09916   2.02535   1.64079   0.93451   1.36523   0.48249  
  5 3981.6877   2049.194661  x:  0.08074   0.02968   0.17977   0.01332   0.00293   0.00268   0.08542   0.18872   0.08626   0.07385   0.00364   0.09993   0.04278   0.19800   0.03286   0.00084   0.02887   0.07375   0.00771   0.02686   0.06235   0.02009   0.14622   0.09936   2.02789   1.64043   0.93458   1.36562   0.49044  
  6 2620.2060   2039.144025  x:  0.08167   0.01131   0.20919   0.01905   0.00571   0.00124   0.07494   0.22310   0.07628   0.07704   0.01859   0.09150   0.01218   0.23355   0.03648   0.00184   0.02105   0.08076   0.01906   0.02611   0.05454   0.01495   0.14608   0.10029   2.04144   1.63855   0.93490   1.36769   0.53046  
  7 943.7465   2034.891669  x:  0.08246   0.01981   0.21918   0.02297   0.00587   0.00000   0.07260   0.23410   0.07407   0.07785   0.01730   0.08970   0.00665   0.24621   0.03452   0.00190   0.02946   0.08110   0.02191   0.02784   0.05437   0.02542   0.14617   0.10108   2.04922   1.63759   0.93502   1.36881   0.54943  
  8 355.5437   2030.623221  x:  0.08431   0.02653   0.23549   0.02743   0.00659   0.01010   0.07564   0.25119   0.07571   0.07783   0.02068   0.08982   0.03855   0.27142   0.01854   0.00226   0.03735   0.07423   0.02386   0.03358   0.06233   0.02169   0.14733   0.10293   2.07708   1.63442   0.93573   1.37242   0.60475  
  9 237.3313   2028.304994  x:  0.08386   0.02473   0.23607   0.02537   0.00680   0.00000   0.07831   0.24987   0.07930   0.07682   0.02165   0.09065   0.04588   0.27454   0.02205   0.00226   0.03589   0.06923   0.02343   0.03265   0.06577   0.02444   0.14632   0.10248   2.09229   1.63270   0.93647   1.37418   0.62809  
 10 185.8820   2022.392930  x:  0.07727   0.01909   0.21821   0.01905   0.00623   0.02166   0.10237   0.21572   0.09882   0.07034   0.01993   0.09379   0.03548   0.26302   0.03565   0.00210   0.02869   0.04958   0.02656   0.02070   0.07235   0.03491   0.13467   0.09589   2.19381   1.62196   0.94220   1.38489   0.75623  
 11 224.5979   2016.259767  x:  0.07379   0.02261   0.19542   0.02926   0.00528   0.01705   0.11339   0.17611   0.10856   0.06871   0.01706   0.09646   0.01550   0.24164   0.02596   0.00182   0.03111   0.05629   0.02004   0.03803   0.07023   0.01637   0.12599   0.09241   2.29948   1.61141   0.94828   1.39537   0.87334  
 12 440.3164   2013.405389  x:  0.07756   0.01744   0.18239   0.02279   0.00521   0.01566   0.10418   0.16057   0.09882   0.07421   0.01568   0.09751   0.01835   0.22390   0.01308   0.00197   0.02918   0.07820   0.02345   0.03035   0.05826   0.02309   0.12911   0.09618   2.36456   1.60624   0.95177   1.40081   0.92338  
 13 223.0925   2011.784328  x:  0.08217   0.02154   0.17480   0.02306   0.00548   0.01908   0.09215   0.15576   0.08677   0.07844   0.01819   0.09825   0.02449   0.20939   0.02622   0.00199   0.03169   0.09105   0.02160   0.02660   0.05060   0.02056   0.13498   0.10079   2.41598   1.60298   0.95417   1.40459   0.95162  
 14 270.9946   2009.040626  x:  0.08771   0.02006   0.16784   0.02355   0.00544   0.02182   0.06638   0.16891   0.06734   0.07740   0.01811   0.09778   0.02135   0.17834   0.02417   0.00191   0.02631   0.07779   0.02070   0.03167   0.06862   0.02306   0.14974   0.10633   2.52628   1.59909   0.95818   1.41069   0.96906  
 15 126.6983   2006.753735  x:  0.08891   0.01773   0.16833   0.01924   0.00548   0.01815   0.06434   0.18411   0.07056   0.07568   0.01723   0.09805   0.01827   0.16345   0.02043   0.00194   0.04065   0.06746   0.02369   0.02213   0.06378   0.01434   0.15952   0.10753   2.63810   1.59696   0.96120   1.41592   0.96661  
 16 188.2252   2000.885907  x:  0.08877   0.01054   0.17420   0.02600   0.00560   0.01754   0.07888   0.21766   0.08876   0.07352   0.02121   0.09959   0.02035   0.14547   0.01870   0.00208   0.04025   0.06069   0.01350   0.03269   0.03763   0.02380   0.17856   0.10739   2.94076   1.59284   0.96833   1.42931   0.94423  
 17 534.2851   1994.746313  x:  0.08692   0.02704   0.18224   0.02296   0.00523   0.01370   0.09792   0.24236   0.10521   0.07395   0.01192   0.10233   0.02092   0.14697   0.02219   0.00203   0.02042   0.07179   0.03434   0.03849   0.03564   0.02011   0.19146   0.10554   3.30024   1.58918   0.97576   1.44467   0.90975  
 18 1009.2791   1983.425372  x:  0.07950   0.02506   0.19452   0.01864   0.00625   0.01325   0.12724   0.25266   0.11644   0.08086   0.02489   0.10458   0.01514   0.19502   0.02681   0.00211   0.02933   0.11667   0.01721   0.02708   0.09064   0.02347   0.19263   0.09812   4.03260   1.58473   0.98862   1.47450   0.82630  
 19 1100.4146   1977.719583  x:  0.07955   0.00822   0.19919   0.03714   0.00480   0.01265   0.11748   0.22712   0.09747   0.07816   0.00937   0.10014   0.02228   0.23673   0.03043   0.00168   0.03881   0.10223   0.03001   0.02958   0.08616   0.02544   0.16964   0.09817   4.34344   1.58695   0.99065   1.48473   0.78551  
 20 534.9798   1972.364623  x:  0.08083   0.02136   0.20829   0.03339   0.00551   0.01041   0.09775   0.19483   0.07372   0.07384   0.01652   0.09599   0.02334   0.28359   0.02230   0.00205   0.03119   0.07147   0.02174   0.02329   0.06606   0.02240   0.13746   0.09945   4.64348   1.59155   0.99046   1.49314   0.74565  
 21 903.6435   1971.944524  x:  0.08135   0.02055   0.20977   0.02466   0.00570   0.01193   0.09228   0.19129   0.07594   0.07490   0.01802   0.09536   0.02335   0.28742   0.02340   0.00203   0.03396   0.06959   0.02323   0.03020   0.06441   0.02282   0.13406   0.09997   4.66725   1.59393   0.98848   1.49285   0.74269  
 22 119.3709   1971.742374  x:  0.08249   0.02077   0.21230   0.02644   0.00563   0.01292   0.08289   0.18870   0.08584   0.07690   0.01772   0.09418   0.02358   0.28826   0.02335   0.00203   0.03303   0.06980   0.02285   0.02894   0.06476   0.02296   0.13222   0.10111   4.67932   1.60105   0.98167   1.48991   0.74216  
 23 30.5523   1971.117681  x:  0.08098   0.02021   0.22454   0.02572   0.00562   0.01239   0.08535   0.18350   0.08205   0.07110   0.01782   0.09258   0.02373   0.28239   0.02358   0.00201   0.03322   0.07181   0.02266   0.02890   0.06529   0.02301   0.13253   0.09960   4.71902   1.66230   0.92341   1.46129   0.74760  
 24 19.0861   1971.027700  x:  0.08129   0.02028   0.21987   0.02586   0.00559   0.01209   0.08680   0.18554   0.08113   0.07894   0.01773   0.09341   0.02319   0.28373   0.02341   0.00200   0.03302   0.07001   0.02261   0.02898   0.06515   0.02283   0.13190   0.09991   4.72513   1.67251   0.91616   1.45547   0.74887  
 25 20.9466   1970.938308  x:  0.08193   0.02063   0.20795   0.02561   0.00564   0.01203   0.08554   0.19063   0.08185   0.07537   0.01796   0.09433   0.02269   0.28845   0.02329   0.00202   0.03293   0.07045   0.02254   0.02907   0.06440   0.02278   0.13132   0.10055   4.73134   1.68283   0.91406   1.44756   0.75083  
 26 12.1610   1970.678362  x:  0.07830   0.02122   0.20839   0.02534   0.00563   0.01188   0.08445   0.18717   0.08194   0.07641   0.01804   0.08799   0.02254   0.29197   0.02312   0.00202   0.03293   0.06946   0.02247   0.02926   0.06381   0.02271   0.14241   0.09692   4.75158   1.70784   0.94145   1.41786   0.75891  
 27  5.2168   1970.400600  x:  0.08518   0.02032   0.21511   0.02572   0.00560   0.01171   0.08632   0.18788   0.08180   0.07615   0.01776   0.09712   0.02168   0.28931   0.02326   0.00200   0.03303   0.07046   0.02245   0.02926   0.06484   0.02272   0.13624   0.10380   4.77360   1.73105   0.96949   1.39192   0.76766  
 28 28.4596   1970.158333  x:  0.07837   0.02086   0.21743   0.02602   0.00562   0.01134   0.08449   0.19426   0.08052   0.07703   0.01765   0.09373   0.02428   0.28368   0.02364   0.00201   0.03341   0.07324   0.02255   0.02900   0.06499   0.02286   0.12197   0.09699   4.79216   1.74115   0.98037   1.38951   0.77504  
 29 10.9644   1966.643279  x:  0.09793   0.02214   0.22385   0.02390   0.00538   0.00721   0.08842   0.20669   0.07765   0.07741   0.01740   0.05513   0.02292   0.28820   0.02308   0.00191   0.03297   0.07666   0.02077   0.02977   0.06497   0.02185   0.11659   0.11655   5.05061   1.81860   1.02367   1.49930   0.87334  
 30 16.6904   1959.718364  x:  0.08436   0.02116   0.24436   0.02319   0.00490   0.00181   0.06295   0.22542   0.06773   0.07988   0.01493   0.09857   0.01474   0.31603   0.02117   0.00179   0.03309   0.08137   0.01839   0.03123   0.05525   0.02001   0.14484   0.10297   5.63012   1.98492   1.11079   1.75213   1.09437  
 31 384.2808   1956.445238  x:  0.08515   0.02152   0.24823   0.02352   0.00506   0.00000   0.06163   0.22867   0.06833   0.07984   0.01496   0.09755   0.01415   0.31730   0.02082   0.00187   0.03398   0.08210   0.01880   0.03175   0.05589   0.02061   0.14779   0.10376   5.84203   1.72468   0.97876   1.54002   1.14983  
 32  6.9557   1956.445238  x:  0.08515   0.02152   0.24823   0.02352   0.00506   0.00000   0.06163   0.22867   0.06833   0.07984   0.01496   0.09755   0.01415   0.31730   0.02082   0.00187   0.03398   0.08210   0.01880   0.03175   0.05589   0.02061   0.14779   0.10376   5.84203   1.72468   0.97876   1.54002   1.14983  
 33  1.8408   1951.938190  x:  0.08512   0.02186   0.24800   0.02404   0.00867   0.00139   0.06254   0.22857   0.06888   0.07973   0.01514   0.09747   0.01398   0.31688   0.02150   0.02312   0.03447   0.08164   0.01967   0.03178   0.05631   0.02204   0.14776   0.10373   5.84213   1.72466   0.97877   1.53998   1.14993  
 34 1191.6121   1950.728308  x:  0.08490   0.02411   0.24631   0.02693   0.02237   0.00409   0.06739   0.22792   0.07190   0.07891   0.01617   0.09695   0.01284   0.31391   0.02407   0.02160   0.03657   0.07838   0.02477   0.03089   0.05878   0.03040   0.14757   0.10352   5.84289   1.72454   0.97894   1.53970   1.15071  
 35 150.9221   1950.517714  x:  0.08471   0.02527   0.24470   0.02731   0.02238   0.00000   0.06896   0.22758   0.07282   0.07818   0.01592   0.09646   0.01220   0.31110   0.02385   0.02173   0.03742   0.07576   0.02530   0.03055   0.06035   0.03225   0.14743   0.10332   5.84365   1.72439   0.97916   1.53939   1.15150  
 36 61.2739   1950.086525  x:  0.08393   0.02896   0.23760   0.02763   0.01684   0.00170   0.07570   0.22664   0.07578   0.07531   0.01474   0.09442   0.01027   0.29880   0.02166   0.02195   0.03970   0.06547   0.02498   0.02974   0.06587   0.03571   0.14690   0.10254   5.84705   1.72375   0.98011   1.53799   1.15495  
 37 78.1213   1949.790652  x:  0.08342   0.02696   0.22778   0.02788   0.01730   0.00116   0.08049   0.22449   0.07954   0.07434   0.01921   0.09283   0.01407   0.28154   0.02341   0.02191   0.03704   0.06298   0.02414   0.03148   0.06553   0.03109   0.14676   0.10204   5.85279   1.72279   0.98146   1.53573   1.16065  
 38 41.4049   1949.602714  x:  0.08344   0.02567   0.22094   0.02593   0.01763   0.00112   0.08123   0.22274   0.08076   0.07484   0.01476   0.09238   0.01486   0.26812   0.02435   0.02189   0.03669   0.06598   0.02535   0.03086   0.06342   0.03050   0.14651   0.10206   5.85814   1.72197   0.98251   1.53371   1.16589  
 39 55.7721   1949.491192  x:  0.08385   0.02628   0.21718   0.02741   0.01670   0.00144   0.07900   0.22158   0.07968   0.07601   0.01680   0.09326   0.01359   0.25872   0.02327   0.02195   0.03812   0.06993   0.02518   0.02991   0.06178   0.03300   0.14621   0.10247   5.86345   1.72122   0.98329   1.53184   1.17098  
 40 41.5421   1949.425358  x:  0.08475   0.02784   0.21731   0.02716   0.01862   0.00168   0.07536   0.22113   0.07710   0.07651   0.01621   0.09543   0.01398   0.25436   0.02215   0.02185   0.03789   0.06915   0.02350   0.03213   0.06344   0.03284   0.14649   0.10337   5.87068   1.72033   0.98384   1.52955   1.17763  
 41 17.8110   1949.338962  x:  0.08560   0.02699   0.21910   0.02666   0.01886   0.00207   0.07127   0.22130   0.07372   0.07642   0.01682   0.09761   0.01406   0.25072   0.02410   0.02185   0.03737   0.06665   0.02619   0.03071   0.06527   0.03203   0.14692   0.10422   5.88355   1.71880   0.98458   1.52564   1.18926  
 42 33.6375   1949.101406  x:  0.08577   0.02136   0.22573   0.02756   0.02074   0.00198   0.07128   0.22364   0.07256   0.07488   0.01615   0.09833   0.01314   0.24793   0.02283   0.02180   0.03833   0.06418   0.02241   0.02666   0.06391   0.03196   0.14783   0.10438   5.92511   1.71396   0.98620   1.51362   1.22594  
 43 43.6584   1948.434183  x:  0.08535   0.02002   0.24359   0.02815   0.01783   0.00179   0.07721   0.23118   0.07518   0.07214   0.01607   0.09785   0.01556   0.24571   0.02081   0.02192   0.04005   0.06550   0.02682   0.03433   0.05832   0.03431   0.15053   0.10397   6.05535   1.69892   0.99022   1.47686   1.33923  
 44 198.6624   1948.067117  x:  0.08495   0.02803   0.24779   0.02642   0.01682   0.00187   0.07993   0.23300   0.07915   0.07463   0.01669   0.09625   0.01599   0.24839   0.02531   0.02197   0.03676   0.06981   0.02404   0.03069   0.06103   0.03367   0.15059   0.10357   6.12881   1.69054   0.99125   1.45747   1.40080  
 45 211.5967   1947.816963  x:  0.08414   0.02816   0.24153   0.02689   0.01795   0.00208   0.07879   0.23018   0.08136   0.07859   0.01699   0.09307   0.01332   0.25507   0.02116   0.02195   0.03713   0.07182   0.02653   0.02982   0.06606   0.02987   0.14796   0.10276   6.18002   1.68492   0.98994   1.44634   1.43971  
 46 107.9763   1947.537162  x:  0.08359   0.02466   0.22824   0.02735   0.01686   0.00268   0.07544   0.22440   0.08095   0.08091   0.01659   0.09044   0.01414   0.26601   0.02453   0.02193   0.03874   0.07113   0.02472   0.03256   0.06810   0.03316   0.14431   0.10221   6.24123   1.67843   0.98647   1.43539   1.48238  
 47 142.5475   1947.376477  x:  0.08426   0.02715   0.21897   0.02682   0.01739   0.00281   0.07490   0.22036   0.07851   0.07784   0.01671   0.09265   0.01632   0.27290   0.02225   0.02197   0.03752   0.06892   0.02536   0.03045   0.06308   0.03384   0.14336   0.10288   6.27866   1.67471   0.98240   1.43124   1.50432  
 48 85.1194   1947.306586  x:  0.08478   0.02782   0.21617   0.02707   0.01773   0.00272   0.07603   0.21930   0.07740   0.07538   0.01669   0.09493   0.01191   0.27457   0.02372   0.02194   0.03750   0.06892   0.02510   0.03152   0.06157   0.03223   0.14401   0.10339   6.29751   1.67312   0.97849   1.43183   1.51095  
 49 37.0142   1947.042652  x:  0.08687   0.02503   0.21250   0.02792   0.01653   0.00249   0.08031   0.21945   0.07784   0.07293   0.01644   0.10412   0.01343   0.27573   0.02342   0.02196   0.03973   0.07307   0.02517   0.03087   0.06721   0.03207   0.15296   0.10549   6.38378   1.66701   0.95492   1.44352   1.52518  
 50 38.1116   1946.644671  x:  0.08658   0.02319   0.21307   0.02452   0.01607   0.00256   0.07825   0.22076   0.08136   0.07923   0.01759   0.10354   0.01014   0.27356   0.02144   0.02203   0.03311   0.06978   0.02540   0.03156   0.06484   0.03585   0.15915   0.10519   6.51553   1.65792   0.92077   1.46318   1.53950  
 51 114.2134   1946.296187  x:  0.08537   0.02691   0.21583   0.02765   0.01688   0.00279   0.07445   0.22165   0.08199   0.08207   0.01637   0.09650   0.01198   0.27053   0.02339   0.02193   0.03912   0.06646   0.02512   0.03093   0.06059   0.03225   0.15921   0.10398   6.63696   1.64973   0.89320   1.48062   1.54881  
 52 203.6322   1945.942882  x:  0.08317   0.02742   0.22031   0.02477   0.01806   0.00278   0.07447   0.22135   0.07530   0.07312   0.01769   0.08703   0.01397   0.26727   0.02268   0.02188   0.03794   0.07034   0.02486   0.03094   0.06375   0.03293   0.14798   0.10179   6.76073   1.64186   0.87652   1.49504   1.55130  
 53 116.2107   1945.558456  x:  0.08355   0.02673   0.22422   0.03334   0.01645   0.00259   0.07698   0.22058   0.07558   0.07455   0.01419   0.09258   0.01567   0.26590   0.02299   0.02197   0.03280   0.07053   0.02543   0.03102   0.06435   0.03302   0.13279   0.10216   6.90765   1.63419   0.87701   1.50491   1.54412  
 54 90.9897   1944.831545  x:  0.08460   0.02568   0.22918   0.02494   0.01629   0.00229   0.08010   0.21882   0.08053   0.07961   0.01696   0.10459   0.01654   0.26523   0.02323   0.02190   0.03944   0.06899   0.02497   0.03092   0.06288   0.03225   0.11524   0.10321   7.18120   1.62141   0.88868   1.51872   1.52564  
 55 310.8452   1940.785364  x:  0.08426   0.02552   0.23488   0.02795   0.01638   0.00272   0.07001   0.20980   0.08745   0.07041   0.01577   0.09704   0.01278   0.27055   0.02259   0.02177   0.03823   0.06992   0.02515   0.03077   0.06352   0.03338   0.15392   0.10287   8.84135   1.55865   1.00957   1.57278   1.38903  
 56 356.1869   1940.355247  x:  0.08614   0.02562   0.23221   0.02729   0.01733   0.00171   0.07941   0.21703   0.07317   0.08029   0.01600   0.09364   0.01271   0.27119   0.02276   0.02171   0.03859   0.06939   0.02500   0.03088   0.06279   0.03296   0.15749   0.10475   9.00751   1.56423   1.01740   1.57053   1.37359  
 57 189.1033   1939.211848  x:  0.08970   0.02569   0.21781   0.02704   0.02011   0.00084   0.07138   0.26314   0.07562   0.07522   0.01614   0.09320   0.01176   0.27204   0.02250   0.02157   0.03834   0.06914   0.02483   0.03080   0.06307   0.03292   0.15361   0.10832   9.47086   1.63973   1.01402   1.52705   1.32293  
 58 105.2960   1938.438053  x:  0.07749   0.02587   0.22721   0.02718   0.01905   0.00078   0.07380   0.24016   0.07428   0.07626   0.01591   0.09797   0.01187   0.26942   0.02268   0.02157   0.03846   0.06902   0.02479   0.03077   0.06292   0.03282   0.15680   0.09611   9.77319   1.70980   1.00246   1.48641   1.28809  
 59 109.0337   1938.247934  x:  0.08619   0.02523   0.23174   0.02702   0.01802   0.00081   0.07531   0.22901   0.07643   0.07601   0.01614   0.09428   0.01153   0.26869   0.02253   0.02160   0.03838   0.06893   0.02487   0.03074   0.06282   0.03306   0.15686   0.10480   9.85030   1.72941   0.99906   1.47594   1.27949  
 60 91.5371   1938.097026  x:  0.08584   0.02573   0.23108   0.02706   0.01779   0.00092   0.07533   0.22650   0.07633   0.07601   0.01612   0.09321   0.01159   0.26931   0.02260   0.02157   0.03824   0.06897   0.02482   0.03067   0.06275   0.03288   0.15648   0.10446   9.97231   1.80538   1.03512   1.55100   1.32386  
 61  1.7371   1936.851035  x:  0.08699   0.02445   0.22193   0.02680   0.01665   0.00124   0.07661   0.22605   0.07774   0.07757   0.01627   0.09854   0.01087   0.27156   0.02247   0.02089   0.03754   0.06914   0.02446   0.03040   0.06354   0.03241   0.15360   0.10560  11.53643   1.71001   0.93844   1.46140   1.50658  
 62  1.7820   1936.478688  x:  0.08649   0.02452   0.23007   0.02700   0.01684   0.00136   0.07556   0.22650   0.07688   0.07626   0.01609   0.09590   0.01209   0.26846   0.02238   0.02009   0.03735   0.06895   0.02465   0.03059   0.06274   0.03250   0.14932   0.10509  12.60467   1.72907   0.97597   1.53597   1.45943  
 63  0.6524   1936.436004  x:  0.08663   0.02462   0.22896   0.02676   0.01686   0.00121   0.07586   0.22576   0.07744   0.07663   0.01615   0.09658   0.01175   0.27012   0.02244   0.01963   0.03788   0.06907   0.02463   0.03056   0.06311   0.03264   0.15060   0.10523  12.97584   1.71489   0.96432   1.50396   1.44942  
 64  0.2483   1936.433997  x:  0.08672   0.02465   0.22848   0.02695   0.01687   0.00123   0.07590   0.22679   0.07738   0.07660   0.01618   0.09666   0.01163   0.27027   0.02245   0.01935   0.03772   0.06909   0.02465   0.03058   0.06304   0.03262   0.15090   0.10532  13.04051   1.72108   0.96710   1.50870   1.45154  
 65  0.0382   1936.432213  x:  0.08663   0.02463   0.22870   0.02683   0.01678   0.00122   0.07589   0.22587   0.07744   0.07657   0.01613   0.09655   0.01163   0.26998   0.02243   0.01880   0.03771   0.06901   0.02465   0.03057   0.06303   0.03266   0.15112   0.10523  13.03792   1.71882   0.96623   1.50832   1.45316  
 66  0.0012   1936.431838  x:  0.08669   0.02462   0.22874   0.02688   0.01678   0.00122   0.07586   0.22636   0.07740   0.07659   0.01616   0.09661   0.01167   0.27016   0.02245   0.01868   0.03776   0.06909   0.02463   0.03057   0.06305   0.03261   0.15090   0.10529  12.99967   1.71869   0.96610   1.50742   1.45168  
 67  0.0275   1936.431830  x:  0.08667   0.02463   0.22868   0.02687   0.01677   0.00121   0.07589   0.22630   0.07742   0.07659   0.01616   0.09660   0.01167   0.27014   0.02245   0.01868   0.03776   0.06907   0.02464   0.03057   0.06305   0.03261   0.15086   0.10528  12.99772   1.71905   0.96623   1.50759   1.45134  
 68  0.0019   1936.431830  x:  0.08667   0.02463   0.22868   0.02687   0.01677   0.00121   0.07588   0.22630   0.07741   0.07660   0.01616   0.09661   0.01167   0.27014   0.02245   0.01868   0.03775   0.06907   0.02464   0.03057   0.06304   0.03261   0.15086   0.10528  12.99803   1.71903   0.96621   1.50759   1.45130  
 69  0.0003   1936.431830  x:  0.08667   0.02463   0.22868   0.02687   0.01677   0.00121   0.07588   0.22630   0.07741   0.07660   0.01616   0.09661   0.01167   0.27014   0.02245   0.01868   0.03775   0.06907   0.02464   0.03057   0.06304   0.03261   0.15086   0.10528  12.99803   1.71903   0.96621   1.50759   1.45130  
 70  0.0000   1936.431830  x:  0.08667   0.02463   0.22868   0.02687   0.01677   0.00121   0.07588   0.22630   0.07741   0.07660   0.01616   0.09661   0.01167   0.27014   0.02245   0.01868   0.03775   0.06907   0.02464   0.03057   0.06304   0.03261   0.15086   0.10528  12.99803   1.71903   0.96621   1.50759   1.45130  