

TREE # 1

  0  0.0000   2098.212854  x:  0.20925   0.02571   0.03211   0.02495   0.05815   0.02188   0.05666   0.08536   0.02661   0.17168   0.20925   0.02571   0.03211   0.02495   0.05815   0.02188   0.05666   0.08536   0.02661   0.17168   0.21568   8.40433   1.35281   0.93509   1.10414   1.00000  
  1 99.0000   2085.394062  x:  0.22037   0.00000   0.05438   0.02618   0.05770   0.02813   0.08237   0.09902   0.05545   0.16209   0.21485   0.02768   0.03150   0.03850   0.11120   0.05530   0.06620   0.11016   0.01863   0.17964   0.21413   8.40413   1.35418   0.92954   1.10880   1.00197  
  2 320.2396   2084.315432  x:  0.22838   0.01418   0.05523   0.02503   0.05752   0.02521   0.08867   0.10555   0.05770   0.15505   0.21902   0.02912   0.03033   0.03506   0.12291   0.05017   0.06900   0.12056   0.02009   0.18496   0.21293   8.40397   1.35519   0.92524   1.11272   1.00368  
  3 129.9621   2082.438598  x:  0.24424   0.00701   0.04947   0.02347   0.05731   0.02086   0.09504   0.11526   0.05069   0.14027   0.22780   0.02879   0.02901   0.02603   0.13525   0.03098   0.07212   0.13678   0.02299   0.19541   0.21034   8.40358   1.35752   0.91576   1.12159   1.00757  
  4 143.9048   2081.833122  x:  0.25603   0.00771   0.04523   0.02605   0.05741   0.02833   0.09326   0.11819   0.04511   0.12981   0.23444   0.02335   0.03156   0.03279   0.13479   0.02988   0.07168   0.14234   0.02200   0.20198   0.20835   8.40320   1.35990   0.90686   1.13001   1.01147  
  5 70.7995   2081.295324  x:  0.27084   0.00694   0.04537   0.02446   0.05745   0.02201   0.08773   0.11793   0.04441   0.11851   0.24286   0.02211   0.03199   0.03342   0.12869   0.03813   0.06973   0.14380   0.02491   0.20861   0.20589   8.40254   1.36393   0.89288   1.14336   1.01798  
  6 64.9465   2080.987278  x:  0.28043   0.00625   0.04993   0.02523   0.05740   0.02629   0.08552   0.11537   0.04993   0.11483   0.24822   0.02543   0.02966   0.02946   0.12393   0.03768   0.06906   0.14112   0.02367   0.21104   0.20458   8.40189   1.36789   0.88029   1.15566   1.02439  
  7 56.9951   2080.752765  x:  0.28607   0.00604   0.05143   0.02472   0.05718   0.02317   0.08850   0.11216   0.05254   0.11878   0.25114   0.02425   0.03040   0.03331   0.12347   0.03377   0.07031   0.13616   0.02060   0.20960   0.20436   8.40104   1.37282   0.86645   1.17002   1.03262  
  8 40.0486   2080.555318  x:  0.28857   0.00612   0.04953   0.02471   0.05709   0.02463   0.09208   0.11028   0.05045   0.12478   0.25201   0.02430   0.03115   0.03287   0.12596   0.03463   0.07142   0.13206   0.02606   0.20614   0.20477   8.40003   1.37844   0.85243   1.18561   1.04222  
  9 54.1822   2080.459617  x:  0.28719   0.00657   0.04818   0.02498   0.05715   0.02485   0.09185   0.11096   0.04799   0.12661   0.25061   0.02265   0.02999   0.02987   0.12775   0.03657   0.07085   0.13184   0.02320   0.20344   0.20532   8.39934   1.38189   0.84576   1.19446   1.04839  
 10 37.1261   2080.343059  x:  0.28049   0.00652   0.04848   0.02499   0.05724   0.02449   0.08761   0.11407   0.04695   0.12527   0.24559   0.02631   0.03007   0.03167   0.12900   0.03594   0.06921   0.13515   0.02248   0.19914   0.20641   8.39802   1.38783   0.83840   1.20813   1.05942  
 11 27.8422   2080.285895  x:  0.27566   0.00637   0.04911   0.02468   0.05709   0.02461   0.08698   0.11489   0.04938   0.12312   0.24253   0.02284   0.03053   0.03132   0.12811   0.03502   0.06931   0.13702   0.02421   0.19816   0.20680   8.39709   1.39158   0.83674   1.21552   1.06652  
 12 24.5596   2080.237130  x:  0.27110   0.00641   0.04793   0.02577   0.05697   0.02439   0.09070   0.11337   0.04939   0.12016   0.24058   0.02385   0.03042   0.03123   0.12596   0.03574   0.07172   0.13749   0.02368   0.20062   0.20652   8.39568   1.39676   0.83978   1.22301   1.07610  
 13 13.7154   2080.204736  x:  0.26942   0.00649   0.04859   0.02311   0.05711   0.02505   0.09146   0.11270   0.04850   0.12000   0.24051   0.02398   0.02981   0.03154   0.12601   0.03578   0.07132   0.13711   0.02346   0.20308   0.20609   8.39443   1.40120   0.84435   1.22813   1.08391  
 14 18.0904   2080.122767  x:  0.26724   0.00663   0.05095   0.02533   0.05746   0.02446   0.09034   0.11213   0.04714   0.12210   0.24182   0.02355   0.02975   0.03150   0.12799   0.03526   0.06846   0.13568   0.02398   0.20923   0.20491   8.39070   1.41425   0.85929   1.24171   1.10610  
 15 39.8189   2080.071342  x:  0.26830   0.00650   0.04787   0.02486   0.05701   0.02463   0.08808   0.11315   0.04948   0.12399   0.24310   0.02409   0.03160   0.03091   0.12874   0.03546   0.06949   0.13537   0.02338   0.20993   0.20461   8.38805   1.42351   0.87014   1.24991   1.12054  
 16 31.7071   2080.040312  x:  0.27063   0.00634   0.04745   0.02510   0.05696   0.02455   0.08777   0.11436   0.04976   0.12443   0.24372   0.02382   0.02887   0.03171   0.12800   0.03555   0.07107   0.13583   0.02378   0.20699   0.20499   8.38615   1.43004   0.87745   1.25443   1.12929  
 17 21.9767   2080.014709  x:  0.27345   0.00630   0.04921   0.02497   0.05722   0.02464   0.08891   0.11501   0.04873   0.12380   0.24391   0.02376   0.03032   0.03128   0.12687   0.03567   0.07159   0.13652   0.02366   0.20255   0.20572   8.38428   1.43642   0.88392   1.25790   1.13652  
 18 22.2116   2080.008599  x:  0.27427   0.00631   0.04857   0.02497   0.05713   0.02461   0.08956   0.11401   0.04906   0.12290   0.24358   0.02384   0.03022   0.03134   0.12723   0.03557   0.06996   0.13652   0.02368   0.20120   0.20610   8.38351   1.43888   0.88534   1.25841   1.13787  
 19  5.9621   2080.003861  x:  0.27464   0.00638   0.04871   0.02498   0.05712   0.02459   0.08873   0.11269   0.04878   0.12204   0.24276   0.02370   0.03022   0.03129   0.12825   0.03539   0.07076   0.13600   0.02375   0.20106   0.20660   8.38195   1.44343   0.88580   1.25807   1.13771  
 20  2.5107   2079.993506  x:  0.27471   0.00628   0.04866   0.02496   0.05721   0.02460   0.08923   0.11412   0.04895   0.12258   0.24174   0.02371   0.03021   0.03132   0.12757   0.03549   0.07040   0.13592   0.02372   0.20226   0.20698   8.37714   1.45611   0.88595   1.25695   1.13572  
 21  4.4968   2079.990735  x:  0.27385   0.00628   0.04873   0.02496   0.05665   0.02461   0.08915   0.11347   0.04889   0.12289   0.24314   0.02371   0.03020   0.03132   0.12744   0.03551   0.07043   0.13688   0.02370   0.20182   0.20589   8.37488   1.45901   0.88639   1.25765   1.13427  
 22  2.1131   2079.989062  x:  0.27334   0.00627   0.04864   0.02496   0.05760   0.02460   0.08914   0.11343   0.04896   0.12274   0.24392   0.02370   0.03019   0.03132   0.12754   0.03549   0.07046   0.13684   0.02370   0.20151   0.20543   8.37306   1.46034   0.88690   1.25859   1.13302  
 23  3.0612   2079.983319  x:  0.27238   0.00623   0.04863   0.02495   0.05695   0.02459   0.08928   0.11452   0.04893   0.12165   0.24514   0.02369   0.03020   0.03132   0.12806   0.03542   0.07046   0.13515   0.02371   0.20094   0.20540   8.36555   1.46352   0.88934   1.26320   1.12792  
 24  3.8423   2079.968886  x:  0.27308   0.00602   0.04870   0.02495   0.05712   0.02460   0.08923   0.11371   0.04901   0.12271   0.24373   0.02369   0.03017   0.03131   0.12772   0.03553   0.07049   0.13652   0.02365   0.20169   0.20774   8.34487   1.46967   0.89579   1.27586   1.11489  
 25  7.1976   2079.964514  x:  0.27397   0.00594   0.04871   0.02495   0.05711   0.02460   0.08925   0.11379   0.04901   0.12287   0.24165   0.02368   0.03017   0.03131   0.12781   0.03553   0.07050   0.13632   0.02366   0.20165   0.20484   8.33706   1.47038   0.89679   1.27779   1.11293  
 26  2.5164   2079.774267  x:  0.27385   0.00000   0.04949   0.02484   0.05709   0.02442   0.08989   0.11315   0.05029   0.12242   0.24301   0.02317   0.03014   0.03133   0.13020   0.03574   0.07060   0.13597   0.02315   0.20200   0.20554   7.76062   1.45989   0.88816   1.26973   1.11999  
 27  2.8134   2079.710062  x:  0.27274   0.00229   0.04995   0.02494   0.05710   0.02478   0.08988   0.11274   0.05060   0.12299   0.24246   0.02317   0.03022   0.03192   0.13072   0.03681   0.07052   0.13530   0.02290   0.20133   0.20576   7.72057   1.45738   0.88756   1.26674   1.11970  
 28  0.0617   2079.709210  x:  0.27276   0.00226   0.04997   0.02498   0.05709   0.02489   0.08994   0.11298   0.05073   0.12303   0.24229   0.02329   0.03025   0.03201   0.13101   0.03702   0.07056   0.13563   0.02304   0.20125   0.20570   7.73762   1.45686   0.88804   1.26583   1.11692  
 29  0.0149   2079.709146  x:  0.27282   0.00223   0.05003   0.02498   0.05709   0.02489   0.09000   0.11298   0.05079   0.12301   0.24234   0.02326   0.03025   0.03202   0.13121   0.03708   0.07057   0.13566   0.02300   0.20129   0.20571   7.73429   1.45668   0.88794   1.26567   1.11721  
 30  0.0027   2079.709143  x:  0.27284   0.00223   0.05003   0.02498   0.05709   0.02488   0.09001   0.11298   0.05079   0.12300   0.24235   0.02326   0.03025   0.03201   0.13123   0.03707   0.07057   0.13567   0.02300   0.20130   0.20571   7.73610   1.45675   0.88794   1.26577   1.11735  
 31  0.0018   2079.709143  x:  0.27284   0.00223   0.05003   0.02498   0.05709   0.02488   0.09001   0.11298   0.05079   0.12300   0.24235   0.02326   0.03025   0.03201   0.13123   0.03707   0.07057   0.13568   0.02301   0.20129   0.20571   7.73600   1.45677   0.88794   1.26579   1.11735  
 32  0.0001   2079.709143  x:  0.27284   0.00223   0.05003   0.02498   0.05709   0.02488   0.09001   0.11298   0.05079   0.12300   0.24235   0.02326   0.03025   0.03201   0.13123   0.03707   0.07057   0.13568   0.02301   0.20129   0.20571   7.73600   1.45677   0.88794   1.26579   1.11735  