

TREE # 1

  0  0.0000   2097.659105  x:  0.00000   0.11802   0.01719   0.05789   0.08150   0.08417   0.02557   0.05582   0.10297   0.03237   0.14585   0.01100   0.12367   0.00000   0.06728   0.06193   0.05634   0.03016   0.05764   0.07848   0.07327   0.11098   0.13293   2.00000   1.58166   1.33290   1.58383   0.40000  
  1 99.0000   2097.643152  x:  0.00000   0.11802   0.01719   0.05789   0.08150   0.08417   0.02557   0.05583   0.10297   0.03237   0.14585   0.01100   0.12367   0.00002   0.06728   0.06193   0.05634   0.03016   0.05764   0.07848   0.07327   0.11098   0.13293   2.00000   1.58166   1.33290   1.58383   0.40000  
  2 1408.2931   2096.185404  x:  0.00000   0.11925   0.01719   0.05675   0.08105   0.08391   0.02460   0.05601   0.10408   0.03170   0.14620   0.00981   0.12483   0.00000   0.06724   0.06139   0.05587   0.02960   0.05731   0.07970   0.07272   0.11131   0.13375   2.00036   1.58164   1.33277   1.58397   0.40107  
  3 435.7835   2092.401578  x:  0.00000   0.12013   0.01736   0.04736   0.07963   0.08337   0.02243   0.05557   0.10361   0.02873   0.14698   0.00000   0.12604   0.00006   0.06597   0.05996   0.05524   0.03155   0.05703   0.07543   0.06957   0.11169   0.13563   2.00327   1.58153   1.33174   1.58509   0.40707  
  4 335.9563   2087.190910  x:  0.00000   0.11579   0.01999   0.00525   0.07937   0.08436   0.02715   0.05594   0.09901   0.02621   0.14463   0.00000   0.11806   0.00008   0.06524   0.06094   0.05756   0.03096   0.05926   0.08540   0.06501   0.10983   0.13592   2.01839   1.58129   1.32627   1.59103   0.42464  
  5 266.3122   2084.486545  x:  0.00000   0.11169   0.01626   0.01378   0.08121   0.08713   0.04076   0.05904   0.09893   0.01123   0.13725   0.00000   0.10466   0.00015   0.06475   0.06538   0.06307   0.02773   0.06354   0.09288   0.05605   0.10552   0.13311   2.07581   1.58085   1.30559   1.61330   0.47451  
  6 73.8795   2081.736988  x:  0.00000   0.11314   0.02507   0.02253   0.08360   0.08943   0.05778   0.05954   0.10428   0.04216   0.12941   0.00000   0.10513   0.00009   0.06594   0.07068   0.06725   0.02490   0.06564   0.09252   0.05166   0.10265   0.12858   2.17669   1.58042   1.27025   1.65147   0.54102  
  7 243.9825   2080.552614  x:  0.00000   0.11310   0.01952   0.02215   0.08421   0.08915   0.06084   0.05824   0.10323   0.04355   0.12989   0.00000   0.10909   0.00000   0.06698   0.07129   0.06661   0.02565   0.06462   0.09261   0.05649   0.10333   0.12755   2.20110   1.58050   1.26257   1.65998   0.54576  
  8 164.1476   2080.552614  x:  0.00000   0.11310   0.01952   0.02215   0.08421   0.08915   0.06084   0.05824   0.10323   0.04355   0.12989   0.00000   0.10909   0.00000   0.06698   0.07129   0.06661   0.02565   0.06462   0.09261   0.05649   0.10333   0.12755   2.20110   1.58050   1.26257   1.65998   0.54576  
  9 289.6156   2074.949346  x:  0.00000   0.11867   0.01901   0.01855   0.08214   0.08776   0.05588   0.05870   0.10776   0.03975   0.13208   0.00000   0.11557   0.05071   0.06714   0.06859   0.06405   0.02389   0.06272   0.09644   0.05556   0.10516   0.13128   2.20239   1.58046   1.26231   1.66030   0.54764  
 10 1405.6545   2054.418588  x:  0.00000   0.14647   0.01698   0.00000   0.07135   0.08058   0.02924   0.06098   0.13036   0.01960   0.14331   0.00000   0.14600   0.04917   0.06430   0.05446   0.05079   0.01588   0.05297   0.11290   0.04743   0.11432   0.15017   2.20939   1.58020   1.26098   1.66200   0.55746  
 11 387.0722   2044.737677  x:  0.00000   0.16878   0.01633   0.00811   0.06286   0.07477   0.00700   0.06306   0.14849   0.00364   0.15243   0.00000   0.17039   0.04803   0.06186   0.04301   0.04014   0.01074   0.04519   0.12613   0.04072   0.12166   0.16545   2.21538   1.57999   1.25985   1.66344   0.56578  
 12 2249.8268   2042.394246  x:  0.00000   0.17577   0.01729   0.00962   0.06037   0.07304   0.00137   0.06357   0.15404   0.01065   0.15541   0.00000   0.17804   0.04773   0.06087   0.03974   0.03734   0.01306   0.04319   0.13026   0.03851   0.12387   0.17039   2.21789   1.57991   1.25938   1.66404   0.56910  
 13 579.7897   2039.350995  x:  0.00000   0.19499   0.01995   0.01337   0.05444   0.06882   0.01503   0.06473   0.16906   0.02098   0.16375   0.00000   0.19914   0.04693   0.05786   0.03173   0.03095   0.02124   0.03867   0.14154   0.03254   0.12977   0.18424   2.22592   1.57968   1.25792   1.66591   0.57950  
 14 577.1016   2037.557266  x:  0.00000   0.20629   0.01831   0.01414   0.05813   0.06995   0.01519   0.06237   0.17489   0.02070   0.16989   0.00000   0.21258   0.04656   0.05371   0.04833   0.05055   0.02828   0.05152   0.14673   0.03487   0.13033   0.19483   2.24543   1.57915   1.25490   1.67003   0.60132  
 15 102.0333   2034.766571  x:  0.00000   0.20933   0.02445   0.01479   0.06993   0.07787   0.01707   0.05813   0.16746   0.02528   0.17339   0.00000   0.21873   0.04634   0.05264   0.04855   0.04770   0.01086   0.05522   0.14315   0.03965   0.12154   0.20352   2.30819   1.57754   1.24666   1.68201   0.66335  
 16 80.6685   2029.638422  x:  0.00000   0.20753   0.02303   0.01288   0.08936   0.09233   0.01261   0.05311   0.14411   0.01785   0.17660   0.00000   0.22312   0.04638   0.05439   0.03906   0.03076   0.03227   0.05284   0.13011   0.04452   0.10020   0.21654   2.47539   1.57346   1.22562   1.71321   0.82106  
 17 469.6789   2025.444073  x:  0.00000   0.19823   0.00861   0.01296   0.07292   0.08176   0.01321   0.06678   0.14068   0.01925   0.17043   0.00000   0.21311   0.04656   0.05891   0.03414   0.04506   0.02921   0.03835   0.12689   0.02975   0.10709   0.21055   2.60295   1.57120   1.21195   1.73519   0.92296  
 18 277.2494   2023.395966  x:  0.00000   0.19079   0.02332   0.01186   0.05676   0.07124   0.01243   0.07451   0.14256   0.01672   0.16480   0.00000   0.20393   0.04673   0.06131   0.03496   0.05162   0.03079   0.03302   0.12687   0.02301   0.11566   0.20278   2.68880   1.57003   1.20356   1.74935   0.98575  
 19 696.5896   2021.420895  x:  0.00000   0.18431   0.02086   0.01192   0.04032   0.05951   0.01290   0.07479   0.15403   0.01698   0.15860   0.00000   0.19377   0.04657   0.06068   0.03807   0.04243   0.03036   0.04326   0.13253   0.03621   0.12929   0.18970   2.76846   1.56983   1.19790   1.76083   1.03048  
 20 278.4574   2019.759693  x:  0.00000   0.18069   0.01946   0.01171   0.05651   0.05958   0.01237   0.06606   0.17637   0.01668   0.15358   0.00000   0.18208   0.04665   0.05640   0.04245   0.03563   0.03121   0.04418   0.14457   0.02821   0.14691   0.16950   2.85449   1.57148   1.19653   1.76966   1.05043  
 21 132.3524   2018.228645  x:  0.00000   0.18208   0.02115   0.01173   0.05647   0.07653   0.01201   0.05908   0.18862   0.01624   0.15606   0.00000   0.17888   0.04647   0.05507   0.03131   0.04674   0.03268   0.03634   0.15063   0.04029   0.15015   0.15807   2.95610   1.57563   1.20061   1.77578   1.04262  
 22 106.3175   2009.112618  x:  0.00000   0.19640   0.01877   0.01239   0.03222   0.11834   0.01282   0.06827   0.19851   0.01800   0.18346   0.00000   0.18410   0.04649   0.06536   0.04894   0.03486   0.02900   0.04943   0.14869   0.02004   0.11601   0.14890   3.59813   1.60623   1.23892   1.80522   0.92743  
 23 234.3141   1997.719608  x:  0.00000   0.20838   0.02220   0.01228   0.06987   0.07025   0.01365   0.09990   0.18371   0.01928   0.19727   0.00000   0.20353   0.04608   0.06702   0.05117   0.03860   0.02772   0.04061   0.13508   0.04584   0.09903   0.17862   4.49112   1.65003   1.29378   1.84450   0.75190  
 24 875.1538   1994.709500  x:  0.00000   0.20645   0.02175   0.01250   0.06675   0.05941   0.01339   0.06955   0.16032   0.01884   0.18512   0.00000   0.21120   0.04644   0.05319   0.03551   0.04454   0.02690   0.05388   0.13052   0.03523   0.11460   0.19935   4.69962   1.66113   1.30703   1.85253   0.70917  
 25 332.9815   1994.256132  x:  0.00000   0.20491   0.02094   0.01278   0.06418   0.06226   0.01363   0.06181   0.15420   0.01920   0.17603   0.00000   0.21465   0.04633   0.05442   0.04381   0.04205   0.02666   0.04548   0.13303   0.03695   0.12130   0.20731   4.73283   1.66355   1.30913   1.85319   0.70242  
 26 88.6411   1994.165105  x:  0.00000   0.20317   0.02117   0.01274   0.06494   0.06585   0.01357   0.06535   0.15412   0.01919   0.16798   0.00000   0.21609   0.04625   0.05662   0.04275   0.04196   0.02679   0.04770   0.13623   0.03679   0.12276   0.21127   4.73973   1.66503   1.30958   1.85236   0.70138  
 27 19.4575   1994.133853  x:  0.00000   0.20212   0.02110   0.01275   0.06444   0.06518   0.01359   0.06458   0.15665   0.01920   0.16371   0.00000   0.21643   0.04626   0.05460   0.04278   0.04223   0.02673   0.04718   0.13691   0.03655   0.11875   0.21252   4.74234   1.66718   1.30987   1.85038   0.70188  
 28  6.5378   1994.041957  x:  0.00000   0.20264   0.02105   0.01280   0.06466   0.06325   0.01361   0.06121   0.15948   0.01923   0.16213   0.00000   0.21712   0.04613   0.06145   0.04206   0.04303   0.02672   0.04766   0.13518   0.03622   0.11750   0.21291   4.75136   1.67964   1.31111   1.83844   0.70648  
 29  4.2587   1993.554419  x:  0.00000   0.20533   0.02100   0.01254   0.06460   0.06547   0.01325   0.06513   0.16111   0.01884   0.16289   0.00000   0.21853   0.04600   0.05606   0.04263   0.04168   0.02692   0.04701   0.12817   0.03658   0.12519   0.21292   4.79887   1.74515   1.31731   1.77559   0.73143  
 30 35.1254   1993.392608  x:  0.00000   0.20374   0.02100   0.01244   0.06453   0.06343   0.01311   0.06490   0.15554   0.01866   0.16709   0.00000   0.21733   0.04579   0.05570   0.04211   0.04190   0.02683   0.04675   0.14148   0.03646   0.12319   0.21206   4.81505   1.76110   1.31846   1.76081   0.73895  
 31 23.5664   1988.935536  x:  0.00000   0.16090   0.01957   0.01049   0.06209   0.06540   0.00976   0.06081   0.19361   0.01478   0.19628   0.00000   0.23104   0.04278   0.05344   0.03701   0.03729   0.02566   0.04317   0.15035   0.03405   0.14131   0.25435   5.26625   1.73033   1.28007   1.85296   0.86566  
 32  5.8237   1983.639959  x:  0.00000   0.24357   0.01816   0.00872   0.06006   0.05713   0.00645   0.05932   0.19064   0.01083   0.16120   0.00000   0.23657   0.03890   0.04975   0.03220   0.03379   0.02346   0.03959   0.16186   0.03386   0.14958   0.23817   5.83296   1.67924   1.23576   1.97452   1.02486  
 33 220.4669   1983.430190  x:  0.00000   0.23810   0.01818   0.00875   0.06039   0.05568   0.00643   0.05966   0.18722   0.01084   0.15774   0.00000   0.25720   0.03859   0.04952   0.03222   0.03379   0.02334   0.03971   0.16127   0.03346   0.14970   0.22362   5.85491   1.67253   1.24329   1.97586   1.03221  
 34 18.3420   1983.266459  x:  0.00000   0.23945   0.01821   0.00868   0.06033   0.05587   0.00635   0.05979   0.18873   0.01073   0.15805   0.00000   0.25434   0.03847   0.04969   0.03218   0.03384   0.02340   0.03962   0.16195   0.03364   0.15068   0.22615   5.87768   1.64592   1.28972   1.96102   1.04436  
 35  5.4874   1981.213871  x:  0.00000   0.24386   0.01847   0.00758   0.05893   0.06825   0.00544   0.05909   0.19468   0.01041   0.17289   0.00000   0.26306   0.03505   0.05382   0.03486   0.03614   0.01941   0.04312   0.16108   0.03224   0.14141   0.22332   6.41068   1.45210   1.13850   1.70000   1.04604  
 36  1.2191   1978.422968  x:  0.00000   0.25331   0.01865   0.00555   0.05566   0.08466   0.00387   0.05935   0.19914   0.00982   0.19144   0.00000   0.27235   0.02944   0.05748   0.03867   0.03907   0.01328   0.04687   0.16140   0.03004   0.12508   0.21322   7.19143   1.73438   1.30508   1.89278   1.06834  
 37  5.8722   1975.696035  x:  0.00000   0.24406   0.02041   0.00280   0.05956   0.06588   0.00578   0.07877   0.18916   0.01175   0.17480   0.00000   0.24812   0.01884   0.06180   0.04409   0.03749   0.01729   0.03923   0.15070   0.03887   0.11822   0.22615   8.60035   1.71766   1.29078   1.90127   1.06733  
 38  0.6600   1974.739531  x:  0.00000   0.23928   0.02032   0.00245   0.05875   0.07010   0.00611   0.06449   0.18360   0.01244   0.17213   0.00000   0.24923   0.01240   0.05452   0.03673   0.03754   0.01921   0.04660   0.15178   0.03462   0.12458   0.21937   9.30410   1.71151   1.29810   1.94217   1.05939  
 39  0.5742   1974.621208  x:  0.00000   0.23818   0.01967   0.00357   0.05799   0.06972   0.00631   0.06269   0.18858   0.01323   0.17630   0.00000   0.25075   0.01089   0.05688   0.03793   0.03717   0.01829   0.04299   0.15466   0.03471   0.12737   0.21552   9.47528   1.70416   1.29372   1.93704   1.04540  
 40  0.1399   1974.594833  x:  0.00000   0.23783   0.01972   0.00394   0.05774   0.06974   0.00550   0.06395   0.18960   0.01223   0.17633   0.00000   0.24830   0.01144   0.05709   0.03775   0.03729   0.01871   0.04309   0.15532   0.03480   0.12721   0.21549   9.51481   1.70343   1.29215   1.93154   1.03826  
 41  0.0253   1974.585371  x:  0.00000   0.23766   0.01963   0.00442   0.05751   0.06990   0.00556   0.06373   0.18844   0.01229   0.17496   0.00000   0.24743   0.01166   0.05657   0.03776   0.03740   0.01818   0.04374   0.15479   0.03465   0.12688   0.21505   9.60871   1.70259   1.29303   1.93464   1.03631  
 42  0.0544   1974.580819  x:  0.00000   0.23783   0.01961   0.00441   0.05755   0.06989   0.00559   0.06347   0.18822   0.01202   0.17573   0.00000   0.24913   0.01182   0.05677   0.03798   0.03723   0.01833   0.04333   0.15444   0.03467   0.12705   0.21523   9.69489   1.70576   1.29491   1.93886   1.04119  
 43  0.0370   1974.579667  x:  0.00000   0.23810   0.01964   0.00435   0.05769   0.06979   0.00575   0.06369   0.18850   0.01211   0.17578   0.00000   0.24884   0.01203   0.05676   0.03780   0.03735   0.01831   0.04343   0.15466   0.03465   0.12692   0.21572   9.71208   1.70511   1.29380   1.93639   1.04273  
 44  0.0117   1974.579472  x:  0.00000   0.23802   0.01965   0.00430   0.05764   0.06987   0.00573   0.06362   0.18862   0.01208   0.17566   0.00000   0.24865   0.01205   0.05668   0.03778   0.03729   0.01836   0.04342   0.15482   0.03463   0.12691   0.21548   9.72261   1.70429   1.29329   1.93571   1.04228  
 45  0.0068   1974.579434  x:  0.00000   0.23797   0.01966   0.00428   0.05764   0.06987   0.00573   0.06365   0.18864   0.01211   0.17566   0.00000   0.24869   0.01208   0.05673   0.03783   0.03731   0.01834   0.04343   0.15478   0.03463   0.12696   0.21541   9.72325   1.70434   1.29349   1.93617   1.04200  
 46  0.0005   1974.579426  x:  0.00000   0.23798   0.01966   0.00427   0.05763   0.06985   0.00572   0.06364   0.18862   0.01213   0.17568   0.00000   0.24870   0.01208   0.05671   0.03781   0.03730   0.01834   0.04343   0.15476   0.03462   0.12697   0.21548   9.72424   1.70452   1.29358   1.93622   1.04190  
 47  0.0006   1974.579425  x:  0.00000   0.23801   0.01966   0.00427   0.05763   0.06986   0.00571   0.06364   0.18862   0.01213   0.17567   0.00000   0.24872   0.01208   0.05671   0.03781   0.03731   0.01835   0.04343   0.15477   0.03463   0.12695   0.21547   9.72448   1.70449   1.29356   1.93619   1.04193  
 48  0.0001   1974.579425  x:  0.00000   0.23801   0.01965   0.00427   0.05764   0.06986   0.00571   0.06364   0.18862   0.01213   0.17567   0.00000   0.24872   0.01208   0.05672   0.03781   0.03731   0.01835   0.04343   0.15477   0.03463   0.12695   0.21547   9.72452   1.70446   1.29354   1.93617   1.04195  
 49  0.0001   1974.579425  x:  0.00000   0.23801   0.01965   0.00427   0.05764   0.06986   0.00571   0.06364   0.18862   0.01213   0.17567   0.00000   0.24872   0.01208   0.05671   0.03781   0.03731   0.01835   0.04343   0.15477   0.03462   0.12695   0.21547   9.72453   1.70447   1.29354   1.93617   1.04196  
 50  0.0000   1974.579425  x:  0.00000   0.23800   0.01965   0.00427   0.05764   0.06986   0.00571   0.06364   0.18862   0.01213   0.17567   0.00000   0.24872   0.01208   0.05671   0.03781   0.03731   0.01835   0.04343   0.15477   0.03462   0.12695   0.21547   9.72453   1.70447   1.29354   1.93617   1.04196  

TREE # 2

  0  0.0000   2031.288877  x:  0.15444   0.01712   0.13864   0.11815   0.03778   0.00000   0.09768   0.06278   0.05399   0.04017   0.04020   0.05434   0.02929   0.16319   0.11454   0.02741   0.00000   0.07170   0.07391   0.04889   0.07736   0.06397   0.03280   9.72453   1.55576   1.24932   1.73803   1.04196  
  1 99.0000   2021.318648  x:  0.15473   0.01639   0.13864   0.11900   0.03792   0.01491   0.09823   0.06285   0.05382   0.04012   0.04014   0.05375   0.02861   0.16330   0.11537   0.02737   0.02400   0.07317   0.07330   0.04914   0.07711   0.06404   0.03213   9.72453   1.55578   1.24930   1.73807   1.04196  
  2 4950.9003   2001.398737  x:  0.16137   0.00000   0.13861   0.13713   0.03861   0.01508   0.10878   0.06196   0.05013   0.03898   0.03869   0.04065   0.01341   0.16581   0.13239   0.02073   0.02370   0.10213   0.05713   0.05452   0.07160   0.06557   0.01726   9.72451   1.55622   1.24861   1.73893   1.04194  
  3 423.0151   1996.163874  x:  0.16566   0.00000   0.13792   0.14229   0.03671   0.01488   0.11136   0.06127   0.04977   0.03937   0.03921   0.03442   0.00000   0.16660   0.13839   0.01734   0.02395   0.09575   0.04195   0.05353   0.06954   0.06606   0.01194   9.72449   1.55663   1.24806   1.73965   1.04195  
  4 315.8033   1992.370700  x:  0.17373   0.00000   0.13669   0.14605   0.03541   0.01526   0.11214   0.06139   0.05022   0.03913   0.03883   0.03211   0.00000   0.16724   0.14404   0.02293   0.02381   0.09579   0.00506   0.05412   0.06919   0.06665   0.02263   9.72445   1.55788   1.24639   1.74164   1.04206  
  5 247.3766   1992.184318  x:  0.18136   0.00000   0.13528   0.14656   0.03558   0.01448   0.11117   0.06151   0.05085   0.03917   0.03893   0.03386   0.00000   0.16747   0.14660   0.01622   0.02436   0.09567   0.00493   0.05530   0.06988   0.06623   0.02752   9.72438   1.55985   1.24390   1.74461   1.04227  
  6 27.8242   1992.083790  x:  0.18988   0.00000   0.13369   0.14761   0.03548   0.01514   0.11088   0.06153   0.05092   0.03922   0.03902   0.03356   0.00000   0.16772   0.14942   0.01891   0.02391   0.09475   0.00714   0.05522   0.06977   0.06590   0.02911   9.72427   1.56287   1.24017   1.74915   1.04258  
  7 26.0926   1991.930190  x:  0.19909   0.00000   0.13180   0.14367   0.03679   0.01461   0.10922   0.06162   0.05005   0.03905   0.03877   0.03612   0.00000   0.16697   0.14512   0.01955   0.02424   0.09690   0.00575   0.05244   0.06906   0.06523   0.02352   9.72394   1.57209   1.22939   1.76280   1.04349  
  8 18.7403   1991.702068  x:  0.20024   0.00000   0.13262   0.14199   0.03358   0.01735   0.11019   0.06250   0.05062   0.03894   0.03860   0.03252   0.00000   0.16570   0.14050   0.01904   0.02257   0.09705   0.00527   0.05935   0.06982   0.06721   0.02212   9.72325   1.59096   1.20891   1.79059   1.04531  
  9 28.4858   1991.413836  x:  0.19565   0.00000   0.13462   0.14456   0.03491   0.01186   0.11199   0.06202   0.05074   0.03890   0.03874   0.02957   0.00000   0.16496   0.14112   0.01957   0.02595   0.09664   0.00573   0.05864   0.07048   0.06785   0.02402   9.72235   1.61513   1.18437   1.82603   1.04759  
 10 79.5732   1991.196020  x:  0.18971   0.00000   0.13580   0.14767   0.03716   0.01557   0.11278   0.06129   0.05027   0.03888   0.03880   0.03096   0.00000   0.16497   0.14475   0.01840   0.02363   0.09636   0.00580   0.05363   0.07022   0.06665   0.02570   9.72159   1.63495   1.16601   1.85497   1.04942  
 11 117.5083   1991.124329  x:  0.18721   0.00000   0.13427   0.14781   0.03347   0.01513   0.11094   0.06096   0.04974   0.03876   0.03841   0.03428   0.00000   0.16583   0.14819   0.01881   0.02391   0.09647   0.00564   0.05423   0.06862   0.06499   0.02484   9.72129   1.64156   1.16388   1.86440   1.04991  
 12 24.6202   1990.996402  x:  0.18447   0.00000   0.12815   0.14583   0.03827   0.01513   0.10702   0.06080   0.05004   0.03874   0.03870   0.03395   0.00000   0.16827   0.15208   0.01922   0.02389   0.09611   0.00523   0.05795   0.06620   0.06500   0.02363   9.72060   1.65415   1.17200   1.88161   1.05053  
 13 15.2226   1990.493193  x:  0.18175   0.00000   0.11457   0.14253   0.03391   0.01544   0.10633   0.06334   0.05046   0.03858   0.03810   0.02586   0.00000   0.17351   0.15410   0.01780   0.02368   0.09985   0.00566   0.05162   0.06684   0.06885   0.02516   9.71779   1.70158   1.21696   1.94559   1.05245  
 14 45.6058   1988.658120  x:  0.18534   0.00000   0.11336   0.15906   0.03561   0.01461   0.12869   0.06136   0.04673   0.03902   0.03994   0.03714   0.00000   0.17900   0.15106   0.01899   0.02400   0.10034   0.00425   0.05650   0.07305   0.06795   0.01925   9.70632   1.89175   1.41105   2.20113   1.05980  
 15 156.5994   1987.856051  x:  0.18930   0.00000   0.13304   0.16026   0.03521   0.01524   0.11828   0.05533   0.04937   0.03648   0.03421   0.02983   0.00000   0.17090   0.15427   0.01830   0.02362   0.10331   0.00410   0.05584   0.06639   0.06148   0.01818   9.70160   1.96816   1.49037   2.30277   1.06271  
 16 180.6762   1987.752765  x:  0.18982   0.00000   0.13663   0.15983   0.03486   0.01524   0.11577   0.05720   0.04809   0.03857   0.03941   0.02953   0.00000   0.16750   0.15610   0.01830   0.02360   0.10419   0.00402   0.05550   0.06508   0.06375   0.01786   9.70098   1.97749   1.49994   2.31475   1.06303  
 17 54.6142   1987.704836  x:  0.18986   0.00000   0.13727   0.15932   0.03528   0.01512   0.11564   0.06015   0.04666   0.03801   0.03712   0.03034   0.00000   0.16354   0.15814   0.01832   0.02366   0.10394   0.00398   0.05550   0.06534   0.06679   0.01728   9.70069   1.98004   1.50217   2.31704   1.06304  
 18 10.7750   1987.528278  x:  0.18944   0.00000   0.13280   0.15794   0.03534   0.01507   0.11910   0.05931   0.05031   0.03696   0.03849   0.02980   0.00000   0.15047   0.16174   0.01846   0.02366   0.10500   0.00367   0.05594   0.06811   0.06339   0.01580   9.69963   1.98242   1.50151   2.31268   1.06256  
 19  5.5712   1986.812634  x:  0.19057   0.00000   0.12523   0.16420   0.03470   0.01537   0.12117   0.04927   0.03928   0.04620   0.03519   0.02697   0.00000   0.14053   0.16102   0.01759   0.02347   0.10743   0.00378   0.05714   0.06303   0.06329   0.01611   9.69535   1.98428   1.48960   2.28300   1.06020  
 20 12.8221   1982.734719  x:  0.19979   0.00000   0.11534   0.19984   0.03285   0.01519   0.12387   0.05225   0.04702   0.03373   0.03819   0.02336   0.00000   0.14567   0.16234   0.01593   0.02332   0.12032   0.00296   0.05826   0.04208   0.07270   0.00401   9.67317   1.98679   1.42139   2.12328   1.04795  
 21 81.6094   1982.250455  x:  0.20092   0.00000   0.11708   0.19944   0.03316   0.01513   0.12432   0.05431   0.04530   0.03574   0.03770   0.02164   0.00000   0.14970   0.16602   0.01592   0.02331   0.12209   0.00244   0.05901   0.04752   0.07017   0.00121   9.67060   1.98588   1.41331   2.10529   1.04662  
 22 117.9870   1981.923843  x:  0.20200   0.00000   0.11995   0.19215   0.03386   0.01491   0.13242   0.05850   0.03917   0.03322   0.03888   0.01890   0.00000   0.15375   0.17026   0.01535   0.02339   0.12288   0.00244   0.05983   0.04360   0.06424   0.00175   9.66862   1.98308   1.40698   2.09248   1.04563  
 23 53.5513   1981.813306  x:  0.20257   0.00000   0.12215   0.18685   0.03392   0.01482   0.13764   0.05656   0.04184   0.03617   0.03793   0.01942   0.00000   0.15600   0.17358   0.01534   0.02343   0.12357   0.00244   0.05970   0.04089   0.06633   0.00163   9.66793   1.97942   1.40465   2.08950   1.04537  
 24 23.8052   1981.751813  x:  0.20285   0.00000   0.12297   0.18472   0.03370   0.01490   0.13885   0.05262   0.04089   0.03343   0.03888   0.01966   0.00000   0.15682   0.17543   0.01533   0.02339   0.12386   0.00239   0.05971   0.04185   0.06898   0.00144   9.66755   1.97406   1.40332   2.08972   1.04530  
 25 13.2431   1980.040343  x:  0.20745   0.00000   0.11876   0.19804   0.03360   0.01483   0.14113   0.05357   0.04117   0.03427   0.03791   0.01559   0.00000   0.15657   0.18217   0.01485   0.02328   0.13096   0.00126   0.06111   0.04116   0.06910   0.00159   9.65731   1.74971   1.36626   2.13975   1.04443  
 26 14.3864   1978.489199  x:  0.21223   0.00000   0.12118   0.20269   0.03328   0.01480   0.14368   0.05247   0.04334   0.03719   0.03703   0.01345   0.00000   0.16467   0.19256   0.01491   0.02318   0.13651   0.00000   0.06233   0.04924   0.07160   0.00306   9.65125   1.74632   1.33838   2.07412   1.02713  
 27  2.7939   1976.414231  x:  0.21600   0.00000   0.12440   0.21504   0.03397   0.01422   0.15049   0.05336   0.04560   0.04066   0.03620   0.01401   0.00000   0.17684   0.21076   0.01092   0.02320   0.15394   0.00536   0.06526   0.06008   0.07372   0.00447   9.63700   1.68260   1.28472   1.95764   1.18070  
 28  1.7347   1975.796966  x:  0.21644   0.00000   0.12544   0.21784   0.03420   0.01417   0.15189   0.05384   0.04584   0.04117   0.03611   0.01500   0.00000   0.17917   0.21476   0.01005   0.02313   0.15842   0.00708   0.06580   0.06196   0.07367   0.00479   9.63709   1.66125   1.26995   1.94830   1.02699  
 29  4.5453   1975.018265  x:  0.21861   0.00000   0.12648   0.23811   0.03418   0.01347   0.15440   0.05836   0.04316   0.03834   0.03741   0.02424   0.00000   0.18057   0.22905   0.01329   0.02308   0.17183   0.00590   0.06496   0.06021   0.07084   0.00511   9.64959   1.67619   1.26690   1.90356   1.05498  
 30  0.0899   1974.695268  x:  0.21636   0.00000   0.12835   0.25186   0.03441   0.01340   0.15384   0.05777   0.04380   0.03645   0.03785   0.01878   0.00000   0.17646   0.23762   0.01205   0.02272   0.18269   0.00592   0.06377   0.05717   0.07009   0.00514   9.67622   1.72956   1.30148   1.93546   1.04138  
 31  0.0862   1974.640319  x:  0.21491   0.00000   0.12694   0.25199   0.03456   0.01340   0.15499   0.05635   0.04292   0.03782   0.03734   0.01856   0.00000   0.17517   0.23960   0.01138   0.02247   0.18672   0.00528   0.06334   0.05695   0.06936   0.00529   9.70587   1.69848   1.29672   1.93959   1.04790  
 32  0.0362   1974.620742  x:  0.21506   0.00000   0.12638   0.25025   0.03451   0.01332   0.15538   0.05609   0.04334   0.03822   0.03710   0.01797   0.00000   0.17505   0.23975   0.01268   0.02222   0.18863   0.00477   0.06347   0.05725   0.06977   0.00542   9.72829   1.69531   1.28968   1.93181   1.04252  
 33  0.0196   1974.605414  x:  0.21540   0.00000   0.12645   0.24812   0.03450   0.01319   0.15522   0.05650   0.04363   0.03808   0.03714   0.01851   0.00000   0.17526   0.23899   0.01196   0.02198   0.19001   0.00404   0.06363   0.05757   0.06999   0.00555   9.74465   1.70339   1.28932   1.93173   1.04277  
 34  0.0190   1974.600382  x:  0.21565   0.00000   0.12743   0.24802   0.03448   0.01300   0.15440   0.05679   0.04342   0.03769   0.03744   0.01828   0.00000   0.17588   0.23798   0.01199   0.02181   0.18967   0.00396   0.06370   0.05780   0.06993   0.00566   9.73494   1.70722   1.29773   1.94122   1.04058  
 35  0.0092   1974.592540  x:  0.21563   0.00000   0.12692   0.24944   0.03456   0.01273   0.15408   0.05665   0.04320   0.03745   0.03746   0.01806   0.00000   0.17645   0.23661   0.01189   0.02111   0.18868   0.00401   0.06371   0.05783   0.06977   0.00591   9.70514   1.69812   1.29094   1.92645   1.04090  
 36  0.0093   1974.584524  x:  0.21526   0.00000   0.12678   0.24974   0.03461   0.01238   0.15484   0.05653   0.04341   0.03797   0.03709   0.01848   0.00000   0.17588   0.23689   0.01223   0.02022   0.18812   0.00412   0.06360   0.05793   0.06964   0.00614   9.69444   1.70441   1.29308   1.93719   1.04185  
 37  0.0079   1974.581199  x:  0.21546   0.00000   0.12708   0.24923   0.03461   0.01216   0.15524   0.05682   0.04353   0.03786   0.03736   0.01820   0.00000   0.17523   0.23831   0.01203   0.01986   0.18857   0.00424   0.06364   0.05753   0.06989   0.00604   9.71641   1.70584   1.29373   1.93692   1.04159  
 38  0.0109   1974.579849  x:  0.21558   0.00000   0.12699   0.24838   0.03463   0.01211   0.15481   0.05676   0.04335   0.03778   0.03736   0.01841   0.00000   0.17567   0.23845   0.01215   0.01972   0.18844   0.00429   0.06367   0.05750   0.06986   0.00586   9.73150   1.70352   1.29350   1.93522   1.04202  
 39  0.0079   1974.579492  x:  0.21542   0.00000   0.12688   0.24856   0.03462   0.01209   0.15461   0.05669   0.04344   0.03781   0.03726   0.01831   0.00000   0.17575   0.23811   0.01213   0.01965   0.18856   0.00428   0.06363   0.05759   0.06982   0.00575   9.73024   1.70480   1.29360   1.93649   1.04227  
 40  0.0013   1974.579428  x:  0.21545   0.00000   0.12695   0.24874   0.03462   0.01208   0.15474   0.05672   0.04344   0.03782   0.03731   0.01835   0.00000   0.17568   0.23801   0.01213   0.01966   0.18863   0.00428   0.06363   0.05764   0.06986   0.00572   9.72614   1.70442   1.29347   1.93619   1.04185  
 41  0.0028   1974.579425  x:  0.21547   0.00000   0.12696   0.24873   0.03462   0.01208   0.15477   0.05672   0.04343   0.03782   0.03731   0.01835   0.00000   0.17567   0.23800   0.01214   0.01965   0.18862   0.00427   0.06364   0.05764   0.06986   0.00571   9.72519   1.70447   1.29354   1.93617   1.04200  
 42  0.0008   1974.579425  x:  0.21547   0.00000   0.12695   0.24872   0.03462   0.01208   0.15477   0.05671   0.04343   0.03781   0.03731   0.01835   0.00000   0.17567   0.23800   0.01213   0.01965   0.18862   0.00427   0.06364   0.05764   0.06986   0.00571   9.72476   1.70447   1.29354   1.93617   1.04196  
 43  0.0003   1974.579425  x:  0.21547   0.00000   0.12695   0.24871   0.03462   0.01208   0.15477   0.05671   0.04343   0.03781   0.03731   0.01835   0.00000   0.17567   0.23800   0.01213   0.01965   0.18862   0.00427   0.06364   0.05764   0.06986   0.00571   9.72456   1.70447   1.29354   1.93618   1.04196  
 44  0.0001   1974.579425  x:  0.21547   0.00000   0.12695   0.24872   0.03462   0.01208   0.15477   0.05671   0.04343   0.03781   0.03731   0.01835   0.00000   0.17567   0.23800   0.01213   0.01965   0.18862   0.00427   0.06364   0.05764   0.06986   0.00571   9.72453   1.70447   1.29354   1.93617   1.04196  
 45  0.0000   1974.579425  x:  0.21547   0.00000   0.12695   0.24872   0.03462   0.01208   0.15477   0.05671   0.04343   0.03781   0.03731   0.01835   0.00000   0.17567   0.23800   0.01213   0.01965   0.18862   0.00427   0.06364   0.05764   0.06986   0.00571   9.72453   1.70447   1.29354   1.93617   1.04196  