

TREE # 1

  0  0.0000   2203.792354  x:  0.00000   0.03993   0.07662   0.02492   0.08161   0.09583   0.05489   0.06326   0.09234   0.02926   0.11580   0.02075   0.05265   0.02326   0.03128   0.07836   0.07756   0.03691   0.07141   0.05424   0.09076   0.10689   0.08029   2.00000   1.25773   0.84819   1.43823   0.40000  
  1 99.0000   2203.784543  x:  0.00000   0.03994   0.07662   0.02491   0.08161   0.09583   0.05489   0.06326   0.09234   0.02926   0.11580   0.02075   0.05266   0.02326   0.03128   0.07836   0.07756   0.03691   0.07141   0.05424   0.09076   0.10689   0.08029   2.00000   1.25773   0.84819   1.43823   0.40000  
  2 1095.4496   2184.761561  x:  0.00000   0.02252   0.06591   0.01094   0.06504   0.10422   0.04503   0.06255   0.08418   0.01687   0.12730   0.00000   0.08345   0.01937   0.03911   0.06768   0.07210   0.03346   0.06745   0.05953   0.07334   0.12712   0.10759   2.00506   1.25880   0.84659   1.43959   0.40852  
  3 578.3578   2174.726127  x:  0.00000   0.02374   0.05521   0.00000   0.04743   0.11140   0.03617   0.06215   0.07651   0.00793   0.13716   0.00000   0.07072   0.01642   0.04120   0.05700   0.06701   0.03137   0.06367   0.06300   0.05448   0.14210   0.12010   2.01074   1.26004   0.84478   1.44111   0.41750  
  4 468.0209   2166.435165  x:  0.00000   0.02419   0.03971   0.01363   0.02023   0.12206   0.02400   0.06214   0.06541   0.00252   0.15293   0.00000   0.05491   0.01372   0.04399   0.04070   0.05937   0.02878   0.05805   0.06791   0.02453   0.16514   0.13894   2.02012   1.26216   0.84172   1.44366   0.43183  
  5 1260.1242   2164.697929  x:  0.00000   0.02400   0.03558   0.01495   0.01307   0.12504   0.02121   0.06202   0.06230   0.00859   0.15767   0.00000   0.05104   0.01361   0.04454   0.03635   0.05733   0.02830   0.05656   0.06914   0.01629   0.17174   0.14403   2.02304   1.26283   0.84075   1.44446   0.43614  
  6 1323.0220   2162.461103  x:  0.00000   0.02334   0.03251   0.01593   0.02315   0.13196   0.03327   0.06061   0.05553   0.00935   0.17758   0.00000   0.04544   0.02807   0.03921   0.03233   0.05476   0.03341   0.05502   0.06832   0.01098   0.19116   0.14941   2.03788   1.26649   0.83560   1.44865   0.45463  
  7 142.5009   2160.223681  x:  0.00000   0.02252   0.03571   0.01802   0.02061   0.13938   0.03840   0.05949   0.05037   0.01111   0.20897   0.00000   0.03823   0.02735   0.03310   0.03494   0.05406   0.03691   0.05493   0.06503   0.03176   0.21858   0.15365   2.06536   1.27322   0.82661   1.45624   0.48539  
  8 211.6420   2157.872530  x:  0.00000   0.02204   0.04737   0.01828   0.02611   0.13733   0.03738   0.06012   0.05969   0.01152   0.23818   0.00000   0.03633   0.01460   0.03733   0.04767   0.06062   0.03524   0.06006   0.05883   0.02338   0.23523   0.14658   2.10389   1.28251   0.81590   1.46608   0.51925  
  9 154.6060   2156.408859  x:  0.00000   0.02183   0.04921   0.01718   0.01890   0.12636   0.02846   0.06150   0.06960   0.01036   0.25181   0.00000   0.03865   0.02893   0.03687   0.05078   0.06560   0.03070   0.06324   0.05806   0.02199   0.23316   0.14001   2.14758   1.29265   0.80675   1.47603   0.54619  
 10 125.8590   2152.276991  x:  0.00000   0.02195   0.03101   0.01697   0.02472   0.09445   0.02861   0.06200   0.07778   0.01077   0.25992   0.00000   0.04091   0.01996   0.03169   0.03434   0.06553   0.03198   0.06108   0.06797   0.02459   0.20318   0.14684   2.29110   1.32503   0.78325   1.50630   0.61287  
 11 164.1126   2147.990172  x:  0.00000   0.02258   0.04621   0.01632   0.01459   0.09696   0.04293   0.06008   0.06350   0.00992   0.23935   0.00000   0.04033   0.02250   0.05199   0.03735   0.05498   0.03696   0.05434   0.06815   0.02362   0.16966   0.15872   2.48022   1.36654   0.76116   1.54341   0.67719  
 12 264.8365   2142.196817  x:  0.00000   0.02380   0.04764   0.01667   0.02288   0.12984   0.02556   0.06076   0.04141   0.01000   0.19014   0.00000   0.04811   0.02057   0.03276   0.04531   0.04920   0.02758   0.05297   0.05934   0.01952   0.15675   0.15314   2.73510   1.42064   0.74361   1.59007   0.73927  
 13 387.3972   2138.221683  x:  0.00000   0.02481   0.03291   0.01619   0.01766   0.15280   0.03293   0.05846   0.05825   0.00950   0.14830   0.00000   0.05325   0.01934   0.03941   0.03822   0.05858   0.03773   0.05778   0.06006   0.02164   0.17535   0.13687   2.93048   1.46008   0.74379   1.62234   0.76266  
 14 354.9456   2133.545997  x:  0.00000   0.02484   0.05428   0.01658   0.02510   0.14186   0.03247   0.05740   0.06293   0.01065   0.14720   0.00000   0.04882   0.02042   0.04255   0.02289   0.05395   0.01980   0.05248   0.08066   0.02462   0.20461   0.13610   3.18134   1.50371   0.78463   1.65358   0.72512  
 15 168.3224   2124.804230  x:  0.00000   0.02395   0.06402   0.01653   0.02271   0.10787   0.02750   0.05831   0.05749   0.01059   0.17173   0.00000   0.04223   0.02232   0.02902   0.05043   0.04649   0.04735   0.04808   0.10291   0.01969   0.24906   0.14630   3.72784   1.59575   0.88552   1.71874   0.61953  
 16 858.8588   2118.179670  x:  0.00000   0.02346   0.04052   0.01733   0.02391   0.10924   0.03527   0.06270   0.04459   0.01127   0.21640   0.00000   0.03694   0.02384   0.04417   0.05318   0.06246   0.03029   0.06459   0.06950   0.02399   0.25184   0.15410   4.09772   1.65380   0.95945   1.76220   0.53635  
 17 592.6342   2116.855078  x:  0.00000   0.02324   0.04473   0.01651   0.01938   0.12019   0.03917   0.06139   0.05646   0.01066   0.23118   0.00000   0.03842   0.02215   0.03481   0.04434   0.06003   0.03269   0.06069   0.05597   0.02218   0.24403   0.15616   4.17158   1.66239   0.97669   1.77099   0.51917  
 18 222.7311   2116.569763  x:  0.00000   0.02335   0.04371   0.01679   0.02300   0.12877   0.03359   0.06066   0.06021   0.01101   0.23739   0.00000   0.03813   0.02288   0.03862   0.04311   0.05872   0.03615   0.05808   0.05982   0.02363   0.23911   0.15551   4.18753   1.66055   0.98297   1.77321   0.51693  
 19 51.2569   2116.403481  x:  0.00000   0.02347   0.04249   0.01673   0.02101   0.13369   0.03665   0.05956   0.05975   0.01083   0.24062   0.00000   0.03950   0.02209   0.03682   0.04471   0.06010   0.03424   0.05889   0.06693   0.02299   0.23539   0.15247   4.19598   1.65314   0.99062   1.77485   0.51890  
 20 22.8311   2115.016356  x:  0.00000   0.02429   0.04550   0.01690   0.02150   0.13345   0.03515   0.06339   0.05650   0.01095   0.23436   0.00000   0.04180   0.02196   0.03781   0.04030   0.06393   0.03924   0.06613   0.06231   0.02328   0.23043   0.15386   4.25873   1.54593   1.07897   1.79088   0.56134  
 21 25.9661   2114.765594  x:  0.00000   0.02446   0.04157   0.01718   0.02223   0.13282   0.03660   0.06088   0.06067   0.01117   0.23246   0.00000   0.04125   0.02246   0.03864   0.04592   0.06044   0.03443   0.05990   0.06010   0.02389   0.23091   0.15619   4.26904   1.52752   1.09050   1.79363   0.56729  
 22 54.8438   2113.497567  x:  0.00000   0.02539   0.04164   0.01709   0.02070   0.12835   0.03563   0.05371   0.05170   0.01082   0.23571   0.00000   0.04646   0.02118   0.04101   0.04202   0.06656   0.03705   0.04316   0.05716   0.02285   0.23502   0.14629   4.30263   1.46489   1.05015   1.80381   0.55305  
 23  8.7925   2109.666488  x:  0.00000   0.02774   0.04421   0.01729   0.02165   0.12718   0.03536   0.05631   0.05726   0.01112   0.24015   0.00000   0.04870   0.02201   0.03999   0.04353   0.05758   0.03570   0.05930   0.06313   0.02251   0.24490   0.15950   4.40392   1.27956   0.91607   1.83062   0.50600  
 24 183.9680   2108.556162  x:  0.00000   0.02850   0.04616   0.01707   0.02234   0.13016   0.03731   0.07883   0.06059   0.01142   0.23886   0.00000   0.04792   0.02276   0.03800   0.04638   0.07370   0.03438   0.04849   0.06670   0.02269   0.24523   0.17076   4.42709   1.26485   0.89820   1.80576   0.50614  
 25 22.6664   2082.636872  x:  0.00000   0.04853   0.04682   0.01862   0.02399   0.13213   0.03227   0.05976   0.05893   0.01227   0.23460   0.00000   0.09183   0.02032   0.04859   0.04529   0.06682   0.03449   0.05563   0.06808   0.02188   0.25011   0.20385   4.84741   1.19540   0.67946   1.13431   0.58770  
 26 69.8547   2081.523561  x:  0.00000   0.04959   0.04243   0.01784   0.02217   0.13110   0.03507   0.07939   0.05620   0.01202   0.23627   0.00000   0.09810   0.01863   0.05217   0.04380   0.04772   0.03423   0.05386   0.06640   0.02174   0.25129   0.19155   4.85412   1.21412   0.68388   1.15112   0.59108  
 27 21.1934   2056.996671  x:  0.00000   0.07505   0.04231   0.01838   0.02309   0.13580   0.02567   0.04401   0.05631   0.01234   0.20974   0.00000   0.15024   0.01726   0.06072   0.04372   0.05535   0.03000   0.06216   0.06694   0.01637   0.24798   0.25955   4.92541   1.94385   0.93414   2.07904   0.67865  
 28 63.3975   2042.758032  x:  0.00000   0.11158   0.02755   0.01078   0.01067   0.13813   0.02702   0.09180   0.04741   0.01069   0.17966   0.00000   0.21634   0.01720   0.06192   0.02987   0.05000   0.02983   0.05484   0.06668   0.01567   0.22339   0.25712   6.13317   1.78128   1.17630   1.96328   0.73068  
 29  0.7310   2032.780688  x:  0.00000   0.15443   0.05717   0.00336   0.03542   0.13486   0.02807   0.06725   0.06971   0.01226   0.18063   0.00000   0.28337   0.01919   0.05331   0.03833   0.05215   0.02654   0.05070   0.07601   0.01636   0.22804   0.27235   7.51782   1.52928   0.97097   1.72029   0.74314  
 30  0.6444   2030.420424  x:  0.00000   0.16900   0.04406   0.00427   0.02658   0.14146   0.02820   0.05640   0.05798   0.01101   0.19508   0.00000   0.30113   0.01889   0.05057   0.03505   0.06064   0.02998   0.05819   0.07197   0.01740   0.23445   0.26753   7.88314   1.54156   0.85469   1.68674   0.74013  
 31  0.3140   2029.181308  x:  0.00000   0.18173   0.03504   0.00667   0.01648   0.13999   0.03044   0.05734   0.05104   0.01006   0.19251   0.00000   0.31610   0.01918   0.05035   0.03749   0.05940   0.03095   0.05985   0.07027   0.01843   0.23573   0.26039   8.11534   1.56511   0.92934   1.68991   0.74075  
 32  0.2020   2028.536237  x:  0.00000   0.19733   0.04314   0.00709   0.01751   0.13409   0.02766   0.06547   0.05996   0.00975   0.18512   0.00000   0.33205   0.01860   0.05024   0.03779   0.05417   0.03082   0.05493   0.07048   0.01651   0.23199   0.25103   8.30718   1.58153   0.94873   1.70775   0.73596  
 33  0.0993   2027.864766  x:  0.00000   0.22193   0.03993   0.00913   0.01860   0.13718   0.02993   0.05681   0.05880   0.00921   0.19411   0.00000   0.34408   0.01863   0.04937   0.03817   0.05872   0.02792   0.05541   0.06867   0.01895   0.23064   0.23808   8.50827   1.59006   0.93036   1.73252   0.72407  
 34  0.0634   2026.743867  x:  0.00000   0.24383   0.04511   0.00906   0.02155   0.13950   0.02619   0.06268   0.05043   0.00806   0.19628   0.00000   0.31484   0.01852   0.05187   0.03361   0.06178   0.03887   0.06075   0.07097   0.01663   0.23255   0.22424   8.00650   1.58901   0.96109   1.75256   0.71605  
 35  0.1068   2025.565067  x:  0.00000   0.26029   0.04434   0.00744   0.01986   0.13882   0.03072   0.06068   0.05791   0.00701   0.19237   0.00000   0.26979   0.02027   0.05173   0.04113   0.05552   0.03281   0.05850   0.07266   0.01658   0.23545   0.22720   7.29368   1.57673   0.94884   1.72688   0.71619  
 36  0.3691   2025.328542  x:  0.00000   0.27015   0.04153   0.00676   0.01840   0.13679   0.02869   0.06007   0.05819   0.00716   0.18992   0.00000   0.27284   0.01875   0.04999   0.03793   0.05714   0.02877   0.05583   0.06892   0.01877   0.23209   0.23476   7.39233   1.56499   0.92857   1.70112   0.72081  
 37  0.0721   2025.260495  x:  0.00000   0.27724   0.04308   0.00688   0.01917   0.13609   0.02995   0.06068   0.05661   0.00770   0.19035   0.00000   0.27167   0.01785   0.05024   0.03664   0.05765   0.03069   0.05648   0.06936   0.01853   0.23203   0.24261   7.42381   1.56624   0.93350   1.70339   0.72302  
 38  0.0209   2025.242483  x:  0.00000   0.28026   0.04242   0.00691   0.01897   0.13667   0.02883   0.06122   0.05659   0.00793   0.18976   0.00000   0.27186   0.01872   0.05069   0.03788   0.05689   0.03040   0.05696   0.06985   0.01799   0.23106   0.24495   7.45720   1.56848   0.93483   1.70684   0.72315  
 39  0.0263   2025.237757  x:  0.00000   0.28030   0.04196   0.00695   0.01876   0.13686   0.02955   0.06072   0.05691   0.00824   0.18966   0.00000   0.27177   0.01872   0.05088   0.03771   0.05657   0.03012   0.05668   0.06992   0.01779   0.22989   0.24530   7.49527   1.56663   0.93416   1.70607   0.72234  
 40  0.0170   2025.232781  x:  0.00000   0.27909   0.04168   0.00701   0.01894   0.13684   0.02913   0.06097   0.05685   0.00871   0.18994   0.00000   0.26925   0.01883   0.05113   0.03744   0.05702   0.03034   0.05666   0.06984   0.01798   0.22987   0.24459   7.51896   1.56754   0.93419   1.70751   0.72143  
 41  0.0096   2025.231162  x:  0.00000   0.27899   0.04193   0.00695   0.01872   0.13648   0.02914   0.06100   0.05668   0.00880   0.18964   0.00000   0.26913   0.01864   0.05096   0.03768   0.05687   0.03032   0.05680   0.06986   0.01784   0.23051   0.24389   7.54543   1.56917   0.93454   1.70789   0.72254  
 42  0.0162   2025.230631  x:  0.00000   0.27933   0.04192   0.00690   0.01887   0.13663   0.02918   0.06092   0.05679   0.00878   0.18967   0.00000   0.26894   0.01868   0.05079   0.03769   0.05676   0.03026   0.05678   0.06984   0.01799   0.23064   0.24381   7.55897   1.56981   0.93519   1.70824   0.72386  
 43  0.0074   2025.230378  x:  0.00000   0.27945   0.04185   0.00689   0.01883   0.13672   0.02922   0.06102   0.05676   0.00868   0.18972   0.00000   0.26870   0.01870   0.05078   0.03762   0.05688   0.03031   0.05675   0.06985   0.01791   0.23055   0.24377   7.56513   1.57062   0.93506   1.70910   0.72448  
 44  0.0030   2025.230185  x:  0.00000   0.27925   0.04197   0.00694   0.01885   0.13660   0.02916   0.06090   0.05672   0.00858   0.18959   0.00000   0.26859   0.01872   0.05084   0.03763   0.05684   0.03032   0.05675   0.06989   0.01791   0.23044   0.24385   7.57243   1.57037   0.93520   1.70889   0.72439  
 45  0.0033   2025.230153  x:  0.00000   0.27923   0.04198   0.00694   0.01885   0.13660   0.02919   0.06098   0.05674   0.00856   0.18965   0.00000   0.26852   0.01870   0.05086   0.03765   0.05683   0.03028   0.05676   0.06987   0.01793   0.23047   0.24393   7.57399   1.57035   0.93510   1.70883   0.72419  
 46  0.0013   2025.230149  x:  0.00000   0.27925   0.04198   0.00693   0.01885   0.13662   0.02918   0.06097   0.05675   0.00856   0.18966   0.00000   0.26850   0.01869   0.05086   0.03764   0.05682   0.03029   0.05676   0.06986   0.01794   0.23048   0.24394   7.57441   1.57031   0.93507   1.70879   0.72408  
 47  0.0003   2025.230149  x:  0.00000   0.27925   0.04198   0.00693   0.01885   0.13663   0.02918   0.06097   0.05675   0.00856   0.18964   0.00000   0.26851   0.01869   0.05086   0.03765   0.05683   0.03029   0.05676   0.06986   0.01794   0.23048   0.24394   7.57445   1.57034   0.93509   1.70883   0.72405  
 48  0.0001   2025.230149  x:  0.00000   0.27925   0.04198   0.00693   0.01885   0.13663   0.02918   0.06097   0.05675   0.00856   0.18965   0.00000   0.26851   0.01869   0.05086   0.03765   0.05683   0.03029   0.05676   0.06986   0.01794   0.23049   0.24394   7.57444   1.57034   0.93510   1.70884   0.72404  
 49  0.0000   2025.230149  x:  0.00000   0.27925   0.04198   0.00693   0.01885   0.13663   0.02918   0.06097   0.05675   0.00856   0.18965   0.00000   0.26851   0.01869   0.05086   0.03765   0.05683   0.03029   0.05676   0.06986   0.01794   0.23049   0.24394   7.57444   1.57034   0.93509   1.70884   0.72404  
 50  0.0000   2025.230149  x:  0.00000   0.27925   0.04198   0.00693   0.01885   0.13663   0.02918   0.06097   0.05675   0.00856   0.18965   0.00000   0.26851   0.01869   0.05086   0.03765   0.05683   0.03029   0.05676   0.06986   0.01794   0.23049   0.24394   7.57444   1.57034   0.93509   1.70884   0.72404  

TREE # 2

  0  0.0000   2083.073741  x:  0.21194   0.00000   0.23303   0.07603   0.02569   0.02311   0.08478   0.03045   0.06671   0.03552   0.05189   0.06370   0.02695   0.20858   0.06709   0.02457   0.03547   0.04510   0.03773   0.06512   0.04423   0.06680   0.07477   7.57444   1.44866   0.90689   1.55325   0.72404  
  1 99.0000   2083.072032  x:  0.21194   0.00000   0.23303   0.07603   0.02569   0.02311   0.08478   0.03045   0.06671   0.03552   0.05189   0.06370   0.02695   0.20858   0.06710   0.02457   0.03547   0.04510   0.03773   0.06512   0.04422   0.06681   0.07477   7.57444   1.44866   0.90689   1.55325   0.72404  
  2 535.2574   2074.306775  x:  0.21343   0.00000   0.23190   0.08857   0.02492   0.02244   0.08128   0.01719   0.06414   0.03518   0.05275   0.05244   0.00000   0.20499   0.06346   0.01705   0.03530   0.04819   0.01879   0.06372   0.03233   0.06818   0.05958   7.57441   1.44941   0.90568   1.55440   0.72401  
  3 305.8031   2072.165608  x:  0.21354   0.00000   0.23000   0.08998   0.02529   0.02323   0.07889   0.02392   0.06269   0.03538   0.05304   0.04427   0.00000   0.20055   0.05915   0.01398   0.03512   0.04982   0.00454   0.06289   0.02445   0.06601   0.04752   7.57437   1.45015   0.90445   1.55548   0.72397  
  4 306.8518   2071.288622  x:  0.21356   0.00000   0.22706   0.08660   0.02573   0.02369   0.07595   0.02415   0.06115   0.03553   0.05317   0.03485   0.00000   0.19366   0.06242   0.01493   0.03576   0.05156   0.00916   0.06262   0.01899   0.06366   0.03248   7.57430   1.45154   0.90214   1.55743   0.72390  
  5 103.0013   2071.045309  x:  0.21319   0.00000   0.22418   0.08447   0.02570   0.02333   0.07442   0.02283   0.06074   0.03570   0.05313   0.03320   0.00000   0.18739   0.06525   0.01627   0.03569   0.05136   0.00670   0.06235   0.02405   0.06512   0.02859   7.57422   1.45317   0.89945   1.55965   0.72383  
  6 46.9800   2070.483175  x:  0.21128   0.00000   0.21287   0.09019   0.02508   0.02239   0.07009   0.02457   0.05976   0.03611   0.05326   0.03288   0.00000   0.16428   0.06478   0.01182   0.03551   0.05110   0.00932   0.06155   0.02711   0.06956   0.02924   7.57386   1.46020   0.88804   1.56918   0.72355  
  7 46.9290   2070.048352  x:  0.20814   0.00000   0.20299   0.09445   0.02516   0.02279   0.06886   0.02387   0.05971   0.03587   0.05320   0.03509   0.00000   0.14744   0.06862   0.01752   0.03567   0.05088   0.00794   0.06114   0.02294   0.06792   0.03275   7.57350   1.46718   0.87713   1.57852   0.72325  
  8 97.7072   2069.632292  x:  0.20114   0.00000   0.19458   0.09526   0.02568   0.02338   0.07324   0.02298   0.06102   0.03519   0.05280   0.03695   0.00000   0.14422   0.07457   0.01177   0.03540   0.05050   0.00669   0.06223   0.02198   0.06252   0.03311   7.57300   1.47590   0.86491   1.58984   0.72285  
  9 42.6184   2068.510781  x:  0.17975   0.00000   0.17606   0.10543   0.02485   0.02212   0.08462   0.02463   0.06322   0.03486   0.05240   0.03461   0.00000   0.15173   0.07437   0.01542   0.03627   0.05165   0.00791   0.06466   0.02445   0.06646   0.02799   7.57139   1.50346   0.82895   1.62503   0.72151  
 10 84.6726   2067.262209  x:  0.17354   0.00000   0.17803   0.09755   0.02368   0.02306   0.07453   0.02334   0.05769   0.03755   0.05359   0.02831   0.00000   0.16215   0.07746   0.01317   0.03427   0.05114   0.00624   0.05941   0.01781   0.07711   0.03485   7.56934   1.53632   0.79456   1.66539   0.71954  
 11 67.6461   2065.218658  x:  0.18550   0.00000   0.19927   0.10445   0.02300   0.02149   0.05395   0.02509   0.05179   0.03505   0.05424   0.03578   0.00000   0.17540   0.07810   0.01358   0.03630   0.05174   0.00688   0.05405   0.02142   0.06868   0.03031   7.56585   1.59006   0.74904   1.72971   0.71589  
 12 136.2142   2062.935631  x:  0.22188   0.00000   0.23255   0.10494   0.02256   0.02132   0.07428   0.02523   0.06290   0.03389   0.04978   0.02975   0.00000   0.17448   0.07745   0.01352   0.03375   0.04990   0.00609   0.06499   0.01951   0.07328   0.02949   7.56143   1.65377   0.72099   1.80269   0.71063  
 13 109.4384   2059.934217  x:  0.24180   0.00000   0.23159   0.10746   0.01803   0.02160   0.09169   0.02597   0.04787   0.04586   0.06601   0.03917   0.00000   0.17729   0.08237   0.01138   0.05063   0.06119   0.00538   0.04952   0.01710   0.08039   0.02545   7.55543   1.72644   0.77533   1.87981   0.70264  
 14 50.9069   2051.168237  x:  0.26744   0.00000   0.21290   0.13728   0.03581   0.02097   0.08311   0.03157   0.04108   0.02811   0.06755   0.01632   0.00000   0.19400   0.10297   0.01227   0.03608   0.06264   0.00588   0.04534   0.02321   0.08324   0.03650   7.53885   1.91836   0.96533   2.08237   0.68207  
 15 258.2496   2045.987869  x:  0.27172   0.00000   0.20429   0.14839   0.02753   0.01728   0.06416   0.03301   0.05754   0.03256   0.05520   0.03194   0.00000   0.20276   0.11498   0.01049   0.02373   0.05398   0.00485   0.06180   0.01390   0.09896   0.02622   7.52853   2.03473   1.08760   2.20598   0.67131  
 16 624.8922   2044.757172  x:  0.26585   0.00000   0.20832   0.15270   0.01768   0.02101   0.05808   0.03319   0.06375   0.03514   0.04785   0.02737   0.00000   0.20232   0.11806   0.00978   0.03680   0.04956   0.00405   0.06791   0.01431   0.09893   0.02826   7.52607   2.06013   1.11710   2.23388   0.67089  
 17 228.5792   2043.385903  x:  0.22850   0.00000   0.24501   0.16167   0.01754   0.02005   0.06026   0.03393   0.06408   0.04431   0.04994   0.02449   0.00000   0.18734   0.12303   0.00982   0.03212   0.05351   0.00429   0.06881   0.01614   0.09801   0.02815   7.52344   2.07522   1.14789   2.25630   0.68238  
 18 55.9549   2043.094061  x:  0.22053   0.00000   0.25278   0.16195   0.02032   0.02038   0.06164   0.03408   0.06305   0.03636   0.04984   0.02714   0.00000   0.18390   0.12400   0.00920   0.03529   0.05157   0.00413   0.06798   0.01464   0.10169   0.02634   7.52292   2.07501   1.15297   2.25873   0.68747  
 19 51.5012   2042.984962  x:  0.21983   0.00000   0.25357   0.16197   0.01626   0.01927   0.06247   0.03429   0.06206   0.03343   0.04987   0.02712   0.00000   0.18347   0.12426   0.00926   0.03396   0.05118   0.00420   0.06682   0.01448   0.10166   0.02625   7.52276   2.07064   1.15296   2.25675   0.69251  
 20 20.2344   2041.269861  x:  0.22840   0.00000   0.24846   0.17089   0.01583   0.03105   0.06528   0.03527   0.05832   0.03788   0.04143   0.02831   0.00000   0.18653   0.12978   0.00935   0.02977   0.04517   0.00531   0.05858   0.01510   0.10535   0.02436   7.52026   1.95672   1.13475   2.19728   0.80603  
 21 43.9918   2039.801821  x:  0.23511   0.00000   0.24306   0.17384   0.01980   0.01703   0.06213   0.03633   0.06333   0.03912   0.04992   0.02646   0.00000   0.18931   0.13454   0.00883   0.03562   0.05068   0.00455   0.06509   0.01412   0.10717   0.02705   7.51842   1.86482   1.11862   2.14716   0.89129  
 22 293.3071   2039.619948  x:  0.23561   0.00000   0.24249   0.17433   0.01860   0.02211   0.06091   0.03636   0.06392   0.03724   0.05429   0.02688   0.00000   0.18954   0.13518   0.00873   0.03512   0.05531   0.00447   0.06924   0.01459   0.10814   0.02734   7.51832   1.85115   1.11495   2.13638   0.89607  
 23 48.5243   2036.928152  x:  0.23611   0.00000   0.24065   0.18488   0.01875   0.01981   0.06414   0.03856   0.03881   0.03874   0.04288   0.02920   0.00000   0.18900   0.14532   0.00816   0.03607   0.06198   0.00412   0.08538   0.01465   0.11403   0.02872   7.51949   1.65771   1.04536   1.93035   0.84508  
 24 42.4237   2033.160064  x:  0.23600   0.00000   0.23861   0.20309   0.01784   0.02183   0.06608   0.04151   0.05252   0.04051   0.05375   0.02792   0.00000   0.18856   0.16005   0.00742   0.03622   0.05254   0.00541   0.06782   0.01484   0.12184   0.02751   7.52134   1.37688   0.94233   1.62461   0.76315  
 25 568.4490   2033.098300  x:  0.23594   0.00000   0.23850   0.20296   0.01803   0.02154   0.06596   0.04157   0.05463   0.03982   0.05061   0.02822   0.00000   0.18848   0.16041   0.00725   0.03647   0.05710   0.00536   0.06546   0.01488   0.12234   0.02774   7.52135   1.37454   0.94040   1.61734   0.76266  
 26 23.0349   2032.730854  x:  0.23529   0.00000   0.23679   0.20518   0.01821   0.02144   0.06552   0.04193   0.05419   0.04014   0.05187   0.02816   0.00000   0.18824   0.16239   0.00715   0.03665   0.05662   0.00543   0.06628   0.01499   0.12319   0.02786   7.52105   1.41082   0.92665   1.53796   0.77929  
 27 10.0487   2028.384867  x:  0.23688   0.00000   0.23776   0.23361   0.01765   0.01791   0.07295   0.04803   0.06016   0.03661   0.05650   0.03834   0.00000   0.19391   0.19508   0.01232   0.04135   0.05270   0.01085   0.05495   0.02574   0.13642   0.03610   7.53546   1.60828   0.97430   1.73441   0.68849  
 28  0.3513   2026.055044  x:  0.24392   0.00000   0.22991   0.27235   0.01701   0.01783   0.06656   0.05342   0.05855   0.03918   0.05990   0.02856   0.00000   0.18943   0.23245   0.01044   0.04183   0.05969   0.00733   0.06278   0.01775   0.14594   0.02475   7.51838   1.62134   0.94329   1.74748   0.72491  
 29  0.0603   2025.631178  x:  0.24394   0.00000   0.23033   0.28385   0.01858   0.01862   0.07025   0.05473   0.05654   0.03730   0.05818   0.03066   0.00000   0.19041   0.25019   0.00861   0.04206   0.05689   0.00679   0.06191   0.01971   0.14705   0.03216   7.54211   1.56300   0.92646   1.69923   0.73286  
 30  0.0701   2025.464125  x:  0.24387   0.00000   0.23135   0.28797   0.01768   0.01912   0.07063   0.05428   0.05627   0.03797   0.05561   0.02963   0.00000   0.18991   0.26314   0.00857   0.04156   0.05616   0.00664   0.05896   0.01773   0.14297   0.02947   7.58734   1.55668   0.93318   1.70103   0.70877  
 31  0.0307   2025.324972  x:  0.24439   0.00000   0.23079   0.28325   0.01736   0.01791   0.07018   0.05250   0.05679   0.03736   0.05520   0.03060   0.00000   0.19065   0.27328   0.00890   0.04178   0.05691   0.00780   0.06180   0.01914   0.13652   0.02785   7.62062   1.57063   0.94507   1.71726   0.72995  
 32  0.0303   2025.255208  x:  0.24485   0.00000   0.23025   0.27469   0.01808   0.01909   0.06986   0.05055   0.05688   0.03743   0.05686   0.03072   0.00000   0.18988   0.27606   0.00860   0.04147   0.05662   0.00690   0.06064   0.01902   0.13269   0.02910   7.58383   1.57684   0.93388   1.70993   0.72669  
 33  0.0247   2025.237731  x:  0.24383   0.00000   0.23070   0.27057   0.01793   0.01849   0.06955   0.05024   0.05673   0.03756   0.05700   0.03037   0.00000   0.18911   0.27741   0.00859   0.04199   0.05695   0.00693   0.06175   0.01879   0.13464   0.02963   7.56072   1.56632   0.93314   1.70494   0.72036  
 34  0.0140   2025.231304  x:  0.24395   0.00000   0.23068   0.26897   0.01795   0.01858   0.06980   0.05036   0.05695   0.03767   0.05695   0.03021   0.00000   0.18939   0.27872   0.00849   0.04224   0.05677   0.00685   0.06073   0.01879   0.13638   0.02923   7.56883   1.56856   0.93533   1.70932   0.72451  
 35  0.0077   2025.230389  x:  0.24407   0.00000   0.23051   0.26875   0.01795   0.01873   0.06988   0.05055   0.05676   0.03764   0.05683   0.03028   0.00000   0.18971   0.27921   0.00854   0.04213   0.05675   0.00697   0.06100   0.01886   0.13677   0.02914   7.57574   1.57048   0.93504   1.70901   0.72392  
 36  0.0057   2025.230215  x:  0.24387   0.00000   0.23045   0.26866   0.01792   0.01868   0.06984   0.05071   0.05673   0.03766   0.05682   0.03030   0.00000   0.18965   0.27933   0.00858   0.04194   0.05675   0.00692   0.06096   0.01886   0.13674   0.02920   7.57540   1.57055   0.93506   1.70863   0.72413  
 37  0.0004   2025.230160  x:  0.24393   0.00000   0.23048   0.26852   0.01795   0.01869   0.06986   0.05082   0.05676   0.03764   0.05682   0.03029   0.00000   0.18965   0.27925   0.00856   0.04193   0.05674   0.00694   0.06097   0.01884   0.13665   0.02918   7.57409   1.57036   0.93518   1.70899   0.72402  
 38  0.0007   2025.230150  x:  0.24395   0.00000   0.23049   0.26850   0.01794   0.01869   0.06987   0.05085   0.05677   0.03765   0.05683   0.03029   0.00000   0.18965   0.27924   0.00857   0.04197   0.05675   0.00693   0.06097   0.01885   0.13663   0.02918   7.57425   1.57026   0.93507   1.70881   0.72404  
 39  0.0002   2025.230149  x:  0.24394   0.00000   0.23049   0.26851   0.01794   0.01869   0.06986   0.05086   0.05677   0.03765   0.05683   0.03029   0.00000   0.18964   0.27925   0.00856   0.04198   0.05674   0.00693   0.06097   0.01885   0.13663   0.02918   7.57442   1.57033   0.93508   1.70883   0.72404  
 40  0.0002   2025.230149  x:  0.24394   0.00000   0.23049   0.26851   0.01794   0.01869   0.06986   0.05086   0.05676   0.03765   0.05683   0.03029   0.00000   0.18964   0.27925   0.00856   0.04198   0.05675   0.00693   0.06097   0.01885   0.13663   0.02918   7.57445   1.57034   0.93509   1.70884   0.72404  
 41  0.0000   2025.230149  x:  0.24394   0.00000   0.23049   0.26851   0.01794   0.01869   0.06986   0.05086   0.05676   0.03765   0.05683   0.03029   0.00000   0.18965   0.27925   0.00856   0.04198   0.05675   0.00693   0.06097   0.01885   0.13663   0.02918   7.57445   1.57034   0.93509   1.70884   0.72404  
 42  0.0000   2025.230149  x:  0.24394   0.00000   0.23049   0.26851   0.01794   0.01869   0.06986   0.05086   0.05676   0.03765   0.05683   0.03029   0.00000   0.18965   0.27925   0.00856   0.04198   0.05675   0.00693   0.06097   0.01885   0.13663   0.02918   7.57444   1.57034   0.93509   1.70884   0.72404  
 43  0.0000   2025.230149  x:  0.24394   0.00000   0.23049   0.26851   0.01794   0.01869   0.06986   0.05086   0.05676   0.03765   0.05683   0.03029   0.00000   0.18965   0.27925   0.00856   0.04198   0.05675   0.00693   0.06097   0.01885   0.13663   0.02918   7.57444   1.57034   0.93509   1.70884   0.72404  
 44  0.0000   2025.230149  x:  0.24394   0.00000   0.23049   0.26851   0.01794   0.01869   0.06986   0.05086   0.05676   0.03765   0.05683   0.03029   0.00000   0.18965   0.27925   0.00856   0.04198   0.05675   0.00693   0.06097   0.01885   0.13663   0.02918   7.57444   1.57034   0.93509   1.70884   0.72404  