

TREE # 1

  0  0.0000   2000.765227  x:  0.01972   0.20925   0.02571   0.03211   0.02495   0.05815   0.02188   0.05666   0.08536   0.02661   0.17168   0.01972   0.20925   0.02571   0.03211   0.02495   0.05815   0.02188   0.05666   0.08536   0.02661   0.17168   0.21568   8.40433   1.90967   1.44394   1.36462   1.00000  
  1 99.0000   1989.877490  x:  0.00000   0.21315   0.04469   0.02006   0.01961   0.05510   0.02590   0.06128   0.07974   0.02771   0.17675   0.00031   0.21684   0.02092   0.01951   0.02536   0.06266   0.03180   0.05687   0.08763   0.03598   0.17604   0.21812   8.40433   1.90883   1.44251   1.36739   0.99971  
  2 309.2519   1989.812433  x:  0.00000   0.21320   0.04465   0.01997   0.01961   0.05507   0.02588   0.06131   0.07968   0.02768   0.17681   0.00000   0.21694   0.02090   0.01943   0.02536   0.06269   0.03176   0.05687   0.08766   0.03597   0.17610   0.21816   8.40433   1.90882   1.44249   1.36743   0.99971  
  3 284.6777   1988.021121  x:  0.00000   0.23203   0.04265   0.02710   0.02031   0.05258   0.02797   0.06584   0.06240   0.03125   0.19760   0.00000   0.25307   0.02723   0.02995   0.02746   0.06631   0.03512   0.05745   0.09374   0.03416   0.19429   0.23156   8.40432   1.90308   1.43217   1.38679   0.99788  
  4 92.9207   1987.553216  x:  0.00000   0.23877   0.04470   0.03081   0.01776   0.05556   0.02577   0.06026   0.06904   0.03009   0.20166   0.00000   0.26507   0.02055   0.02988   0.02294   0.06198   0.03284   0.05647   0.09163   0.03456   0.19802   0.23690   8.40434   1.89904   1.42523   1.40016   0.99636  
  5 50.3327   1987.287726  x:  0.00000   0.24274   0.04487   0.03062   0.02231   0.05695   0.02776   0.05755   0.07617   0.02889   0.20101   0.00000   0.27150   0.02210   0.02751   0.02770   0.05978   0.03307   0.05607   0.08867   0.03617   0.19758   0.24042   8.40439   1.89454   1.41765   1.41487   0.99452  
  6 50.4937   1986.844690  x:  0.00000   0.24714   0.04246   0.02801   0.01602   0.05565   0.02797   0.06015   0.08294   0.02998   0.19342   0.00000   0.27714   0.02850   0.02591   0.02706   0.06141   0.03557   0.05652   0.08481   0.03425   0.19098   0.24492   8.40454   1.88418   1.40045   1.44848   0.98995  
  7 55.2759   1986.318775  x:  0.00000   0.25072   0.04440   0.02644   0.02231   0.05317   0.02632   0.06458   0.08203   0.03193   0.18127   0.00000   0.28016   0.02630   0.02754   0.02160   0.06468   0.03637   0.05708   0.08457   0.03209   0.18007   0.24872   8.40479   1.86969   1.37660   1.49522   0.98325  
  8 112.5682   1985.898969  x:  0.00000   0.25212   0.04500   0.02717   0.01976   0.05296   0.02604   0.06393   0.07466   0.03004   0.17197   0.00000   0.27965   0.02043   0.02971   0.02743   0.06464   0.03321   0.05676   0.08777   0.03455   0.17128   0.24996   8.40505   1.85752   1.35679   1.53427   0.97720  
  9 125.2682   1985.775121  x:  0.00000   0.25147   0.04481   0.02754   0.01970   0.05454   0.02768   0.06038   0.07020   0.02829   0.17154   0.00000   0.27735   0.02291   0.02804   0.02499   0.06209   0.03299   0.05600   0.08955   0.03653   0.17027   0.24874   8.40519   1.85359   1.35059   1.54689   0.97471  
 10 45.5293   1985.695906  x:  0.00000   0.24941   0.04487   0.02792   0.01981   0.05542   0.02615   0.05851   0.06850   0.02986   0.17549   0.00000   0.27296   0.02292   0.02573   0.02591   0.06047   0.03513   0.05579   0.08994   0.03342   0.17295   0.24563   8.40539   1.85064   1.34632   1.55639   0.97198  
 11 22.6279   1985.548966  x:  0.00000   0.24306   0.04434   0.02864   0.01966   0.05479   0.02786   0.06094   0.07019   0.03077   0.18765   0.00000   0.26189   0.02216   0.02578   0.02555   0.06171   0.03336   0.05630   0.08906   0.03501   0.18260   0.23721   8.40595   1.84461   1.33833   1.57571   0.96527  
 12 31.1378   1985.534164  x:  0.00000   0.24180   0.04461   0.02786   0.01976   0.05439   0.02647   0.06063   0.07049   0.02933   0.18863   0.00000   0.26106   0.02253   0.02691   0.02562   0.06203   0.03391   0.05612   0.08898   0.03544   0.18399   0.23651   8.40606   1.84393   1.33789   1.57767   0.96422  
 13 12.9277   1985.526637  x:  0.00000   0.24023   0.04475   0.02676   0.01969   0.05426   0.02728   0.06007   0.07054   0.02912   0.18844   0.00000   0.26130   0.02232   0.02776   0.02557   0.06198   0.03393   0.05591   0.08895   0.03473   0.18505   0.23661   8.40622   1.84351   1.33841   1.57862   0.96299  
 14  4.9588   1985.510622  x:  0.00000   0.23615   0.04476   0.02647   0.01973   0.05451   0.02666   0.05998   0.07040   0.03052   0.18727   0.00000   0.26263   0.02261   0.02761   0.02563   0.06167   0.03341   0.05587   0.08900   0.03544   0.18718   0.23746   8.40676   1.84252   1.34080   1.58050   0.95927  
 15  6.4550   1985.495071  x:  0.00000   0.23330   0.04439   0.02784   0.01973   0.05467   0.02700   0.06082   0.07028   0.02931   0.18662   0.00000   0.26369   0.02218   0.02650   0.02555   0.06188   0.03425   0.05616   0.08904   0.03525   0.18820   0.23825   8.40739   1.84160   1.34375   1.58219   0.95517  
 16 10.1279   1985.444077  x:  0.00000   0.23318   0.04677   0.02874   0.01959   0.05341   0.02689   0.06027   0.07036   0.02859   0.18871   0.00000   0.26439   0.02342   0.02562   0.02582   0.06299   0.03219   0.05625   0.08935   0.03390   0.18561   0.23944   8.40989   1.83923   1.35535   1.58698   0.94044  
 17  7.3592   1985.361649  x:  0.00000   0.23592   0.04472   0.02681   0.01971   0.05332   0.02706   0.05989   0.07041   0.02976   0.19187   0.00000   0.26467   0.02205   0.02612   0.02553   0.06278   0.03418   0.05590   0.08969   0.03565   0.18146   0.24051   8.41405   1.83598   1.37393   1.59445   0.91710  
 18 39.5071   1985.327347  x:  0.00000   0.23952   0.04557   0.02574   0.01968   0.05595   0.02683   0.06209   0.06998   0.02918   0.19001   0.00000   0.26407   0.02234   0.02656   0.02566   0.06112   0.03379   0.05633   0.08923   0.03524   0.18334   0.23946   8.41592   1.83620   1.37998   1.59719   0.90964  
 19 11.4143   1985.278144  x:  0.00000   0.24509   0.04533   0.02632   0.01969   0.05428   0.02699   0.06039   0.06972   0.02941   0.18529   0.00000   0.26321   0.02211   0.02544   0.02559   0.06312   0.03393   0.05611   0.08903   0.03552   0.18832   0.23702   8.41873   1.83877   1.38587   1.60055   0.90269  
 20 10.7919   1985.108410  x:  0.00000   0.24654   0.04601   0.02527   0.01952   0.04775   0.02710   0.06268   0.07133   0.02903   0.18446   0.00000   0.26640   0.02205   0.02382   0.02556   0.05734   0.03420   0.05565   0.09435   0.03568   0.18918   0.23400   8.42883   1.85843   1.39086   1.60940   0.89991  
 21  4.3645   1984.105624  x:  0.00000   0.24699   0.04965   0.01605   0.01908   0.05532   0.02674   0.06328   0.07236   0.02787   0.18841   0.00000   0.28540   0.02096   0.01574   0.02558   0.06642   0.03521   0.05646   0.10524   0.03685   0.18599   0.22390   8.48850   1.97697   1.41486   1.66056   0.89272  
 22 56.7717   1983.730567  x:  0.00000   0.24721   0.05140   0.01339   0.01900   0.05146   0.02663   0.06396   0.06494   0.02686   0.19108   0.00000   0.28749   0.01947   0.01301   0.02553   0.06447   0.03511   0.05586   0.09036   0.03843   0.18584   0.22920   8.51054   2.01823   1.42415   1.67908   0.89305  
 23 63.4417   1983.619253  x:  0.00000   0.24905   0.05180   0.01219   0.01893   0.05153   0.02662   0.06413   0.06558   0.02668   0.19222   0.00000   0.27999   0.01936   0.01208   0.02552   0.06499   0.03528   0.05698   0.09414   0.03863   0.18954   0.24414   8.51760   2.02413   1.42909   1.68472   0.89876  
 24 11.5802   1983.595209  x:  0.00000   0.24919   0.05189   0.01221   0.01892   0.05178   0.02660   0.06488   0.06566   0.02668   0.19242   0.00000   0.27992   0.01937   0.01170   0.02558   0.06530   0.03522   0.05329   0.09447   0.03854   0.18986   0.24424   8.51918   2.01992   1.43174   1.68549   0.90348  
 25  5.1472   1983.441064  x:  0.00000   0.24951   0.05239   0.01074   0.01884   0.05129   0.02661   0.06476   0.06540   0.02651   0.19367   0.00000   0.28320   0.01914   0.01045   0.02553   0.06535   0.03536   0.05618   0.09500   0.03882   0.19080   0.23795   8.52980   1.98221   1.45153   1.68941   0.94034  
 26 18.1035   1983.265787  x:  0.00000   0.25152   0.05295   0.00970   0.01871   0.05081   0.02642   0.06554   0.06554   0.02605   0.19383   0.00000   0.28805   0.01882   0.00944   0.02543   0.06602   0.03514   0.05611   0.09554   0.03901   0.19078   0.23886   8.54906   1.88738   1.37516   1.61527   0.92119  
 27  1.8617   1983.013433  x:  0.00000   0.25490   0.05318   0.01225   0.01844   0.04966   0.02567   0.06735   0.06256   0.02442   0.19878   0.00000   0.29387   0.01716   0.01303   0.02519   0.06816   0.03295   0.05633   0.09434   0.03973   0.19412   0.24576   8.61201   1.84329   1.35732   1.59200   0.94402  
 28  0.2075   1982.985493  x:  0.00000   0.25577   0.05200   0.01312   0.01858   0.04974   0.02531   0.06790   0.06253   0.02442   0.20078   0.00000   0.29647   0.01771   0.01191   0.02516   0.06886   0.03169   0.05691   0.09377   0.03936   0.19506   0.24741   8.65467   1.85856   1.36277   1.59944   0.94602  
 29  0.0740   1982.978147  x:  0.00000   0.25604   0.05144   0.01232   0.01865   0.04984   0.02518   0.06822   0.06261   0.02452   0.20158   0.00000   0.29757   0.01791   0.01234   0.02517   0.06917   0.03129   0.05668   0.09353   0.03918   0.19545   0.24779   8.67725   1.86528   1.36527   1.60285   0.94636  
 30  0.0691   1982.977168  x:  0.00000   0.25606   0.05126   0.01226   0.01862   0.04990   0.02531   0.06837   0.06267   0.02471   0.20203   0.00000   0.29801   0.01780   0.01222   0.02516   0.06933   0.03161   0.05672   0.09364   0.03909   0.19573   0.24778   8.70059   1.86372   1.36492   1.60224   0.94631  
 31  0.0225   1982.977117  x:  0.00000   0.25605   0.05128   0.01225   0.01862   0.04989   0.02530   0.06836   0.06265   0.02463   0.20200   0.00000   0.29799   0.01785   0.01221   0.02515   0.06931   0.03162   0.05672   0.09366   0.03909   0.19572   0.24774   8.70885   1.86325   1.36468   1.60211   0.94631  
 32  0.0075   1982.977110  x:  0.00000   0.25605   0.05129   0.01225   0.01862   0.04989   0.02530   0.06835   0.06264   0.02465   0.20197   0.00000   0.29796   0.01783   0.01221   0.02515   0.06930   0.03160   0.05672   0.09365   0.03909   0.19571   0.24774   8.71197   1.86339   1.36470   1.60219   0.94634  
 33  0.0029   1982.977110  x:  0.00000   0.25605   0.05129   0.01226   0.01862   0.04989   0.02530   0.06835   0.06265   0.02465   0.20197   0.00000   0.29796   0.01783   0.01221   0.02515   0.06930   0.03160   0.05672   0.09365   0.03909   0.19571   0.24774   8.71214   1.86340   1.36472   1.60220   0.94636  
 34  0.0002   1982.977110  x:  0.00000   0.25605   0.05129   0.01226   0.01862   0.04989   0.02530   0.06835   0.06265   0.02465   0.20197   0.00000   0.29796   0.01783   0.01221   0.02515   0.06930   0.03160   0.05672   0.09365   0.03909   0.19571   0.24774   8.71216   1.86341   1.36472   1.60220   0.94636  
 35  0.0000   1982.977110  x:  0.00000   0.25605   0.05129   0.01226   0.01862   0.04989   0.02530   0.06835   0.06265   0.02465   0.20197   0.00000   0.29796   0.01783   0.01221   0.02515   0.06930   0.03160   0.05672   0.09365   0.03909   0.19571   0.24774   8.71216   1.86341   1.36472   1.60220   0.94636  

TREE # 2

  0  0.0000   2421.370553  x:  0.00000   0.25605   0.05129   0.01226   0.01862   0.04989   0.02530   0.06835   0.06265   0.02465   0.20197   0.00000   0.29796   0.01783   0.01221   0.02515   0.06930   0.03160   0.05672   0.09365   0.03909   0.19571   0.24774   8.71216   1.82511   1.23473   1.45158   0.94636  
  1 99.0000   2152.131187  x:  0.27998   0.25638   0.09894   0.19348   0.03960   0.04366   0.05160   0.06121   0.06172   0.03927   0.19622   0.28903   0.29625   0.15311   0.20378   0.03081   0.06728   0.04041   0.04948   0.09014   0.03143   0.18719   0.23766   8.71216   1.82467   1.23492   1.45212   0.94649  
  2 6607.6372   2103.396477  x:  0.27833   0.21303   0.14141   0.22612   0.04161   0.01560   0.09080   0.02182   0.05736   0.01261   0.16339   0.24975   0.25234   0.16803   0.22282   0.02166   0.05525   0.06710   0.01360   0.07577   0.00000   0.14924   0.19204   8.71231   1.82261   1.24039   1.45209   0.94508  
  3 424.5884   2083.804194  x:  0.28007   0.17704   0.16226   0.24691   0.04149   0.01277   0.10065   0.00000   0.05622   0.01317   0.13963   0.22142   0.21600   0.17931   0.23656   0.02304   0.05084   0.07101   0.00476   0.06923   0.02945   0.12327   0.15724   8.71242   1.82107   1.24424   1.45244   0.94403  
  4 821.4614   2071.081981  x:  0.28107   0.15515   0.17510   0.25958   0.04147   0.01116   0.10708   0.00215   0.05561   0.01338   0.12519   0.20413   0.19390   0.18613   0.24489   0.02363   0.04812   0.07375   0.00000   0.06524   0.04461   0.10733   0.13597   8.71248   1.82013   1.24659   1.45265   0.94339  
  5 4108.8503   2024.687663  x:  0.28657   0.03960   0.24258   0.32608   0.04175   0.00342   0.14202   0.00864   0.05233   0.01337   0.04965   0.11320   0.07719   0.22172   0.28854   0.02551   0.03509   0.08985   0.02291   0.04578   0.10855   0.02305   0.02330   8.71283   1.81520   1.25891   1.45374   0.94007  
  6 9829.5043   2018.214874  x:  0.28910   0.01380   0.25278   0.33797   0.04304   0.02096   0.14587   0.00807   0.05252   0.01894   0.04148   0.09566   0.05114   0.22798   0.29651   0.02561   0.03642   0.09069   0.02260   0.04658   0.10831   0.01959   0.00703   8.71289   1.81420   1.26128   1.45411   0.93947  
  7 901.1159   2013.075542  x:  0.29071   0.00000   0.25728   0.34377   0.04296   0.02233   0.14685   0.00812   0.05276   0.02118   0.03887   0.08690   0.03721   0.23111   0.30053   0.02591   0.03740   0.09032   0.02297   0.04753   0.10899   0.02116   0.00905   8.71292   1.81368   1.26249   1.45433   0.93918  
  8 873.4777   2006.024431  x:  0.29580   0.00000   0.26490   0.35650   0.04175   0.01953   0.14520   0.00828   0.05389   0.02425   0.04188   0.06693   0.00000   0.23798   0.30964   0.02684   0.04082   0.08638   0.02338   0.05165   0.10946   0.02772   0.00560   8.71299   1.81238   1.26540   1.45500   0.93853  
  9 1453.0699   2004.316392  x:  0.30367   0.00000   0.27200   0.37308   0.04039   0.02097   0.13866   0.00827   0.05531   0.02218   0.05352   0.04061   0.00000   0.24647   0.32144   0.02706   0.04378   0.07818   0.02331   0.05640   0.10857   0.02085   0.00761   8.71310   1.81042   1.26968   1.45617   0.93764  
 10 304.2169   2003.964836  x:  0.30477   0.00000   0.27084   0.37839   0.04012   0.02197   0.13085   0.00830   0.05428   0.01729   0.05110   0.03564   0.00000   0.24726   0.32408   0.02500   0.03962   0.07334   0.02336   0.05260   0.10722   0.02284   0.00753   8.71318   1.80909   1.27260   1.45714   0.93709  
 11 52.8682   2003.680815  x:  0.30361   0.00000   0.26840   0.38411   0.03969   0.02002   0.12104   0.00793   0.05307   0.02173   0.04801   0.03303   0.00000   0.24654   0.32583   0.02457   0.03718   0.06916   0.02254   0.04928   0.10262   0.02103   0.00715   8.71331   1.80716   1.27686   1.45863   0.93627  
 12 61.2487   2003.291425  x:  0.29531   0.00000   0.26518   0.39560   0.04057   0.01917   0.10789   0.00779   0.05287   0.01908   0.04419   0.03451   0.00000   0.24291   0.32753   0.03027   0.04270   0.06956   0.02176   0.05107   0.09910   0.01989   0.00691   8.71362   1.80273   1.28678   1.46228   0.93430  
 13 38.6891   2002.469697  x:  0.27240   0.00000   0.25898   0.42239   0.04256   0.01965   0.09222   0.00785   0.05397   0.01996   0.05149   0.04077   0.00000   0.23268   0.33037   0.02492   0.03878   0.07732   0.02204   0.05268   0.09851   0.02117   0.00731   8.71443   1.79185   1.31159   1.47182   0.92927  
 14 64.3815   2001.412429  x:  0.25845   0.00000   0.23085   0.44564   0.03434   0.02033   0.10519   0.00765   0.05384   0.01976   0.05650   0.04471   0.00000   0.21520   0.33023   0.02871   0.04111   0.06210   0.02209   0.04610   0.09537   0.02204   0.00755   8.71573   1.77747   1.34650   1.48785   0.92228  
 15 40.1359   2000.627189  x:  0.26029   0.00000   0.20086   0.45399   0.04178   0.01811   0.11225   0.00744   0.05353   0.01920   0.05311   0.04259   0.00000   0.20137   0.32838   0.02393   0.03946   0.05669   0.02121   0.05797   0.09295   0.02092   0.00703   8.71685   1.76776   1.37237   1.50185   0.91717  
 16 74.5511   1999.699967  x:  0.27561   0.00000   0.16698   0.45161   0.04483   0.01719   0.11280   0.00730   0.05386   0.01974   0.05561   0.03404   0.00000   0.18626   0.32557   0.02729   0.04077   0.07280   0.02065   0.05215   0.09111   0.02174   0.00687   8.71827   1.75972   1.39915   1.51994   0.91183  
 17 66.0496   1998.863334  x:  0.28920   0.00000   0.16476   0.43263   0.03036   0.01723   0.10663   0.00710   0.05505   0.01890   0.05447   0.03390   0.00000   0.17357   0.32274   0.02040   0.04440   0.07494   0.01980   0.05611   0.08815   0.02103   0.00662   8.71964   1.75998   1.41408   1.53688   0.90849  
 18 31.6293   1996.679585  x:  0.31866   0.00000   0.18137   0.36787   0.03768   0.01562   0.09283   0.00662   0.05416   0.01866   0.06253   0.03722   0.00000   0.14479   0.31498   0.02938   0.03914   0.06259   0.01879   0.05595   0.07829   0.02222   0.00653   8.72361   1.76797   1.44783   1.58518   0.90065  
 19 88.8027   1995.745177  x:  0.31852   0.00000   0.17723   0.33750   0.04451   0.01407   0.08664   0.00637   0.05351   0.01836   0.06539   0.04008   0.00000   0.16488   0.30950   0.02073   0.05009   0.05628   0.01804   0.04932   0.07365   0.02219   0.00640   8.72541   1.77960   1.45317   1.60639   0.89977  
 20 46.4549   1994.864421  x:  0.31449   0.00000   0.16746   0.31037   0.03836   0.01390   0.08090   0.00600   0.05331   0.01781   0.06763   0.04276   0.00000   0.19476   0.30253   0.02842   0.04118   0.05411   0.01719   0.05447   0.06712   0.02235   0.00628   8.72716   1.79576   1.45242   1.62654   0.90088  
 21 78.6624   1994.117160  x:  0.31940   0.00000   0.15603   0.33213   0.03860   0.01299   0.07623   0.00576   0.05637   0.01782   0.06926   0.04258   0.00000   0.18500   0.27062   0.02836   0.04184   0.05055   0.01670   0.05427   0.06320   0.02285   0.00619   8.72873   1.85183   1.40040   1.64033   0.92219  
 22 13.7638   1994.024639  x:  0.31774   0.00000   0.15311   0.33309   0.03821   0.01301   0.07602   0.00580   0.04947   0.01785   0.06994   0.04224   0.00000   0.18160   0.27415   0.02819   0.04242   0.05084   0.01667   0.05480   0.06295   0.02301   0.00621   8.72896   1.86002   1.39292   1.64149   0.92555  
 23 18.9012   1993.785988  x:  0.30895   0.00000   0.14171   0.33146   0.03826   0.01264   0.07549   0.00566   0.05352   0.01783   0.06958   0.04100   0.00000   0.16868   0.29809   0.02769   0.04279   0.05089   0.01634   0.05457   0.06109   0.02300   0.00617   8.72970   1.88429   1.37148   1.64354   0.93585  
 24 25.6139   1990.623271  x:  0.31225   0.00000   0.14840   0.32145   0.03744   0.01632   0.07417   0.00555   0.05638   0.02436   0.06826   0.03551   0.00000   0.17573   0.29511   0.02762   0.05012   0.04947   0.01642   0.06278   0.04602   0.03135   0.01045   8.76224   2.08233   1.52663   1.55199   0.96687  
 25  1.0626   1986.914517  x:  0.30490   0.00000   0.16330   0.32480   0.03657   0.02037   0.07575   0.00546   0.05897   0.03230   0.06305   0.02696   0.00000   0.18709   0.29939   0.02750   0.05725   0.04937   0.01654   0.07181   0.02891   0.04109   0.01540   8.79797   2.07253   1.50776   1.82863   0.95813  
 26  8.6561   1986.238655  x:  0.30224   0.00000   0.16039   0.32451   0.03652   0.02067   0.07477   0.00536   0.05925   0.03316   0.06372   0.02736   0.00000   0.18622   0.29608   0.02742   0.05826   0.04911   0.01622   0.07307   0.02371   0.04273   0.01617   8.80555   1.93076   1.37858   1.70292   0.87087  
 27  3.4641   1985.909182  x:  0.30153   0.00000   0.16269   0.32011   0.03642   0.02094   0.07459   0.00529   0.05934   0.03357   0.06421   0.02840   0.00000   0.18991   0.29151   0.02733   0.05862   0.04906   0.01615   0.07360   0.02120   0.04360   0.01659   8.80830   1.82501   1.32334   1.63247   0.93592  
 28  6.7359   1984.554862  x:  0.28663   0.00000   0.17533   0.31324   0.03898   0.02136   0.09462   0.00543   0.05863   0.03231   0.06771   0.04013   0.00000   0.20037   0.27493   0.02480   0.05572   0.06398   0.01648   0.07340   0.01620   0.04651   0.01829   8.81982   1.89179   1.34820   1.62603   0.94308  
 29  0.1270   1984.096436  x:  0.27231   0.00000   0.19111   0.31812   0.03994   0.02008   0.09795   0.00597   0.05718   0.02901   0.07127   0.03686   0.00000   0.20522   0.27270   0.02410   0.05373   0.06595   0.01735   0.07220   0.02369   0.04822   0.01924   8.80764   1.84437   1.33477   1.56399   0.94678  
 30  0.1008   1983.670742  x:  0.25799   0.00000   0.19968   0.31563   0.03988   0.01854   0.09474   0.00616   0.05571   0.02532   0.07410   0.03132   0.00000   0.20411   0.27049   0.02404   0.05149   0.06384   0.01712   0.07005   0.01768   0.05021   0.02092   8.77403   1.86264   1.38164   1.57330   0.95157  
 31  0.0823   1983.409588  x:  0.25298   0.00000   0.19652   0.29763   0.03877   0.01732   0.09488   0.00663   0.05637   0.02331   0.07190   0.03239   0.00000   0.19916   0.25715   0.02396   0.05026   0.06245   0.01693   0.06782   0.01873   0.05196   0.02308   8.72626   1.86714   1.37711   1.62725   0.94311  
 32  0.0510   1983.296882  x:  0.24470   0.00000   0.19324   0.29872   0.03862   0.01732   0.09330   0.00712   0.05746   0.02492   0.06821   0.03115   0.00000   0.20182   0.25477   0.02531   0.05135   0.06252   0.01644   0.06817   0.01782   0.05247   0.02474   8.70122   1.85477   1.34605   1.59570   0.94279  
 33  0.0280   1983.203310  x:  0.24458   0.00000   0.19597   0.29311   0.03937   0.01833   0.09289   0.00796   0.05666   0.02601   0.06628   0.03164   0.00000   0.20448   0.25297   0.02463   0.05197   0.06247   0.01552   0.06838   0.01959   0.05088   0.02630   8.68577   1.87422   1.37935   1.59942   0.95422  
 34  0.0166   1983.098455  x:  0.24620   0.00000   0.19689   0.29791   0.03900   0.01929   0.09456   0.00915   0.05575   0.02592   0.06907   0.03029   0.00000   0.19771   0.25630   0.02445   0.05126   0.06203   0.01370   0.06851   0.01840   0.04802   0.02796   8.70694   1.86991   1.36944   1.60596   0.94441  
 35  0.0096   1983.055555  x:  0.24608   0.00000   0.19792   0.29708   0.03880   0.01837   0.09341   0.00986   0.05691   0.02549   0.06990   0.03246   0.00000   0.20387   0.25368   0.02485   0.05102   0.06306   0.01281   0.06854   0.01843   0.04734   0.02816   8.71366   1.85521   1.36082   1.60051   0.94380  
 36  0.0117   1983.023124  x:  0.24989   0.00000   0.19298   0.29906   0.03920   0.01694   0.09396   0.01061   0.05745   0.02486   0.06955   0.03136   0.00000   0.20229   0.25749   0.02473   0.05140   0.06314   0.01250   0.06842   0.01908   0.04795   0.02752   8.71897   1.86234   1.36275   1.60020   0.94846  
 37  0.0064   1982.997207  x:  0.24977   0.00000   0.19566   0.30000   0.03913   0.01713   0.09345   0.01149   0.05645   0.02471   0.06938   0.03212   0.00000   0.20168   0.25931   0.02441   0.05160   0.06181   0.01260   0.06833   0.01820   0.04987   0.02688   8.71790   1.87066   1.36809   1.60472   0.94731  
 38  0.0050   1982.986079  x:  0.25060   0.00000   0.19560   0.29932   0.03900   0.01778   0.09356   0.01204   0.05648   0.02507   0.06942   0.03162   0.00000   0.20211   0.25654   0.02461   0.05143   0.06276   0.01245   0.06837   0.01866   0.05072   0.02658   8.71627   1.86133   1.36365   1.59998   0.94516  
 39  0.0069   1982.981021  x:  0.24787   0.00000   0.19472   0.29875   0.03915   0.01791   0.09355   0.01223   0.05690   0.02522   0.06960   0.03188   0.00000   0.20176   0.25744   0.02478   0.05112   0.06270   0.01221   0.06832   0.01876   0.05068   0.02605   8.71493   1.86525   1.36572   1.60316   0.94662  
 40  0.0030   1982.978053  x:  0.24803   0.00000   0.19571   0.29731   0.03919   0.01783   0.09354   0.01216   0.05689   0.02523   0.06974   0.03157   0.00000   0.20214   0.25597   0.02466   0.05120   0.06252   0.01214   0.06839   0.01855   0.05029   0.02542   8.71300   1.86481   1.36508   1.60171   0.94703  
 41  0.0020   1982.977271  x:  0.24780   0.00000   0.19561   0.29826   0.03908   0.01785   0.09359   0.01211   0.05672   0.02519   0.06942   0.03160   0.00000   0.20186   0.25605   0.02462   0.05129   0.06262   0.01219   0.06837   0.01865   0.05002   0.02526   8.71267   1.86337   1.36499   1.60233   0.94630  
 42  0.0017   1982.977146  x:  0.24775   0.00000   0.19575   0.29789   0.03907   0.01784   0.09367   0.01217   0.05669   0.02515   0.06926   0.03161   0.00000   0.20199   0.25611   0.02466   0.05130   0.06266   0.01221   0.06834   0.01864   0.04993   0.02530   8.71195   1.86329   1.36449   1.60211   0.94629  
 43  0.0006   1982.977114  x:  0.24775   0.00000   0.19570   0.29798   0.03910   0.01784   0.09367   0.01221   0.05672   0.02514   0.06927   0.03161   0.00000   0.20198   0.25602   0.02465   0.05129   0.06266   0.01224   0.06834   0.01861   0.04990   0.02530   8.71210   1.86351   1.36484   1.60226   0.94641  
 44  0.0003   1982.977110  x:  0.24775   0.00000   0.19571   0.29796   0.03909   0.01784   0.09365   0.01221   0.05672   0.02515   0.06930   0.03160   0.00000   0.20197   0.25605   0.02465   0.05129   0.06265   0.01226   0.06835   0.01862   0.04989   0.02530   8.71222   1.86341   1.36471   1.60220   0.94636  
 45  0.0002   1982.977110  x:  0.24774   0.00000   0.19571   0.29796   0.03909   0.01783   0.09365   0.01221   0.05672   0.02515   0.06930   0.03160   0.00000   0.20197   0.25605   0.02465   0.05129   0.06265   0.01226   0.06835   0.01862   0.04989   0.02530   8.71218   1.86341   1.36472   1.60220   0.94636  
 46  0.0000   1982.977110  x:  0.24774   0.00000   0.19571   0.29796   0.03909   0.01783   0.09365   0.01221   0.05672   0.02515   0.06930   0.03160   0.00000   0.20197   0.25605   0.02465   0.05129   0.06265   0.01226   0.06835   0.01862   0.04989   0.02530   8.71217   1.86341   1.36472   1.60220   0.94636  
 47  0.0000   1982.977110  x:  0.24774   0.00000   0.19571   0.29796   0.03909   0.01783   0.09365   0.01221   0.05672   0.02515   0.06930   0.03160   0.00000   0.20197   0.25605   0.02465   0.05129   0.06265   0.01226   0.06835   0.01862   0.04989   0.02530   8.71217   1.86341   1.36472   1.60220   0.94636  
 48  0.0000   1982.977110  x:  0.24774   0.00000   0.19571   0.29796   0.03909   0.01783   0.09365   0.01221   0.05672   0.02515   0.06930   0.03160   0.00000   0.20197   0.25605   0.02465   0.05129   0.06265   0.01226   0.06835   0.01862   0.04989   0.02530   8.71217   1.86341   1.36472   1.60220   0.94636  
 49  0.0000   1982.977110  x:  0.24774   0.00000   0.19571   0.29796   0.03909   0.01783   0.09365   0.01221   0.05672   0.02515   0.06930   0.03160   0.00000   0.20197   0.25605   0.02465   0.05129   0.06265   0.01226   0.06835   0.01862   0.04989   0.02530   8.71217   1.86341   1.36472   1.60220   0.94636  
 50  0.0000   1982.977110  x:  0.24774   0.00000   0.19571   0.29796   0.03909   0.01783   0.09365   0.01221   0.05672   0.02515   0.06930   0.03160   0.00000   0.20197   0.25605   0.02465   0.05129   0.06265   0.01226   0.06835   0.01862   0.04989   0.02530   8.71216   1.86341   1.36472   1.60220   0.94636  
 51  0.0000   1982.977110  x:  0.24774   0.00000   0.19571   0.29796   0.03909   0.01783   0.09365   0.01221   0.05672   0.02515   0.06930   0.03160   0.00000   0.20197   0.25605   0.02465   0.05129   0.06265   0.01226   0.06835   0.01862   0.04989   0.02530   8.71217   1.86341   1.36472   1.60220   0.94636  