

TREE # 1

  0  0.0000   2066.659412  x:  0.00000   0.08007   0.05841   0.01443   0.07351   0.09371   0.04068   0.06791   0.10046   0.03133   0.12418   0.01941   0.08198   0.02184   0.02640   0.06697   0.06858   0.02872   0.05290   0.05144   0.08578   0.12679   0.13229   2.00000   1.38328   1.11511   1.20821   0.40000  
  1 99.0000   2055.596958  x:  0.08451   0.09136   0.05370   0.01319   0.07012   0.09263   0.03942   0.06904   0.09933   0.02891   0.12712   0.01840   0.09200   0.02374   0.02875   0.06356   0.06598   0.02607   0.04883   0.05031   0.08251   0.13013   0.13945   2.00167   1.38304   1.11457   1.20902   0.40586  
  2 1918.2760   2022.473497  x:  0.07982   0.15059   0.02013   0.00789   0.04628   0.08500   0.03173   0.07670   0.09129   0.01286   0.14160   0.00000   0.15318   0.04316   0.04243   0.03974   0.04799   0.00973   0.02005   0.04188   0.05581   0.15149   0.18264   2.01387   1.38111   1.11107   1.21452   0.44659  
  3 410.6816   2016.046687  x:  0.07776   0.17303   0.01295   0.02497   0.03617   0.08069   0.03423   0.07987   0.08651   0.02597   0.14861   0.01708   0.17771   0.04044   0.04383   0.03251   0.04180   0.03665   0.01498   0.03556   0.03815   0.16287   0.20516   2.02404   1.37978   1.10819   1.21888   0.47536  
  4 420.2151   2012.306980  x:  0.07659   0.18419   0.03499   0.02021   0.03594   0.07806   0.03870   0.07984   0.08249   0.02923   0.15353   0.01506   0.19076   0.02764   0.03991   0.03841   0.04355   0.03930   0.03446   0.03109   0.02442   0.17164   0.22430   2.04015   1.37784   1.10403   1.22536   0.51314  
  5 205.9544   2006.860699  x:  0.07586   0.17621   0.02747   0.01055   0.05403   0.07723   0.04597   0.07480   0.07899   0.03144   0.15749   0.01190   0.18794   0.01643   0.03007   0.05023   0.05767   0.04451   0.03234   0.04294   0.05522   0.18268   0.25397   2.09462   1.37193   1.09117   1.24551   0.61805  
  6 149.8646   2003.000255  x:  0.07680   0.15456   0.03090   0.02970   0.05798   0.07870   0.04473   0.07249   0.08089   0.02869   0.15659   0.00569   0.16910   0.04288   0.03642   0.05250   0.06092   0.03939   0.03593   0.04369   0.05877   0.18566   0.26780   2.15468   1.36589   1.07841   1.26596   0.71521  
  7 277.4470   1997.799464  x:  0.07799   0.12406   0.02274   0.02560   0.04376   0.08289   0.03258   0.07352   0.08705   0.02444   0.15118   0.00956   0.13661   0.03078   0.04090   0.04107   0.04964   0.02934   0.02306   0.03185   0.03606   0.17917   0.26245   2.23471   1.35884   1.06402   1.28987   0.81711  
  8 259.4489   1995.561068  x:  0.07815   0.13255   0.02084   0.01318   0.03469   0.08400   0.04351   0.07723   0.08920   0.03293   0.14728   0.01081   0.13484   0.03878   0.03859   0.03524   0.04133   0.03135   0.02609   0.04271   0.03149   0.16486   0.22903   2.29970   1.35534   1.05647   1.30363   0.85536  
  9 102.9922   1992.928804  x:  0.07788   0.15179   0.02330   0.02558   0.03819   0.08266   0.04193   0.08135   0.08984   0.02760   0.14333   0.01007   0.14542   0.03091   0.03847   0.03616   0.04245   0.02830   0.02325   0.03863   0.03500   0.14660   0.17862   2.39748   1.35134   1.04750   1.32101   0.89219  
 10 199.2779   1991.491196  x:  0.07768   0.15319   0.02002   0.01605   0.04204   0.08145   0.03085   0.07748   0.08743   0.02353   0.14250   0.01874   0.15247   0.03789   0.04261   0.04141   0.05002   0.03304   0.02760   0.02989   0.03393   0.14629   0.16666   2.46993   1.35015   1.04403   1.32953   0.89564  
 11 112.9932   1984.065404  x:  0.07756   0.13668   0.03275   0.01417   0.04523   0.07894   0.03652   0.05844   0.07727   0.02887   0.14202   0.02574   0.17243   0.03955   0.04541   0.04518   0.05730   0.02568   0.00776   0.03885   0.02559   0.16600   0.17153   2.86486   1.34790   1.03248   1.36605   0.86326  
 12 203.5929   1975.011112  x:  0.07729   0.11395   0.01490   0.02651   0.03915   0.07762   0.04353   0.04755   0.06917   0.03019   0.14259   0.02613   0.19381   0.02758   0.04500   0.03519   0.05131   0.01340   0.03386   0.04746   0.03098   0.19477   0.19231   3.51073   1.34513   1.01548   1.42345   0.80467  
 13 1847.5262   1967.229079  x:  0.07717   0.11470   0.02558   0.02293   0.03534   0.08170   0.03729   0.08432   0.08140   0.01748   0.14652   0.00000   0.18512   0.02674   0.03649   0.02873   0.03708   0.04403   0.03438   0.03949   0.04732   0.20842   0.22602   4.07828   1.34474   1.00482   1.46877   0.75026  
 14 1187.4668   1963.816423  x:  0.07616   0.14401   0.01975   0.02367   0.04229   0.08396   0.03770   0.10063   0.09430   0.03410   0.15223   0.00000   0.15632   0.02813   0.03642   0.04400   0.04369   0.03132   0.03268   0.03112   0.04460   0.19837   0.25117   4.29482   1.34796   1.00778   1.47767   0.72979  
 15 400.7451   1962.313432  x:  0.07523   0.16157   0.02394   0.02451   0.04390   0.08226   0.03943   0.09560   0.09456   0.01866   0.15566   0.00000   0.14078   0.02844   0.03785   0.03878   0.04737   0.02506   0.03357   0.04055   0.04446   0.18215   0.26377   4.33034   1.35286   1.01750   1.46798   0.72910  
 16 93.5632   1961.901725  x:  0.07501   0.16287   0.02809   0.02370   0.04301   0.08156   0.03814   0.09200   0.09194   0.02111   0.15572   0.00000   0.14167   0.03038   0.03504   0.03571   0.04196   0.02061   0.03295   0.03545   0.05090   0.17174   0.26843   4.34112   1.35775   1.02703   1.45654   0.73152  
 17 45.8380   1961.692554  x:  0.07503   0.16170   0.02772   0.02370   0.04220   0.08194   0.03876   0.09186   0.09145   0.02078   0.15515   0.00711   0.14323   0.03010   0.03634   0.03784   0.04122   0.02130   0.03289   0.03532   0.05095   0.16681   0.27033   4.35427   1.36140   1.03378   1.44850   0.73275  
 18 66.9319   1961.032058  x:  0.07518   0.15655   0.02550   0.02394   0.04027   0.08340   0.04044   0.09223   0.08982   0.02006   0.15256   0.00216   0.14955   0.02916   0.03934   0.04374   0.04141   0.02485   0.03291   0.03560   0.04925   0.14789   0.27756   4.41547   1.37809   1.06435   1.41170   0.73831  
 19 115.1819   1960.536792  x:  0.07536   0.15504   0.02431   0.02438   0.04490   0.08347   0.03741   0.09514   0.09190   0.02255   0.15128   0.00333   0.15070   0.02982   0.03353   0.03621   0.04803   0.02587   0.03370   0.03770   0.04506   0.14943   0.27664   4.46032   1.39314   1.09022   1.37827   0.74431  
 20 88.0593   1960.015682  x:  0.07526   0.15773   0.02548   0.02373   0.04553   0.08252   0.03895   0.09556   0.09465   0.02296   0.15213   0.00245   0.14639   0.02875   0.04023   0.03632   0.04371   0.02541   0.03401   0.03731   0.04788   0.16643   0.26952   4.49719   1.41206   1.12063   1.33537   0.75378  
 21 82.0982   1959.945022  x:  0.07527   0.15813   0.02494   0.02431   0.04300   0.08278   0.03945   0.09516   0.09438   0.02140   0.15298   0.00234   0.14550   0.02949   0.03657   0.03911   0.04322   0.02503   0.03373   0.03683   0.04782   0.16937   0.26811   4.50085   1.41485   1.12403   1.32931   0.75517  
 22 33.8088   1959.924854  x:  0.07524   0.15824   0.02533   0.02445   0.04097   0.08390   0.03842   0.09550   0.09289   0.02198   0.15515   0.00237   0.14510   0.02926   0.03700   0.03898   0.04450   0.02498   0.03372   0.03733   0.04853   0.16953   0.26779   4.50333   1.41639   1.12231   1.32737   0.75543  
 23  5.0415   1959.852046  x:  0.07519   0.15782   0.02453   0.02425   0.04345   0.08633   0.03966   0.09570   0.08907   0.02152   0.16232   0.00240   0.14428   0.02947   0.03690   0.03840   0.04331   0.02554   0.03370   0.03633   0.04733   0.16888   0.26700   4.51175   1.42285   1.11197   1.31986   0.75635  
 24 10.0616   1959.636393  x:  0.07500   0.15707   0.02465   0.02409   0.04328   0.07950   0.03710   0.09503   0.09541   0.02185   0.16538   0.00226   0.14681   0.02938   0.03674   0.03940   0.04182   0.02495   0.03376   0.03856   0.04689   0.16671   0.26734   4.52814   1.44011   1.07937   1.29800   0.76018  
 25 17.8896   1959.511802  x:  0.07491   0.15788   0.02464   0.02357   0.04146   0.08021   0.04116   0.09474   0.09679   0.02083   0.16028   0.00234   0.14766   0.02951   0.03742   0.03763   0.04510   0.02475   0.03349   0.03514   0.04754   0.16653   0.26806   4.53735   1.44755   1.06224   1.28641   0.76246  
 26 35.3511   1959.359322  x:  0.07479   0.16094   0.02469   0.02382   0.04248   0.08576   0.03845   0.09498   0.09236   0.02096   0.14912   0.00227   0.14780   0.02945   0.03717   0.03837   0.04321   0.02452   0.03361   0.03692   0.04695   0.16735   0.26937   4.54898   1.45142   1.04620   1.27473   0.76531  
 27 26.6148   1958.622707  x:  0.07439   0.16616   0.02258   0.02302   0.04101   0.06806   0.03797   0.09512   0.07625   0.02120   0.14363   0.00260   0.14346   0.02924   0.03740   0.03722   0.04360   0.02761   0.03338   0.03494   0.04525   0.16786   0.27038   4.62516   1.41558   1.02588   1.24910   0.77594  
 28 10.8005   1953.189085  x:  0.06957   0.18562   0.01835   0.01753   0.03760   0.07962   0.03283   0.08322   0.08732   0.01809   0.15867   0.00147   0.17148   0.02973   0.03966   0.03217   0.04148   0.02618   0.03245   0.03324   0.03714   0.16791   0.27142   5.06540   1.12699   0.90863   1.06623   0.87018  
 29 119.1968   1952.869000  x:  0.06920   0.18213   0.01840   0.01680   0.03849   0.07798   0.03494   0.09608   0.08390   0.01703   0.15898   0.00116   0.17737   0.03056   0.04068   0.03352   0.04261   0.01969   0.03197   0.03485   0.03630   0.16823   0.27001   5.06880   1.12149   0.90801   1.06303   0.87833  
 30 18.9379   1948.297298  x:  0.06640   0.19402   0.01551   0.01357   0.03594   0.07830   0.03262   0.09276   0.08298   0.01479   0.16013   0.00000   0.19119   0.03091   0.04218   0.03100   0.04143   0.01842   0.03101   0.03300   0.03143   0.17278   0.26901   5.30421   1.21567   0.96563   1.16812   0.92993  
 31 23.3224   1940.701729  x:  0.05163   0.23415   0.02739   0.00758   0.03673   0.07753   0.03722   0.07261   0.07923   0.02791   0.16462   0.00000   0.24691   0.04288   0.04597   0.04053   0.04435   0.01964   0.02508   0.03290   0.03469   0.19488   0.27049   6.71576   1.40260   1.07755   1.37526   1.13348  
 32  1.2048   1938.741710  x:  0.04426   0.24301   0.01866   0.02405   0.03661   0.07860   0.03389   0.07698   0.08279   0.02370   0.16355   0.00000   0.25254   0.03580   0.04411   0.03816   0.04450   0.01625   0.01960   0.03245   0.02965   0.19502   0.27816   7.39442   1.45307   1.10472   1.41642   1.21198  
 33  0.7628   1937.025239  x:  0.03474   0.23667   0.01192   0.01661   0.03919   0.07719   0.03498   0.08488   0.08345   0.01396   0.16120   0.00000   0.24121   0.03386   0.04294   0.03235   0.04393   0.02004   0.01699   0.03413   0.03369   0.18824   0.28578   8.16381   1.42799   1.08063   1.38259   1.26294  
 34  0.4969   1935.741169  x:  0.02506   0.22484   0.02236   0.00899   0.03941   0.07759   0.03466   0.08720   0.08279   0.01578   0.16191   0.00000   0.22877   0.03465   0.04255   0.03258   0.04356   0.01960   0.01856   0.03449   0.03460   0.18509   0.28639   8.87149   1.39615   1.05949   1.35708   1.28754  
 35  0.6098   1935.737215  x:  0.02501   0.22478   0.02242   0.00895   0.03941   0.07759   0.03466   0.08721   0.08278   0.01579   0.16191   0.00101   0.22870   0.03465   0.04255   0.03259   0.04356   0.01960   0.01857   0.03449   0.03460   0.18508   0.28640   8.87550   1.39597   1.05937   1.35694   1.28768  
 36 32.6465   1935.054071  x:  0.01758   0.21672   0.02090   0.01461   0.03730   0.07922   0.03678   0.08040   0.08182   0.02185   0.16589   0.00228   0.22065   0.03377   0.04209   0.03876   0.04370   0.01973   0.02058   0.03449   0.03447   0.18921   0.28082   9.38494   1.39208   1.06080   1.36456   1.28788  
 37  0.4129   1934.849966  x:  0.01273   0.21199   0.01909   0.01380   0.03834   0.07818   0.03535   0.07867   0.08259   0.01947   0.16766   0.00259   0.21719   0.03234   0.04269   0.03613   0.04427   0.01694   0.02113   0.03410   0.03579   0.19178   0.27828   9.67083   1.39701   1.06273   1.36280   1.26469  
 38  0.1890   1934.754421  x:  0.01391   0.21123   0.01782   0.01351   0.03871   0.07786   0.03516   0.07954   0.08134   0.01800   0.16759   0.00271   0.22027   0.03253   0.04315   0.03503   0.04475   0.01937   0.02130   0.03415   0.03495   0.19324   0.27590   9.59228   1.40497   1.06665   1.37254   1.21664  
 39  0.0588   1934.715095  x:  0.01438   0.21247   0.01811   0.01358   0.03764   0.07827   0.03549   0.08045   0.08222   0.01892   0.16620   0.00294   0.22229   0.03305   0.04302   0.03589   0.04395   0.01813   0.02053   0.03393   0.03534   0.19166   0.27541   9.57266   1.40685   1.06779   1.37982   1.18756  
 40  0.0245   1934.707409  x:  0.01365   0.21330   0.01880   0.01364   0.03805   0.07839   0.03540   0.07962   0.08214   0.01899   0.16621   0.00302   0.22193   0.03327   0.04290   0.03609   0.04398   0.01838   0.02039   0.03408   0.03473   0.19062   0.27554   9.64559   1.40515   1.06745   1.37803   1.18443  
 41  0.0618   1934.704259  x:  0.01377   0.21463   0.01868   0.01351   0.03802   0.07820   0.03535   0.08010   0.08210   0.01915   0.16692   0.00297   0.22145   0.03326   0.04295   0.03577   0.04416   0.01835   0.02025   0.03405   0.03503   0.19009   0.27527   9.69534   1.40310   1.06614   1.37336   1.18479  
 42  0.0204   1934.702187  x:  0.01415   0.21538   0.01865   0.01363   0.03805   0.07828   0.03544   0.08002   0.08224   0.01879   0.16665   0.00306   0.22155   0.03329   0.04298   0.03609   0.04407   0.01837   0.02035   0.03399   0.03488   0.19038   0.27505   9.73870   1.40195   1.06504   1.37344   1.18496  
 43  0.0179   1934.700988  x:  0.01426   0.21463   0.01854   0.01362   0.03804   0.07838   0.03541   0.08010   0.08213   0.01907   0.16627   0.00305   0.22164   0.03328   0.04296   0.03601   0.04405   0.01841   0.02045   0.03405   0.03481   0.19059   0.27506   9.78561   1.40294   1.06580   1.37527   1.18624  
 44  0.0230   1934.700697  x:  0.01438   0.21429   0.01867   0.01364   0.03801   0.07831   0.03537   0.07995   0.08213   0.01899   0.16633   0.00302   0.22176   0.03329   0.04295   0.03592   0.04406   0.01835   0.02042   0.03405   0.03494   0.19051   0.27519   9.79278   1.40380   1.06637   1.37566   1.18622  
 45  0.0068   1934.700654  x:  0.01441   0.21416   0.01865   0.01359   0.03802   0.07829   0.03539   0.07994   0.08215   0.01898   0.16638   0.00301   0.22175   0.03329   0.04296   0.03595   0.04407   0.01834   0.02039   0.03403   0.03487   0.19044   0.27525   9.79304   1.40374   1.06621   1.37546   1.18616  
 46  0.0004   1934.700651  x:  0.01442   0.21414   0.01865   0.01359   0.03802   0.07830   0.03539   0.07994   0.08213   0.01898   0.16637   0.00301   0.22175   0.03330   0.04296   0.03596   0.04407   0.01835   0.02038   0.03404   0.03488   0.19044   0.27524   9.79266   1.40360   1.06615   1.37537   1.18617  
 47  0.0003   1934.700651  x:  0.01442   0.21414   0.01865   0.01360   0.03802   0.07830   0.03539   0.07994   0.08214   0.01898   0.16636   0.00301   0.22175   0.03330   0.04296   0.03595   0.04407   0.01835   0.02037   0.03404   0.03487   0.19045   0.27523   9.79263   1.40358   1.06614   1.37534   1.18616  
 48  0.0000   1934.700651  x:  0.01442   0.21413   0.01865   0.01360   0.03802   0.07830   0.03539   0.07994   0.08214   0.01898   0.16636   0.00301   0.22175   0.03330   0.04296   0.03595   0.04407   0.01835   0.02037   0.03404   0.03487   0.19045   0.27523   9.79266   1.40357   1.06613   1.37533   1.18616  
 49  0.0000   1934.700651  x:  0.01442   0.21413   0.01865   0.01360   0.03802   0.07830   0.03539   0.07994   0.08214   0.01898   0.16636   0.00301   0.22175   0.03330   0.04296   0.03595   0.04407   0.01835   0.02037   0.03404   0.03487   0.19045   0.27523   9.79265   1.40357   1.06613   1.37533   1.18616  
 50  0.0000   1934.700651  x:  0.01442   0.21413   0.01865   0.01360   0.03802   0.07830   0.03539   0.07994   0.08214   0.01898   0.16636   0.00301   0.22175   0.03330   0.04296   0.03595   0.04407   0.01835   0.02037   0.03404   0.03487   0.19045   0.27523   9.79265   1.40357   1.06613   1.37533   1.18616  
 51  0.0000   1934.700651  x:  0.01442   0.21413   0.01865   0.01360   0.03802   0.07830   0.03539   0.07994   0.08214   0.01898   0.16636   0.00301   0.22175   0.03330   0.04296   0.03595   0.04407   0.01835   0.02037   0.03404   0.03487   0.19045   0.27523   9.79265   1.40357   1.06613   1.37533   1.18616  

TREE # 2

  0  0.0000   1945.742297  x:  0.27372   0.00064   0.22289   0.13608   0.05270   0.01985   0.05974   0.02252   0.02933   0.03471   0.04809   0.02538   0.00000   0.18910   0.14867   0.03303   0.01879   0.09327   0.00315   0.07801   0.04044   0.08116   0.03354   9.79265   1.30196   1.03619   1.25822   1.18616  
  1 99.0000   1941.993082  x:  0.27405   0.00607   0.22208   0.14112   0.05104   0.02344   0.05676   0.02919   0.02718   0.03445   0.04729   0.02273   0.01331   0.18887   0.15279   0.02943   0.01880   0.09232   0.02745   0.07837   0.04015   0.08088   0.03400   9.79265   1.30217   1.03598   1.25860   1.18618  
  2 492.3106   1938.255520  x:  0.27519   0.00799   0.21711   0.16304   0.04170   0.03546   0.04213   0.04764   0.01834   0.03389   0.04394   0.01314   0.02241   0.18523   0.16901   0.01353   0.01683   0.08750   0.01875   0.07874   0.03754   0.08018   0.03430   9.79265   1.30320   1.03492   1.26048   1.18617  
  3 166.1497   1936.700079  x:  0.27601   0.00488   0.21104   0.18401   0.03239   0.03898   0.02924   0.05325   0.01878   0.03588   0.04265   0.02314   0.02477   0.18069   0.18470   0.02086   0.02047   0.08312   0.01694   0.07943   0.03685   0.07923   0.03536   9.79265   1.30455   1.03357   1.26277   1.18611  
  4 148.6120   1935.693389  x:  0.27641   0.00000   0.20245   0.20619   0.02952   0.03516   0.03100   0.04595   0.02350   0.03771   0.04409   0.01708   0.01907   0.17417   0.20115   0.02133   0.01753   0.08030   0.02043   0.08021   0.03852   0.07833   0.03578   9.79264   1.30674   1.03154   1.26624   1.18603  
  5 85.5050   1935.336201  x:  0.27649   0.00543   0.19756   0.21742   0.03375   0.03301   0.03513   0.04131   0.02083   0.03679   0.04479   0.01935   0.01728   0.17047   0.20947   0.01973   0.01887   0.08029   0.02029   0.08031   0.03873   0.07821   0.03529   9.79262   1.30843   1.03013   1.26880   1.18604  
  6 81.9732   1935.287430  x:  0.27629   0.00328   0.19550   0.21842   0.03681   0.03292   0.03582   0.04210   0.02035   0.03543   0.04444   0.01954   0.01799   0.16935   0.21079   0.02017   0.01921   0.08196   0.02025   0.08001   0.03811   0.07859   0.03499   9.79262   1.30968   1.02925   1.27059   1.18605  
  7 19.5543   1935.257492  x:  0.27583   0.00439   0.19270   0.21783   0.03707   0.03214   0.03541   0.04286   0.02204   0.03542   0.04413   0.01952   0.01867   0.16790   0.21125   0.02031   0.01840   0.08442   0.01977   0.07950   0.03790   0.07921   0.03503   9.79261   1.31235   1.02754   1.27436   1.18610  
  8 12.0723   1935.213273  x:  0.27493   0.00455   0.18807   0.21585   0.03515   0.03185   0.03509   0.04275   0.02039   0.03593   0.04418   0.01916   0.01821   0.16557   0.21133   0.02017   0.01940   0.08679   0.02006   0.07901   0.03826   0.07979   0.03523   9.79259   1.31792   1.02419   1.28217   1.18617  
  9 22.1807   1935.172217  x:  0.27407   0.00445   0.18495   0.21406   0.03508   0.03448   0.03523   0.04195   0.02058   0.03604   0.04463   0.02014   0.01807   0.16421   0.21112   0.01955   0.01825   0.08504   0.02024   0.07936   0.03838   0.07929   0.03492   9.79256   1.32485   1.02058   1.29180   1.18623  
 10 22.1052   1935.136666  x:  0.27346   0.00512   0.18396   0.21314   0.03568   0.03452   0.03515   0.04196   0.02105   0.03580   0.04458   0.01886   0.01882   0.16402   0.21090   0.02058   0.01944   0.08213   0.01977   0.07991   0.03813   0.07854   0.03489   9.79254   1.33177   1.01757   1.30126   1.18626  
 11 31.8170   1935.103786  x:  0.27314   0.00462   0.18511   0.21314   0.03583   0.03190   0.03502   0.04266   0.02059   0.03567   0.04415   0.01953   0.01910   0.16485   0.21064   0.01984   0.01870   0.08021   0.01975   0.08025   0.03795   0.07806   0.03530   9.79251   1.33894   1.01533   1.31089   1.18625  
 12 29.0962   1935.053928  x:  0.27343   0.00448   0.19116   0.21546   0.03601   0.03274   0.03523   0.04335   0.02115   0.03575   0.04397   0.01961   0.01719   0.16771   0.21032   0.01952   0.01945   0.08245   0.02033   0.07984   0.03832   0.07854   0.03532   9.79246   1.35162   1.01400   1.32740   1.18613  
 13 21.4178   1935.043404  x:  0.27368   0.00449   0.19242   0.21597   0.03585   0.03295   0.03509   0.04261   0.02046   0.03573   0.04424   0.01929   0.01787   0.16821   0.21026   0.02028   0.01861   0.08313   0.02009   0.07967   0.03816   0.07871   0.03505   9.79245   1.35452   1.01467   1.33098   1.18608  
 14 18.6830   1935.034326  x:  0.27418   0.00404   0.19294   0.21616   0.03562   0.03292   0.03496   0.04158   0.02079   0.03587   0.04458   0.01945   0.01902   0.16808   0.21012   0.01963   0.01917   0.08345   0.01978   0.07951   0.03792   0.07883   0.03488   9.79244   1.35748   1.01739   1.33421   1.18601  
 15  9.2463   1934.953241  x:  0.27934   0.00405   0.19331   0.21682   0.03552   0.03307   0.03595   0.04261   0.02072   0.03573   0.04422   0.01947   0.01900   0.16332   0.20810   0.02009   0.01891   0.08268   0.01971   0.07914   0.03836   0.07891   0.03636   9.79235   1.38661   1.05335   1.36400   1.18512  
 16 16.8041   1934.939530  x:  0.27933   0.00423   0.19287   0.21665   0.03597   0.03275   0.03475   0.04254   0.02061   0.03575   0.04422   0.01934   0.01817   0.16362   0.20817   0.01994   0.01889   0.08266   0.02006   0.07948   0.03803   0.07872   0.03467   9.79234   1.39142   1.05943   1.36863   1.18498  
 17 25.3774   1934.925123  x:  0.27647   0.00429   0.19110   0.21598   0.03601   0.03287   0.03494   0.04257   0.02058   0.03609   0.04436   0.01934   0.01809   0.16758   0.21001   0.01996   0.01889   0.08296   0.01995   0.08016   0.03819   0.07855   0.03524   9.79232   1.39724   1.06678   1.37332   1.18483  
 18  9.1112   1934.924007  x:  0.27586   0.00431   0.19111   0.21592   0.03573   0.03288   0.03511   0.04254   0.02065   0.03560   0.04419   0.01937   0.01807   0.16770   0.21020   0.01996   0.01890   0.08285   0.01996   0.07976   0.03808   0.07866   0.03509   9.79232   1.39782   1.06733   1.37354   1.18483  
 19  2.9096   1934.923059  x:  0.27484   0.00430   0.19138   0.21588   0.03588   0.03289   0.03503   0.04255   0.02061   0.03588   0.04421   0.01935   0.01808   0.16737   0.21035   0.01996   0.01889   0.08269   0.01996   0.07920   0.03814   0.07884   0.03509   9.79232   1.39857   1.06773   1.37346   1.18485  
 20  1.8170   1934.922269  x:  0.27389   0.00429   0.19173   0.21591   0.03585   0.03289   0.03498   0.04256   0.02062   0.03574   0.04437   0.01935   0.01812   0.16682   0.21035   0.01995   0.01889   0.08281   0.01994   0.07969   0.03814   0.07872   0.03518   9.79231   1.39947   1.06794   1.37310   1.18490  
 21  1.3883   1934.921902  x:  0.27375   0.00426   0.19176   0.21599   0.03579   0.03291   0.03514   0.04257   0.02062   0.03590   0.04409   0.01936   0.01818   0.16675   0.21029   0.01997   0.01890   0.08285   0.01991   0.07984   0.03809   0.07864   0.03504   9.79231   1.40003   1.06794   1.37278   1.18494  
 22  0.9883   1934.919179  x:  0.27422   0.00426   0.19130   0.21659   0.03587   0.03296   0.03482   0.04239   0.02060   0.03573   0.04387   0.01931   0.01814   0.16707   0.20961   0.01990   0.01888   0.08285   0.01989   0.07963   0.03823   0.07847   0.03530   9.79227   1.40451   1.06759   1.36992   1.18535  
 23  1.6302   1934.918148  x:  0.27449   0.00424   0.19117   0.21671   0.03576   0.03292   0.03505   0.04264   0.02062   0.03582   0.04435   0.01934   0.01815   0.16718   0.20956   0.01993   0.01889   0.08280   0.01985   0.07958   0.03810   0.07859   0.03511   9.79225   1.40607   1.06745   1.36892   1.18552  
 24  4.7144   1934.916373  x:  0.27520   0.00425   0.19150   0.21596   0.03579   0.03294   0.03499   0.04260   0.02061   0.03581   0.04420   0.01931   0.01806   0.16704   0.21085   0.01990   0.01889   0.08264   0.01981   0.07988   0.03815   0.07936   0.03512   9.79222   1.40739   1.06729   1.36810   1.18587  
 25  0.9275   1934.913683  x:  0.27583   0.00426   0.19191   0.21519   0.03577   0.03295   0.03498   0.04264   0.02060   0.03582   0.04425   0.01929   0.01795   0.16681   0.21231   0.01986   0.01888   0.08284   0.01974   0.07952   0.03803   0.07815   0.03520   9.79216   1.40821   1.06718   1.36766   1.18645  
 26  1.3348   1934.884119  x:  0.27587   0.00390   0.19155   0.21695   0.03544   0.03303   0.03489   0.04334   0.02057   0.03544   0.04435   0.01909   0.01840   0.16657   0.21355   0.01961   0.01886   0.08272   0.01857   0.07949   0.04128   0.07768   0.03405   9.79156   1.40796   1.06718   1.36921   1.19292  
 27  0.6103   1934.763525  x:  0.27534   0.00317   0.18964   0.22482   0.03427   0.03420   0.03353   0.04442   0.02004   0.03593   0.04397   0.01784   0.01693   0.16567   0.21662   0.01842   0.01859   0.08197   0.01547   0.07987   0.03805   0.07829   0.03526   9.78918   1.40615   1.06731   1.37583   1.21807  
 28 20.5564   1934.742582  x:  0.27533   0.00318   0.18922   0.22578   0.03406   0.03436   0.03335   0.04464   0.01997   0.03595   0.04392   0.01765   0.01684   0.16535   0.21732   0.01821   0.01856   0.08184   0.01482   0.07989   0.03807   0.07820   0.03527   9.78931   1.40565   1.06639   1.37661   1.18627  
 29  0.9717   1934.702436  x:  0.27525   0.00285   0.19035   0.22314   0.03482   0.03346   0.03419   0.04317   0.02048   0.03598   0.04407   0.01822   0.01401   0.16627   0.21488   0.01903   0.01850   0.08204   0.01378   0.07998   0.03795   0.07833   0.03543   9.79360   1.40316   1.06602   1.37540   1.18617  
 30  0.0045   1934.700707  x:  0.27523   0.00299   0.19048   0.22198   0.03485   0.03333   0.03405   0.04299   0.02040   0.03597   0.04407   0.01836   0.01446   0.16639   0.21424   0.01901   0.01864   0.08213   0.01353   0.07995   0.03803   0.07830   0.03541   9.79371   1.40342   1.06610   1.37519   1.18638  
 31  0.0018   1934.700652  x:  0.27523   0.00301   0.19046   0.22178   0.03487   0.03330   0.03403   0.04296   0.02038   0.03596   0.04407   0.01836   0.01442   0.16637   0.21414   0.01899   0.01865   0.08214   0.01360   0.07994   0.03802   0.07830   0.03539   9.79342   1.40353   1.06613   1.37528   1.18616  
 32  0.0006   1934.700651  x:  0.27523   0.00301   0.19045   0.22175   0.03487   0.03330   0.03404   0.04296   0.02037   0.03595   0.04407   0.01835   0.01442   0.16636   0.21414   0.01898   0.01865   0.08214   0.01360   0.07994   0.03802   0.07830   0.03539   9.79311   1.40358   1.06613   1.37533   1.18617  
 33  0.0003   1934.700651  x:  0.27523   0.00301   0.19045   0.22175   0.03487   0.03330   0.03404   0.04296   0.02037   0.03595   0.04407   0.01835   0.01442   0.16636   0.21413   0.01898   0.01865   0.08214   0.01360   0.07994   0.03802   0.07830   0.03539   9.79287   1.40357   1.06613   1.37533   1.18616  
 34  0.0002   1934.700651  x:  0.27523   0.00301   0.19045   0.22175   0.03487   0.03330   0.03404   0.04296   0.02037   0.03595   0.04407   0.01835   0.01442   0.16636   0.21413   0.01898   0.01865   0.08214   0.01360   0.07994   0.03802   0.07830   0.03539   9.79265   1.40357   1.06613   1.37533   1.18616  
 35  0.0001   1934.700651  x:  0.27523   0.00301   0.19045   0.22175   0.03487   0.03330   0.03404   0.04296   0.02037   0.03595   0.04407   0.01835   0.01442   0.16636   0.21413   0.01898   0.01865   0.08214   0.01360   0.07994   0.03802   0.07830   0.03539   9.79265   1.40357   1.06613   1.37533   1.18616  