

TREE # 1

  0  0.0000   2303.942572  x:  0.01972   0.20925   0.02571   0.03211   0.02495   0.05815   0.02188   0.05666   0.08536   0.02661   0.17168   0.01972   0.20925   0.02571   0.03211   0.02495   0.05815   0.02188   0.05666   0.08536   0.02661   0.17168   0.21568   8.40433   1.80059   1.48341   1.77127   1.00000  
  1 99.0000   2278.424260  x:  0.00293   0.21206   0.02536   0.04363   0.04076   0.09420   0.03347   0.06898   0.10091   0.03929   0.17105   0.00000   0.21228   0.04223   0.04820   0.04611   0.09211   0.03113   0.07931   0.10956   0.05620   0.17178   0.22422   8.40423   1.79990   1.48079   1.77376   0.99903  
  2 495.4133   2276.662423  x:  0.00000   0.21364   0.02400   0.04294   0.03817   0.09830   0.02967   0.07134   0.10568   0.03876   0.17116   0.00000   0.21341   0.03919   0.04626   0.04233   0.09599   0.02838   0.08242   0.11655   0.05326   0.17205   0.22895   8.40417   1.79954   1.47927   1.77515   0.99834  
  3 148.3198   2275.550116  x:  0.00000   0.22592   0.02871   0.04003   0.03914   0.09602   0.04041   0.07258   0.11432   0.04124   0.17607   0.00000   0.22016   0.03960   0.04041   0.04174   0.09272   0.04080   0.07997   0.12863   0.04773   0.17411   0.25611   8.40372   1.79657   1.46713   1.78608   0.99298  
  4 54.8309   2274.400878  x:  0.00000   0.24266   0.02334   0.04303   0.04134   0.09161   0.03570   0.06937   0.11580   0.03640   0.18142   0.00000   0.22924   0.04672   0.04621   0.04792   0.08872   0.03241   0.07889   0.13063   0.05680   0.17553   0.29119   8.40288   1.79108   1.44485   1.80592   0.98268  
  5 63.2866   2273.510774  x:  0.00000   0.25168   0.03240   0.04645   0.04124   0.10003   0.03378   0.06984   0.10622   0.04440   0.18070   0.00000   0.23323   0.04219   0.04807   0.04726   0.09895   0.03009   0.08302   0.11751   0.05878   0.17341   0.30842   8.40183   1.78408   1.41780   1.82975   0.96918  
  6 51.1171   2272.639727  x:  0.00000   0.25191   0.02131   0.04268   0.04406   0.10946   0.03694   0.07347   0.10146   0.03794   0.17483   0.00000   0.23301   0.04158   0.04920   0.04737   0.10690   0.03821   0.08674   0.11235   0.05896   0.16903   0.30901   8.40052   1.77563   1.38672   1.85699   0.95256  
  7 61.0532   2270.683080  x:  0.00000   0.23838   0.02911   0.04506   0.04617   0.11713   0.04042   0.07951   0.11465   0.04009   0.15722   0.00000   0.22589   0.05500   0.05200   0.05477   0.10831   0.03638   0.08904   0.13106   0.06488   0.15912   0.28247   8.39684   1.75211   1.30622   1.92777   0.90708  
  8 86.7781   2270.421176  x:  0.00000   0.23554   0.02323   0.04702   0.04788   0.11541   0.04021   0.07409   0.11690   0.04818   0.16287   0.00000   0.22478   0.04994   0.04880   0.05590   0.11024   0.03742   0.08942   0.13533   0.07024   0.16342   0.27655   8.39608   1.74796   1.29715   1.93662   0.90012  
  9 34.3522   2270.320604  x:  0.00000   0.23376   0.02577   0.04537   0.04752   0.11559   0.04055   0.07458   0.11722   0.04469   0.17176   0.00000   0.22338   0.04739   0.04842   0.05612   0.11194   0.03803   0.09036   0.13677   0.07460   0.16985   0.27344   8.39542   1.74511   1.29611   1.93906   0.89663  
 10 17.0850   2270.287391  x:  0.00000   0.23282   0.02460   0.04700   0.04743   0.11715   0.04144   0.07716   0.11679   0.04573   0.17574   0.00000   0.22185   0.04970   0.04882   0.05543   0.11156   0.03725   0.09020   0.13664   0.07310   0.17274   0.27319   8.39476   1.74281   1.29898   1.93835   0.89478  
 11  7.8306   2270.250429  x:  0.00000   0.23173   0.02476   0.04508   0.04787   0.11899   0.03942   0.07558   0.11739   0.04682   0.17692   0.00000   0.21962   0.05163   0.05013   0.05731   0.11214   0.03832   0.09079   0.13684   0.07134   0.17374   0.27437   8.39331   1.73830   1.30678   1.93526   0.89196  
 12  6.9071   2270.172692  x:  0.00000   0.23019   0.02511   0.04787   0.04931   0.12011   0.04187   0.07480   0.11908   0.04516   0.17423   0.00000   0.21713   0.04990   0.04939   0.05830   0.11423   0.03767   0.09173   0.13780   0.07351   0.17220   0.27752   8.38939   1.72713   1.32707   1.92639   0.88568  
 13 13.6510   2270.145700  x:  0.00000   0.23098   0.02482   0.04636   0.04803   0.11961   0.04168   0.07708   0.11855   0.04653   0.17297   0.00000   0.21865   0.05017   0.04958   0.05724   0.11454   0.03838   0.09180   0.13868   0.07655   0.17129   0.27763   8.38768   1.72338   1.33392   1.92278   0.88390  
 14 12.8598   2270.126149  x:  0.00000   0.23419   0.02514   0.04723   0.04933   0.12074   0.04074   0.07711   0.11776   0.04609   0.17305   0.00000   0.22390   0.05040   0.04927   0.05761   0.11442   0.03888   0.09203   0.13981   0.07600   0.17106   0.27516   8.38548   1.72163   1.33690   1.91917   0.88403  
 15  4.2186   2270.114465  x:  0.00000   0.23572   0.02484   0.04648   0.04824   0.12119   0.04240   0.07632   0.11856   0.04619   0.17323   0.00000   0.22597   0.05044   0.05011   0.05811   0.11503   0.03776   0.09235   0.13962   0.07539   0.17106   0.27408   8.38366   1.72122   1.33724   1.91663   0.88486  
 16  4.5059   2270.062308  x:  0.00000   0.23764   0.02457   0.04835   0.04716   0.11990   0.04121   0.07714   0.12397   0.04597   0.17350   0.00000   0.22665   0.05075   0.05207   0.05760   0.11788   0.03961   0.09251   0.13737   0.07525   0.17131   0.27358   8.37348   1.72174   1.33300   1.90402   0.89117  
 17  4.3930   2269.867291  x:  0.00000   0.23884   0.02442   0.04447   0.05357   0.12279   0.04097   0.07994   0.12678   0.04707   0.17320   0.00000   0.22328   0.05086   0.04912   0.05712   0.12050   0.03615   0.09409   0.13938   0.07736   0.17171   0.27663   8.33435   1.72399   1.31396   1.85750   0.91477  
 18 23.4725   2269.713168  x:  0.00000   0.23727   0.02418   0.04743   0.04813   0.12738   0.04053   0.07825   0.12211   0.04634   0.17283   0.00000   0.22065   0.05034   0.04949   0.05830   0.12010   0.03782   0.09580   0.14593   0.07915   0.17161   0.28016   8.30331   1.72443   1.29875   1.82277   0.93140  
 19 54.5968   2269.551728  x:  0.00000   0.22614   0.02424   0.04714   0.05057   0.12512   0.04010   0.07865   0.12052   0.04633   0.17435   0.00000   0.22856   0.04798   0.05640   0.05530   0.12400   0.03672   0.09369   0.14970   0.07586   0.17007   0.28496   8.26799   1.70788   1.28585   1.80690   0.92766  
 20  7.0095   2269.168567  x:  0.00000   0.21313   0.02307   0.04663   0.04537   0.12713   0.03634   0.07996   0.12522   0.04513   0.17524   0.00000   0.24073   0.05035   0.04618   0.05760   0.12538   0.03450   0.09709   0.14698   0.07430   0.16964   0.29225   8.18579   1.66436   1.25796   1.77822   0.91204  
 21 43.6004   2268.525215  x:  0.00000   0.22598   0.02149   0.04616   0.04474   0.13501   0.03211   0.07912   0.13187   0.04449   0.17114   0.00000   0.23512   0.04338   0.05036   0.04700   0.11647   0.03244   0.10297   0.14925   0.07338   0.17382   0.29496   8.04672   1.58872   1.21427   1.73857   0.88077  
 22 67.2271   2268.315609  x:  0.00000   0.23564   0.02041   0.04613   0.04289   0.13105   0.03014   0.08224   0.12904   0.04361   0.17062   0.00000   0.22880   0.04213   0.04862   0.05069   0.12423   0.03013   0.09848   0.15411   0.06966   0.17351   0.29428   8.00009   1.56522   1.20154   1.72826   0.87065  
 23 60.4349   2268.286556  x:  0.00000   0.23690   0.02058   0.04625   0.04289   0.12993   0.03029   0.08031   0.12820   0.04305   0.17148   0.00000   0.22783   0.04473   0.04756   0.04800   0.12651   0.02996   0.09918   0.15503   0.06966   0.17222   0.29405   7.99350   1.56405   1.20130   1.72900   0.87004  
 24 11.7916   2268.167937  x:  0.00000   0.23771   0.02017   0.04636   0.04276   0.12793   0.02956   0.08221   0.12845   0.04330   0.17785   0.00000   0.22615   0.04314   0.04780   0.04874   0.12536   0.02950   0.10606   0.15659   0.06809   0.16257   0.29408   7.96520   1.57745   1.21308   1.74987   0.87438  
 25  6.6209   2267.736179  x:  0.00000   0.23607   0.01918   0.04569   0.04031   0.13864   0.02562   0.08160   0.13338   0.04263   0.17926   0.00000   0.22656   0.04062   0.04621   0.04494   0.12695   0.02724   0.09531   0.16036   0.06982   0.15897   0.29680   7.86185   1.63789   1.26291   1.83518   0.89262  
 26 37.1362   2267.489259  x:  0.00000   0.23434   0.01862   0.04592   0.03998   0.13477   0.02447   0.08280   0.13220   0.04254   0.16987   0.00000   0.22831   0.04044   0.04617   0.04428   0.12929   0.02615   0.10342   0.16371   0.06693   0.17213   0.29910   7.80181   1.67615   1.29252   1.88496   0.90144  
 27 66.6498   2267.435484  x:  0.00000   0.23508   0.01872   0.04586   0.03990   0.13509   0.02423   0.08292   0.13265   0.04240   0.16979   0.00000   0.22875   0.04022   0.04598   0.04403   0.12964   0.02590   0.10357   0.16417   0.06682   0.17152   0.29986   7.78969   1.70474   1.29741   1.88483   0.87677  
 28  3.2484   2267.285252  x:  0.00000   0.23546   0.02128   0.04558   0.03968   0.13911   0.02957   0.08386   0.13532   0.04330   0.16823   0.00000   0.22640   0.03959   0.04520   0.04436   0.13272   0.02763   0.10420   0.16893   0.06512   0.17070   0.29761   7.78000   1.71971   1.31515   1.90717   0.87551  
 29  0.0430   2267.268529  x:  0.00000   0.23475   0.02163   0.04522   0.04023   0.14065   0.02794   0.08441   0.13643   0.04407   0.16840   0.00000   0.22590   0.04016   0.04469   0.04451   0.13353   0.02876   0.10462   0.17092   0.06449   0.17029   0.29640   7.80521   1.71764   1.31482   1.90508   0.87611  
 30  0.0333   2267.266544  x:  0.00000   0.23443   0.02137   0.04509   0.04012   0.14113   0.02794   0.08458   0.13682   0.04418   0.16856   0.00000   0.22595   0.04007   0.04455   0.04437   0.13374   0.02818   0.10473   0.17182   0.06446   0.17026   0.29614   7.82039   1.71546   1.31288   1.90229   0.87649  
 31  0.0178   2267.266449  x:  0.00000   0.23446   0.02132   0.04514   0.04004   0.14107   0.02793   0.08456   0.13682   0.04409   0.16852   0.00000   0.22602   0.04003   0.04461   0.04438   0.13374   0.02825   0.10472   0.17204   0.06456   0.17036   0.29621   7.82342   1.71514   1.31245   1.90182   0.87639  
 32  0.0031   2267.266438  x:  0.00000   0.23449   0.02134   0.04514   0.04009   0.14103   0.02793   0.08454   0.13682   0.04408   0.16852   0.00000   0.22604   0.04005   0.04460   0.04439   0.13371   0.02823   0.10470   0.17211   0.06455   0.17037   0.29626   7.82341   1.71507   1.31239   1.90174   0.87636  
 33  0.0002   2267.266437  x:  0.00000   0.23449   0.02134   0.04514   0.04007   0.14102   0.02794   0.08454   0.13683   0.04409   0.16852   0.00000   0.22603   0.04006   0.04459   0.04439   0.13369   0.02824   0.10470   0.17213   0.06454   0.17037   0.29626   7.82303   1.71507   1.31241   1.90176   0.87637  
 34  0.0003   2267.266437  x:  0.00000   0.23449   0.02134   0.04514   0.04008   0.14102   0.02794   0.08454   0.13684   0.04409   0.16852   0.00000   0.22603   0.04005   0.04460   0.04439   0.13369   0.02824   0.10470   0.17213   0.06455   0.17036   0.29626   7.82302   1.71508   1.31241   1.90177   0.87637  
 35  0.0000   2267.266437  x:  0.00000   0.23449   0.02134   0.04514   0.04008   0.14102   0.02794   0.08454   0.13684   0.04409   0.16852   0.00000   0.22603   0.04005   0.04460   0.04439   0.13369   0.02824   0.10470   0.17213   0.06454   0.17036   0.29626   7.82303   1.71508   1.31242   1.90177   0.87637  
 36  0.0000   2267.266437  x:  0.00000   0.23449   0.02134   0.04514   0.04008   0.14102   0.02794   0.08454   0.13684   0.04409   0.16852   0.00000   0.22603   0.04005   0.04460   0.04439   0.13369   0.02824   0.10470   0.17213   0.06455   0.17036   0.29626   7.82303   1.71509   1.31242   1.90177   0.87637  
 37  0.0000   2267.266437  x:  0.00000   0.23449   0.02134   0.04514   0.04008   0.14102   0.02794   0.08454   0.13684   0.04409   0.16852   0.00000   0.22603   0.04005   0.04460   0.04439   0.13369   0.02824   0.10470   0.17213   0.06455   0.17036   0.29626   7.82303   1.71508   1.31242   1.90177   0.87637  

TREE # 2

  0  0.0000   2608.892640  x:  0.00000   0.23449   0.02134   0.04514   0.04008   0.14102   0.02794   0.08454   0.13684   0.04409   0.16852   0.00000   0.22603   0.04005   0.04460   0.04439   0.13369   0.02824   0.10470   0.17213   0.06455   0.17036   0.29626   7.82303   1.67925   1.18549   1.72025   0.87637  
  1 99.0000   2497.697125  x:  0.18420   0.23583   0.05254   0.06451   0.04410   0.13826   0.04840   0.08394   0.13571   0.04698   0.16835   0.39707   0.22701   0.05635   0.06357   0.04451   0.13060   0.04330   0.10264   0.16952   0.06290   0.16936   0.29199   7.82301   1.67905   1.18572   1.72054   0.87642  
  2 13203.1019   2376.308828  x:  0.23095   0.16551   0.25125   0.28510   0.09053   0.08399   0.24831   0.05978   0.11580   0.02631   0.14937   0.34895   0.15352   0.23506   0.29467   0.04213   0.06823   0.21086   0.05966   0.12125   0.03192   0.15101   0.21181   7.82326   1.67406   1.19447   1.72242   0.87485  
  3 846.0448   2337.186696  x:  0.28273   0.07711   0.24774   0.29402   0.06735   0.02724   0.24610   0.02855   0.10485   0.04707   0.14025   0.32787   0.06281   0.22850   0.30508   0.02635   0.00000   0.19923   0.02789   0.08213   0.03865   0.13916   0.11861   7.82362   1.66722   1.20697   1.72278   0.87262  
  4 299.4372   2323.166372  x:  0.30960   0.02903   0.24596   0.29847   0.05793   0.00295   0.24497   0.01727   0.10008   0.05508   0.13540   0.31694   0.01364   0.22521   0.31060   0.02855   0.01003   0.19357   0.02104   0.06403   0.04123   0.13338   0.06912   7.82381   1.66364   1.21336   1.72314   0.87146  
  5 1145.1455   2318.032188  x:  0.31690   0.01542   0.24546   0.29969   0.05684   0.00553   0.24467   0.01707   0.09917   0.05669   0.13407   0.31397   0.00000   0.22432   0.31200   0.02956   0.01040   0.19200   0.02118   0.06010   0.04173   0.13195   0.05573   7.82386   1.66268   1.21507   1.72326   0.87115  
  6 1486.8309   2314.535647  x:  0.32450   0.00000   0.24487   0.30066   0.05771   0.00381   0.24424   0.02240   0.09927   0.05675   0.13273   0.31090   0.00000   0.22357   0.31328   0.03142   0.00896   0.19035   0.02578   0.05983   0.04172   0.13107   0.04370   7.82391   1.66171   1.21673   1.72349   0.87090  
  7 926.9988   2312.761208  x:  0.35529   0.00000   0.24226   0.30284   0.06744   0.00340   0.24121   0.01879   0.10450   0.04627   0.12773   0.29772   0.00000   0.22236   0.31702   0.03254   0.00869   0.18326   0.01978   0.08390   0.03935   0.13297   0.02814   7.82414   1.65778   1.22292   1.72527   0.87037  
  8 104.0928   2311.197020  x:  0.40784   0.00000   0.23928   0.30839   0.06616   0.00443   0.23785   0.01297   0.10787   0.04250   0.12325   0.27445   0.00000   0.22158   0.32470   0.02743   0.00897   0.17303   0.03081   0.09058   0.04373   0.13665   0.03831   7.82459   1.65064   1.23417   1.72871   0.86932  
  9 96.1740   2309.634260  x:  0.46774   0.00000   0.23545   0.31408   0.06351   0.00527   0.23387   0.02452   0.11101   0.04221   0.12023   0.24785   0.00000   0.22040   0.33288   0.02480   0.01127   0.16205   0.02407   0.09296   0.04625   0.14084   0.05369   7.82513   1.64230   1.24734   1.73293   0.86807  
 10 332.6587   2309.288202  x:  0.48169   0.00000   0.23376   0.31429   0.06529   0.00512   0.23252   0.02362   0.11062   0.04363   0.12304   0.24161   0.00000   0.21959   0.33348   0.03469   0.00963   0.16195   0.02338   0.09160   0.04125   0.14167   0.05812   7.82533   1.64006   1.25091   1.73453   0.86774  
 11 75.4040   2309.050984  x:  0.49059   0.00000   0.23178   0.31222   0.07031   0.00500   0.23136   0.02341   0.10882   0.04495   0.13020   0.23749   0.00000   0.21866   0.33152   0.03144   0.01031   0.16753   0.02391   0.08945   0.03334   0.14177   0.05895   7.82564   1.63801   1.25420   1.73700   0.86739  
 12 31.4602   2308.733820  x:  0.50215   0.00000   0.22896   0.30728   0.07548   0.00497   0.23077   0.02329   0.10583   0.04264   0.14260   0.23183   0.00000   0.21779   0.32608   0.03191   0.01061   0.18257   0.02322   0.08743   0.04131   0.14124   0.05820   7.82640   1.63432   1.26037   1.74297   0.86667  
 13 28.5615   2308.228822  x:  0.51374   0.00000   0.22819   0.30040   0.05908   0.00663   0.23339   0.02421   0.10721   0.03849   0.14336   0.22535   0.00000   0.21908   0.31667   0.03294   0.01115   0.20061   0.02384   0.08949   0.03817   0.13954   0.05480   7.82809   1.62872   1.27083   1.75549   0.86502  
 14 19.7266   2306.950613  x:  0.53410   0.00000   0.23260   0.28708   0.06376   0.00819   0.24103   0.02261   0.11283   0.05972   0.11591   0.21169   0.00000   0.22395   0.29682   0.03377   0.01446   0.21471   0.02442   0.08391   0.04037   0.13750   0.04805   7.83353   1.61644   1.29806   1.79283   0.86012  
 15 27.3042   2305.592880  x:  0.54728   0.00000   0.23895   0.28391   0.06892   0.00912   0.24464   0.02196   0.10615   0.04151   0.10859   0.20165   0.00000   0.22542   0.28956   0.03424   0.01693   0.19691   0.02361   0.06312   0.03887   0.13739   0.04055   7.83932   1.61027   1.32101   1.82809   0.85480  
 16 39.4859   2304.137166  x:  0.55811   0.00000   0.24707   0.29250   0.06085   0.01199   0.24654   0.02149   0.09316   0.05112   0.13153   0.19143   0.00000   0.22446   0.29658   0.03439   0.02097   0.16358   0.02507   0.06362   0.04156   0.13533   0.02886   7.84636   1.60966   1.34347   1.86609   0.84849  
 17 56.1618   2303.541570  x:  0.55989   0.00000   0.23418   0.30824   0.06019   0.01294   0.23237   0.02080   0.11180   0.05188   0.13561   0.18922   0.00000   0.20535   0.31843   0.03413   0.02239   0.16481   0.02526   0.05824   0.04211   0.12788   0.02571   7.85030   1.62478   1.34603   1.87318   0.84493  
 18 19.7702   2303.016060  x:  0.56142   0.00000   0.21602   0.32314   0.05951   0.01400   0.21920   0.02168   0.09645   0.05226   0.12671   0.18777   0.00000   0.18523   0.33914   0.03428   0.02345   0.17283   0.02585   0.05945   0.04186   0.12703   0.02478   7.85422   1.64515   1.34602   1.87329   0.84126  
 19 32.8378   2302.631678  x:  0.56385   0.00000   0.19903   0.32378   0.05926   0.01495   0.22800   0.02177   0.09861   0.05288   0.12748   0.18637   0.00000   0.19254   0.33829   0.03463   0.02380   0.17301   0.02660   0.05758   0.04200   0.14419   0.02127   7.85919   1.67892   1.34335   1.85605   0.83792  
 20  9.6075   2301.913917  x:  0.56927   0.00000   0.19227   0.31728   0.06201   0.01673   0.24334   0.02279   0.09726   0.05108   0.12800   0.18293   0.00000   0.20100   0.32624   0.03552   0.02423   0.16959   0.02824   0.05902   0.04181   0.12120   0.02141   7.86946   1.74208   1.34237   1.81859   0.83220  
 21 25.7978   2301.220373  x:  0.56862   0.00000   0.23040   0.30734   0.06332   0.01873   0.23495   0.02401   0.09882   0.04991   0.12901   0.18120   0.00000   0.18692   0.31425   0.03687   0.02405   0.17227   0.03026   0.06027   0.04167   0.12970   0.01921   7.88115   1.79205   1.35029   1.78532   0.83105  
 22 21.2060   2300.020134  x:  0.53317   0.00000   0.22978   0.30620   0.06777   0.02254   0.19530   0.02708   0.09996   0.04489   0.12953   0.19742   0.00000   0.22037   0.31907   0.03934   0.02232   0.17200   0.03495   0.06638   0.04124   0.13011   0.01751   7.90459   1.78412   1.39958   1.78596   0.85215  
 23  7.0852   2298.706405  x:  0.49123   0.00000   0.21586   0.30746   0.07498   0.02627   0.22943   0.03010   0.10515   0.03799   0.13284   0.21685   0.00000   0.19096   0.32264   0.04134   0.02031   0.16565   0.03999   0.07574   0.04043   0.13445   0.01851   7.93172   1.75182   1.44323   1.81218   0.87713  
 24 20.8011   2297.885283  x:  0.48680   0.00000   0.21973   0.30725   0.07786   0.02869   0.22596   0.03202   0.10584   0.03495   0.13320   0.21876   0.00000   0.19478   0.31091   0.04340   0.01867   0.16606   0.04280   0.07887   0.03991   0.13487   0.01737   7.95138   1.73245   1.34275   1.89251   0.86911  
 25  8.7706   2297.753481  x:  0.48636   0.00000   0.21969   0.28698   0.07781   0.02925   0.22711   0.03215   0.10592   0.03487   0.13317   0.21872   0.00000   0.19587   0.32658   0.04379   0.01859   0.16552   0.04317   0.07913   0.03987   0.13506   0.01764   7.95751   1.71568   1.32868   1.88276   0.84821  
 26  3.0448   2297.261334  x:  0.48639   0.00000   0.21498   0.30352   0.07883   0.03016   0.22222   0.03299   0.10721   0.03482   0.13444   0.21736   0.00000   0.19350   0.31195   0.04439   0.01950   0.16449   0.04400   0.08040   0.03977   0.13710   0.01954   7.98342   1.64034   1.28425   1.81665   0.78086  
 27  7.0032   2296.090777  x:  0.50454   0.00000   0.20709   0.29571   0.07770   0.03298   0.21594   0.03465   0.10707   0.03615   0.13514   0.20494   0.00000   0.18979   0.30839   0.04591   0.02231   0.16167   0.04546   0.07918   0.03941   0.13783   0.02202   8.04653   1.49724   1.15869   1.65758   0.85551  
 28  8.9199   2290.743949  x:  0.56956   0.00000   0.17888   0.26046   0.07228   0.04371   0.17452   0.04173   0.11171   0.04373   0.14111   0.15515   0.00000   0.17091   0.27322   0.05185   0.03584   0.13764   0.04992   0.08313   0.03704   0.15219   0.04848   8.38159   1.78231   1.32497   1.85979   0.89714  
 29  1.8189   2287.350800  x:  0.57941   0.00000   0.16466   0.21348   0.06090   0.05300   0.17812   0.04586   0.10583   0.04545   0.13102   0.12603   0.00000   0.15528   0.21008   0.05103   0.04417   0.13803   0.05225   0.08377   0.03907   0.13850   0.03404   8.32250   1.66975   1.34382   1.85429   0.86721  
 30  0.1557   2285.127335  x:  0.50770   0.00000   0.15711   0.22010   0.05465   0.05835   0.15329   0.04615   0.10252   0.04219   0.12496   0.13525   0.00000   0.15077   0.23861   0.04554   0.04798   0.11706   0.04975   0.08108   0.04341   0.13400   0.01852   7.91760   1.63494   1.32344   1.85470   0.84437  
 31  0.2727   2280.570512  x:  0.36517   0.00000   0.17014   0.22632   0.05562   0.06875   0.14900   0.04557   0.10597   0.04113   0.13231   0.13755   0.00000   0.17306   0.21665   0.03447   0.05010   0.14688   0.04203   0.07241   0.04862   0.14458   0.02115   7.22102   1.79518   1.32209   1.91711   0.85963  
 32  0.3062   2274.084818  x:  0.39456   0.00000   0.16383   0.22140   0.05531   0.08160   0.17230   0.04417   0.10681   0.04449   0.13946   0.03763   0.00000   0.15967   0.22613   0.02869   0.05669   0.14069   0.03405   0.06671   0.04981   0.15138   0.02680   7.32817   1.89391   1.33507   1.96543   0.87580  
 33  0.1588   2271.093080  x:  0.29872   0.00000   0.17050   0.22746   0.06067   0.09011   0.18849   0.04330   0.10619   0.04782   0.13474   0.02654   0.00000   0.16319   0.24303   0.03639   0.04989   0.13145   0.03599   0.07596   0.04491   0.14664   0.02934   7.96381   1.81317   1.34644   1.96783   0.88430  
 34  0.5777   2270.264958  x:  0.30245   0.00000   0.17396   0.23475   0.06252   0.08507   0.18434   0.04265   0.10511   0.04571   0.13242   0.04264   0.00000   0.17012   0.24533   0.04201   0.04078   0.13843   0.04029   0.08147   0.04071   0.14111   0.02963   8.12724   1.72375   1.33505   1.92647   0.87836  
 35  0.2882   2269.657488  x:  0.32576   0.00000   0.17717   0.23966   0.06227   0.08246   0.17455   0.04195   0.10394   0.04366   0.13143   0.03111   0.00000   0.17652   0.24079   0.04556   0.03373   0.14621   0.04292   0.08458   0.03805   0.13710   0.02893   8.11732   1.66388   1.32111   1.89190   0.87080  
 36  0.1595   2268.694505  x:  0.30137   0.00000   0.17516   0.23293   0.05888   0.07617   0.17877   0.03954   0.10478   0.04210   0.13151   0.02750   0.00000   0.17242   0.24425   0.04614   0.01790   0.14196   0.04510   0.08639   0.03871   0.13851   0.02787   7.63046   1.67373   1.30004   1.85287   0.86482  
 37  0.2441   2268.129633  x:  0.30634   0.00000   0.16760   0.22622   0.05977   0.06476   0.17145   0.03842   0.10585   0.04718   0.13339   0.03241   0.00000   0.16476   0.23098   0.04229   0.01885   0.12975   0.04434   0.08372   0.04273   0.14382   0.02822   7.72309   1.74940   1.31307   1.90258   0.87695  
 38  0.0672   2267.592386  x:  0.30216   0.00000   0.16503   0.21454   0.06448   0.04762   0.16896   0.03690   0.10404   0.04469   0.13585   0.02800   0.00000   0.16390   0.23232   0.04002   0.01908   0.14066   0.04310   0.08212   0.04147   0.14204   0.02691   8.01665   1.74886   1.32863   1.94128   0.88486  
 39  0.1382   2267.377449  x:  0.29826   0.00000   0.17118   0.22685   0.06611   0.04046   0.17294   0.03793   0.10396   0.04347   0.13363   0.02800   0.00000   0.16914   0.22872   0.04209   0.02042   0.13461   0.04347   0.08388   0.03946   0.14038   0.02773   7.96325   1.72067   1.32381   1.92688   0.87980  
 40  0.0573   2267.299705  x:  0.29567   0.00000   0.17006   0.22523   0.06506   0.04114   0.17283   0.04038   0.10498   0.04464   0.13247   0.02870   0.00000   0.16870   0.23666   0.04412   0.02220   0.13685   0.04456   0.08532   0.03949   0.14061   0.02859   7.81018   1.70912   1.31396   1.90500   0.87422  
 41  0.1445   2267.275643  x:  0.29638   0.00000   0.17039   0.22559   0.06449   0.03967   0.17233   0.04251   0.10475   0.04437   0.13376   0.02805   0.00000   0.16816   0.23365   0.04462   0.02138   0.13706   0.04554   0.08501   0.04040   0.14122   0.02804   7.77707   1.71443   1.30904   1.89626   0.87516  
 42  0.0227   2267.268133  x:  0.29577   0.00000   0.17039   0.22607   0.06462   0.04047   0.17227   0.04406   0.10447   0.04429   0.13399   0.02834   0.00000   0.16894   0.23393   0.04429   0.02144   0.13684   0.04570   0.08437   0.04017   0.14106   0.02786   7.83229   1.71480   1.31113   1.89995   0.87709  
 43  0.0347   2267.266879  x:  0.29636   0.00000   0.17039   0.22608   0.06463   0.03995   0.17218   0.04440   0.10465   0.04449   0.13371   0.02828   0.00000   0.16850   0.23481   0.04411   0.02133   0.13686   0.04556   0.08438   0.04005   0.14101   0.02792   7.83297   1.71537   1.31254   1.90211   0.87680  
 44  0.0031   2267.266529  x:  0.29620   0.00000   0.17039   0.22609   0.06450   0.04006   0.17209   0.04458   0.10475   0.04437   0.13362   0.02817   0.00000   0.16851   0.23456   0.04401   0.02139   0.13681   0.04531   0.08449   0.04007   0.14101   0.02793   7.82051   1.71557   1.31284   1.90237   0.87621  
 45  0.0093   2267.266455  x:  0.29626   0.00000   0.17037   0.22602   0.06452   0.04005   0.17216   0.04460   0.10472   0.04437   0.13367   0.02827   0.00000   0.16856   0.23449   0.04404   0.02133   0.13684   0.04520   0.08455   0.04008   0.14102   0.02794   7.82108   1.71513   1.31252   1.90191   0.87624  
 46  0.0008   2267.266439  x:  0.29628   0.00000   0.17036   0.22605   0.06455   0.04006   0.17213   0.04460   0.10469   0.04439   0.13369   0.02824   0.00000   0.16851   0.23448   0.04407   0.02134   0.13685   0.04515   0.08456   0.04008   0.14102   0.02795   7.82324   1.71502   1.31239   1.90174   0.87637  
 47  0.0020   2267.266437  x:  0.29626   0.00000   0.17037   0.22602   0.06455   0.04005   0.17213   0.04460   0.10470   0.04439   0.13369   0.02824   0.00000   0.16853   0.23449   0.04408   0.02134   0.13683   0.04514   0.08455   0.04008   0.14102   0.02794   7.82318   1.71505   1.31240   1.90173   0.87638  
 48  0.0001   2267.266437  x:  0.29625   0.00000   0.17036   0.22603   0.06455   0.04005   0.17213   0.04460   0.10470   0.04439   0.13369   0.02824   0.00000   0.16852   0.23449   0.04409   0.02134   0.13684   0.04514   0.08454   0.04007   0.14102   0.02794   7.82303   1.71507   1.31240   1.90174   0.87638  
 49  0.0002   2267.266437  x:  0.29626   0.00000   0.17037   0.22603   0.06455   0.04005   0.17213   0.04460   0.10470   0.04439   0.13369   0.02824   0.00000   0.16852   0.23449   0.04409   0.02134   0.13684   0.04514   0.08454   0.04007   0.14102   0.02794   7.82302   1.71508   1.31241   1.90177   0.87637  
 50  0.0000   2267.266437  x:  0.29626   0.00000   0.17036   0.22603   0.06455   0.04005   0.17213   0.04460   0.10470   0.04439   0.13369   0.02824   0.00000   0.16852   0.23449   0.04409   0.02134   0.13684   0.04514   0.08454   0.04008   0.14102   0.02794   7.82303   1.71508   1.31242   1.90177   0.87637  
 51  0.0000   2267.266437  x:  0.29626   0.00000   0.17036   0.22603   0.06455   0.04005   0.17213   0.04460   0.10470   0.04439   0.13369   0.02824   0.00000   0.16852   0.23449   0.04409   0.02134   0.13684   0.04514   0.08454   0.04008   0.14102   0.02794   7.82303   1.71508   1.31242   1.90177   0.87637  