

TREE # 1

  0  0.0000   2516.131888  x:  0.20925   0.02571   0.03211   0.02495   0.05815   0.02188   0.05666   0.08536   0.02661   0.17168   0.20925   0.02571   0.03211   0.02495   0.05815   0.02188   0.05666   0.08536   0.02661   0.17168   0.21568   8.40433   1.30220   1.13968   1.42668   1.00000  
  1 99.0000   2419.743313  x:  0.21563   0.01878   0.03760   0.06324   0.07100   0.00000   0.13660   0.08276   0.03551   0.16576   0.20540   0.09647   0.08628   0.10605   0.08121   0.08195   0.15322   0.12592   0.14871   0.16611   0.22144   8.40433   1.30490   1.13665   1.42960   0.99855  
  2 1177.8728   2418.381800  x:  0.21639   0.01823   0.03768   0.06417   0.07209   0.01128   0.14017   0.08253   0.03581   0.16502   0.20457   0.09814   0.08716   0.10824   0.08193   0.08335   0.15714   0.12821   0.15201   0.16540   0.22212   8.40433   1.30525   1.13633   1.42991   0.99836  
  3 673.3915   2411.738323  x:  0.25121   0.00000   0.03091   0.03341   0.09905   0.01031   0.20822   0.07418   0.03739   0.13064   0.16049   0.06935   0.04041   0.09214   0.08202   0.05770   0.21727   0.19185   0.13012   0.13196   0.25305   8.40445   1.32173   1.12266   1.44351   0.98918  
  4 139.6893   2410.803659  x:  0.25593   0.00587   0.03070   0.03096   0.10206   0.01019   0.21654   0.07340   0.03833   0.12617   0.15470   0.06560   0.03430   0.08976   0.08190   0.05510   0.22490   0.20013   0.12723   0.12756   0.25716   8.40446   1.32407   1.12072   1.44544   0.98787  
  5 765.3394   2409.734177  x:  0.26352   0.00539   0.03640   0.04715   0.09979   0.00976   0.22064   0.07450   0.03798   0.12079   0.14636   0.06044   0.02684   0.08206   0.07950   0.06138   0.23147   0.21127   0.12113   0.12159   0.26383   8.40451   1.32988   1.11607   1.44990   0.98472  
  6 113.1459   2409.003658  x:  0.27379   0.00532   0.03243   0.04259   0.08915   0.01007   0.21456   0.07887   0.03803   0.11817   0.14022   0.06308   0.02868   0.07363   0.07167   0.07684   0.23614   0.22362   0.11745   0.11694   0.27269   8.40463   1.34181   1.10680   1.45863   0.97833  
  7 57.0907   2408.465297  x:  0.28526   0.00476   0.03940   0.04089   0.08218   0.01026   0.20122   0.07800   0.03922   0.12069   0.14415   0.06827   0.02342   0.07708   0.06425   0.07136   0.24187   0.23286   0.12015   0.11724   0.28238   8.40487   1.36312   1.09088   1.47428   0.96687  
  8 39.9140   2408.054761  x:  0.29281   0.00489   0.03032   0.04477   0.08560   0.01010   0.19151   0.07657   0.03832   0.12235   0.14911   0.06586   0.02309   0.08020   0.06787   0.06910   0.24508   0.23649   0.12100   0.11843   0.28848   8.40514   1.38568   1.07521   1.49107   0.95442  
  9 55.1152   2407.726804  x:  0.29553   0.00474   0.03624   0.04230   0.09274   0.00996   0.18889   0.07640   0.03867   0.12195   0.15217   0.06116   0.02849   0.07915   0.07507   0.07207   0.24518   0.23475   0.12059   0.11886   0.29019   8.40548   1.41033   1.06025   1.50983   0.94041  
 10 54.6184   2407.227751  x:  0.28813   0.00458   0.03464   0.04348   0.09179   0.00994   0.20218   0.07943   0.04050   0.11857   0.15096   0.06719   0.02802   0.07163   0.07282   0.06920   0.23965   0.22144   0.12339   0.11685   0.28239   8.40623   1.45605   1.03988   1.54629   0.91324  
 11 41.7402   2407.065424  x:  0.28304   0.00508   0.03456   0.04289   0.08771   0.01004   0.20641   0.07687   0.03617   0.11913   0.14746   0.06397   0.02688   0.07834   0.07009   0.07131   0.23849   0.21816   0.12104   0.11666   0.27775   8.40654   1.47234   1.03775   1.56052   0.90336  
 12 36.7110   2406.998757  x:  0.27948   0.00466   0.03419   0.04295   0.08723   0.01004   0.20594   0.07586   0.04107   0.12093   0.14447   0.06293   0.02636   0.08038   0.06960   0.07211   0.23909   0.21895   0.11973   0.11765   0.27503   8.40673   1.48006   1.04204   1.56863   0.89878  
 13 20.3021   2406.794895  x:  0.26877   0.00509   0.03461   0.04302   0.09057   0.00996   0.20034   0.07703   0.03774   0.12652   0.13594   0.06571   0.02587   0.07773   0.07074   0.07073   0.24313   0.22585   0.11973   0.12154   0.26712   8.40743   1.50437   1.06724   1.59761   0.88508  
 14 27.8730   2406.565200  x:  0.26673   0.00502   0.03441   0.04292   0.08537   0.01008   0.19953   0.07739   0.03816   0.11992   0.14374   0.05980   0.02757   0.07570   0.07206   0.06904   0.24193   0.22957   0.12543   0.11934   0.26623   8.40836   1.53350   1.10910   1.63644   0.87359  
 15 24.6566   2406.388312  x:  0.27241   0.00505   0.03451   0.04339   0.08819   0.00999   0.20215   0.07612   0.03852   0.11784   0.14927   0.06643   0.02733   0.07937   0.07254   0.07121   0.23729   0.22730   0.11998   0.11653   0.27073   8.40914   1.55690   1.14417   1.66918   0.86899  
 16 40.1041   2406.299199  x:  0.27906   0.00500   0.03438   0.04349   0.08989   0.00997   0.20470   0.07796   0.03854   0.12330   0.14694   0.06410   0.02765   0.07930   0.06940   0.07184   0.23674   0.22055   0.12224   0.11877   0.27549   8.40960   1.56916   1.16099   1.68732   0.87273  
 17 20.8395   2406.256422  x:  0.28128   0.00499   0.03441   0.04325   0.08716   0.01003   0.20381   0.07565   0.03853   0.12295   0.14326   0.06487   0.02757   0.07871   0.07300   0.07120   0.23791   0.21631   0.12305   0.11912   0.27651   8.40990   1.57559   1.16707   1.69720   0.88011  
 18 11.7768   2406.209483  x:  0.28079   0.00496   0.03439   0.04387   0.08760   0.01000   0.20202   0.07732   0.03868   0.12003   0.14095   0.06491   0.03043   0.08021   0.07180   0.06932   0.23871   0.21506   0.12252   0.11767   0.27527   8.41035   1.58323   1.17129   1.70905   0.89363  
 19 12.1584   2406.146613  x:  0.27793   0.00496   0.03439   0.04325   0.08926   0.00997   0.20100   0.07825   0.03861   0.11942   0.14275   0.06479   0.02656   0.08059   0.07118   0.07198   0.23817   0.21614   0.12405   0.11692   0.27237   8.41105   1.59343   1.17535   1.72485   0.91388  
 20 21.5557   2406.119998  x:  0.27647   0.00511   0.03431   0.04362   0.08865   0.00995   0.20276   0.07567   0.03841   0.12164   0.14496   0.06484   0.02804   0.07911   0.07051   0.07184   0.23788   0.21852   0.12316   0.11788   0.27157   8.41146   1.59756   1.17656   1.73101   0.92235  
 21 13.3760   2406.111274  x:  0.27599   0.00510   0.03436   0.04368   0.08741   0.00997   0.20374   0.07744   0.03841   0.12258   0.14560   0.06491   0.02821   0.07946   0.07177   0.07144   0.23772   0.21938   0.12232   0.11885   0.27185   8.41175   1.59848   1.17670   1.73194   0.92397  
 22  3.3718   2405.902684  x:  0.26651   0.00553   0.03445   0.04465   0.08758   0.00992   0.20378   0.07657   0.03821   0.11905   0.13979   0.06667   0.02939   0.08282   0.07285   0.07174   0.22492   0.22299   0.12933   0.12702   0.28420   8.42269   1.60715   1.17700   1.72229   0.92682  
 23  0.9572   2405.277252  x:  0.25450   0.00642   0.03486   0.04741   0.08415   0.00984   0.19687   0.07833   0.03804   0.13320   0.14099   0.06950   0.03265   0.08660   0.07579   0.07381   0.22238   0.21561   0.13910   0.10869   0.28702   8.45556   1.62613   1.17857   1.69210   0.92812  
 24 11.6849   2404.254317  x:  0.25794   0.00782   0.03531   0.05196   0.08026   0.00964   0.18655   0.07989   0.03782   0.12990   0.15411   0.07580   0.03385   0.08872   0.06943   0.08490   0.24071   0.19625   0.14256   0.12830   0.26146   8.51063   1.64817   1.17999   1.64785   0.92576  
 25 30.6890   2403.990825  x:  0.26982   0.00795   0.03549   0.05318   0.07882   0.00963   0.18540   0.08019   0.03822   0.13278   0.14961   0.07711   0.03592   0.09232   0.07233   0.08461   0.22797   0.20103   0.15041   0.12808   0.24541   8.52477   1.62194   1.17158   1.66607   0.91784  
 26  8.3661   2403.715384  x:  0.25824   0.00831   0.03558   0.05426   0.07767   0.00961   0.18150   0.08045   0.03816   0.13284   0.15341   0.07865   0.03655   0.09289   0.07052   0.08764   0.23455   0.19322   0.15123   0.12950   0.25281   8.53964   1.57644   1.15864   1.70185   0.90557  
 27 13.8450   2402.319129  x:  0.27056   0.01289   0.03704   0.06185   0.08643   0.00634   0.20919   0.07798   0.03707   0.13128   0.15090   0.08290   0.03599   0.10120   0.07273   0.09584   0.26216   0.21895   0.16955   0.12752   0.27212   8.59286   1.57847   1.16589   1.69293   0.90751  
 28  0.0309   2402.171715  x:  0.26523   0.01370   0.03588   0.06010   0.08187   0.00535   0.21186   0.07823   0.03793   0.12909   0.14666   0.08403   0.03398   0.10330   0.07153   0.09563   0.27101   0.21189   0.17511   0.12529   0.26115   8.56445   1.57456   1.16389   1.68412   0.90919  
 29  0.0258   2402.152439  x:  0.26640   0.01390   0.03566   0.05801   0.08313   0.00480   0.20977   0.07840   0.03779   0.12955   0.14671   0.08410   0.03353   0.10363   0.07209   0.09400   0.27122   0.21247   0.17710   0.12575   0.26315   8.56334   1.57151   1.16368   1.68402   0.90874  
 30  0.0037   2402.150974  x:  0.26610   0.01397   0.03584   0.05750   0.08272   0.00472   0.21003   0.07826   0.03770   0.12966   0.14731   0.08400   0.03374   0.10341   0.07200   0.09369   0.27009   0.21257   0.17678   0.12608   0.26314   8.56611   1.57329   1.16401   1.68546   0.90900  
 31  0.0028   2402.150431  x:  0.26622   0.01416   0.03587   0.05761   0.08289   0.00468   0.21014   0.07824   0.03774   0.12958   0.14713   0.08392   0.03399   0.10329   0.07198   0.09391   0.26959   0.21236   0.17630   0.12589   0.26278   8.56593   1.57315   1.16387   1.68524   0.90844  
 32  0.0004   2402.150100  x:  0.26616   0.01438   0.03580   0.05765   0.08274   0.00466   0.20977   0.07826   0.03767   0.12964   0.14707   0.08392   0.03385   0.10326   0.07201   0.09389   0.26987   0.21247   0.17623   0.12596   0.26309   8.56453   1.57315   1.16393   1.68533   0.90897  
 33  0.0007   2402.150020  x:  0.26615   0.01445   0.03583   0.05764   0.08282   0.00471   0.20985   0.07823   0.03767   0.12966   0.14716   0.08390   0.03377   0.10327   0.07198   0.09379   0.26983   0.21240   0.17626   0.12602   0.26297   8.56501   1.57312   1.16390   1.68534   0.90880  
 34  0.0003   2402.150013  x:  0.26618   0.01446   0.03582   0.05762   0.08279   0.00471   0.20990   0.07823   0.03767   0.12964   0.14712   0.08391   0.03379   0.10328   0.07200   0.09377   0.26982   0.21245   0.17632   0.12599   0.26298   8.56520   1.57316   1.16391   1.68531   0.90877  
 35  0.0002   2402.150012  x:  0.26617   0.01446   0.03582   0.05761   0.08280   0.00471   0.20989   0.07823   0.03767   0.12964   0.14713   0.08391   0.03380   0.10328   0.07200   0.09378   0.26983   0.21244   0.17633   0.12599   0.26298   8.56517   1.57316   1.16392   1.68534   0.90880  
 36  0.0000   2402.150012  x:  0.26617   0.01446   0.03582   0.05761   0.08280   0.00471   0.20989   0.07823   0.03767   0.12964   0.14713   0.08391   0.03380   0.10328   0.07200   0.09379   0.26983   0.21244   0.17633   0.12599   0.26298   8.56515   1.57316   1.16392   1.68533   0.90879  
 37  0.0000   2402.150012  x:  0.26617   0.01446   0.03582   0.05761   0.08280   0.00471   0.20989   0.07823   0.03767   0.12964   0.14713   0.08391   0.03380   0.10328   0.07200   0.09379   0.26983   0.21244   0.17633   0.12599   0.26298   8.56515   1.57316   1.16392   1.68533   0.90879  
 38  0.0000   2402.150012  x:  0.26617   0.01446   0.03582   0.05761   0.08280   0.00471   0.20989   0.07823   0.03767   0.12964   0.14713   0.08391   0.03380   0.10328   0.07200   0.09379   0.26983   0.21244   0.17633   0.12599   0.26298   8.56515   1.57316   1.16392   1.68533   0.90879  
 39  0.0000   2402.150012  x:  0.26617   0.01446   0.03582   0.05761   0.08280   0.00471   0.20989   0.07823   0.03767   0.12964   0.14713   0.08391   0.03380   0.10328   0.07200   0.09379   0.26983   0.21244   0.17633   0.12599   0.26298   8.56515   1.57316   1.16392   1.68533   0.90879  
 40  0.0000   2402.150012  x:  0.26617   0.01446   0.03582   0.05761   0.08280   0.00471   0.20989   0.07823   0.03767   0.12964   0.14713   0.08391   0.03380   0.10328   0.07200   0.09379   0.26983   0.21244   0.17633   0.12599   0.26298   8.56515   1.57316   1.16392   1.68533   0.90879  