

TREE # 1

  0  0.0000   2232.701206  x:  0.00742   0.09491   0.02984   0.03652   0.06253   0.09381   0.04938   0.07973   0.12745   0.06412   0.17082   0.00000   0.06639   0.00912   0.02948   0.06916   0.08256   0.03370   0.06733   0.07446   0.09049   0.16313   0.16674   2.00000   1.59604   1.30252   1.41258   0.40000  
  1 99.0000   2225.817343  x:  0.00705   0.10260   0.02630   0.03832   0.06006   0.09483   0.04682   0.08047   0.12820   0.06533   0.17221   0.05332   0.07422   0.01962   0.02873   0.06829   0.08268   0.03282   0.06641   0.07681   0.08890   0.16471   0.16950   2.00191   1.59618   1.30183   1.41331   0.40436  
  2 1299.5499   2214.001973  x:  0.00000   0.13072   0.01340   0.04450   0.05072   0.09862   0.03746   0.08319   0.13094   0.06940   0.17663   0.05030   0.09609   0.03031   0.02660   0.06523   0.08356   0.02880   0.06236   0.08496   0.08034   0.16848   0.17909   2.00954   1.59672   1.29902   1.41630   0.42107  
  3 306.4101   2210.004206  x:  0.00000   0.14586   0.02547   0.04506   0.04337   0.10164   0.03584   0.08506   0.13303   0.06824   0.18140   0.05268   0.10245   0.01030   0.02172   0.06246   0.08448   0.03196   0.06099   0.09124   0.06652   0.17230   0.19031   2.02384   1.59768   1.29414   1.42178   0.44553  
  4 191.5979   2206.301377  x:  0.00000   0.15172   0.05262   0.03911   0.03862   0.10479   0.04390   0.08633   0.13519   0.05955   0.18928   0.05058   0.09436   0.02695   0.01848   0.05898   0.08525   0.04114   0.06391   0.09833   0.04262   0.17836   0.20988   2.06054   1.60007   1.28218   1.43554   0.49805  
  5 193.7325   2199.853073  x:  0.00000   0.13026   0.03790   0.04600   0.06387   0.10259   0.04502   0.08313   0.13679   0.05613   0.20132   0.05130   0.07872   0.02209   0.04084   0.06203   0.08091   0.02167   0.07422   0.09649   0.06592   0.18836   0.24042   2.18304   1.60795   1.24592   1.47878   0.62554  
  6 138.3670   2196.598422  x:  0.00000   0.11207   0.01668   0.03966   0.06116   0.09829   0.04205   0.08107   0.13300   0.06474   0.20077   0.05144   0.07866   0.01961   0.02528   0.06437   0.08310   0.04688   0.06922   0.08448   0.07528   0.18789   0.23930   2.26568   1.61307   1.22551   1.50488   0.67839  
  7 193.0285   2192.519890  x:  0.00000   0.10326   0.02509   0.03977   0.04237   0.09283   0.04108   0.08164   0.12704   0.07439   0.18725   0.05114   0.08645   0.02210   0.01079   0.06472   0.08251   0.02747   0.06065   0.07308   0.07823   0.17680   0.20491   2.39901   1.62123   1.20047   1.54096   0.70529  
  8 138.7029   2188.971033  x:  0.00000   0.10418   0.02935   0.03716   0.02656   0.08962   0.04163   0.08250   0.12186   0.07998   0.17126   0.05141   0.09307   0.02160   0.03317   0.06523   0.08294   0.02928   0.05436   0.07066   0.07381   0.16382   0.16407   2.55366   1.63071   1.17391   1.58095   0.72181  
  9 514.7305   2183.605133  x:  0.00000   0.12760   0.02750   0.04106   0.05914   0.09384   0.04527   0.08410   0.12210   0.07242   0.15169   0.05195   0.08983   0.02039   0.02762   0.06391   0.08488   0.03525   0.05728   0.08313   0.06228   0.14758   0.11908   2.79925   1.64575   1.13823   1.63994   0.71910  
 10 400.9774   2169.975878  x:  0.00000   0.14069   0.01116   0.03375   0.03914   0.10535   0.03871   0.07932   0.13211   0.03309   0.14210   0.05236   0.07414   0.01683   0.02055   0.06050   0.08085   0.03198   0.08352   0.09871   0.05685   0.14374   0.17342   3.41572   1.68408   1.07411   1.77086   0.62377  
 11 327.8970   2163.444828  x:  0.00000   0.14191   0.03049   0.05228   0.04885   0.10807   0.03853   0.08004   0.13780   0.06809   0.15571   0.05068   0.08055   0.02089   0.02384   0.05947   0.07935   0.04197   0.08830   0.10212   0.06024   0.15640   0.21630   3.78429   1.70725   1.04556   1.84363   0.56011  
 12 870.6195   2160.879391  x:  0.00000   0.13688   0.03055   0.03423   0.06339   0.10049   0.04612   0.08433   0.13410   0.06515   0.18334   0.05008   0.09541   0.01984   0.02832   0.05810   0.08108   0.03544   0.06598   0.09571   0.05095   0.17681   0.22273   3.91219   1.71507   1.05862   1.85612   0.54133  
 13 190.8905   2159.215441  x:  0.00000   0.13739   0.02965   0.05261   0.05924   0.09625   0.03885   0.08570   0.13214   0.05549   0.20877   0.05001   0.08280   0.02053   0.02834   0.05924   0.08415   0.03768   0.05114   0.09522   0.04991   0.19411   0.21534   4.00661   1.72057   1.10124   1.84640   0.53788  
 14 100.7537   2156.441340  x:  0.00000   0.14705   0.02912   0.04316   0.05012   0.10175   0.03970   0.08261   0.12721   0.06355   0.24008   0.04930   0.07460   0.02052   0.02489   0.06135   0.08567   0.03820   0.08014   0.10068   0.06076   0.21475   0.19979   4.17829   1.73110   1.21144   1.80782   0.54386  
 15 149.2006   2153.649540  x:  0.00000   0.13024   0.03034   0.05312   0.05636   0.11198   0.04737   0.08217   0.13910   0.05833   0.21840   0.04822   0.09789   0.02021   0.02640   0.05845   0.07679   0.04121   0.08294   0.10177   0.05424   0.19845   0.21165   4.35213   1.74469   1.34295   1.74991   0.55821  
 16 134.6783   2152.420279  x:  0.00000   0.13645   0.03086   0.04261   0.06114   0.10791   0.04062   0.08542   0.14154   0.06839   0.19792   0.04849   0.08751   0.02063   0.02893   0.06057   0.08236   0.03744   0.06816   0.10081   0.05360   0.18461   0.22534   4.42598   1.75264   1.39959   1.72107   0.56540  
 17 139.4569   2152.341209  x:  0.00000   0.13982   0.03212   0.04362   0.06104   0.10368   0.04452   0.08524   0.13907   0.06647   0.19557   0.04833   0.08857   0.02081   0.02895   0.06106   0.08492   0.03848   0.06779   0.09898   0.05727   0.18449   0.22698   4.43096   1.75561   1.40122   1.71687   0.56605  
 18 15.4257   2152.203210  x:  0.00000   0.14026   0.03194   0.04517   0.06256   0.09912   0.04098   0.08420   0.13105   0.06597   0.19293   0.04807   0.08934   0.02074   0.02935   0.06066   0.08378   0.03836   0.07133   0.09572   0.05360   0.18713   0.22793   4.43950   1.76895   1.39606   1.70209   0.56711  
 19  9.0330   2151.725920  x:  0.00000   0.13959   0.03050   0.04507   0.06059   0.10878   0.04461   0.08589   0.12456   0.06702   0.19195   0.04690   0.08835   0.02064   0.02823   0.06006   0.08057   0.03820   0.06653   0.10254   0.05703   0.19355   0.22684   4.46962   1.82137   1.37016   1.64497   0.57147  
 20 28.9086   2151.429351  x:  0.00000   0.13921   0.03096   0.04417   0.06023   0.10633   0.04179   0.08530   0.13941   0.06646   0.19730   0.04609   0.08992   0.02082   0.02836   0.06272   0.08704   0.03800   0.06895   0.09986   0.05704   0.19178   0.22447   4.48821   1.85067   1.35386   1.61157   0.57428  
 21 42.1305   2151.313120  x:  0.00000   0.14123   0.02914   0.04443   0.05940   0.10250   0.04453   0.08521   0.14262   0.06792   0.20149   0.04585   0.08806   0.02049   0.02825   0.05821   0.08121   0.03796   0.06896   0.09814   0.05636   0.18710   0.22434   4.49466   1.85357   1.35023   1.60500   0.57536  
 22 10.3916   2150.581496  x:  0.00000   0.14418   0.03175   0.04368   0.05962   0.10072   0.03884   0.08711   0.13411   0.06522   0.21897   0.04300   0.09309   0.02126   0.02732   0.06985   0.07310   0.03963   0.06761   0.10162   0.06086   0.16426   0.22668   4.53305   1.83859   1.33773   1.58942   0.58258  
 23 10.0940   2147.848863  x:  0.00000   0.14542   0.01846   0.05246   0.05541   0.11226   0.04464   0.08475   0.11411   0.07176   0.24309   0.03340   0.09771   0.01923   0.02743   0.05825   0.10239   0.03186   0.06874   0.10163   0.05182   0.13710   0.23171   4.67482   1.76555   1.29757   1.54549   0.60894  
 24 61.5595   2139.460615  x:  0.00000   0.16678   0.01151   0.05204   0.04832   0.11664   0.02508   0.08387   0.12198   0.07208   0.23872   0.00570   0.11590   0.02013   0.02401   0.04389   0.09492   0.03063   0.06154   0.09798   0.06639   0.17016   0.23105   5.04303   1.56518   1.19858   1.44338   0.67959  
 25 196.9966   2138.865611  x:  0.00000   0.16847   0.00651   0.05412   0.04610   0.11461   0.03055   0.08479   0.12389   0.07518   0.23700   0.00370   0.11528   0.01927   0.02315   0.05407   0.09255   0.02864   0.06172   0.09865   0.06145   0.17489   0.23122   5.07326   1.54957   1.19103   1.43605   0.68529  
 26 162.1459   2138.697820  x:  0.00000   0.16510   0.00551   0.05394   0.04507   0.10662   0.02988   0.08762   0.12426   0.07613   0.23615   0.00359   0.11672   0.01914   0.02199   0.05205   0.09420   0.02831   0.06234   0.10946   0.06143   0.17546   0.23106   5.08036   1.56073   1.19670   1.44774   0.68686  
 27  6.1801   2135.695229  x:  0.00000   0.17993   0.00121   0.05375   0.04134   0.11141   0.02672   0.06405   0.12934   0.07830   0.23030   0.00465   0.12474   0.01917   0.02052   0.05372   0.09099   0.02562   0.05425   0.10604   0.06111   0.17559   0.23421   5.20234   1.81652   1.32489   1.70576   0.71540  
 28 27.0279   2135.027947  x:  0.00000   0.18305   0.00000   0.05449   0.04056   0.11469   0.02596   0.07979   0.13015   0.07769   0.22907   0.00492   0.12559   0.01914   0.02068   0.05326   0.09070   0.02564   0.05608   0.09974   0.06141   0.17562   0.23490   5.22612   1.86509   1.34919   1.75491   0.72089  
 29 196.5094   2129.649371  x:  0.00000   0.20994   0.00667   0.05864   0.02650   0.10396   0.03329   0.09406   0.14291   0.07946   0.20994   0.02221   0.13942   0.01922   0.01449   0.07513   0.08163   0.02107   0.05435   0.10981   0.05388   0.20825   0.23692   5.73806   1.75916   1.30356   1.74191   0.80188  
 30  2.1734   2128.005392  x:  0.00000   0.22100   0.01525   0.05691   0.03050   0.10785   0.03105   0.10432   0.14418   0.07345   0.20488   0.01298   0.14775   0.02190   0.01575   0.06718   0.08419   0.02662   0.05589   0.10564   0.05603   0.19862   0.24446   6.01672   1.96089   1.39832   1.92542   0.82458  
 31  1.0872   2124.155181  x:  0.00000   0.24661   0.00793   0.05624   0.04257   0.10869   0.03017   0.08933   0.14454   0.06788   0.19593   0.01957   0.16690   0.02811   0.02069   0.05443   0.08421   0.03794   0.05740   0.10671   0.05690   0.20521   0.25378   7.13582   1.70604   1.24665   1.70897   0.89504  
 32  1.5378   2122.351827  x:  0.00000   0.25647   0.00991   0.05586   0.03193   0.11189   0.02834   0.08997   0.14161   0.06413   0.20292   0.01415   0.16956   0.03165   0.02163   0.05043   0.08889   0.02282   0.06059   0.11005   0.05036   0.18782   0.25027   8.01540   1.80611   1.28087   1.76012   0.90622  
 33  0.5919   2121.125021  x:  0.00000   0.25306   0.00662   0.05545   0.03264   0.10734   0.03324   0.08956   0.13790   0.06596   0.20534   0.01607   0.15958   0.03246   0.01920   0.06694   0.08533   0.03142   0.05687   0.11534   0.04669   0.18195   0.24099   9.02390   1.78754   1.29098   1.74494   0.90169  
 34  0.4823   2120.456564  x:  0.00000   0.24302   0.00653   0.05518   0.03738   0.10898   0.03305   0.09244   0.13976   0.06719   0.20008   0.01410   0.15004   0.03130   0.02014   0.06256   0.08399   0.02534   0.05725   0.10889   0.05736   0.18861   0.23248   9.76003   1.77543   1.27786   1.77582   0.88622  
 35  0.4256   2120.296843  x:  0.00000   0.23744   0.00674   0.05615   0.03399   0.10971   0.03096   0.09222   0.14133   0.06776   0.19963   0.01333   0.14735   0.02945   0.01906   0.05806   0.08589   0.02855   0.05968   0.10877   0.05390   0.19150   0.23128  10.01736   1.78613   1.27075   1.78604   0.88080  
 36  0.2194   2120.256508  x:  0.00000   0.23348   0.00689   0.05580   0.03527   0.10836   0.03088   0.09174   0.14117   0.06816   0.20015   0.01441   0.14749   0.02781   0.01956   0.05820   0.08626   0.02748   0.05793   0.10932   0.05184   0.19134   0.23431  10.13239   1.79257   1.27626   1.78487   0.88025  
 37  0.0788   2120.244746  x:  0.00000   0.23268   0.00718   0.05567   0.03440   0.10872   0.03125   0.09128   0.14076   0.06753   0.20110   0.01484   0.14905   0.02712   0.01955   0.05826   0.08561   0.02775   0.05801   0.10914   0.05351   0.19045   0.23583  10.17996   1.79155   1.27629   1.78480   0.88191  
 38  0.0369   2120.243852  x:  0.00000   0.23263   0.00733   0.05562   0.03460   0.10886   0.03102   0.09126   0.14081   0.06741   0.20071   0.01483   0.14948   0.02707   0.01947   0.05845   0.08555   0.02769   0.05841   0.10895   0.05337   0.19044   0.23594  10.18806   1.79052   1.27573   1.78523   0.88248  
 39  0.0083   2120.243727  x:  0.00000   0.23260   0.00738   0.05556   0.03460   0.10890   0.03117   0.09125   0.14086   0.06739   0.20057   0.01479   0.14959   0.02709   0.01944   0.05839   0.08563   0.02769   0.05836   0.10893   0.05331   0.19047   0.23586  10.19168   1.79000   1.27533   1.78488   0.88266  
 40  0.0033   2120.243697  x:  0.00000   0.23254   0.00740   0.05555   0.03457   0.10887   0.03113   0.09123   0.14084   0.06741   0.20060   0.01478   0.14963   0.02711   0.01945   0.05845   0.08564   0.02769   0.05830   0.10895   0.05332   0.19050   0.23576  10.19306   1.78946   1.27503   1.78420   0.88269  
 41  0.0014   2120.243692  x:  0.00000   0.23250   0.00741   0.05556   0.03458   0.10886   0.03114   0.09121   0.14083   0.06742   0.20063   0.01478   0.14963   0.02712   0.01945   0.05844   0.08563   0.02770   0.05833   0.10895   0.05331   0.19052   0.23574  10.19287   1.78947   1.27509   1.78414   0.88266  
 42  0.0002   2120.243692  x:  0.00000   0.23250   0.00741   0.05557   0.03458   0.10886   0.03114   0.09121   0.14084   0.06743   0.20063   0.01478   0.14964   0.02712   0.01945   0.05844   0.08562   0.02770   0.05832   0.10895   0.05332   0.19052   0.23575  10.19262   1.78950   1.27512   1.78418   0.88265  
 43  0.0002   2120.243692  x:  0.00000   0.23249   0.00741   0.05557   0.03458   0.10886   0.03114   0.09121   0.14083   0.06743   0.20063   0.01478   0.14964   0.02712   0.01945   0.05844   0.08563   0.02770   0.05832   0.10895   0.05331   0.19052   0.23575  10.19256   1.78950   1.27510   1.78418   0.88264  
 44  0.0000   2120.243692  x:  0.00000   0.23249   0.00741   0.05556   0.03458   0.10886   0.03114   0.09121   0.14083   0.06743   0.20062   0.01478   0.14964   0.02712   0.01945   0.05844   0.08563   0.02770   0.05832   0.10895   0.05331   0.19052   0.23575  10.19260   1.78951   1.27511   1.78419   0.88263  
 45  0.0000   2120.243692  x:  0.00000   0.23249   0.00741   0.05556   0.03458   0.10886   0.03114   0.09121   0.14083   0.06743   0.20063   0.01478   0.14964   0.02712   0.01945   0.05844   0.08563   0.02770   0.05832   0.10895   0.05331   0.19052   0.23575  10.19261   1.78951   1.27511   1.78419   0.88263  
 46  0.0000   2120.243692  x:  0.00000   0.23249   0.00741   0.05556   0.03458   0.10886   0.03114   0.09121   0.14083   0.06743   0.20063   0.01478   0.14964   0.02712   0.01945   0.05844   0.08563   0.02770   0.05832   0.10895   0.05331   0.19052   0.23575  10.19261   1.78951   1.27511   1.78419   0.88263  

TREE # 2

  0  0.0000   2145.452230  x:  0.20322   0.00000   0.19990   0.06527   0.06072   0.00740   0.09288   0.02553   0.06399   0.04949   0.07020   0.05244   0.03718   0.19733   0.10126   0.06515   0.00557   0.10665   0.05006   0.07737   0.05416   0.07722   0.05554  10.19261   1.63543   1.23213   1.60396   0.88263  
  1 99.0000   2140.003039  x:  0.20421   0.04145   0.20014   0.07063   0.06101   0.01685   0.09362   0.02504   0.06364   0.05041   0.07117   0.05041   0.03553   0.19772   0.10592   0.06583   0.00804   0.10818   0.05051   0.07815   0.05271   0.07918   0.05344  10.19261   1.63557   1.23194   1.60417   0.88264  
  2 1380.2912   2125.581477  x:  0.21511   0.03255   0.20041   0.12841   0.05767   0.05584   0.10201   0.02041   0.05786   0.06258   0.08475   0.02159   0.00378   0.20146   0.16941   0.07413   0.02168   0.12858   0.05556   0.08850   0.03310   0.10503   0.02476  10.19261   1.63742   1.22922   1.60711   0.88264  
  3 272.8712   2124.306611  x:  0.21699   0.03318   0.19987   0.13304   0.05611   0.05239   0.10317   0.02036   0.05740   0.06270   0.08579   0.02376   0.00000   0.20170   0.17684   0.07366   0.01589   0.13085   0.05535   0.08937   0.03346   0.10689   0.02712  10.19261   1.63784   1.22869   1.60777   0.88263  
  4 139.1018   2123.573135  x:  0.22119   0.03563   0.19770   0.13525   0.05409   0.03675   0.10460   0.02022   0.05930   0.05934   0.08454   0.01757   0.00000   0.20221   0.18837   0.07169   0.01432   0.13333   0.05560   0.08940   0.03479   0.10616   0.02105  10.19257   1.63922   1.22710   1.60994   0.88266  
  5 82.1605   2123.366682  x:  0.22399   0.03627   0.19591   0.13545   0.05497   0.03105   0.10510   0.02144   0.06062   0.05787   0.08353   0.02061   0.00000   0.20253   0.19515   0.07090   0.02079   0.13419   0.05643   0.08906   0.03395   0.10495   0.02215  10.19252   1.64050   1.22565   1.61203   0.88270  
  6 50.5276   2123.307493  x:  0.22611   0.03616   0.19410   0.13357   0.05677   0.03181   0.10498   0.02094   0.06127   0.05726   0.08242   0.01895   0.00000   0.20258   0.19866   0.06964   0.02115   0.13373   0.05643   0.08849   0.03400   0.10326   0.02451  10.19246   1.64203   1.22400   1.61454   0.88274  
  7 20.1899   2123.238341  x:  0.22925   0.03591   0.19124   0.13024   0.05888   0.03392   0.10465   0.02070   0.06169   0.05707   0.08118   0.02037   0.00000   0.20259   0.20312   0.06782   0.02000   0.13261   0.05631   0.08773   0.03395   0.10084   0.02273  10.19235   1.64484   1.22106   1.61912   0.88281  
  8 32.8229   2123.158129  x:  0.23271   0.03589   0.18775   0.12704   0.05507   0.03444   0.10374   0.02238   0.05944   0.06011   0.08283   0.01970   0.00000   0.20230   0.20499   0.06910   0.02018   0.13022   0.05765   0.08844   0.03308   0.10181   0.02291  10.19205   1.65241   1.21375   1.63136   0.88293  
  9 13.0418   2123.070115  x:  0.23428   0.03569   0.18617   0.12843   0.05484   0.03457   0.10316   0.01826   0.05918   0.05877   0.08430   0.02022   0.00000   0.20196   0.20422   0.06986   0.02098   0.12946   0.05768   0.08918   0.03422   0.10414   0.02279  10.19163   1.66284   1.20464   1.64813   0.88302  
 10 24.8825   2122.943439  x:  0.23469   0.03529   0.18588   0.13325   0.05708   0.03518   0.10359   0.02156   0.06108   0.05575   0.08431   0.01989   0.00000   0.20146   0.20192   0.06959   0.02070   0.13006   0.05642   0.08941   0.03432   0.10651   0.02259  10.19091   1.67985   1.19093   1.67523   0.88305  
 11 61.8575   2122.886210  x:  0.23245   0.03523   0.18798   0.13540   0.05713   0.03466   0.10444   0.02050   0.06086   0.05840   0.08209   0.01985   0.00000   0.20123   0.20152   0.06848   0.02048   0.13212   0.05591   0.08829   0.03146   0.10429   0.02265  10.19054   1.68822   1.18664   1.68812   0.88286  
 12 27.1412   2122.858510  x:  0.22999   0.03508   0.19001   0.13580   0.05624   0.03524   0.10492   0.02067   0.06016   0.05934   0.08138   0.01986   0.00000   0.20112   0.20268   0.06823   0.02096   0.13366   0.05638   0.08803   0.03396   0.10241   0.02259  10.19029   1.69299   1.18646   1.69507   0.88257  
 13 18.3055   2122.817169  x:  0.22492   0.03499   0.19329   0.13378   0.05510   0.03595   0.10465   0.02068   0.05967   0.05657   0.08308   0.01989   0.00000   0.20090   0.20593   0.06904   0.02071   0.13437   0.05668   0.08851   0.03258   0.10142   0.02266  10.18982   1.70117   1.19137   1.70591   0.88168  
 14 12.8540   2122.751132  x:  0.21990   0.03501   0.19519   0.13205   0.05789   0.03521   0.10378   0.02069   0.06153   0.05962   0.08391   0.01976   0.00000   0.20057   0.20971   0.06875   0.02072   0.13243   0.05581   0.08948   0.03302   0.10539   0.02254  10.18889   1.71607   1.20638   1.72417   0.87979  
 15 16.7253   2122.565736  x:  0.22059   0.03443   0.19108   0.13746   0.05593   0.03633   0.10439   0.02078   0.05721   0.05756   0.07885   0.01993   0.00000   0.20010   0.21145   0.06582   0.02087   0.12900   0.05784   0.08773   0.03257   0.10832   0.02261  10.18601   1.75999   1.25822   1.77481   0.87437  
 16 28.7092   2122.446689  x:  0.22570   0.03404   0.18804   0.14090   0.05473   0.03711   0.10534   0.02051   0.06154   0.05874   0.08327   0.01993   0.00000   0.20011   0.21039   0.06800   0.02053   0.13175   0.05739   0.08842   0.03243   0.10369   0.02270  10.18406   1.78916   1.29256   1.80710   0.87143  
 17 56.7444   2122.424623  x:  0.22828   0.03408   0.18906   0.13990   0.05638   0.03672   0.10514   0.02075   0.05911   0.05886   0.08378   0.01979   0.00000   0.20042   0.20979   0.06890   0.02056   0.13468   0.05583   0.08952   0.03244   0.10379   0.02265  10.18361   1.79512   1.29821   1.81229   0.87176  
 18 12.4304   2122.406549  x:  0.23093   0.03410   0.19164   0.13803   0.05524   0.03704   0.10466   0.02062   0.06050   0.05858   0.08253   0.01999   0.00000   0.20107   0.20921   0.06844   0.02030   0.13691   0.05629   0.08921   0.03239   0.10558   0.02276  10.18310   1.80103   1.30135   1.81514   0.87361  
 19  5.6419   2122.341567  x:  0.23400   0.03463   0.19734   0.13722   0.05604   0.03522   0.10603   0.02070   0.05986   0.05836   0.08419   0.02029   0.00000   0.20296   0.20767   0.06757   0.01891   0.13173   0.05701   0.08740   0.03284   0.10381   0.02316  10.18083   1.82445   1.30781   1.82111   0.88433  
 20  5.6810   2122.276391  x:  0.23069   0.03523   0.19316   0.13587   0.05521   0.03384   0.10464   0.02070   0.06076   0.05775   0.08103   0.02084   0.00000   0.20192   0.20611   0.06909   0.01745   0.13177   0.05519   0.09114   0.03310   0.10219   0.02363  10.17839   1.84684   1.31283   1.82588   0.89477  
 21 12.8823   2122.247004  x:  0.22813   0.03554   0.18932   0.13458   0.05580   0.03304   0.10468   0.02087   0.06035   0.05769   0.08256   0.02090   0.00000   0.20045   0.20506   0.06784   0.01682   0.13448   0.05636   0.08861   0.03321   0.10282   0.02376  10.17723   1.85546   1.31458   1.82781   0.89848  
 22 11.9960   2122.221020  x:  0.22813   0.03559   0.18898   0.13389   0.05446   0.03305   0.10691   0.02076   0.06047   0.05746   0.08262   0.02105   0.00000   0.19857   0.20534   0.06801   0.01692   0.13438   0.05285   0.08674   0.03358   0.10343   0.02393  10.17594   1.85482   1.31425   1.82915   0.89599  
 23  1.3763   2122.003196  x:  0.23056   0.03621   0.19051   0.13219   0.05614   0.03035   0.11251   0.02046   0.06075   0.05696   0.08059   0.02213   0.00000   0.18813   0.20598   0.07167   0.01230   0.13389   0.05705   0.08802   0.03380   0.10355   0.02490  10.16474   1.84070   1.30921   1.83993   0.86942  
 24  7.4578   2121.812196  x:  0.23160   0.03660   0.19110   0.13348   0.05411   0.02841   0.10513   0.02101   0.06008   0.05686   0.08319   0.02289   0.00000   0.19004   0.20659   0.06428   0.01006   0.13392   0.05491   0.09027   0.03413   0.10222   0.02595  10.15490   1.82748   1.30454   1.84784   0.84808  
 25 23.8455   2121.732017  x:  0.23071   0.03662   0.18943   0.13390   0.05443   0.02781   0.10432   0.02104   0.06002   0.05686   0.08210   0.02332   0.00000   0.19974   0.20795   0.06850   0.00828   0.13453   0.05455   0.08702   0.03449   0.10271   0.02632  10.15056   1.82199   1.30238   1.84860   0.84385  
 26  9.7717   2121.642055  x:  0.22994   0.03629   0.18769   0.13376   0.05390   0.02823   0.11203   0.02066   0.05989   0.05698   0.08309   0.02360   0.00000   0.20616   0.20964   0.06535   0.00766   0.13575   0.05536   0.09142   0.03410   0.10419   0.02667  10.14551   1.81707   1.30003   1.84408   0.84852  
 27  6.2251   2121.152183  x:  0.23328   0.03398   0.18915   0.14645   0.05264   0.03019   0.10876   0.02066   0.05848   0.05866   0.08523   0.02479   0.00000   0.19542   0.22765   0.06695   0.00364   0.13877   0.05549   0.09131   0.03371   0.10811   0.02803  10.11823   1.79566   1.28792   1.80500   0.89644  
 28 11.0385   2121.106502  x:  0.23353   0.03352   0.18930   0.14819   0.05263   0.03085   0.10907   0.02050   0.05832   0.05898   0.08554   0.02490   0.00000   0.19567   0.23016   0.06714   0.00385   0.13924   0.05559   0.09154   0.03365   0.10889   0.02811  10.11657   1.81331   1.28224   1.78393   0.87996  
 29  2.0160   2120.863683  x:  0.23454   0.03148   0.18831   0.15390   0.05181   0.02979   0.10813   0.02033   0.05740   0.05949   0.08653   0.02637   0.00000   0.19818   0.23973   0.06772   0.00868   0.14178   0.05555   0.09161   0.03424   0.11080   0.03006  10.12477   1.78107   1.27238   1.77435   0.89143  
 30  0.0888   2120.526975  x:  0.23519   0.02211   0.18847   0.15300   0.05396   0.02832   0.10896   0.01957   0.05950   0.05727   0.08566   0.03094   0.00000   0.20199   0.24293   0.06658   0.00710   0.14321   0.05637   0.09183   0.03533   0.10829   0.03471  10.24997   1.78744   1.27406   1.79405   0.85347  
 31  0.0324   2120.292884  x:  0.23614   0.01455   0.19053   0.14971   0.05330   0.02698   0.10915   0.01947   0.05865   0.05801   0.08540   0.03066   0.00000   0.20027   0.23613   0.06740   0.00689   0.14102   0.05583   0.09126   0.03456   0.10825   0.03405  10.30762   1.79703   1.27901   1.78799   0.88680  
 32  0.0396   2120.249934  x:  0.23584   0.01564   0.19072   0.14905   0.05313   0.02712   0.10896   0.01949   0.05817   0.05863   0.08556   0.02820   0.00000   0.20003   0.23172   0.06757   0.00740   0.14036   0.05546   0.09111   0.03434   0.10897   0.03144  10.24972   1.79019   1.27574   1.78219   0.88888  
 33  0.0516   2120.244248  x:  0.23582   0.01465   0.19052   0.14953   0.05328   0.02727   0.10895   0.01943   0.05829   0.05851   0.08562   0.02778   0.00000   0.20058   0.23197   0.06745   0.00744   0.14073   0.05552   0.09118   0.03450   0.10897   0.03106  10.22736   1.78856   1.27471   1.78315   0.88361  
 34  0.0243   2120.243789  x:  0.23576   0.01479   0.19050   0.14969   0.05333   0.02705   0.10896   0.01945   0.05834   0.05843   0.08563   0.02770   0.00000   0.20065   0.23251   0.06742   0.00742   0.14086   0.05557   0.09122   0.03459   0.10888   0.03108  10.21122   1.78946   1.27499   1.78422   0.88250  
 35  0.0168   2120.243708  x:  0.23573   0.01479   0.19053   0.14967   0.05331   0.02717   0.10894   0.01946   0.05833   0.05842   0.08563   0.02769   0.00000   0.20064   0.23258   0.06743   0.00740   0.14086   0.05557   0.09122   0.03460   0.10885   0.03113  10.19803   1.78964   1.27519   1.78444   0.88257  
 36  0.0096   2120.243693  x:  0.23574   0.01477   0.19053   0.14964   0.05331   0.02712   0.10895   0.01945   0.05832   0.05844   0.08563   0.02769   0.00000   0.20062   0.23251   0.06743   0.00740   0.14083   0.05557   0.09121   0.03458   0.10886   0.03114  10.19326   1.78955   1.27514   1.78423   0.88269  
 37  0.0043   2120.243692  x:  0.23575   0.01478   0.19052   0.14964   0.05331   0.02712   0.10895   0.01945   0.05832   0.05844   0.08563   0.02769   0.00000   0.20063   0.23249   0.06743   0.00741   0.14083   0.05556   0.09121   0.03458   0.10887   0.03114  10.19271   1.78949   1.27510   1.78418   0.88263  
 38  0.0005   2120.243692  x:  0.23575   0.01478   0.19052   0.14964   0.05331   0.02712   0.10895   0.01945   0.05832   0.05844   0.08563   0.02770   0.00000   0.20063   0.23249   0.06743   0.00741   0.14084   0.05557   0.09121   0.03458   0.10886   0.03114  10.19262   1.78951   1.27511   1.78419   0.88263  
 39  0.0001   2120.243692  x:  0.23575   0.01478   0.19052   0.14964   0.05331   0.02712   0.10895   0.01945   0.05832   0.05844   0.08563   0.02770   0.00000   0.20063   0.23249   0.06743   0.00741   0.14083   0.05557   0.09121   0.03458   0.10886   0.03114  10.19261   1.78951   1.27511   1.78419   0.88263  
 40  0.0000   2120.243692  x:  0.23575   0.01478   0.19052   0.14964   0.05331   0.02712   0.10895   0.01945   0.05832   0.05844   0.08563   0.02770   0.00000   0.20063   0.23249   0.06743   0.00741   0.14083   0.05557   0.09121   0.03458   0.10886   0.03114  10.19261   1.78951   1.27511   1.78419   0.88263  