

TREE # 1

  0  0.0000   2280.366711  x:  0.09638   0.00000   0.10581   0.02411   0.04735   0.06167   0.05348   0.05675   0.11644   0.07853   0.08656   0.12920   0.00839   0.09433   0.00966   0.07090   0.03670   0.06554   0.06054   0.06108   0.10552   0.06267   0.16517   0.11500   2.00000   1.41672   0.81515   1.14439   0.40000  
  1 99.0000   2269.780982  x:  0.10079   0.08747   0.11502   0.03776   0.04554   0.05991   0.06077   0.05099   0.11672   0.07916   0.08288   0.13115   0.01951   0.10920   0.04299   0.06414   0.02884   0.07441   0.05366   0.06042   0.10900   0.06065   0.16901   0.11941   2.00299   1.41618   0.81610   1.14532   0.41085  
  2 1258.1138   2249.073410  x:  0.11314   0.07792   0.14153   0.05902   0.03987   0.05418   0.08084   0.03093   0.11749   0.08087   0.06927   0.13517   0.01896   0.15165   0.05144   0.03660   0.00243   0.10005   0.02893   0.05785   0.12002   0.04962   0.18207   0.13176   2.01455   1.41407   0.82003   1.14876   0.44948  
  3 338.6125   2241.293723  x:  0.12237   0.07150   0.16130   0.07250   0.03636   0.05029   0.09452   0.01717   0.11798   0.08205   0.05879   0.13808   0.01867   0.18282   0.05766   0.01533   0.01861   0.11795   0.01236   0.05619   0.12854   0.04099   0.19200   0.14099   2.02423   1.41231   0.82338   1.15161   0.48021  
  4 1143.0047   2236.548398  x:  0.13150   0.06700   0.18151   0.07411   0.03928   0.05054   0.10133   0.03082   0.11782   0.08248   0.04817   0.14024   0.01776   0.21297   0.06313   0.00872   0.02407   0.12891   0.04602   0.05553   0.13876   0.03282   0.20310   0.15012   2.04140   1.40927   0.82976   1.15635   0.52368  
  5 273.1140   2233.756426  x:  0.13758   0.06473   0.19694   0.06584   0.04367   0.05316   0.09929   0.03542   0.11730   0.08158   0.04435   0.14073   0.01581   0.23505   0.06658   0.04121   0.02717   0.13035   0.04840   0.05632   0.14712   0.03380   0.21224   0.15620   2.06420   1.40528   0.83872   1.16221   0.57077  
  6 240.6471   2228.060197  x:  0.13776   0.06939   0.20650   0.03091   0.05037   0.06021   0.07352   0.03994   0.11531   0.07698   0.05917   0.13666   0.01748   0.24576   0.06058   0.02981   0.02442   0.10621   0.03842   0.05873   0.15014   0.04802   0.21987   0.15638   2.12171   1.39595   0.86170   1.17554   0.65909  
  7 162.8875   2223.805985  x:  0.12859   0.07348   0.19807   0.06122   0.04797   0.05959   0.05753   0.04077   0.11399   0.07559   0.06739   0.13007   0.01141   0.22855   0.04777   0.02816   0.02398   0.07723   0.03658   0.05901   0.14377   0.04451   0.21805   0.14721   2.20041   1.38541   0.89037   1.19240   0.74956  
  8 179.5218   2217.983510  x:  0.11057   0.07491   0.16337   0.05548   0.03541   0.05147   0.09037   0.03329   0.11523   0.07917   0.05690   0.12501   0.02716   0.17307   0.04484   0.02887   0.02268   0.08676   0.03765   0.05670   0.12677   0.03617   0.20443   0.12919   2.34039   1.37203   0.93413   1.21992   0.86782  
  9 204.8679   2216.152188  x:  0.11191   0.07203   0.15209   0.05825   0.04870   0.05494   0.08503   0.03481   0.11706   0.08166   0.05299   0.13011   0.01292   0.15527   0.05897   0.02608   0.02244   0.10487   0.03572   0.05720   0.12610   0.04389   0.19566   0.13053   2.40554   1.37188   0.94594   1.23046   0.88997  
 10 120.3916   2212.859545  x:  0.13064   0.06642   0.14073   0.06410   0.04645   0.05527   0.05978   0.03363   0.11861   0.07953   0.05683   0.15204   0.03924   0.14861   0.06438   0.02732   0.02226   0.12132   0.03627   0.05891   0.13567   0.03776   0.18083   0.14926   2.58570   1.38391   0.96206   1.25464   0.88918  
 11 110.9484   2201.337757  x:  0.15978   0.07361   0.14594   0.05398   0.02328   0.05242   0.08622   0.04427   0.11909   0.07361   0.06918   0.18557   0.00536   0.17120   0.05310   0.02749   0.02286   0.10034   0.03362   0.05615   0.15238   0.03440   0.15854   0.17840   3.18433   1.43483   1.00113   1.32922   0.83821  
 12 300.0017   2193.972070  x:  0.15578   0.07325   0.16540   0.05976   0.07316   0.05642   0.11340   0.03846   0.11956   0.08284   0.05891   0.18055   0.02264   0.19881   0.04295   0.02661   0.02353   0.07594   0.03497   0.05472   0.14937   0.05189   0.17378   0.17440   3.70184   1.48389   1.02835   1.38969   0.78476  
 13 715.5067   2187.060062  x:  0.12209   0.07223   0.19169   0.05156   0.06622   0.05254   0.08516   0.01992   0.11275   0.08031   0.04622   0.13537   0.01628   0.22036   0.05102   0.02872   0.02346   0.09273   0.04391   0.06123   0.13198   0.03720   0.21637   0.14071   4.08924   1.52807   1.03853   1.42777   0.74167  
 14 420.9314   2186.101123  x:  0.11496   0.07034   0.19684   0.05414   0.06034   0.05373   0.08285   0.03677   0.11227   0.08017   0.04788   0.12372   0.02024   0.22313   0.05434   0.02826   0.02384   0.09941   0.03710   0.05920   0.12971   0.03907   0.22600   0.13358   4.15441   1.53789   1.03646   1.43173   0.73567  
 15 239.3982   2185.818695  x:  0.11513   0.06908   0.19864   0.05630   0.05544   0.05777   0.08443   0.03362   0.11519   0.08107   0.05401   0.11882   0.02163   0.21972   0.05671   0.02856   0.02418   0.10055   0.03975   0.05490   0.13347   0.04617   0.23053   0.13375   4.17280   1.54648   1.02641   1.42643   0.73791  
 16 35.9674   2185.139614  x:  0.11937   0.07041   0.20112   0.05487   0.05604   0.05981   0.08501   0.03452   0.12200   0.08382   0.04931   0.11398   0.02051   0.20342   0.05474   0.02742   0.02341   0.09621   0.03714   0.05925   0.14327   0.04073   0.24153   0.13799   4.21886   1.58052   0.98010   1.39704   0.75153  
 17 39.5262   2184.744713  x:  0.11714   0.07096   0.19997   0.05491   0.05810   0.05059   0.08445   0.03448   0.11595   0.07975   0.05132   0.12215   0.01996   0.20255   0.05305   0.02783   0.02348   0.09716   0.03749   0.05502   0.13610   0.04327   0.24218   0.13576   4.24667   1.60200   0.94889   1.37279   0.76215  
 18 48.6543   2184.605481  x:  0.11523   0.07065   0.19658   0.05530   0.05744   0.05783   0.08510   0.03404   0.11295   0.07997   0.05181   0.12425   0.02040   0.20702   0.05349   0.02791   0.02354   0.09728   0.03762   0.05773   0.13046   0.04260   0.23744   0.13385   4.25756   1.60855   0.93795   1.35998   0.76635  
 19 29.9403   2184.512573  x:  0.11464   0.07017   0.19211   0.05479   0.05721   0.05608   0.08388   0.03392   0.11456   0.08280   0.04962   0.11887   0.02070   0.21256   0.05484   0.02792   0.02354   0.09606   0.03767   0.05570   0.13088   0.04293   0.22926   0.13326   4.26583   1.60874   0.93384   1.34565   0.76849  
 20 14.0866   2184.446993  x:  0.11394   0.07047   0.19227   0.05497   0.05912   0.05443   0.08481   0.03381   0.11609   0.08109   0.05342   0.11621   0.02077   0.21393   0.05363   0.02807   0.02362   0.09804   0.03788   0.05865   0.13279   0.04198   0.22584   0.13256   4.27261   1.60464   0.93356   1.33177   0.76930  
 21 13.5514   2184.230172  x:  0.11299   0.07097   0.19939   0.05526   0.05856   0.05757   0.08434   0.03381   0.11662   0.07571   0.04959   0.11851   0.02117   0.21075   0.05147   0.02776   0.02354   0.09903   0.03756   0.05562   0.13583   0.04301   0.22500   0.13161   4.29611   1.58213   0.93658   1.28214   0.76988  
 22 21.8466   2184.084318  x:  0.11468   0.06944   0.20233   0.05515   0.05693   0.05572   0.08465   0.03402   0.11474   0.08284   0.05134   0.12115   0.02136   0.20860   0.05547   0.02771   0.02352   0.09716   0.03758   0.05795   0.13359   0.04301   0.22938   0.13330   4.31261   1.56326   0.93663   1.25044   0.77025  
 23 39.2866   2183.932586  x:  0.11925   0.07047   0.19386   0.05478   0.05843   0.05688   0.08500   0.03419   0.11559   0.08253   0.05330   0.11936   0.01978   0.21064   0.05278   0.02775   0.02347   0.09879   0.03716   0.05447   0.12972   0.04087   0.23874   0.13787   4.32982   1.53649   0.92633   1.23061   0.77133  
 24 15.3637   2183.763758  x:  0.11991   0.07012   0.18594   0.05571   0.05622   0.05529   0.08532   0.03419   0.11652   0.07881   0.05032   0.12018   0.01968   0.21352   0.05299   0.02727   0.02344   0.09821   0.03733   0.05969   0.13165   0.04583   0.24521   0.13853   4.34956   1.50364   0.90954   1.21427   0.77301  
 25 37.5131   2183.433668  x:  0.11351   0.06859   0.18480   0.05487   0.05726   0.05633   0.08541   0.03403   0.11717   0.08037   0.05276   0.12557   0.02004   0.21533   0.05671   0.02666   0.02316   0.09703   0.03636   0.05639   0.14131   0.04118   0.24490   0.13213   4.38729   1.43942   0.87105   1.19251   0.77704  
 26 43.8753   2183.183734  x:  0.11593   0.06974   0.19647   0.05498   0.05618   0.05627   0.08424   0.03381   0.11557   0.08337   0.05144   0.12084   0.02076   0.21197   0.05173   0.02663   0.02309   0.10031   0.03634   0.05730   0.13639   0.04366   0.23552   0.13455   4.41546   1.39416   0.84181   1.18128   0.78086  
 27 38.6769   2183.122878  x:  0.11752   0.06804   0.19902   0.05492   0.05660   0.05600   0.08504   0.03371   0.11621   0.07912   0.05169   0.11869   0.02153   0.21084   0.05630   0.02654   0.02302   0.09807   0.03619   0.05711   0.13335   0.04227   0.23352   0.13614   4.42184   1.38791   0.83780   1.18019   0.78193  
 28 11.7552   2176.153807  x:  0.12038   0.05357   0.20831   0.05347   0.04215   0.05107   0.08062   0.03163   0.19149   0.08550   0.05173   0.15394   0.02296   0.23217   0.05910   0.01413   0.01813   0.11666   0.02231   0.05821   0.11041   0.04097   0.22209   0.13900   5.09953   1.45274   0.91813   1.27224   0.94360  
 29  4.0341   2171.356436  x:  0.13323   0.04397   0.20110   0.05401   0.04082   0.05269   0.08616   0.02748   0.13056   0.08187   0.05120   0.14162   0.02487   0.23501   0.06444   0.00500   0.01472   0.12593   0.01303   0.05650   0.13772   0.03746   0.21408   0.15185   5.50090   1.49427   0.96908   1.32706   1.03828  
 30 253.3206   2167.899311  x:  0.14219   0.03303   0.19811   0.05816   0.03827   0.05240   0.09225   0.02075   0.09346   0.07957   0.05164   0.13580   0.02417   0.24092   0.06664   0.01832   0.01469   0.13377   0.02059   0.05505   0.15214   0.03602   0.20927   0.16081   5.98548   1.54075   1.00353   1.36518   1.11270  
 31  1.0781   2164.101771  x:  0.14136   0.01413   0.20450   0.06012   0.04500   0.05092   0.09569   0.02308   0.14505   0.07854   0.05259   0.14475   0.01003   0.25035   0.05778   0.02121   0.01262   0.12827   0.02723   0.05673   0.15021   0.03734   0.22302   0.15998   7.00767   1.58186   0.98539   1.34804   1.20330  
 32  0.7434   2162.733279  x:  0.13763   0.00451   0.20671   0.05771   0.04195   0.05242   0.09319   0.02829   0.12676   0.07881   0.05179   0.13905   0.01379   0.24553   0.04916   0.02037   0.01128   0.12059   0.02704   0.05728   0.14219   0.03915   0.22535   0.15625   7.52001   1.56410   0.97320   1.33212   1.23478  
 33  0.4975   2162.440692  x:  0.13589   0.00867   0.20495   0.05541   0.04244   0.05319   0.09115   0.02931   0.11829   0.07932   0.05185   0.13706   0.01415   0.24046   0.04181   0.01942   0.01130   0.11698   0.02683   0.05717   0.13996   0.04020   0.22500   0.15450   7.55685   1.55338   0.96814   1.32788   1.22207  
 34  0.1153   2162.194443  x:  0.13772   0.00705   0.19944   0.05327   0.04482   0.05396   0.08798   0.02702   0.11086   0.08030   0.05310   0.14016   0.01590   0.23362   0.04406   0.01722   0.01175   0.11200   0.02661   0.05565   0.14337   0.04032   0.21709   0.15633   7.70293   1.53891   0.96717   1.33455   1.18627  
 35  0.0899   2162.058625  x:  0.13893   0.00700   0.19764   0.05439   0.04324   0.05349   0.08700   0.02685   0.12014   0.07981   0.05287   0.14230   0.01566   0.22979   0.04407   0.01740   0.01249   0.11321   0.02470   0.05646   0.14562   0.04028   0.21976   0.15755   7.84839   1.55009   0.97098   1.34109   1.14828  
 36  0.0852   2162.021102  x:  0.13804   0.00710   0.19855   0.05514   0.04425   0.05309   0.08868   0.02712   0.11754   0.07937   0.05276   0.14020   0.01393   0.23076   0.04350   0.01709   0.01278   0.11498   0.02477   0.05679   0.14320   0.04029   0.22034   0.15666   7.96418   1.55566   0.97255   1.34069   1.13785  
 37  0.0797   2162.010430  x:  0.13752   0.00742   0.19909   0.05515   0.04306   0.05330   0.08947   0.02693   0.11715   0.07966   0.05264   0.13969   0.01504   0.23201   0.04407   0.01706   0.01277   0.11601   0.02511   0.05645   0.14292   0.04003   0.21919   0.15613   8.00861   1.55336   0.97171   1.33989   1.13570  
 38  0.0339   2162.004197  x:  0.13786   0.00748   0.19878   0.05487   0.04358   0.05332   0.08979   0.02700   0.11725   0.07989   0.05257   0.14049   0.01478   0.23289   0.04433   0.01744   0.01246   0.11580   0.02505   0.05631   0.14356   0.03977   0.21958   0.15648   8.08932   1.55042   0.97003   1.33986   1.14079  
 39  0.0359   2162.002754  x:  0.13796   0.00753   0.19912   0.05499   0.04345   0.05328   0.08933   0.02693   0.11736   0.07963   0.05267   0.14034   0.01481   0.23241   0.04443   0.01738   0.01243   0.11545   0.02524   0.05653   0.14345   0.04014   0.21977   0.15657   8.11579   1.55257   0.97070   1.33981   1.14283  
 40  0.0195   2162.002547  x:  0.13800   0.00758   0.19912   0.05512   0.04356   0.05330   0.08922   0.02705   0.11739   0.07966   0.05268   0.14027   0.01490   0.23234   0.04448   0.01738   0.01248   0.11547   0.02516   0.05651   0.14339   0.04002   0.21953   0.15661   8.11865   1.55311   0.97123   1.34001   1.14352  
 41  0.0024   2162.002498  x:  0.13798   0.00758   0.19901   0.05514   0.04352   0.05331   0.08920   0.02702   0.11739   0.07972   0.05267   0.14028   0.01487   0.23235   0.04446   0.01734   0.01251   0.11549   0.02517   0.05647   0.14339   0.04002   0.21964   0.15659   8.12062   1.55289   0.97126   1.34018   1.14416  
 42  0.0013   2162.002487  x:  0.13798   0.00757   0.19904   0.05512   0.04353   0.05330   0.08924   0.02701   0.11739   0.07969   0.05266   0.14030   0.01487   0.23235   0.04447   0.01732   0.01253   0.11549   0.02514   0.05649   0.14341   0.04003   0.21960   0.15659   8.12106   1.55289   0.97114   1.34008   1.14429  
 43  0.0003   2162.002487  x:  0.13798   0.00757   0.19906   0.05511   0.04353   0.05330   0.08924   0.02701   0.11739   0.07969   0.05267   0.14030   0.01487   0.23236   0.04447   0.01732   0.01253   0.11548   0.02514   0.05649   0.14341   0.04003   0.21961   0.15660   8.12116   1.55288   0.97115   1.34006   1.14430  
 44  0.0001   2162.002487  x:  0.13798   0.00757   0.19906   0.05511   0.04353   0.05330   0.08924   0.02701   0.11740   0.07969   0.05267   0.14029   0.01487   0.23236   0.04447   0.01732   0.01253   0.11548   0.02514   0.05649   0.14341   0.04003   0.21961   0.15660   8.12115   1.55289   0.97116   1.34006   1.14429  
 45  0.0000   2162.002487  x:  0.13798   0.00757   0.19906   0.05511   0.04353   0.05330   0.08923   0.02701   0.11739   0.07969   0.05267   0.14029   0.01487   0.23236   0.04447   0.01732   0.01253   0.11548   0.02514   0.05649   0.14341   0.04003   0.21961   0.15660   8.12115   1.55289   0.97116   1.34006   1.14429  
 46  0.0000   2162.002487  x:  0.13798   0.00757   0.19906   0.05511   0.04353   0.05330   0.08923   0.02701   0.11739   0.07969   0.05267   0.14029   0.01487   0.23236   0.04447   0.01732   0.01253   0.11548   0.02514   0.05649   0.14341   0.04003   0.21961   0.15660   8.12115   1.55289   0.97115   1.34006   1.14429  