

TREE # 1

  0  0.0000   2059.383368  x:  0.01972   0.20925   0.02571   0.03211   0.02495   0.05815   0.02188   0.05666   0.08536   0.02661   0.17168   0.01972   0.20925   0.02571   0.03211   0.02495   0.05815   0.02188   0.05666   0.08536   0.02661   0.17168   0.21568   8.40433   1.91840   1.38660   1.56383   1.00000  
  1 99.0000   2041.304279  x:  0.00000   0.20842   0.02600   0.02466   0.02505   0.06302   0.06325   0.07248   0.09334   0.04600   0.17013   0.00092   0.20796   0.01872   0.03084   0.02885   0.04864   0.05079   0.06684   0.09285   0.03902   0.17138   0.21797   8.40409   1.91755   1.38395   1.56705   1.00081  
  2 486.4836   2041.087069  x:  0.00000   0.20837   0.02592   0.02451   0.02501   0.06314   0.06310   0.07282   0.09359   0.04608   0.17008   0.00000   0.20790   0.01848   0.03081   0.02885   0.04830   0.05069   0.06708   0.09309   0.03913   0.17137   0.21807   8.40407   1.91751   1.38383   1.56720   1.00084  
  3 212.5221   2040.362257  x:  0.00000   0.20315   0.02993   0.03572   0.02652   0.06373   0.06227   0.07363   0.10245   0.04310   0.16744   0.00000   0.20284   0.02686   0.03348   0.02832   0.03804   0.05236   0.06810   0.10147   0.04025   0.17208   0.22738   8.40277   1.91317   1.37041   1.58349   1.00476  
  4 52.9587   2038.846811  x:  0.00000   0.18705   0.02458   0.03069   0.01996   0.06088   0.06427   0.06697   0.10958   0.04361   0.16058   0.00000   0.18726   0.02570   0.02877   0.03002   0.04127   0.05378   0.06292   0.10797   0.02909   0.17390   0.25467   8.39781   1.89686   1.32094   1.64338   1.01929  
  5 64.6197   2037.634285  x:  0.00000   0.17566   0.02620   0.02455   0.03042   0.06023   0.06329   0.06621   0.10569   0.04423   0.15738   0.00000   0.17605   0.02428   0.02997   0.02880   0.04864   0.05101   0.06160   0.10393   0.04149   0.17538   0.27432   8.39262   1.88015   1.27124   1.70337   1.03390  
  6 178.5778   2036.726709  x:  0.00000   0.17510   0.03112   0.03105   0.02382   0.06261   0.06287   0.07353   0.09309   0.04506   0.16168   0.00000   0.17543   0.01959   0.03449   0.02766   0.04732   0.05079   0.06795   0.09222   0.04033   0.17649   0.27647   8.38795   1.86593   1.23120   1.75187   1.04584  
  7 108.8522   2036.078596  x:  0.00000   0.18300   0.02329   0.02967   0.02832   0.06340   0.06310   0.07302   0.08924   0.04364   0.16983   0.00000   0.18358   0.02309   0.02929   0.02829   0.03883   0.05227   0.06771   0.08982   0.03787   0.17677   0.26212   8.38342   1.85347   1.20001   1.79079   1.05556  
  8 72.5977   2035.647813  x:  0.00000   0.19083   0.02874   0.02631   0.02503   0.06187   0.06239   0.06964   0.09467   0.04602   0.17429   0.00000   0.19156   0.02327   0.03079   0.02986   0.03961   0.05132   0.06456   0.09490   0.03957   0.17576   0.24454   8.37946   1.84356   1.17805   1.81943   1.06279  
  9 81.8875   2035.551474  x:  0.00000   0.19208   0.02699   0.02889   0.02597   0.06168   0.06324   0.07057   0.09751   0.04417   0.17230   0.00000   0.19286   0.02101   0.03170   0.02780   0.04351   0.05140   0.06511   0.09683   0.03918   0.17441   0.23831   8.37794   1.84055   1.17382   1.82637   1.06461  
 10 31.9490   2035.502946  x:  0.00000   0.19097   0.02661   0.02901   0.02516   0.06190   0.06289   0.07098   0.09729   0.04415   0.16535   0.00000   0.19191   0.02266   0.03066   0.02947   0.04385   0.05142   0.06619   0.09609   0.03964   0.17170   0.23283   8.37565   1.83732   1.17390   1.83066   1.06586  
 11 11.3327   2035.485242  x:  0.00000   0.19058   0.02733   0.02854   0.02587   0.06191   0.06296   0.07069   0.09682   0.04465   0.16255   0.00000   0.19154   0.02229   0.03112   0.02812   0.04267   0.05150   0.06552   0.09573   0.03876   0.17053   0.23106   8.37418   1.83556   1.17478   1.83247   1.06641  
 12 12.8619   2035.468493  x:  0.00000   0.19099   0.02665   0.02870   0.02547   0.06162   0.06328   0.07009   0.09612   0.04380   0.16173   0.00000   0.19185   0.02105   0.03227   0.02885   0.04163   0.05153   0.06446   0.09606   0.03951   0.16972   0.23115   8.37089   1.83235   1.17794   1.83490   1.06722  
 13  5.5021   2035.370282  x:  0.00000   0.19448   0.02732   0.02964   0.02486   0.06142   0.06330   0.07036   0.09509   0.04444   0.16179   0.00000   0.19484   0.02060   0.02922   0.02764   0.04215   0.05097   0.06482   0.09793   0.04041   0.16693   0.23458   8.34816   1.81145   1.19991   1.85016   1.07227  
 14 18.0735   2035.323415  x:  0.00000   0.19562   0.02720   0.02850   0.02607   0.06203   0.06292   0.07123   0.09605   0.04482   0.16240   0.00000   0.19593   0.02174   0.03145   0.02882   0.04303   0.05121   0.06612   0.09765   0.03873   0.16668   0.23587   8.33651   1.80171   1.21042   1.85738   1.07462  
 15 50.3642   2035.299691  x:  0.00000   0.19466   0.02677   0.02762   0.02498   0.06241   0.06281   0.07137   0.09806   0.04389   0.16327   0.00000   0.19522   0.02224   0.03181   0.02761   0.04275   0.05178   0.06604   0.09554   0.03945   0.16879   0.23520   8.32953   1.79842   1.21459   1.86019   1.07545  
 16 12.8457   2035.266041  x:  0.00000   0.19214   0.02746   0.02853   0.02587   0.06233   0.06284   0.07134   0.09977   0.04422   0.16488   0.00000   0.19305   0.02051   0.03068   0.02899   0.04217   0.05153   0.06554   0.09389   0.03931   0.17296   0.23310   8.31831   1.79562   1.21913   1.86329   1.07623  
 17 17.2201   2035.203262  x:  0.00000   0.18700   0.02619   0.02866   0.02541   0.06168   0.06309   0.07156   0.09721   0.04594   0.16809   0.00000   0.18846   0.02083   0.03160   0.02822   0.04200   0.05040   0.06628   0.09725   0.03974   0.17924   0.22881   8.29543   1.79369   1.22499   1.86755   1.07694  
 18 20.7754   2035.141864  x:  0.00000   0.18466   0.02812   0.02695   0.02566   0.06325   0.06254   0.07236   0.09556   0.04252   0.17011   0.00000   0.18609   0.02018   0.03077   0.02844   0.04209   0.05256   0.06687   0.09978   0.03925   0.17980   0.22697   8.27146   1.79521   1.22774   1.87017   1.07686  
 19 21.4044   2034.223654  x:  0.00000   0.17583   0.02387   0.02696   0.02454   0.07043   0.05685   0.07587   0.10224   0.04972   0.18483   0.00000   0.17339   0.01526   0.03088   0.02837   0.03890   0.05609   0.06644   0.10090   0.04166   0.15513   0.22149   7.90635   1.83860   1.24939   1.89958   1.07080  
 20 51.0939   2033.230689  x:  0.00000   0.17660   0.02507   0.02083   0.02415   0.06225   0.06635   0.08274   0.10848   0.04480   0.18442   0.00000   0.17259   0.01258   0.02989   0.02849   0.03248   0.04332   0.07417   0.10209   0.04091   0.14776   0.22181   7.51621   1.88679   1.26940   1.92961   1.06368  
 21 372.4869   2031.900520  x:  0.00000   0.18934   0.02207   0.01767   0.02324   0.06372   0.05873   0.09116   0.11135   0.04913   0.16361   0.00000   0.18634   0.00611   0.02918   0.02842   0.02900   0.04998   0.07624   0.10922   0.04306   0.16509   0.22875   6.99049   1.95218   1.29325   1.96861   1.05355  
 22 451.5765   2031.817102  x:  0.00000   0.19032   0.02186   0.01761   0.02278   0.06913   0.06042   0.09386   0.11136   0.04924   0.16198   0.00000   0.18738   0.00687   0.02897   0.02874   0.02936   0.04722   0.07261   0.11004   0.04286   0.16668   0.22929   6.95599   1.95582   1.29438   1.97067   1.05280  
 23 91.4046   2031.752192  x:  0.00000   0.19002   0.02179   0.01771   0.02278   0.07283   0.06131   0.08965   0.11188   0.04940   0.16150   0.00000   0.18742   0.00603   0.02907   0.02850   0.02885   0.04621   0.07622   0.11050   0.04313   0.16701   0.23043   6.92128   1.93037   1.27828   1.95042   1.04831  
 24  3.0882   2031.426759  x:  0.00000   0.18795   0.02137   0.01693   0.02253   0.07030   0.06010   0.09542   0.11372   0.04999   0.16083   0.00000   0.18588   0.00708   0.02857   0.02885   0.02813   0.04713   0.07512   0.11258   0.04305   0.16659   0.23549   6.75066   1.80252   1.19777   1.84886   1.02627  
 25 97.9771   2031.413183  x:  0.00000   0.19189   0.02136   0.01694   0.02253   0.07032   0.06009   0.09530   0.11383   0.04999   0.16053   0.00000   0.18208   0.00730   0.02859   0.02884   0.02815   0.04721   0.07540   0.11262   0.04305   0.16702   0.23557   6.74028   1.80189   1.19675   1.84594   1.03290  
 26  1.5097   2031.330279  x:  0.00000   0.18877   0.02155   0.01732   0.02262   0.07044   0.05996   0.09503   0.11434   0.05024   0.15959   0.00000   0.18664   0.00815   0.02862   0.02880   0.02821   0.04764   0.07700   0.11313   0.04329   0.16683   0.23657   6.67240   1.80319   1.19336   1.83022   1.07912  
 27  7.9076   2031.076693  x:  0.00000   0.19137   0.02188   0.01923   0.02291   0.07052   0.05959   0.09344   0.11581   0.05133   0.15573   0.00000   0.18983   0.01169   0.02886   0.02860   0.02894   0.04947   0.08319   0.11436   0.04432   0.16812   0.23706   6.44133   1.82961   1.20952   1.85721   1.02697  
 28  2.2907   2031.016259  x:  0.00000   0.19162   0.02296   0.02063   0.02319   0.06996   0.06137   0.09676   0.11600   0.05165   0.15714   0.00000   0.18956   0.01095   0.02924   0.02870   0.03218   0.04953   0.08283   0.11457   0.04509   0.16820   0.23667   6.36563   1.82241   1.20513   1.84489   1.02936  
 29  0.1226   2030.991824  x:  0.00000   0.19193   0.02343   0.01975   0.02360   0.07014   0.06367   0.09852   0.11580   0.05227   0.15870   0.00000   0.18987   0.01135   0.02973   0.02876   0.03130   0.05065   0.08329   0.11417   0.04604   0.16848   0.23543   6.41754   1.82364   1.20672   1.84021   1.03167  
 30  0.0382   2030.989329  x:  0.00000   0.19186   0.02294   0.02009   0.02342   0.07029   0.06418   0.09877   0.11582   0.05257   0.15778   0.00000   0.18975   0.01123   0.02947   0.02881   0.03118   0.05098   0.08343   0.11418   0.04621   0.16830   0.23576   6.42166   1.82291   1.20643   1.84183   1.03145  
 31  0.0045   2030.989123  x:  0.00000   0.19183   0.02296   0.01994   0.02339   0.07034   0.06426   0.09863   0.11583   0.05266   0.15774   0.00000   0.18974   0.01120   0.02943   0.02881   0.03129   0.05107   0.08353   0.11420   0.04619   0.16826   0.23587   6.41877   1.82295   1.20644   1.84261   1.03121  
 32  0.0039   2030.989086  x:  0.00000   0.19182   0.02301   0.01997   0.02340   0.07033   0.06429   0.09857   0.11584   0.05269   0.15782   0.00000   0.18973   0.01116   0.02944   0.02881   0.03124   0.05109   0.08353   0.11422   0.04616   0.16828   0.23590   6.41846   1.82293   1.20640   1.84274   1.03114  
 33  0.0004   2030.989084  x:  0.00000   0.19183   0.02300   0.01997   0.02340   0.07031   0.06430   0.09855   0.11585   0.05270   0.15782   0.00000   0.18975   0.01116   0.02945   0.02881   0.03125   0.05109   0.08353   0.11423   0.04615   0.16829   0.23589   6.41916   1.82297   1.20640   1.84267   1.03115  
 34  0.0007   2030.989084  x:  0.00000   0.19183   0.02300   0.01997   0.02340   0.07031   0.06430   0.09855   0.11585   0.05270   0.15782   0.00000   0.18975   0.01115   0.02945   0.02881   0.03125   0.05109   0.08353   0.11423   0.04615   0.16829   0.23588   6.41894   1.82298   1.20642   1.84266   1.03115  
 35  0.0002   2030.989084  x:  0.00000   0.19183   0.02300   0.01997   0.02340   0.07031   0.06430   0.09855   0.11585   0.05270   0.15782   0.00000   0.18975   0.01115   0.02945   0.02881   0.03125   0.05109   0.08353   0.11423   0.04615   0.16829   0.23588   6.41897   1.82298   1.20641   1.84265   1.03115  
 36  0.0000   2030.989084  x:  0.00000   0.19183   0.02300   0.01997   0.02340   0.07031   0.06430   0.09855   0.11585   0.05270   0.15782   0.00000   0.18975   0.01115   0.02945   0.02881   0.03125   0.05109   0.08353   0.11423   0.04615   0.16829   0.23588   6.41897   1.82298   1.20641   1.84265   1.03115  

TREE # 2

  0  0.0000   2382.728535  x:  0.00000   0.19183   0.02300   0.01997   0.02340   0.07031   0.06430   0.09855   0.11585   0.05270   0.15782   0.00000   0.18975   0.01115   0.02945   0.02881   0.03125   0.05109   0.08353   0.11423   0.04615   0.16829   0.23588   6.41897   1.78524   1.09076   1.66831   1.03115  
  1 99.0000   2215.389076  x:  0.22673   0.19292   0.05250   0.05767   0.02835   0.06735   0.06728   0.09567   0.11455   0.05505   0.15553   0.37515   0.19079   0.06771   0.05572   0.03433   0.03073   0.05614   0.08042   0.11351   0.04361   0.16560   0.23257   6.41895   1.78513   1.09101   1.66856   1.03120  
  2 14280.8045   2112.768097  x:  0.23735   0.11962   0.23847   0.23724   0.07212   0.01309   0.11670   0.04123   0.08983   0.00794   0.09009   0.32482   0.11567   0.18902   0.23547   0.09599   0.01949   0.13342   0.02428   0.10130   0.00000   0.11824   0.17384   6.41922   1.78063   1.09833   1.67066   1.03127  
  3 735.2529   2101.391717  x:  0.24614   0.09022   0.25940   0.25930   0.07101   0.00000   0.12312   0.02889   0.08502   0.01682   0.06957   0.31470   0.08549   0.20440   0.25793   0.09577   0.01637   0.14166   0.01525   0.09974   0.05854   0.10631   0.15445   6.41935   1.77879   1.10140   1.67128   1.03114  
  4 635.3693   2072.231875  x:  0.27474   0.00712   0.26563   0.27316   0.05912   0.04420   0.12603   0.02110   0.07895   0.04179   0.02073   0.29687   0.00000   0.21370   0.27083   0.07417   0.01537   0.13987   0.01871   0.09713   0.06973   0.07296   0.10024   6.41969   1.77391   1.10958   1.67281   1.03077  
  5 424.5503   2070.658510  x:  0.27705   0.00000   0.26533   0.27342   0.05770   0.04278   0.12595   0.02146   0.07876   0.04225   0.01990   0.29562   0.00000   0.21389   0.27111   0.07265   0.01594   0.13943   0.01854   0.09703   0.06929   0.07128   0.09651   6.41971   1.77354   1.11019   1.67294   1.03075  
  6 469.2853   2069.474950  x:  0.29302   0.00000   0.26385   0.27615   0.05593   0.04204   0.12591   0.01467   0.07843   0.04545   0.03165   0.28616   0.00000   0.21577   0.27294   0.06580   0.01073   0.13752   0.02110   0.09668   0.06858   0.06806   0.07826   6.41988   1.77094   1.11444   1.67408   1.03071  
  7 148.9111   2068.761004  x:  0.31279   0.00000   0.26202   0.27976   0.06089   0.04572   0.12624   0.02254   0.07936   0.04510   0.03906   0.27399   0.00000   0.21815   0.27495   0.06520   0.01579   0.13649   0.02230   0.09671   0.07086   0.07374   0.06830   6.42012   1.76761   1.11978   1.67581   1.03065  
  8 90.2424   2067.277986  x:  0.36747   0.00000   0.25010   0.28307   0.06986   0.04639   0.12479   0.01686   0.08252   0.03236   0.03251   0.24198   0.00000   0.21970   0.27348   0.06654   0.01531   0.13207   0.01604   0.09748   0.07141   0.09148   0.06398   6.42080   1.75800   1.13518   1.68090   1.03056  
  9 102.1085   2066.590235  x:  0.39820   0.00000   0.24531   0.28643   0.06987   0.04280   0.12518   0.01992   0.08237   0.03433   0.02912   0.22342   0.00000   0.22101   0.27422   0.06872   0.00912   0.13207   0.02441   0.09780   0.07029   0.09242   0.07282   6.42128   1.75209   1.14462   1.68425   1.03053  
 10 106.6760   2066.116376  x:  0.42126   0.00000   0.24176   0.28865   0.06778   0.04155   0.12568   0.01635   0.08138   0.03992   0.03018   0.20947   0.00000   0.22136   0.27474   0.07176   0.01488   0.13313   0.02634   0.09784   0.06899   0.08857   0.08317   6.42171   1.74736   1.15222   1.68713   1.03047  
 11 136.4970   2065.873579  x:  0.43210   0.00000   0.24021   0.28940   0.06564   0.04264   0.12609   0.01841   0.08067   0.04241   0.03252   0.20297   0.00000   0.22070   0.27472   0.07278   0.01327   0.13448   0.01957   0.09759   0.06858   0.08398   0.08909   6.42201   1.74478   1.15641   1.68893   1.03044  
 12 72.4730   2065.760640  x:  0.43523   0.00000   0.24075   0.28873   0.06349   0.04472   0.12650   0.01896   0.08065   0.03535   0.03433   0.20133   0.00000   0.21753   0.27464   0.07270   0.01384   0.13774   0.02052   0.09751   0.07015   0.07879   0.09084   6.42252   1.74275   1.15993   1.69135   1.03037  
 13 13.5900   2065.053700  x:  0.43603   0.00000   0.25269   0.28078   0.06045   0.04194   0.13046   0.01857   0.08602   0.03894   0.03324   0.20118   0.00000   0.18459   0.27671   0.07206   0.01359   0.15956   0.02048   0.09814   0.06747   0.08527   0.08721   6.42843   1.72599   1.19078   1.71772   1.02962  
 14  9.3063   2063.285422  x:  0.42140   0.00000   0.25562   0.27117   0.07546   0.03309   0.12210   0.01947   0.06170   0.03772   0.03344   0.20212   0.00000   0.16696   0.28172   0.06712   0.01431   0.13539   0.02067   0.09786   0.06322   0.08140   0.08732   6.44435   1.69618   1.25440   1.78236   1.02717  
 15 24.0270   2060.948125  x:  0.39755   0.00000   0.24738   0.26322   0.07589   0.02401   0.11506   0.02027   0.09250   0.03626   0.03474   0.20099   0.00000   0.17473   0.28417   0.06723   0.01518   0.10243   0.02111   0.09751   0.05796   0.07461   0.08757   6.46749   1.66479   1.33332   1.87182   1.02340  
 16 101.0411   2057.227318  x:  0.36608   0.00000   0.20369   0.25227   0.04568   0.01461   0.12244   0.02154   0.08166   0.03259   0.03647   0.19374   0.00000   0.22729   0.26181   0.06867   0.01593   0.12011   0.02176   0.09797   0.04804   0.09165   0.07987   6.50227   1.65166   1.41651   1.99252   1.01711  
 17 80.0425   2055.563421  x:  0.36258   0.00000   0.19105   0.24486   0.06836   0.00283   0.12407   0.02141   0.08543   0.03452   0.03411   0.18583   0.00000   0.23823   0.23984   0.06104   0.01661   0.13555   0.02167   0.09837   0.04281   0.08025   0.07690   6.51765   1.67254   1.42828   2.03416   1.01408  
 18 54.2776   2053.938604  x:  0.36678   0.00000   0.19933   0.24301   0.06258   0.00000   0.12024   0.02181   0.08460   0.03371   0.03452   0.17750   0.00000   0.23343   0.22924   0.06139   0.01690   0.12987   0.02176   0.09924   0.04049   0.08195   0.07656   6.52727   1.69999   1.42256   2.05310   1.01221  
 19 46.2087   2053.938604  x:  0.36678   0.00000   0.19933   0.24301   0.06258   0.00000   0.12024   0.02181   0.08460   0.03371   0.03452   0.17750   0.00000   0.23343   0.22924   0.06139   0.01690   0.12987   0.02176   0.09924   0.04049   0.08195   0.07656   6.52727   1.69999   1.42256   2.05310   1.01221  
 20 16.8168   2050.632310  x:  0.35740   0.00000   0.19537   0.23716   0.05918   0.04149   0.11885   0.03168   0.08427   0.03002   0.03142   0.15631   0.00000   0.22443   0.22403   0.05801   0.02294   0.12658   0.01900   0.09892   0.02820   0.07748   0.07144   6.52730   1.70340   1.41962   2.05122   1.01215  
 21 269.4338   2042.462904  x:  0.33025   0.00000   0.18374   0.21837   0.03806   0.03694   0.11452   0.03424   0.08281   0.02452   0.02809   0.09461   0.00000   0.19830   0.20991   0.04872   0.02667   0.11832   0.01852   0.09840   0.00596   0.06744   0.06013   6.52735   1.71342   1.41097   2.04549   1.01219  
 22 205.6192   2038.234410  x:  0.30924   0.00000   0.17510   0.20436   0.02644   0.03674   0.11161   0.03617   0.08195   0.02245   0.02703   0.04815   0.00000   0.17857   0.19953   0.04275   0.02873   0.11282   0.01936   0.09844   0.01667   0.06163   0.05380   6.52738   1.72126   1.40416   2.04109   1.01224  
 23 712.5976   2037.004804  x:  0.29542   0.00000   0.17066   0.19707   0.04020   0.03606   0.11116   0.03467   0.08216   0.02812   0.03073   0.03447   0.00000   0.16772   0.19448   0.04601   0.02672   0.11161   0.01891   0.09851   0.01556   0.06332   0.05675   6.52737   1.72692   1.39905   2.03816   1.01237  
 24 134.8475   2035.204964  x:  0.25134   0.00000   0.15902   0.17673   0.04207   0.03645   0.11041   0.03223   0.08259   0.02482   0.02820   0.04656   0.00000   0.13818   0.18073   0.05235   0.02462   0.10981   0.02032   0.09863   0.01671   0.06839   0.06322   6.52733   1.74623   1.38143   2.02835   1.01284  
 25 87.4569   2034.856016  x:  0.23679   0.00000   0.15938   0.17686   0.03989   0.03588   0.11183   0.03545   0.08300   0.03158   0.03313   0.04904   0.00000   0.14029   0.18142   0.04989   0.02702   0.11204   0.01727   0.09841   0.01688   0.06814   0.06121   6.52725   1.75684   1.37129   2.02325   1.01321  
 26 44.1190   2034.292726  x:  0.21211   0.00000   0.16326   0.18228   0.04293   0.03550   0.11464   0.03531   0.08336   0.02908   0.03084   0.04839   0.00000   0.15208   0.18649   0.04631   0.02703   0.11715   0.02337   0.09805   0.01669   0.06734   0.05852   6.52703   1.78113   1.34778   2.01152   1.01415  
 27 70.6376   2034.061541  x:  0.20587   0.00000   0.16517   0.18485   0.04306   0.03542   0.11487   0.03376   0.08325   0.02602   0.02918   0.04719   0.00000   0.15634   0.18852   0.04839   0.02546   0.11776   0.01740   0.09819   0.01700   0.06733   0.05971   6.52691   1.79323   1.33598   2.00548   1.01467  
 28 71.8347   2033.595266  x:  0.20928   0.00000   0.16863   0.18901   0.03751   0.03682   0.11169   0.03194   0.08243   0.02830   0.03172   0.04532   0.00000   0.15873   0.19089   0.05829   0.02482   0.11272   0.02078   0.09905   0.01651   0.06817   0.06683   6.52650   1.82966   1.30013   1.98636   1.01641  
 29 48.5731   2032.898533  x:  0.22656   0.00000   0.16947   0.19074   0.04247   0.03499   0.10806   0.03575   0.08179   0.02931   0.02765   0.04824   0.00000   0.15370   0.19064   0.05143   0.02540   0.10554   0.01943   0.09891   0.01738   0.06777   0.06241   6.52581   1.88819   1.24244   1.95398   1.01941  
 30 90.5229   2032.810652  x:  0.22986   0.00000   0.16825   0.19009   0.04279   0.03542   0.10951   0.03378   0.08218   0.02677   0.03168   0.04851   0.00000   0.15281   0.19021   0.05018   0.02542   0.10832   0.01939   0.09844   0.01740   0.06773   0.06114   6.52569   1.89591   1.23498   1.94884   1.02001  
 31 43.2431   2032.759841  x:  0.23255   0.00000   0.16593   0.18880   0.04210   0.03578   0.11257   0.03246   0.08293   0.02814   0.03010   0.04815   0.00000   0.15261   0.18974   0.05068   0.02545   0.11395   0.01931   0.09781   0.01732   0.06781   0.06105   6.52558   1.90025   1.23111   1.94441   1.02069  
 32 20.2308   2032.751320  x:  0.23296   0.00000   0.16490   0.18831   0.04217   0.03544   0.11309   0.03424   0.08278   0.02757   0.03023   0.04803   0.00000   0.15308   0.18983   0.05097   0.02521   0.11476   0.01937   0.09790   0.01730   0.06778   0.06178   6.52551   1.90068   1.23110   1.94214   1.02117  
 33  6.1074   2032.720495  x:  0.23341   0.00000   0.16075   0.18641   0.04248   0.03545   0.11269   0.03333   0.08182   0.02764   0.03019   0.04832   0.00000   0.15607   0.19092   0.05064   0.02660   0.11350   0.01926   0.09890   0.01737   0.06754   0.06246   6.52503   1.90045   1.23432   1.92637   1.02471  
 34  5.8471   2032.697388  x:  0.23355   0.00000   0.16013   0.18608   0.04216   0.03577   0.11242   0.03316   0.08224   0.02818   0.03037   0.04851   0.00000   0.15680   0.19146   0.05057   0.02410   0.11300   0.01940   0.09885   0.01736   0.06787   0.06162   6.52462   1.89975   1.23701   1.91360   1.02762  
 35 21.2163   2032.649555  x:  0.23369   0.00000   0.16372   0.18761   0.04247   0.03530   0.11241   0.03382   0.08423   0.02771   0.03032   0.04847   0.00000   0.15518   0.19203   0.05215   0.02556   0.11370   0.01941   0.09762   0.01749   0.06884   0.06025   6.52366   1.89720   1.24268   1.88522   1.03416  
 36 27.7220   2032.634772  x:  0.23367   0.00000   0.16559   0.18869   0.04240   0.03535   0.11286   0.03353   0.08345   0.02786   0.03033   0.04847   0.00000   0.15411   0.19173   0.05065   0.02551   0.11430   0.01934   0.09784   0.01743   0.06799   0.06229   6.52330   1.89566   1.24379   1.87645   1.03623  
 37 16.7848   2032.627430  x:  0.23361   0.00000   0.16590   0.18960   0.04249   0.03529   0.11342   0.03356   0.08153   0.02792   0.03034   0.04856   0.00000   0.15384   0.19084   0.05120   0.02543   0.11455   0.01938   0.09926   0.01746   0.06785   0.06152   6.52296   1.89276   1.24207   1.87267   1.03725  
 38  3.6687   2032.567971  x:  0.23307   0.00000   0.16400   0.19393   0.04232   0.03483   0.11398   0.03349   0.08433   0.02787   0.03035   0.04850   0.00000   0.15540   0.18560   0.05052   0.02566   0.11386   0.01938   0.10118   0.01746   0.07040   0.06240   6.51951   1.85995   1.21813   1.84490   1.04512  
 39  7.0359   2032.502075  x:  0.23257   0.00000   0.16372   0.19350   0.04299   0.03430   0.11296   0.03340   0.08394   0.02810   0.03049   0.04925   0.00000   0.15612   0.18626   0.05204   0.02539   0.11391   0.01944   0.09744   0.01784   0.06611   0.06218   6.51561   1.82309   1.19084   1.81505   1.05299  
 40 39.0168   2032.467604  x:  0.23252   0.00000   0.16536   0.19047   0.04270   0.03420   0.11274   0.03338   0.08210   0.02814   0.03045   0.04897   0.00000   0.15585   0.19065   0.05139   0.02543   0.11441   0.01937   0.09701   0.01777   0.06916   0.06246   6.51345   1.80352   1.17626   1.79950   1.05623  
 41 30.8423   2032.460479  x:  0.23255   0.00000   0.16601   0.18941   0.04277   0.03414   0.11322   0.03338   0.08328   0.02812   0.03046   0.04903   0.00000   0.15554   0.19220   0.05149   0.02539   0.11437   0.01938   0.09912   0.01777   0.06844   0.06243   6.51295   1.79996   1.17367   1.79658   1.05583  
 42  6.9647   2032.386639  x:  0.23263   0.00000   0.16485   0.19194   0.04301   0.03301   0.11750   0.03314   0.08327   0.02817   0.03056   0.04938   0.00000   0.15496   0.19405   0.05192   0.02522   0.11223   0.01944   0.09785   0.01803   0.06879   0.06271   6.50581   1.78346   1.16548   1.77718   1.01339  
 43  1.5565   2032.359980  x:  0.23276   0.00000   0.16508   0.19198   0.04324   0.03259   0.11288   0.03320   0.08327   0.02826   0.03057   0.04956   0.00000   0.15555   0.19330   0.05188   0.02515   0.11492   0.01942   0.09897   0.01809   0.06885   0.06280   6.50307   1.77825   1.16303   1.77098   0.99911  
 44 15.2027   2032.323288  x:  0.23362   0.00000   0.17060   0.18544   0.04369   0.03192   0.11387   0.03315   0.08322   0.02828   0.03060   0.04987   0.00000   0.16055   0.18709   0.05211   0.02513   0.11431   0.01946   0.09869   0.01829   0.06897   0.06295   6.49814   1.77707   1.16326   1.77040   0.99466  
 45  1.6012   2031.107263  x:  0.24076   0.00000   0.17223   0.19123   0.04995   0.01179   0.11507   0.03108   0.08396   0.02892   0.03130   0.05519   0.00000   0.16314   0.19256   0.05428   0.02345   0.11703   0.01942   0.09861   0.02231   0.07150   0.06573   6.34789   1.78961   1.20255   1.82836   1.01405  
 46  2.3345   2031.009764  x:  0.23656   0.00000   0.16901   0.18877   0.04751   0.00965   0.11432   0.02987   0.08361   0.02863   0.03109   0.05225   0.00000   0.15802   0.19097   0.05288   0.02320   0.11597   0.01980   0.09852   0.02251   0.07051   0.06446   6.39515   1.81325   1.20253   1.83492   1.02381  
 47  0.0753   2030.992431  x:  0.23575   0.00000   0.16805   0.18916   0.04648   0.01127   0.11413   0.02927   0.08348   0.02872   0.03113   0.05140   0.00000   0.15706   0.19142   0.05263   0.02297   0.11578   0.01995   0.09854   0.02256   0.07031   0.06425   6.41629   1.82239   1.20496   1.84050   1.02950  
 48  0.0523   2030.989741  x:  0.23591   0.00000   0.16825   0.19007   0.04610   0.01111   0.11423   0.02945   0.08353   0.02885   0.03127   0.05111   0.00000   0.15794   0.19205   0.05273   0.02295   0.11586   0.01998   0.09857   0.02300   0.07034   0.06434   6.42460   1.82457   1.20737   1.84441   1.03255  
 49  0.0079   2030.989125  x:  0.23584   0.00000   0.16834   0.18970   0.04610   0.01115   0.11426   0.02947   0.08353   0.02882   0.03126   0.05104   0.00000   0.15789   0.19182   0.05268   0.02304   0.11586   0.01998   0.09854   0.02335   0.07029   0.06428   6.41483   1.82254   1.20634   1.84243   1.03094  
 50  0.0060   2030.989084  x:  0.23589   0.00000   0.16831   0.18974   0.04615   0.01115   0.11424   0.02944   0.08353   0.02882   0.03125   0.05109   0.00000   0.15783   0.19183   0.05270   0.02300   0.11586   0.01997   0.09855   0.02340   0.07031   0.06430   6.41922   1.82290   1.20639   1.84260   1.03109  
 51  0.0043   2030.989084  x:  0.23588   0.00000   0.16829   0.18975   0.04615   0.01115   0.11423   0.02945   0.08353   0.02881   0.03125   0.05109   0.00000   0.15782   0.19183   0.05270   0.02300   0.11585   0.01997   0.09855   0.02340   0.07031   0.06430   6.41900   1.82298   1.20641   1.84265   1.03114  
 52  0.0003   2030.989084  x:  0.23588   0.00000   0.16829   0.18975   0.04615   0.01115   0.11423   0.02945   0.08353   0.02881   0.03125   0.05109   0.00000   0.15782   0.19183   0.05270   0.02300   0.11585   0.01997   0.09855   0.02340   0.07031   0.06430   6.41896   1.82298   1.20642   1.84266   1.03115  
 53  0.0000   2030.989084  x:  0.23588   0.00000   0.16829   0.18975   0.04615   0.01115   0.11423   0.02945   0.08353   0.02881   0.03125   0.05109   0.00000   0.15782   0.19183   0.05270   0.02300   0.11585   0.01997   0.09855   0.02340   0.07031   0.06430   6.41897   1.82298   1.20641   1.84266   1.03115  
 54  0.0000   2030.989084  x:  0.23588   0.00000   0.16829   0.18975   0.04615   0.01115   0.11423   0.02945   0.08353   0.02881   0.03125   0.05109   0.00000   0.15782   0.19183   0.05270   0.02300   0.11585   0.01997   0.09855   0.02340   0.07031   0.06430   6.41897   1.82298   1.20641   1.84266   1.03115  