

TREE # 1

  0  0.0000   2280.937282  x:  0.00000   0.05207   0.06936   0.02853   0.07991   0.08984   0.05639   0.06483   0.11737   0.04392   0.11944   0.02743   0.05732   0.02438   0.01563   0.07908   0.07897   0.04594   0.07427   0.05388   0.09685   0.08496   0.06379   2.00000   1.88955   1.30984   1.54880   0.40000  
  1 99.0000   2280.932729  x:  0.00000   0.05208   0.06936   0.02853   0.07990   0.08984   0.05639   0.06483   0.11738   0.04392   0.11944   0.02743   0.05733   0.02439   0.01563   0.07908   0.07897   0.04594   0.07427   0.05388   0.09685   0.08496   0.06379   2.00000   1.88955   1.30984   1.54880   0.40000  
  2 773.9277   2269.817330  x:  0.00000   0.04948   0.05782   0.01031   0.06192   0.08383   0.06231   0.06732   0.11550   0.03832   0.14207   0.01730   0.06727   0.01822   0.01270   0.05966   0.08877   0.03947   0.08547   0.04756   0.07902   0.10211   0.08016   2.00562   1.88895   1.30812   1.54845   0.42022  
  3 375.0642   2262.147544  x:  0.00000   0.03443   0.04619   0.02056   0.04235   0.07747   0.06759   0.06971   0.11359   0.03293   0.16267   0.00785   0.06585   0.01250   0.01036   0.03781   0.09792   0.03330   0.09619   0.04111   0.05907   0.11615   0.08593   2.01197   1.88834   1.30628   1.54753   0.44252  
  4 811.6525   2256.708499  x:  0.00000   0.03290   0.03594   0.02075   0.02301   0.07149   0.07108   0.07074   0.11123   0.03107   0.17803   0.01138   0.05381   0.02905   0.01199   0.01600   0.10470   0.02962   0.10460   0.03620   0.03867   0.12431   0.07822   2.01929   1.88772   1.30426   1.54600   0.46615  
  5 543.3957   2255.084368  x:  0.00000   0.03965   0.03408   0.02121   0.01896   0.06949   0.07157   0.07050   0.11015   0.03261   0.18217   0.01497   0.04978   0.02326   0.01271   0.00901   0.10628   0.03028   0.10754   0.03344   0.03137   0.12480   0.07131   2.02337   1.88743   1.30315   1.54497   0.47763  
  6 286.4135   2253.252771  x:  0.00000   0.03893   0.03450   0.02132   0.02288   0.06602   0.07144   0.06916   0.10746   0.03645   0.18964   0.01876   0.05564   0.02303   0.01405   0.01732   0.10841   0.03489   0.11378   0.02741   0.02219   0.12270   0.06070   2.03582   1.88660   1.29970   1.54194   0.50929  
  7 147.8344   2249.707913  x:  0.00000   0.03900   0.04302   0.02140   0.03421   0.06231   0.06765   0.06491   0.10213   0.03910   0.19848   0.02033   0.05229   0.02463   0.00738   0.01248   0.10782   0.04124   0.12282   0.03175   0.03998   0.10837   0.06052   2.07507   1.88405   1.28920   1.53195   0.59748  
  8 191.2833   2248.607555  x:  0.00000   0.03918   0.04503   0.02138   0.03405   0.06360   0.06562   0.06403   0.10146   0.03725   0.19659   0.01942   0.05021   0.02356   0.02074   0.01327   0.10534   0.04064   0.12275   0.03445   0.04437   0.10209   0.06433   2.09406   1.88283   1.28441   1.52686   0.63349  
  9 317.1890   2246.349990  x:  0.00000   0.04163   0.04212   0.02116   0.02074   0.07387   0.06221   0.06610   0.10569   0.02966   0.17382   0.01662   0.05171   0.02240   0.01548   0.02048   0.09424   0.03143   0.10867   0.03390   0.04085   0.09540   0.06836   2.13512   1.88030   1.27502   1.51502   0.68860  
 10 165.2827   2245.374019  x:  0.00000   0.03895   0.03918   0.02047   0.02614   0.07786   0.06352   0.06782   0.10855   0.03621   0.15846   0.01648   0.05529   0.02281   0.01579   0.01418   0.09052   0.03054   0.09801   0.03577   0.03572   0.10123   0.07017   2.16153   1.87863   1.26951   1.50726   0.70982  
 11 135.8271   2244.744199  x:  0.00000   0.04111   0.03904   0.02048   0.02850   0.07626   0.06708   0.06881   0.11090   0.03463   0.15190   0.01291   0.04932   0.02280   0.01548   0.01759   0.09391   0.03581   0.09359   0.03572   0.03567   0.11205   0.07114   2.19002   1.87665   1.26421   1.49886   0.71725  
 12 79.7028   2243.670033  x:  0.00000   0.03914   0.04215   0.02096   0.02397   0.07112   0.07068   0.06882   0.11387   0.02876   0.14549   0.02238   0.05327   0.02133   0.01672   0.01783   0.10107   0.03923   0.09035   0.03720   0.04246   0.12342   0.06806   2.25330   1.87199   1.25302   1.48006   0.72085  
 13 137.2249   2239.346581  x:  0.00000   0.03989   0.04798   0.01960   0.01408   0.05971   0.06954   0.06509   0.11737   0.04483   0.14387   0.01126   0.05649   0.02190   0.01859   0.01972   0.11400   0.02547   0.09285   0.03695   0.05182   0.12401   0.05762   2.51274   1.85198   1.20792   1.40289   0.71328  
 14 256.3029   2231.974566  x:  0.00000   0.03874   0.04379   0.01994   0.03018   0.05763   0.06189   0.06243   0.12069   0.04007   0.15436   0.02302   0.04661   0.02157   0.01510   0.01980   0.12147   0.01456   0.10308   0.02750   0.03870   0.10435   0.07241   2.99571   1.81299   1.12412   1.26065   0.69192  
 15 1021.1849   2228.692374  x:  0.00000   0.03795   0.03959   0.01963   0.02919   0.06528   0.05763   0.06337   0.11932   0.03408   0.16163   0.01780   0.05047   0.02322   0.01442   0.01324   0.11579   0.03710   0.10758   0.02945   0.03136   0.08921   0.07362   3.24218   1.79166   1.08124   1.18995   0.67912  
 16 1415.4088   2227.442440  x:  0.00000   0.03925   0.03770   0.01994   0.03273   0.07774   0.06401   0.06862   0.10949   0.02904   0.17301   0.01689   0.05115   0.02306   0.01503   0.01394   0.09738   0.03383   0.11031   0.03628   0.03375   0.09727   0.06593   3.32185   1.77989   1.06688   1.17485   0.67529  
 17 189.4197   2227.139143  x:  0.00000   0.03808   0.03905   0.02000   0.02951   0.07980   0.06481   0.06906   0.10463   0.03376   0.17591   0.02002   0.04909   0.02242   0.01484   0.01571   0.09068   0.03576   0.10982   0.03448   0.03484   0.10012   0.06852   3.34166   1.77392   1.06314   1.17601   0.67427  
 18 87.3404   2226.597255  x:  0.00000   0.03804   0.04342   0.01997   0.03068   0.07576   0.06208   0.06509   0.09651   0.03021   0.17653   0.01786   0.04964   0.02333   0.01579   0.01266   0.08453   0.03588   0.10474   0.02595   0.03521   0.10147   0.06782   3.37501   1.75291   1.05658   1.19525   0.67238  
 19 46.5529   2225.014046  x:  0.00000   0.03778   0.03669   0.01985   0.03093   0.06608   0.05831   0.06094   0.08541   0.02888   0.17770   0.01869   0.04846   0.02142   0.01388   0.01584   0.08508   0.03602   0.09737   0.04009   0.03007   0.09738   0.06790   3.47844   1.67598   1.03599   1.27250   0.66781  
 20 127.7273   2223.694573  x:  0.00000   0.03655   0.03571   0.01894   0.03157   0.07819   0.06555   0.07104   0.09966   0.03115   0.17750   0.01922   0.04722   0.02153   0.01475   0.01445   0.09099   0.03664   0.10358   0.03278   0.03405   0.09206   0.06549   3.56181   1.60940   1.02132   1.33911   0.66486  
 21 172.6412   2223.500987  x:  0.00000   0.03618   0.04142   0.01875   0.03132   0.08116   0.06197   0.06747   0.10432   0.03103   0.17587   0.01908   0.04686   0.02169   0.01435   0.01404   0.08959   0.03651   0.10954   0.03505   0.03129   0.09492   0.06575   3.57149   1.60042   1.02293   1.34580   0.66471  
 22 32.9023   2223.187693  x:  0.00000   0.03649   0.03379   0.01900   0.03162   0.08098   0.05876   0.06157   0.10672   0.03136   0.17244   0.01918   0.04732   0.02173   0.01473   0.01424   0.08629   0.03709   0.11704   0.03323   0.03435   0.09791   0.06553   3.58022   1.58933   1.03458   1.34760   0.66527  
 23 16.5084   2220.607794  x:  0.00000   0.03898   0.03798   0.01990   0.03181   0.06867   0.07552   0.07307   0.09575   0.03082   0.15727   0.01725   0.05087   0.02330   0.01399   0.01358   0.08126   0.03744   0.13753   0.03461   0.03096   0.09450   0.07166   3.63902   1.50392   1.15383   1.34148   0.67178  
 24 43.5376   2217.585009  x:  0.00000   0.04085   0.04019   0.02080   0.03236   0.08727   0.05894   0.07269   0.09798   0.03380   0.18117   0.01841   0.05279   0.02348   0.01408   0.01574   0.09813   0.03736   0.10957   0.03555   0.03378   0.10128   0.07179   3.69987   1.41912   1.27773   1.33311   0.68097  
 25 121.5613   2216.422945  x:  0.00000   0.04134   0.04170   0.02097   0.03212   0.07895   0.07287   0.06033   0.11790   0.03450   0.19462   0.01874   0.05370   0.02345   0.01381   0.01670   0.08774   0.03785   0.09642   0.03778   0.03272   0.09850   0.07308   3.71697   1.41088   1.29431   1.33648   0.68317  
 26 30.8067   2209.066763  x:  0.00000   0.04624   0.04059   0.02204   0.03446   0.04434   0.04484   0.10053   0.14913   0.03575   0.21309   0.01808   0.05990   0.02538   0.01429   0.01819   0.06468   0.03982   0.09294   0.03970   0.03556   0.11118   0.07822   3.79688   1.45248   1.27622   1.38370   0.69051  
 27 25.4216   2151.018348  x:  0.00000   0.10013   0.04586   0.04757   0.03341   0.08231   0.09089   0.06486   0.10355   0.04763   0.24636   0.00675   0.12968   0.05239   0.01171   0.02200   0.13697   0.04189   0.13956   0.03236   0.03903   0.17214   0.15634   4.54561   1.93562   0.99919   1.86239   0.75106  
 28 213.5114   2149.226703  x:  0.00000   0.10060   0.04566   0.04769   0.03371   0.08916   0.08987   0.06678   0.10759   0.04787   0.25197   0.00721   0.12978   0.05229   0.01139   0.02203   0.13767   0.04260   0.13683   0.03351   0.03812   0.17085   0.15655   4.70916   2.20619   1.22176   2.05759   0.76048  
 29  7.2039   2133.047450  x:  0.00000   0.13307   0.02684   0.06589   0.02260   0.07222   0.07759   0.08324   0.10675   0.03766   0.26877   0.00849   0.16261   0.06411   0.00855   0.01142   0.12697   0.03269   0.11767   0.03122   0.01889   0.18975   0.19490   5.59437   1.60204   1.17816   1.72905   0.92098  
 30  0.6803   2126.315102  x:  0.00000   0.16886   0.04694   0.08304   0.02694   0.06277   0.06793   0.07336   0.10146   0.03142   0.27756   0.00499   0.19194   0.07226   0.01932   0.01336   0.11469   0.02913   0.11478   0.03219   0.04000   0.19210   0.21767   6.56798   1.90498   1.29052   1.78241   0.98624  
 31  0.5797   2123.559614  x:  0.00000   0.19798   0.03805   0.09767   0.02448   0.06667   0.06977   0.07018   0.09736   0.02383   0.26405   0.00402   0.21145   0.07658   0.01134   0.01525   0.10358   0.02934   0.12732   0.03332   0.02406   0.18451   0.23367   7.26950   1.77157   1.17182   1.59505   0.98976  
 32  0.3311   2122.616924  x:  0.00000   0.20925   0.03644   0.10237   0.02817   0.06421   0.07561   0.07525   0.10547   0.03114   0.25114   0.00372   0.21438   0.07537   0.01141   0.01260   0.11806   0.03549   0.12473   0.03055   0.02363   0.17557   0.22994   7.56851   1.76795   1.15186   1.64748   0.93723  
 33  0.1427   2122.251028  x:  0.00000   0.21926   0.03747   0.10705   0.02581   0.06985   0.07321   0.07297   0.10108   0.03016   0.24639   0.00441   0.21544   0.07358   0.01295   0.01472   0.11807   0.03341   0.11788   0.03457   0.02708   0.16810   0.22420   7.80999   1.76773   1.17120   1.65660   0.91320  
 34  0.1202   2122.027392  x:  0.00000   0.22591   0.03735   0.11008   0.02400   0.06564   0.07434   0.07343   0.10195   0.02621   0.24693   0.00407   0.21198   0.07141   0.01286   0.01275   0.11561   0.03067   0.12253   0.03174   0.02541   0.16612   0.21568   7.94787   1.77912   1.18061   1.65028   0.90309  
 35  0.0590   2121.834524  x:  0.00000   0.22639   0.03853   0.10950   0.02533   0.06535   0.07397   0.07495   0.10326   0.02765   0.25252   0.00456   0.20086   0.06722   0.01205   0.01467   0.11481   0.03109   0.12263   0.03236   0.02605   0.17200   0.20034   7.88395   1.78263   1.17299   1.66476   0.90777  
 36  0.0229   2121.783915  x:  0.00000   0.22918   0.03732   0.11080   0.02492   0.06638   0.07335   0.07295   0.10064   0.02814   0.25387   0.00437   0.19939   0.06724   0.01266   0.01330   0.11573   0.03193   0.12154   0.03219   0.02684   0.17524   0.19879   7.91314   1.76743   1.16715   1.65134   0.92346  
 37  0.0249   2121.769114  x:  0.00000   0.23218   0.03702   0.11213   0.02454   0.06672   0.07378   0.07315   0.10170   0.02788   0.25343   0.00457   0.19952   0.06788   0.01228   0.01369   0.11639   0.03228   0.12172   0.03268   0.02595   0.17536   0.19991   7.95707   1.77976   1.17109   1.65599   0.93066  
 38  0.0251   2121.758916  x:  0.00000   0.23418   0.03779   0.11283   0.02490   0.06600   0.07431   0.07364   0.10239   0.02788   0.25284   0.00448   0.19817   0.06856   0.01263   0.01379   0.11683   0.03210   0.12250   0.03227   0.02666   0.17485   0.20020   7.95029   1.77392   1.17233   1.65433   0.93455  
 39  0.0046   2121.744937  x:  0.00000   0.23515   0.03769   0.11289   0.02497   0.06727   0.07397   0.07362   0.10127   0.02799   0.25205   0.00479   0.19472   0.06957   0.01244   0.01350   0.11660   0.03158   0.12218   0.03222   0.02626   0.17292   0.20075   7.87150   1.77730   1.17199   1.65732   0.93361  
 40  0.0257   2121.741141  x:  0.00000   0.23524   0.03740   0.11282   0.02477   0.06620   0.07402   0.07328   0.10142   0.02789   0.25230   0.00503   0.19403   0.06985   0.01242   0.01363   0.11647   0.03185   0.12193   0.03251   0.02620   0.17265   0.20162   7.84048   1.77380   1.16989   1.65366   0.93077  
 41  0.0219   2121.739566  x:  0.00000   0.23584   0.03733   0.11290   0.02479   0.06632   0.07371   0.07341   0.10187   0.02786   0.25286   0.00471   0.19387   0.06978   0.01251   0.01355   0.11607   0.03210   0.12183   0.03239   0.02628   0.17305   0.20193   7.83377   1.77587   1.17104   1.65496   0.92812  
 42  0.0036   2121.738713  x:  0.00000   0.23657   0.03748   0.11305   0.02484   0.06652   0.07383   0.07334   0.10152   0.02784   0.25306   0.00482   0.19398   0.06961   0.01246   0.01359   0.11605   0.03208   0.12199   0.03243   0.02630   0.17372   0.20221   7.82960   1.77430   1.17108   1.65428   0.92665  
 43  0.0021   2121.738250  x:  0.00000   0.23671   0.03747   0.11290   0.02485   0.06636   0.07395   0.07340   0.10150   0.02786   0.25286   0.00466   0.19421   0.06942   0.01244   0.01358   0.11628   0.03189   0.12191   0.03248   0.02626   0.17390   0.20249   7.81680   1.77516   1.17129   1.65465   0.92657  
 44  0.0046   2121.737940  x:  0.00000   0.23693   0.03740   0.11280   0.02476   0.06643   0.07385   0.07342   0.10169   0.02787   0.25260   0.00477   0.19430   0.06917   0.01248   0.01358   0.11628   0.03191   0.12187   0.03236   0.02636   0.17380   0.20240   7.80894   1.77517   1.17104   1.65463   0.92697  
 45  0.0033   2121.737773  x:  0.00000   0.23717   0.03742   0.11275   0.02482   0.06644   0.07383   0.07335   0.10162   0.02786   0.25251   0.00474   0.19443   0.06907   0.01248   0.01358   0.11615   0.03199   0.12195   0.03246   0.02631   0.17353   0.20234   7.80677   1.77462   1.17101   1.65431   0.92741  
 46  0.0011   2121.737702  x:  0.00000   0.23720   0.03746   0.11266   0.02484   0.06639   0.07387   0.07340   0.10153   0.02783   0.25272   0.00476   0.19454   0.06911   0.01247   0.01357   0.11613   0.03201   0.12192   0.03241   0.02631   0.17342   0.20235   7.80466   1.77546   1.17152   1.65496   0.92748  
 47  0.0010   2121.737628  x:  0.00000   0.23737   0.03745   0.11258   0.02480   0.06643   0.07385   0.07342   0.10158   0.02785   0.25292   0.00474   0.19466   0.06919   0.01245   0.01358   0.11621   0.03199   0.12189   0.03242   0.02630   0.17340   0.20221   7.80460   1.77456   1.17099   1.65442   0.92738  
 48  0.0003   2121.737583  x:  0.00000   0.23742   0.03742   0.11248   0.02482   0.06643   0.07386   0.07336   0.10160   0.02786   0.25284   0.00475   0.19470   0.06928   0.01249   0.01357   0.11622   0.03198   0.12197   0.03244   0.02630   0.17346   0.20214   7.80375   1.77508   1.17116   1.65457   0.92722  
 49  0.0004   2121.737562  x:  0.00000   0.23743   0.03744   0.11242   0.02482   0.06643   0.07385   0.07339   0.10159   0.02785   0.25270   0.00474   0.19471   0.06931   0.01247   0.01358   0.11618   0.03199   0.12193   0.03242   0.02628   0.17352   0.20211   7.80392   1.77494   1.17123   1.65444   0.92722  
 50  0.0001   2121.737557  x:  0.00000   0.23746   0.03745   0.11240   0.02481   0.06642   0.07386   0.07339   0.10157   0.02785   0.25268   0.00474   0.19469   0.06931   0.01247   0.01357   0.11617   0.03200   0.12191   0.03244   0.02629   0.17353   0.20211   7.80493   1.77503   1.17124   1.65465   0.92727  
 51  0.0004   2121.737546  x:  0.00000   0.23748   0.03744   0.11234   0.02482   0.06642   0.07386   0.07339   0.10158   0.02784   0.25270   0.00474   0.19465   0.06930   0.01247   0.01358   0.11616   0.03199   0.12193   0.03242   0.02629   0.17351   0.20218   7.80693   1.77493   1.17107   1.65469   0.92727  
 52  0.0004   2121.737543  x:  0.00000   0.23748   0.03745   0.11231   0.02482   0.06642   0.07385   0.07339   0.10159   0.02785   0.25272   0.00475   0.19462   0.06928   0.01247   0.01358   0.11618   0.03199   0.12192   0.03243   0.02629   0.17351   0.20218   7.80759   1.77497   1.17118   1.65459   0.92731  
 53  0.0003   2121.737543  x:  0.00000   0.23748   0.03744   0.11231   0.02482   0.06642   0.07385   0.07339   0.10158   0.02786   0.25272   0.00475   0.19462   0.06928   0.01247   0.01358   0.11618   0.03199   0.12193   0.03243   0.02629   0.17351   0.20219   7.80758   1.77498   1.17118   1.65456   0.92730  
 54  0.0000   2121.737543  x:  0.00000   0.23748   0.03744   0.11231   0.02482   0.06642   0.07385   0.07339   0.10158   0.02785   0.25272   0.00475   0.19461   0.06928   0.01247   0.01358   0.11618   0.03199   0.12193   0.03243   0.02629   0.17351   0.20219   7.80757   1.77497   1.17118   1.65456   0.92730  
 55  0.0000   2121.737543  x:  0.00000   0.23748   0.03744   0.11231   0.02482   0.06642   0.07385   0.07339   0.10158   0.02785   0.25272   0.00475   0.19461   0.06928   0.01247   0.01358   0.11618   0.03199   0.12193   0.03243   0.02629   0.17351   0.20219   7.80757   1.77497   1.17118   1.65456   0.92730  
 56  0.0000   2121.737543  x:  0.00000   0.23748   0.03744   0.11231   0.02482   0.06642   0.07385   0.07339   0.10158   0.02785   0.25272   0.00475   0.19461   0.06928   0.01247   0.01358   0.11618   0.03199   0.12193   0.03243   0.02629   0.17351   0.20219   7.80757   1.77497   1.17118   1.65456   0.92730  
 57  0.0000   2121.737543  x:  0.00000   0.23748   0.03744   0.11231   0.02482   0.06642   0.07385   0.07339   0.10158   0.02785   0.25272   0.00475   0.19461   0.06928   0.01247   0.01358   0.11618   0.03199   0.12193   0.03243   0.02629   0.17351   0.20219   7.80756   1.77497   1.17118   1.65456   0.92730  

TREE # 2

  0  0.0000   2187.350464  x:  0.12111   0.03044   0.14358   0.06229   0.04258   0.02546   0.08321   0.00000   0.07108   0.04286   0.05504   0.08550   0.04686   0.17215   0.06523   0.04694   0.02931   0.08575   0.05076   0.05984   0.06110   0.05569   0.07220   7.80756   1.62809   1.13332   1.49382   0.92730  
  1 99.0000   2169.059388  x:  0.13367   0.02226   0.14970   0.10224   0.03708   0.05275   0.07411   0.17163   0.08637   0.03788   0.07967   0.07156   0.02858   0.18467   0.11120   0.04530   0.03597   0.09369   0.07071   0.06558   0.04871   0.06028   0.07257   7.80754   1.62876   1.13224   1.49508   0.92757  
  2 1268.5789   2149.690791  x:  0.14904   0.01111   0.15595   0.12876   0.03296   0.05805   0.05704   0.16013   0.09665   0.02277   0.09464   0.05442   0.00000   0.19870   0.14477   0.03921   0.03815   0.09986   0.08690   0.07024   0.03321   0.06417   0.07303   7.80750   1.62975   1.13087   1.49672   0.92786  
  3 339.1309   2147.640319  x:  0.16034   0.03639   0.15915   0.13435   0.03698   0.07147   0.03455   0.15746   0.10557   0.01713   0.09180   0.04296   0.00000   0.20758   0.15132   0.03215   0.03225   0.09469   0.08329   0.06658   0.04016   0.06087   0.07337   7.80743   1.63145   1.12894   1.49943   0.92806  
  4 109.7016   2147.427749  x:  0.16376   0.03277   0.15905   0.13154   0.03502   0.07646   0.02881   0.15723   0.10953   0.01716   0.08971   0.04352   0.00000   0.21257   0.14971   0.03490   0.03702   0.09109   0.08206   0.06562   0.04176   0.06026   0.07345   7.80737   1.63328   1.12692   1.50204   0.92829  
  5 31.6373   2147.331197  x:  0.16690   0.02951   0.15899   0.12924   0.03539   0.08024   0.03086   0.15723   0.11243   0.01542   0.08882   0.04370   0.00000   0.21767   0.14819   0.03352   0.03397   0.08918   0.08111   0.06543   0.04229   0.06023   0.07345   7.80727   1.63592   1.12410   1.50580   0.92857  
  6 22.2983   2147.265249  x:  0.16885   0.02995   0.15913   0.12839   0.03645   0.07985   0.03164   0.15708   0.11277   0.01974   0.08972   0.04358   0.00000   0.22242   0.14717   0.03265   0.03397   0.09040   0.08194   0.06612   0.04177   0.06058   0.07332   7.80708   1.64112   1.11900   1.51304   0.92900  
  7 13.0946   2147.093893  x:  0.17024   0.03307   0.15931   0.12685   0.03673   0.07497   0.03236   0.15790   0.10977   0.01601   0.09089   0.04384   0.00000   0.23106   0.14454   0.03427   0.03610   0.09332   0.08299   0.06674   0.04104   0.06078   0.07298   7.80650   1.65702   1.10424   1.53501   0.93025  
  8 32.6713   2146.922786  x:  0.16595   0.03092   0.15938   0.12896   0.03409   0.07282   0.02868   0.15807   0.10762   0.01686   0.08953   0.04410   0.00000   0.23065   0.14631   0.03441   0.03178   0.09183   0.08073   0.06516   0.04051   0.06019   0.07307   7.80583   1.67505   1.09024   1.55953   0.93141  
  9 33.3648   2146.742478  x:  0.16126   0.03006   0.15949   0.13217   0.03698   0.07669   0.03120   0.15678   0.10856   0.01692   0.08789   0.04266   0.00000   0.22432   0.15010   0.03271   0.03530   0.08884   0.07968   0.06450   0.04149   0.05975   0.07319   7.80505   1.69561   1.07748   1.58703   0.93251  
 10 52.3042   2146.626276  x:  0.16312   0.03094   0.15884   0.13007   0.03504   0.07984   0.03044   0.15604   0.11208   0.01632   0.09042   0.04394   0.00000   0.21582   0.14965   0.03329   0.03410   0.08969   0.08428   0.06746   0.04173   0.06101   0.07264   7.80448   1.70930   1.07597   1.60433   0.93273  
 11 23.3733   2146.449884  x:  0.17184   0.02877   0.15725   0.12811   0.03577   0.07797   0.02934   0.15642   0.11363   0.01591   0.09150   0.04109   0.00000   0.20790   0.14867   0.03120   0.03503   0.09300   0.08117   0.06336   0.03786   0.05923   0.07252   7.80355   1.72982   1.08841   1.62793   0.93206  
 12 18.2958   2145.978012  x:  0.18585   0.02691   0.15619   0.13459   0.03883   0.07400   0.03209   0.15508   0.11146   0.01734   0.08785   0.04205   0.00000   0.20466   0.15432   0.04069   0.03261   0.09090   0.07839   0.06574   0.04199   0.06087   0.07415   7.80083   1.78661   1.13871   1.69015   0.92928  
 13 45.4919   2145.082022  x:  0.18475   0.02481   0.15687   0.14040   0.03205   0.07427   0.03115   0.15287   0.10569   0.01623   0.08667   0.04745   0.00000   0.21173   0.15693   0.02694   0.03676   0.08803   0.08213   0.07005   0.04553   0.06152   0.07305   7.79596   1.88612   1.23505   1.79647   0.92411  
 14 124.5839   2144.351350  x:  0.16794   0.02460   0.15923   0.13825   0.03589   0.08075   0.02972   0.15024   0.10788   0.01555   0.09324   0.04088   0.00000   0.22205   0.15682   0.03257   0.03440   0.08855   0.08865   0.06468   0.03717   0.05928   0.07109   7.79184   1.96872   1.31663   1.88242   0.92020  
 15 166.5165   2144.254752  x:  0.16411   0.02515   0.16103   0.13695   0.03492   0.07927   0.02999   0.14992   0.11423   0.01518   0.09329   0.04056   0.00000   0.22365   0.15874   0.03292   0.03474   0.09247   0.08464   0.06633   0.03716   0.06187   0.07403   7.79127   1.97833   1.32497   1.89009   0.92062  
 16 23.3267   2144.126081  x:  0.16340   0.02387   0.16447   0.13721   0.03764   0.07562   0.02914   0.14968   0.11952   0.01468   0.09283   0.04347   0.00000   0.22418   0.16085   0.03248   0.03443   0.09384   0.08568   0.06690   0.03890   0.05643   0.07043   7.79045   1.98561   1.32606   1.88644   0.92453  
 17  5.0995   2142.975301  x:  0.16921   0.02100   0.18305   0.14001   0.03272   0.06568   0.03195   0.14645   0.12723   0.01512   0.09002   0.03397   0.00000   0.22540   0.16588   0.03032   0.03518   0.08497   0.09528   0.06012   0.03922   0.06575   0.06314   7.78303   2.04005   1.31905   1.83223   0.96354  
 18 19.3340   2140.936009  x:  0.18002   0.01497   0.19516   0.14993   0.03858   0.07549   0.02637   0.13754   0.11900   0.01277   0.09924   0.04195   0.00000   0.22887   0.17521   0.02864   0.03491   0.08542   0.09461   0.06596   0.02552   0.06601   0.07887   7.76984   2.13011   1.30283   1.73403   1.03108  
 19 122.1466   2140.161887  x:  0.18261   0.01124   0.18512   0.15453   0.03057   0.08322   0.02892   0.13275   0.11464   0.01335   0.10535   0.03447   0.00000   0.23214   0.18188   0.03080   0.03486   0.09613   0.09236   0.06734   0.03405   0.05884   0.07753   7.76485   2.15752   1.29566   1.69933   1.05358  
 20 89.2452   2139.594218  x:  0.18360   0.01368   0.16199   0.15951   0.02813   0.08542   0.03008   0.12954   0.11890   0.01299   0.10316   0.03900   0.00000   0.23621   0.19022   0.03140   0.03521   0.09924   0.09141   0.06495   0.02861   0.06307   0.06699   7.76144   2.16383   1.28968   1.68114   1.06328  
 21 36.8214   2139.193410  x:  0.18304   0.01022   0.14681   0.15988   0.03358   0.08003   0.02634   0.12886   0.12240   0.01177   0.10261   0.03457   0.00000   0.23799   0.19274   0.02862   0.03475   0.09663   0.09634   0.06781   0.03041   0.06490   0.07074   7.75914   2.15524   1.28470   1.67514   1.06398  
 22 24.9563   2138.208313  x:  0.18745   0.01289   0.13848   0.16288   0.02489   0.07361   0.03216   0.12456   0.13045   0.01263   0.10697   0.03327   0.00000   0.24214   0.20319   0.02816   0.03605   0.08598   0.10281   0.06586   0.02475   0.05374   0.08347   7.75374   2.11123   1.27101   1.67337   1.05449  
 23 33.1280   2133.821840  x:  0.20434   0.00000   0.15417   0.17631   0.02450   0.07537   0.03118   0.10657   0.13301   0.00996   0.12872   0.04106   0.00000   0.25298   0.23536   0.02581   0.03715   0.09059   0.11048   0.04834   0.02961   0.06322   0.08474   7.73285   1.91224   1.21568   1.68100   1.00382  
 24 103.9572   2133.821840  x:  0.20434   0.00000   0.15417   0.17631   0.02450   0.07537   0.03118   0.10657   0.13301   0.00996   0.12872   0.04106   0.00000   0.25298   0.23536   0.02581   0.03715   0.09059   0.11048   0.04834   0.02961   0.06322   0.08474   7.73285   1.91224   1.21568   1.68100   1.00382  
 25 200.6278   2128.464320  x:  0.20424   0.04825   0.16339   0.18323   0.03339   0.07096   0.02571   0.05032   0.12731   0.01673   0.12137   0.02876   0.00000   0.25280   0.23654   0.02977   0.03822   0.09812   0.11231   0.08131   0.02054   0.06555   0.07664   7.73293   1.91011   1.21600   1.68184   1.00138  
 26 193.2018   2124.992027  x:  0.20323   0.04285   0.16668   0.18574   0.03169   0.06857   0.02904   0.01184   0.12414   0.01204   0.11767   0.02878   0.00000   0.25292   0.23651   0.02918   0.03767   0.10140   0.11285   0.08840   0.02303   0.06675   0.07302   7.73297   1.90852   1.21612   1.68247   0.99988  
 27 201.4849   2124.851326  x:  0.20284   0.04022   0.16797   0.18694   0.03063   0.06820   0.02954   0.00988   0.12321   0.01729   0.11659   0.02869   0.00000   0.25296   0.23650   0.02929   0.03764   0.10235   0.11294   0.09025   0.02167   0.06698   0.07217   7.73300   1.90769   1.21615   1.68282   0.99913  
 28 47.2986   2124.687862  x:  0.20156   0.03526   0.17299   0.19163   0.02905   0.06677   0.03094   0.01173   0.11983   0.01656   0.11274   0.02666   0.00000   0.25304   0.23660   0.02992   0.03763   0.10575   0.11337   0.09848   0.01987   0.06784   0.06936   7.73310   1.90445   1.21630   1.68418   0.99616  
 29 30.0102   2124.643318  x:  0.20108   0.03400   0.17521   0.19385   0.03014   0.06693   0.02922   0.01223   0.11887   0.01684   0.11183   0.02861   0.00000   0.25305   0.23667   0.02995   0.03756   0.10658   0.11342   0.10103   0.02168   0.06793   0.06945   7.73316   1.90234   1.21639   1.68505   0.99423  
 30 23.6563   2124.602308  x:  0.20055   0.03281   0.17809   0.19706   0.03226   0.06814   0.02842   0.01195   0.11898   0.01645   0.11250   0.02857   0.00000   0.25302   0.23681   0.02953   0.03742   0.10606   0.11299   0.10107   0.01985   0.06734   0.07180   7.73332   1.89725   1.21661   1.68709   0.98954  
 31 13.0295   2124.546059  x:  0.19999   0.03309   0.18180   0.20130   0.03198   0.06875   0.03023   0.01187   0.11981   0.01692   0.11397   0.02690   0.00000   0.25296   0.23705   0.02970   0.03762   0.10485   0.11259   0.10016   0.02190   0.06680   0.07387   7.73362   1.88778   1.21697   1.69080   0.98080  
 32 26.6224   2124.467460  x:  0.19962   0.03446   0.18480   0.20514   0.02825   0.06765   0.03011   0.01174   0.12103   0.01637   0.11541   0.02918   0.00000   0.25293   0.23733   0.03014   0.03798   0.10359   0.11245   0.09791   0.02098   0.06690   0.07281   7.73410   1.87260   1.21745   1.69653   0.96677  
 33 37.2741   2124.369334  x:  0.19990   0.03403   0.18348   0.20515   0.02990   0.06681   0.02780   0.01170   0.12145   0.01651   0.11486   0.02709   0.00000   0.25304   0.23741   0.02915   0.03760   0.10393   0.11301   0.09505   0.02144   0.06807   0.06809   7.73481   1.85142   1.21769   1.70401   0.94721  
 34 36.0414   2124.299949  x:  0.20048   0.03415   0.18038   0.20261   0.03234   0.06703   0.03076   0.01193   0.12087   0.01666   0.11340   0.02882   0.00000   0.25317   0.23739   0.02962   0.03777   0.10511   0.11354   0.09536   0.02109   0.06836   0.06768   7.73537   1.83519   1.21737   1.70937   0.93227  
 35 48.8511   2124.243983  x:  0.20111   0.03359   0.17675   0.19856   0.03063   0.06728   0.02950   0.01188   0.11979   0.01658   0.11221   0.02817   0.00000   0.25333   0.23725   0.03032   0.03799   0.10615   0.11364   0.09756   0.02120   0.06757   0.07153   7.73585   1.82186   1.21637   1.71320   0.92017  
 36 36.4102   2124.237088  x:  0.20119   0.03347   0.17684   0.19755   0.03036   0.06764   0.02964   0.01195   0.11981   0.01660   0.11311   0.02827   0.00000   0.25331   0.23716   0.02900   0.03741   0.10563   0.11315   0.09860   0.02123   0.06725   0.07133   7.73596   1.82015   1.21512   1.71285   0.91897  
 37  4.9995   2124.225103  x:  0.20126   0.03275   0.17766   0.19564   0.03062   0.06813   0.02949   0.01192   0.12010   0.01657   0.11504   0.02821   0.00000   0.25325   0.23704   0.03009   0.03809   0.10424   0.11238   0.10003   0.02120   0.06712   0.07047   7.73620   1.81707   1.21130   1.71099   0.91737  
 38  6.6043   2124.167826  x:  0.20113   0.03228   0.18233   0.19155   0.03144   0.06477   0.02955   0.01202   0.12098   0.01665   0.11421   0.02822   0.00000   0.25306   0.23654   0.02968   0.03773   0.10423   0.11223   0.09896   0.02116   0.07019   0.07194   7.73763   1.80220   1.18732   1.69663   0.91228  
 39  7.5284   2124.096668  x:  0.20065   0.03244   0.18397   0.19128   0.03053   0.06793   0.02952   0.01193   0.12033   0.01649   0.11164   0.02824   0.00000   0.25324   0.23606   0.02959   0.03804   0.10602   0.11329   0.09653   0.02128   0.06606   0.07079   7.73947   1.78338   1.15807   1.67709   0.90714  
 40 29.9299   2124.031750  x:  0.20028   0.03166   0.17687   0.19817   0.03009   0.06851   0.02958   0.01185   0.11890   0.01641   0.11403   0.02826   0.00000   0.25377   0.23619   0.03005   0.03688   0.10519   0.11337   0.09738   0.02128   0.06851   0.07090   7.74127   1.76480   1.13576   1.65654   0.90462  
 41 18.5719   2124.010157  x:  0.20070   0.03112   0.17527   0.19970   0.03050   0.06665   0.02960   0.01187   0.11988   0.01645   0.11400   0.02827   0.00000   0.25351   0.23667   0.02880   0.03945   0.10475   0.11276   0.09795   0.02130   0.06732   0.07100   7.74192   1.75784   1.13177   1.64857   0.90493  
 42 12.4792   2123.940165  x:  0.20297   0.02964   0.17495   0.20038   0.03095   0.06491   0.02963   0.01188   0.12357   0.01647   0.11207   0.02831   0.00000   0.25174   0.23913   0.03043   0.03625   0.10346   0.11110   0.09866   0.02138   0.06491   0.07087   7.74415   1.73402   1.12765   1.62095   0.90864  
 43 15.6606   2123.835170  x:  0.20535   0.02840   0.17731   0.19900   0.02968   0.06942   0.02966   0.01184   0.12399   0.01633   0.11163   0.02839   0.00000   0.24975   0.24182   0.02935   0.03832   0.10450   0.11168   0.09791   0.02143   0.06887   0.07108   7.74757   1.69788   1.12467   1.57921   0.91530  
 44 45.3441   2123.798862  x:  0.20395   0.02821   0.17861   0.19787   0.03016   0.06754   0.02978   0.01189   0.11956   0.01639   0.11461   0.02841   0.00000   0.25088   0.24070   0.02952   0.03792   0.10556   0.11383   0.09657   0.02145   0.06742   0.07130   7.74879   1.68651   1.12453   1.56657   0.91793  
 45 16.9777   2123.764521  x:  0.19834   0.02803   0.17867   0.19711   0.03014   0.06779   0.02981   0.01190   0.12038   0.01636   0.11299   0.02845   0.00000   0.25660   0.23458   0.02955   0.03802   0.10385   0.11306   0.09641   0.02149   0.06767   0.07130   7.75005   1.68082   1.12496   1.56259   0.92095  
 46  3.3734   2123.643150  x:  0.20180   0.02534   0.17884   0.19726   0.03002   0.06781   0.02977   0.01185   0.12617   0.01621   0.11758   0.02851   0.00000   0.26258   0.22930   0.03030   0.03747   0.11324   0.11146   0.09616   0.02159   0.06752   0.07138   7.75486   1.67533   1.12429   1.56953   0.93122  
 47  2.1905   2122.910285  x:  0.22029   0.01228   0.17911   0.19713   0.02905   0.06760   0.03038   0.01161   0.11695   0.01574   0.11218   0.02880   0.00000   0.26683   0.22768   0.02922   0.03799   0.10286   0.11125   0.09059   0.02199   0.06749   0.07137   7.78238   1.65752   1.12082   1.61852   0.98336  
 48 12.9615   2122.564675  x:  0.20245   0.00617   0.17653   0.19474   0.02869   0.06768   0.03054   0.01154   0.12018   0.01547   0.11386   0.02898   0.00000   0.25428   0.23779   0.02891   0.03775   0.10553   0.11294   0.08892   0.02215   0.06732   0.07151   7.79552   1.65773   1.12188   1.63659   0.99756  
 49 17.3072   2122.445818  x:  0.20283   0.00466   0.17659   0.19516   0.02852   0.06760   0.03073   0.01155   0.11613   0.01542   0.11348   0.02907   0.00000   0.25228   0.23540   0.02954   0.03797   0.10783   0.10233   0.08595   0.02249   0.06760   0.07130   7.80049   1.67017   1.12674   1.63284   0.98631  
 50  6.4998   2122.277267  x:  0.20796   0.00084   0.17719   0.19621   0.02837   0.06779   0.03084   0.01157   0.11823   0.01532   0.11381   0.02922   0.00000   0.25410   0.23025   0.02930   0.03781   0.10627   0.10791   0.08576   0.02250   0.06744   0.07156   7.80756   1.69299   1.13521   1.62344   0.96362  
 51 17.8685   2122.264827  x:  0.20782   0.00063   0.17739   0.19593   0.02836   0.06780   0.03085   0.01159   0.11816   0.01532   0.11382   0.02924   0.00000   0.25893   0.23469   0.02920   0.03784   0.10624   0.10763   0.08553   0.02252   0.06745   0.07157   7.80810   1.69504   1.13588   1.62273   0.96169  
 52  3.1990   2121.786848  x:  0.20410   0.00475   0.17418   0.19536   0.02653   0.06923   0.03147   0.01358   0.12168   0.01536   0.11602   0.03060   0.00000   0.25606   0.23570   0.02830   0.03759   0.10284   0.11236   0.07202   0.02328   0.06662   0.07358   7.82847   1.75861   1.16321   1.63732   0.92820  
 53  0.2189   2121.745816  x:  0.20236   0.00499   0.17422   0.19527   0.02616   0.06912   0.03220   0.01202   0.12156   0.01362   0.11570   0.03126   0.00000   0.25418   0.23676   0.02792   0.03743   0.10247   0.11272   0.07354   0.02414   0.06665   0.07335   7.82223   1.77177   1.16972   1.64645   0.92472  
 54  0.0397   2121.737892  x:  0.20183   0.00479   0.17342   0.19462   0.02626   0.06931   0.03239   0.01247   0.12188   0.01357   0.11615   0.03183   0.00000   0.25238   0.23765   0.02781   0.03744   0.10144   0.11237   0.07330   0.02462   0.06643   0.07383   7.81259   1.77525   1.17150   1.65494   0.92853  
 55  0.0184   2121.737554  x:  0.20222   0.00476   0.17349   0.19460   0.02630   0.06929   0.03243   0.01248   0.12195   0.01358   0.11620   0.03197   0.00000   0.25270   0.23749   0.02786   0.03744   0.10156   0.11229   0.07344   0.02479   0.06642   0.07386   7.80818   1.77513   1.17124   1.65475   0.92714  
 56  0.0048   2121.737543  x:  0.20220   0.00475   0.17351   0.19461   0.02629   0.06928   0.03243   0.01247   0.12193   0.01358   0.11618   0.03199   0.00000   0.25272   0.23748   0.02786   0.03744   0.10159   0.11230   0.07338   0.02481   0.06642   0.07385   7.80766   1.77499   1.17118   1.65463   0.92727  
 57  0.0007   2121.737543  x:  0.20218   0.00475   0.17351   0.19461   0.02629   0.06928   0.03243   0.01247   0.12193   0.01358   0.11618   0.03199   0.00000   0.25272   0.23748   0.02785   0.03744   0.10158   0.11231   0.07339   0.02482   0.06642   0.07385   7.80756   1.77498   1.17118   1.65456   0.92730  
 58  0.0001   2121.737543  x:  0.20219   0.00475   0.17351   0.19462   0.02629   0.06928   0.03243   0.01247   0.12193   0.01358   0.11618   0.03199   0.00000   0.25272   0.23748   0.02785   0.03744   0.10158   0.11231   0.07339   0.02482   0.06642   0.07385   7.80756   1.77497   1.17118   1.65456   0.92730  
 59  0.0000   2121.737543  x:  0.20219   0.00475   0.17351   0.19461   0.02629   0.06928   0.03243   0.01247   0.12193   0.01358   0.11618   0.03199   0.00000   0.25272   0.23748   0.02785   0.03744   0.10158   0.11231   0.07339   0.02482   0.06642   0.07385   7.80757   1.77497   1.17118   1.65456   0.92730  
 60  0.0000   2121.737543  x:  0.20219   0.00475   0.17351   0.19461   0.02629   0.06928   0.03243   0.01247   0.12193   0.01358   0.11618   0.03199   0.00000   0.25272   0.23748   0.02785   0.03744   0.10158   0.11231   0.07339   0.02482   0.06642   0.07385   7.80756   1.77497   1.17118   1.65456   0.92730  