

TREE # 1

  0  0.0000   2527.373980  x:  0.00000   0.01104   0.09844   0.02599   0.08789   0.09688   0.04494   0.06048   0.09570   0.06421   0.11418   0.02549   0.03138   0.00610   0.05797   0.07959   0.07782   0.03518   0.06736   0.09869   0.12409   0.10346   0.06613   2.00000   1.50893   1.18450   1.20140   0.40000  
  1 99.0000   2527.366874  x:  0.00000   0.01105   0.09845   0.02599   0.08789   0.09688   0.04494   0.06049   0.09570   0.06422   0.11418   0.02549   0.03138   0.00610   0.05798   0.07959   0.07782   0.03518   0.06736   0.09869   0.12409   0.10347   0.06613   2.00000   1.50893   1.18449   1.20140   0.40000  
  2 971.4903   2513.990613  x:  0.00000   0.00000   0.10495   0.02441   0.08329   0.09595   0.04285   0.06210   0.09463   0.07435   0.11879   0.02203   0.04112   0.00551   0.07261   0.07608   0.07591   0.03327   0.06557   0.10673   0.12574   0.11166   0.07595   2.00304   1.51031   1.18478   1.20391   0.40923  
  3 1162.5931   2497.522601  x:  0.00000   0.00132   0.12075   0.02140   0.06954   0.09339   0.03762   0.06589   0.09143   0.08049   0.12885   0.01413   0.06648   0.00000   0.05993   0.06526   0.07110   0.02793   0.05955   0.11899   0.12667   0.12867   0.08013   2.01675   1.51929   1.19091   1.21712   0.43326  
  4 554.5537   2485.200125  x:  0.00000   0.00324   0.14508   0.01696   0.04459   0.08903   0.03003   0.07146   0.08603   0.08351   0.14494   0.00000   0.10238   0.03444   0.04514   0.04613   0.06340   0.02041   0.04999   0.13496   0.12716   0.15327   0.08073   2.04351   1.53687   1.20311   1.24265   0.47620  
  5 1505.2355   2472.281330  x:  0.00000   0.00521   0.16087   0.01910   0.01703   0.08485   0.03224   0.07319   0.08127   0.05716   0.15622   0.00000   0.11653   0.03372   0.07242   0.02998   0.05909   0.02634   0.04397   0.13237   0.12311   0.16227   0.05620   2.09038   1.56845   1.22618   1.28660   0.53056  
  6 396.8388   2419.878474  x:  0.00000   0.00698   0.19350   0.05126   0.07486   0.07096   0.07075   0.06364   0.06666   0.07753   0.18129   0.00000   0.12072   0.04039   0.12032   0.04063   0.05767   0.06106   0.04667   0.03383   0.05948   0.14162   0.13168   2.43605   1.79796   1.39333   1.60111   0.86076  
  7 440.8212   2404.104686  x:  0.00000   0.00821   0.17555   0.04121   0.08630   0.07942   0.06263   0.06013   0.07473   0.09585   0.17166   0.00000   0.10790   0.04208   0.13443   0.06147   0.06463   0.04807   0.05485   0.07912   0.01533   0.13277   0.12966   2.54873   1.87091   1.44608   1.69585   0.93014  
  8 583.2046   2391.111633  x:  0.00000   0.01014   0.13912   0.01144   0.08809   0.09335   0.03349   0.06201   0.08930   0.12012   0.15162   0.00000   0.10248   0.04261   0.14927   0.07806   0.07208   0.01178   0.06228   0.09114   0.05585   0.13744   0.12310   2.65953   1.93976   1.49463   1.77943   0.96157  
  9 450.8873   2386.616176  x:  0.00000   0.01083   0.11962   0.01801   0.07465   0.09872   0.01762   0.07080   0.09813   0.13535   0.14156   0.00000   0.09986   0.04446   0.15177   0.07496   0.07579   0.04530   0.06057   0.10105   0.07139   0.15705   0.13144   2.72627   1.97690   1.51802   1.81727   0.93971  
 10 211.5524   2379.247476  x:  0.00000   0.01102   0.10754   0.02512   0.03977   0.10210   0.06947   0.08060   0.10591   0.15589   0.13670   0.00000   0.08485   0.04708   0.15679   0.05454   0.06824   0.05511   0.04753   0.12019   0.09181   0.19458   0.16040   2.86472   2.04929   1.55948   1.88263   0.85642  
 11 299.4187   2368.631237  x:  0.00000   0.00958   0.16183   0.02548   0.02416   0.08578   0.04574   0.07005   0.09081   0.15622   0.17110   0.00000   0.05101   0.04786   0.17082   0.02792   0.04965   0.04525   0.04280   0.13114   0.09666   0.21697   0.20222   3.04552   2.13723   1.60256   1.95130   0.71912  
 12 283.2077   2366.409315  x:  0.00000   0.01082   0.17518   0.02781   0.03816   0.08121   0.04815   0.07374   0.08235   0.14382   0.18795   0.00000   0.06647   0.05048   0.17839   0.04593   0.05586   0.04644   0.04593   0.13870   0.10244   0.22823   0.20692   3.09591   2.15786   1.60779   1.96231   0.68240  
 13 172.4172   2364.597401  x:  0.00000   0.01298   0.15532   0.01432   0.03836   0.09235   0.04245   0.07903   0.07733   0.14104   0.20282   0.00000   0.10147   0.05090   0.18699   0.03356   0.07514   0.03835   0.04654   0.11773   0.07447   0.22401   0.21208   3.16580   2.16644   1.58259   1.93674   0.66081  
 14 43.3052   2362.657883  x:  0.00000   0.01561   0.14021   0.02559   0.03064   0.09781   0.03324   0.08013   0.08309   0.14733   0.20676   0.00000   0.13993   0.05168   0.19643   0.03730   0.07511   0.02150   0.04699   0.09125   0.04438   0.22084   0.20886   3.24423   2.17283   1.55093   1.90297   0.64143  
 15 186.2245   2361.239068  x:  0.00000   0.01755   0.14000   0.01359   0.03164   0.09655   0.03243   0.07606   0.08766   0.15760   0.19900   0.00000   0.16567   0.05239   0.20248   0.04018   0.06510   0.02226   0.04748   0.07401   0.02593   0.21853   0.19861   3.30698   2.17497   1.52352   1.87235   0.63088  
 16 171.8392   2359.723019  x:  0.00000   0.01938   0.14690   0.02087   0.04358   0.09613   0.03394   0.07224   0.08706   0.16809   0.18527   0.00000   0.18426   0.05267   0.20606   0.02537   0.06804   0.02191   0.04676   0.07346   0.02475   0.20432   0.18546   3.39411   2.17241   1.48076   1.82374   0.63023  
 17 114.0744   2356.362195  x:  0.00000   0.02050   0.16400   0.02123   0.02464   0.09549   0.03766   0.07197   0.07295   0.17907   0.16924   0.00000   0.19472   0.05155   0.20231   0.03474   0.08284   0.02760   0.04743   0.07533   0.03148   0.16914   0.18240   3.59551   2.15819   1.37642   1.70424   0.64522  
 18 231.4154   2348.976453  x:  0.00000   0.01729   0.16043   0.01657   0.03872   0.08840   0.03356   0.09820   0.08552   0.14970   0.16787   0.00000   0.15952   0.04592   0.19058   0.03829   0.06156   0.02514   0.03473   0.08520   0.03801   0.19086   0.19102   4.06327   2.09907   1.13196   1.41891   0.70586  
 19 275.5931   2347.693624  x:  0.00000   0.01637   0.15715   0.01836   0.03809   0.08860   0.03611   0.08075   0.08527   0.14862   0.17413   0.00000   0.15163   0.04485   0.18656   0.03628   0.06282   0.02583   0.05867   0.08570   0.04004   0.20670   0.18880   4.15708   2.07481   1.08898   1.36558   0.71873  
 20 203.6375   2346.899504  x:  0.00000   0.01591   0.15427   0.01957   0.03906   0.08900   0.03614   0.06184   0.08124   0.15234   0.17937   0.00000   0.14706   0.04435   0.18531   0.03956   0.06991   0.02617   0.04740   0.08426   0.04009   0.21664   0.18365   4.21029   2.04300   1.07498   1.34214   0.72456  
 21 84.7594   2342.855109  x:  0.00000   0.01529   0.15808   0.02247   0.04177   0.08901   0.03718   0.08674   0.06175   0.17930   0.19716   0.00000   0.13500   0.04115   0.18227   0.04198   0.07885   0.02241   0.04956   0.07251   0.03332   0.22569   0.15397   4.51010   1.76350   1.05359   1.25381   0.74488  
 22 81.9576   2338.477435  x:  0.00000   0.01650   0.16074   0.01949   0.03967   0.09113   0.03735   0.07953   0.09252   0.16507   0.20296   0.00000   0.14933   0.03863   0.17962   0.04012   0.07726   0.02446   0.05129   0.07662   0.03562   0.20523   0.16398   4.83282   1.44835   1.03451   1.16816   0.76535  
 23 383.3975   2337.921853  x:  0.00000   0.01704   0.15564   0.02048   0.03979   0.09101   0.03503   0.07608   0.07676   0.15567   0.18877   0.00000   0.15422   0.03832   0.18021   0.03911   0.07008   0.02252   0.05220   0.07859   0.03441   0.20653   0.17186   4.87172   1.40775   1.02894   1.16163   0.76770  
 24 75.3975   2337.783950  x:  0.00000   0.01702   0.16053   0.02008   0.03923   0.09070   0.03423   0.07726   0.07869   0.15347   0.18040   0.00000   0.15358   0.03820   0.18052   0.03936   0.07701   0.02036   0.05268   0.07656   0.03191   0.21190   0.17347   4.87697   1.39896   1.01886   1.16804   0.76775  
 25 10.8110   2337.246793  x:  0.00000   0.01717   0.16012   0.02024   0.03951   0.09667   0.03461   0.07669   0.07772   0.15691   0.18691   0.00000   0.15371   0.03731   0.18014   0.03955   0.07183   0.02192   0.05145   0.07759   0.03373   0.20972   0.17050   4.88376   1.37442   0.96274   1.20909   0.76782  
 26 12.4949   2337.037123  x:  0.00000   0.01736   0.15582   0.01974   0.03870   0.08207   0.03450   0.07679   0.07779   0.15831   0.18886   0.00000   0.15477   0.03688   0.18031   0.03856   0.07334   0.02150   0.05160   0.07857   0.03401   0.20850   0.17052   4.88244   1.37143   0.95471   1.21487   0.76927  
 27  9.5897   2315.880332  x:  0.00000   0.03469   0.20978   0.01057   0.02579   0.09072   0.01798   0.08080   0.07211   0.21129   0.23771   0.00000   0.23969   0.00000   0.24047   0.03319   0.06856   0.00437   0.04895   0.09981   0.02776   0.25025   0.21991   4.51515   1.43552   0.96776   1.15822   1.02113  
 28  4.1887   2304.109842  x:  0.00000   0.03381   0.23720   0.00000   0.03815   0.08689   0.02479   0.06939   0.08401   0.23556   0.23238   0.00000   0.23176   0.00000   0.28771   0.03669   0.04853   0.03648   0.05324   0.13347   0.05413   0.27882   0.24785   5.14094   1.72519   1.23186   1.52005   1.16197  
 29  1.4619   2298.868000  x:  0.00000   0.03057   0.22552   0.03844   0.04020   0.08692   0.03250   0.06874   0.09079   0.22632   0.23384   0.00000   0.22757   0.00000   0.31478   0.04441   0.05457   0.03973   0.05321   0.13255   0.04717   0.27613   0.26545   5.98362   1.84363   1.31346   1.65311   1.25058  
 30  1.4157   2292.692884  x:  0.00000   0.02757   0.20671   0.03222   0.03628   0.08155   0.03423   0.08071   0.07709   0.20238   0.20922   0.00000   0.21088   0.00000   0.33102   0.04183   0.06977   0.03332   0.04649   0.10951   0.02062   0.26155   0.27097   7.25044   1.67983   1.13467   1.40886   1.35084  
 31  0.7690   2290.657615  x:  0.00000   0.02512   0.21595   0.02572   0.03671   0.07843   0.03032   0.07729   0.07815   0.20523   0.19782   0.00000   0.17451   0.00000   0.34535   0.03902   0.05651   0.02528   0.04924   0.11990   0.04065   0.27059   0.26975   7.92624   1.62312   1.11562   1.37703   1.41183  
 32  0.6610   2289.167284  x:  0.00000   0.02783   0.22075   0.01652   0.03113   0.09006   0.03166   0.07328   0.08380   0.21638   0.22388   0.00000   0.19239   0.00000   0.38093   0.03395   0.05559   0.02034   0.05255   0.11083   0.03272   0.27253   0.26953   8.44260   1.62793   1.13644   1.40804   1.51377  
 33  0.3091   2288.739639  x:  0.00000   0.02987   0.22201   0.01625   0.03396   0.08135   0.03010   0.07517   0.07943   0.21574   0.21872   0.00000   0.20560   0.00000   0.39724   0.03471   0.06125   0.02272   0.04860   0.10698   0.02902   0.27406   0.26074   8.52225   1.68967   1.14598   1.42775   1.54244  
 34  0.0583   2288.231043  x:  0.00000   0.03220   0.21936   0.01759   0.03269   0.08332   0.03224   0.07837   0.07867   0.20258   0.20707   0.00000   0.20662   0.00000   0.41582   0.03693   0.05266   0.02433   0.04903   0.10619   0.03234   0.27628   0.23612   8.60583   1.68371   1.16150   1.41986   1.56560  
 35  0.0262   2288.011525  x:  0.00000   0.03355   0.21879   0.01767   0.03073   0.08513   0.03091   0.07685   0.08134   0.19229   0.21298   0.00000   0.20243   0.00000   0.42252   0.03510   0.06085   0.02490   0.05071   0.10786   0.03387   0.27348   0.22793   8.53301   1.66759   1.15798   1.42052   1.56722  
 36  0.0566   2287.871890  x:  0.00000   0.03574   0.21770   0.01820   0.03120   0.08401   0.03009   0.07331   0.08091   0.18850   0.21938   0.00000   0.20387   0.00000   0.42586   0.03363   0.05667   0.02445   0.05043   0.10908   0.03064   0.26918   0.22485   8.31783   1.66338   1.13836   1.42390   1.54804  
 37  0.1059   2287.775245  x:  0.00000   0.03837   0.22086   0.01794   0.03127   0.08267   0.03303   0.07550   0.07909   0.19130   0.21487   0.00000   0.20238   0.00000   0.42951   0.03368   0.05804   0.02306   0.04974   0.11191   0.03009   0.27043   0.22453   8.09227   1.65073   1.13698   1.41430   1.52564  
 38  0.1035   2287.724558  x:  0.00000   0.03972   0.22153   0.01770   0.03126   0.08414   0.03044   0.07582   0.08031   0.19124   0.21119   0.00000   0.19859   0.00000   0.43597   0.03487   0.05774   0.02267   0.05009   0.11160   0.02984   0.26881   0.22655   8.03563   1.66279   1.14889   1.41970   1.52021  
 39  0.0360   2287.700792  x:  0.00000   0.04106   0.21976   0.01781   0.03045   0.08452   0.03089   0.07534   0.08078   0.19244   0.21204   0.00000   0.20017   0.00000   0.44173   0.03456   0.05777   0.02362   0.04969   0.11034   0.03033   0.26752   0.22874   8.04187   1.65698   1.14125   1.40544   1.52408  
 40  0.0105   2287.691301  x:  0.00000   0.04134   0.21784   0.01796   0.03150   0.08381   0.03132   0.07487   0.08059   0.19253   0.21215   0.00000   0.19944   0.00000   0.44417   0.03451   0.05784   0.02354   0.05022   0.10912   0.03039   0.26669   0.22955   8.05022   1.65640   1.14369   1.41185   1.52224  
 41  0.0096   2287.689798  x:  0.00000   0.04126   0.21776   0.01809   0.03134   0.08387   0.03117   0.07528   0.08022   0.19259   0.21193   0.00000   0.19877   0.00000   0.44380   0.03453   0.05768   0.02369   0.05018   0.10875   0.03058   0.26723   0.22987   8.04314   1.65354   1.14132   1.41186   1.51822  
 42  0.0053   2287.688800  x:  0.00000   0.04108   0.21821   0.01790   0.03131   0.08390   0.03125   0.07514   0.08056   0.19251   0.21186   0.00000   0.19910   0.00000   0.44405   0.03447   0.05777   0.02369   0.05011   0.10807   0.03046   0.26778   0.22955   8.04799   1.65438   1.14131   1.41229   1.51466  
 43  0.0019   2287.687788  x:  0.00000   0.04088   0.21861   0.01795   0.03140   0.08385   0.03119   0.07506   0.08035   0.19229   0.21241   0.00000   0.19905   0.00000   0.44442   0.03435   0.05773   0.02369   0.05019   0.10839   0.03070   0.26758   0.22988   8.04248   1.65581   1.14297   1.41209   1.50976  
 44  0.0023   2287.686482  x:  0.00000   0.04048   0.21828   0.01795   0.03124   0.08385   0.03128   0.07532   0.08021   0.19229   0.21244   0.00000   0.19911   0.00000   0.44570   0.03447   0.05762   0.02357   0.05023   0.10861   0.03040   0.26722   0.23010   8.06745   1.65431   1.14188   1.41105   1.50862  
 45  0.0063   2287.685372  x:  0.00000   0.04013   0.21820   0.01808   0.03136   0.08397   0.03121   0.07516   0.08055   0.19286   0.21225   0.00000   0.19920   0.00000   0.44619   0.03454   0.05785   0.02372   0.05006   0.10916   0.03046   0.26755   0.22986   8.06314   1.65415   1.14114   1.41213   1.50765  
 46  0.0018   2287.683685  x:  0.00000   0.03954   0.21769   0.01782   0.03131   0.08380   0.03109   0.07496   0.08045   0.19340   0.21236   0.00000   0.19870   0.00000   0.44685   0.03426   0.05773   0.02370   0.05044   0.10911   0.03040   0.26823   0.22975   8.03961   1.65341   1.14132   1.41069   1.50948  
 47  0.0046   2287.682514  x:  0.00000   0.03895   0.21761   0.01782   0.03137   0.08402   0.03128   0.07524   0.08046   0.19295   0.21266   0.00000   0.19852   0.00000   0.44669   0.03445   0.05770   0.02375   0.05012   0.10884   0.03048   0.26815   0.23032   8.02313   1.65518   1.14183   1.41105   1.51148  
 48  0.0071   2287.682161  x:  0.00000   0.03886   0.21822   0.01788   0.03135   0.08383   0.03119   0.07518   0.08048   0.19289   0.21264   0.00000   0.19872   0.00000   0.44691   0.03450   0.05776   0.02370   0.05016   0.10869   0.03048   0.26785   0.23049   8.01934   1.65351   1.14136   1.41061   1.51262  
 49  0.0024   2287.682132  x:  0.00000   0.03885   0.21833   0.01790   0.03135   0.08389   0.03122   0.07515   0.08045   0.19290   0.21260   0.00000   0.19862   0.00000   0.44704   0.03446   0.05773   0.02367   0.05019   0.10869   0.03050   0.26787   0.23047   8.02030   1.65370   1.14121   1.41068   1.51290  
 50  0.0008   2287.682129  x:  0.00000   0.03884   0.21834   0.01791   0.03134   0.08388   0.03122   0.07516   0.08045   0.19292   0.21263   0.00000   0.19860   0.00000   0.44705   0.03445   0.05773   0.02368   0.05018   0.10868   0.03049   0.26789   0.23047   8.02065   1.65376   1.14131   1.41070   1.51297  
 51  0.0003   2287.682129  x:  0.00000   0.03884   0.21834   0.01791   0.03134   0.08388   0.03122   0.07516   0.08045   0.19292   0.21263   0.00000   0.19860   0.00000   0.44705   0.03445   0.05773   0.02368   0.05018   0.10868   0.03049   0.26789   0.23047   8.02067   1.65375   1.14130   1.41068   1.51297  
 52  0.0000   2287.682129  x:  0.00000   0.03884   0.21834   0.01791   0.03134   0.08388   0.03122   0.07516   0.08045   0.19292   0.21263   0.00000   0.19860   0.00000   0.44705   0.03445   0.05773   0.02368   0.05018   0.10868   0.03049   0.26789   0.23047   8.02067   1.65375   1.14130   1.41068   1.51297  
 53  0.0000   2287.682129  x:  0.00000   0.03884   0.21834   0.01791   0.03134   0.08388   0.03122   0.07516   0.08045   0.19292   0.21263   0.00000   0.19860   0.00000   0.44705   0.03445   0.05773   0.02368   0.05018   0.10868   0.03049   0.26789   0.23047   8.02067   1.65375   1.14130   1.41068   1.51297  

TREE # 2

  0  0.0000   2419.705166  x:  0.11038   0.03368   0.16033   0.01879   0.07046   0.00250   0.14198   0.05657   0.06058   0.04182   0.05063   0.07515   0.06088   0.15091   0.00000   0.06451   0.06717   0.04267   0.05141   0.04964   0.07849   0.06303   0.05676   8.02067   1.52581   1.10693   1.28242   1.51297  
  1 99.0000   2324.729677  x:  0.16563   0.00000   0.19531   0.04696   0.13364   0.01495   0.17490   0.22574   0.05383   0.03996   0.05250   0.04675   0.02550   0.17936   0.14358   0.15725   0.15975   0.08108   0.02896   0.07115   0.05177   0.07760   0.03615   8.02053   1.52832   1.10340   1.28606   1.51289  
  2 967.1130   2313.420344  x:  0.17325   0.00000   0.20254   0.07220   0.13422   0.00000   0.17979   0.23508   0.05114   0.03843   0.05390   0.03634   0.00552   0.18276   0.13161   0.16176   0.16671   0.07998   0.02452   0.07245   0.04290   0.07953   0.03275   8.02051   1.52906   1.10252   1.28741   1.51282  
  3 321.7671   2312.093903  x:  0.17431   0.00000   0.20377   0.07184   0.13242   0.00000   0.17951   0.23802   0.05129   0.03836   0.05408   0.03564   0.00000   0.18331   0.12873   0.16259   0.16786   0.08005   0.02467   0.07257   0.04237   0.07967   0.03327   8.02050   1.52927   1.10228   1.28775   1.51280  
  4 301.2078   2309.057491  x:  0.18611   0.00000   0.21657   0.07563   0.11309   0.00000   0.16657   0.26908   0.05044   0.03871   0.05156   0.05131   0.00000   0.19323   0.10118   0.16660   0.17612   0.08288   0.01553   0.07149   0.05224   0.07798   0.01436   8.02038   1.53293   1.09833   1.29219   1.51266  
  5 191.0146   2306.598761  x:  0.19996   0.00000   0.22993   0.09629   0.09231   0.00000   0.14134   0.30480   0.04722   0.03925   0.04633   0.08069   0.00000   0.20791   0.07720   0.16725   0.18231   0.08925   0.00688   0.06987   0.07259   0.07540   0.02832   8.02018   1.53880   1.09239   1.29822   1.51253  
  6 209.2344   2305.456488  x:  0.20629   0.00000   0.23555   0.11242   0.07699   0.00000   0.12170   0.32477   0.04669   0.03928   0.04603   0.09501   0.00000   0.21584   0.06831   0.16606   0.18433   0.09355   0.02286   0.07034   0.08140   0.07481   0.02971   8.02004   1.54286   1.08865   1.30199   1.51247  
  7 219.1196   2303.496150  x:  0.20714   0.00000   0.23537   0.13287   0.03823   0.00000   0.08322   0.34913   0.05203   0.03842   0.05387   0.09959   0.00000   0.22152   0.07180   0.15990   0.18019   0.09171   0.02139   0.07165   0.07844   0.07775   0.03018   8.01980   1.55002   1.08330   1.30767   1.51253  
  8 103.5096   2303.307740  x:  0.20458   0.00000   0.23323   0.13547   0.03193   0.00000   0.08256   0.35442   0.04901   0.03761   0.04659   0.09912   0.00000   0.22040   0.07220   0.15784   0.17773   0.09053   0.02181   0.07063   0.07716   0.07615   0.03013   8.01971   1.55249   1.08184   1.30944   1.51258  
  9 30.6212   2303.053185  x:  0.19566   0.00000   0.22649   0.13811   0.03521   0.00000   0.08277   0.36767   0.04794   0.04087   0.04824   0.09903   0.00000   0.21531   0.06644   0.15160   0.16969   0.08703   0.02190   0.06849   0.07528   0.07321   0.02997   8.01940   1.56127   1.07682   1.31579   1.51275  
 10 18.6393   2302.864394  x:  0.19194   0.00000   0.22354   0.13922   0.03396   0.00000   0.08708   0.36892   0.05032   0.03405   0.04990   0.10021   0.00000   0.21172   0.06171   0.15166   0.16717   0.08814   0.02158   0.07173   0.07660   0.07808   0.02986   8.01898   1.57198   1.07166   1.32358   1.51288  
 11 14.8808   2302.293088  x:  0.19221   0.00000   0.22410   0.13877   0.03154   0.00000   0.08780   0.35476   0.05458   0.04417   0.04657   0.09566   0.00000   0.20508   0.04772   0.16036   0.17022   0.09150   0.02056   0.07299   0.07660   0.08126   0.02929   8.01739   1.61094   1.05608   1.35219   1.51318  
 12 24.9865   2301.790680  x:  0.19743   0.00000   0.23009   0.13402   0.03378   0.00000   0.08306   0.34160   0.04642   0.03751   0.04890   0.08911   0.00000   0.20546   0.03747   0.16235   0.17309   0.08914   0.02013   0.06815   0.07411   0.07450   0.02882   8.01594   1.64426   1.04605   1.37697   1.51332  
 13 61.9233   2301.470857  x:  0.20609   0.00000   0.24116   0.13052   0.03286   0.00000   0.08976   0.33526   0.05094   0.03787   0.04915   0.08527   0.00000   0.21704   0.03508   0.14988   0.17044   0.08202   0.02073   0.06785   0.07273   0.07180   0.02886   8.01481   1.66533   1.04716   1.39317   1.51318  
 14 29.3476   2301.362626  x:  0.20743   0.00000   0.24416   0.12849   0.03530   0.00000   0.08798   0.33414   0.04827   0.03882   0.04710   0.08274   0.00000   0.22210   0.03280   0.14568   0.16780   0.08323   0.02036   0.06987   0.07100   0.07767   0.02850   8.01433   1.67129   1.05378   1.39808   1.51302  
 15 17.7768   2301.096250  x:  0.20451   0.00000   0.24497   0.12917   0.03208   0.00000   0.09163   0.33263   0.04576   0.04036   0.05078   0.07954   0.00000   0.23077   0.02835   0.14799   0.16242   0.09240   0.01955   0.06793   0.07023   0.07564   0.02825   8.01278   1.68234   1.08760   1.40841   1.51235  
 16 14.5131   2300.835569  x:  0.20234   0.00000   0.24428   0.13060   0.03465   0.00000   0.08844   0.33241   0.05266   0.03733   0.04701   0.07726   0.00000   0.23287   0.02333   0.15225   0.16293   0.08874   0.01941   0.06840   0.07006   0.07315   0.02804   8.01112   1.69288   1.12234   1.41907   1.51172  
 17 38.5288   2300.569692  x:  0.20354   0.00000   0.24409   0.13216   0.03235   0.00000   0.09009   0.33275   0.04804   0.03953   0.04960   0.07914   0.00000   0.22655   0.02193   0.15353   0.16868   0.07736   0.02026   0.06965   0.07210   0.07687   0.02832   8.00929   1.70470   1.15323   1.43197   1.51126  
 18 33.7716   2300.064100  x:  0.21421   0.00000   0.24981   0.13473   0.03233   0.00000   0.08994   0.33584   0.05002   0.03855   0.04935   0.07890   0.00000   0.20209   0.02328   0.14108   0.17633   0.08537   0.01951   0.06614   0.06787   0.07693   0.02816   8.00525   1.73313   1.19143   1.46508   1.51107  
 19 21.6045   2298.821944  x:  0.22072   0.00000   0.26023   0.13950   0.03435   0.00000   0.08996   0.34259   0.04563   0.03936   0.04933   0.07177   0.00000   0.19315   0.03119   0.15196   0.16324   0.08494   0.01812   0.08886   0.06091   0.06590   0.02763   7.99401   1.81661   1.24593   1.56176   1.51173  
 20 30.7598   2296.535492  x:  0.21690   0.00000   0.26292   0.14945   0.03825   0.00000   0.09363   0.35458   0.04845   0.03634   0.04757   0.05503   0.00000   0.20568   0.04606   0.17240   0.15876   0.07858   0.01856   0.06236   0.05447   0.07975   0.02628   7.97414   1.96299   1.32697   1.72798   1.51310  
 21 142.9410   2295.611808  x:  0.20479   0.00000   0.24473   0.15325   0.03911   0.00000   0.09461   0.35758   0.04673   0.03637   0.04784   0.04541   0.00000   0.22434   0.04845   0.16269   0.18807   0.08288   0.01659   0.06862   0.05220   0.07581   0.02546   7.96575   2.02003   1.35406   1.78644   1.51349  
 22 68.8235   2295.290305  x:  0.21471   0.00000   0.23445   0.15369   0.03941   0.00000   0.09606   0.35877   0.04671   0.03633   0.04783   0.05163   0.00000   0.22791   0.04691   0.16452   0.18822   0.08268   0.01660   0.06866   0.03927   0.07595   0.02582   7.96295   2.02432   1.35133   1.77410   1.51276  
 23  7.2945   2294.110134  x:  0.24458   0.00000   0.21516   0.15862   0.03904   0.00000   0.09687   0.36789   0.04584   0.03629   0.04874   0.03132   0.00000   0.22868   0.04385   0.16716   0.18223   0.08270   0.01543   0.06938   0.04654   0.07631   0.02443   7.95259   2.02678   1.33190   1.70524   1.50956  
 24 29.2968   2291.725390  x:  0.22769   0.00000   0.25671   0.17156   0.03758   0.00000   0.09795   0.38142   0.04512   0.03600   0.05042   0.01768   0.00000   0.22179   0.04214   0.17234   0.18913   0.08260   0.01387   0.07064   0.03242   0.07724   0.02359   7.93157   2.01110   1.28205   1.55221   1.50336  
 25 50.3469   2290.873079  x:  0.23191   0.00000   0.25753   0.17608   0.03659   0.00000   0.09882   0.38455   0.04504   0.03618   0.05126   0.01199   0.00000   0.22116   0.03878   0.17338   0.18893   0.08245   0.01326   0.07127   0.02897   0.07776   0.02317   7.92407   1.87287   1.24366   1.57684   1.50828  
 26  8.8311   2288.570734  x:  0.23678   0.00000   0.27242   0.19506   0.03308   0.00000   0.10355   0.41461   0.04619   0.03600   0.05492   0.02454   0.00000   0.21671   0.03227   0.18238   0.19848   0.08238   0.01337   0.07461   0.02666   0.08077   0.02368   7.91770   1.62683   1.13473   1.45445   1.51435  
 27  1.1610   2287.840382  x:  0.23388   0.00000   0.27224   0.20198   0.03028   0.00000   0.10717   0.43885   0.04942   0.03493   0.05751   0.02329   0.00000   0.21304   0.03676   0.18966   0.21151   0.08083   0.01664   0.07500   0.03633   0.08312   0.02734   7.96986   1.63666   1.12811   1.38882   1.49637  
 28  0.1269   2287.810492  x:  0.23333   0.00000   0.27187   0.20189   0.03021   0.00000   0.10743   0.44017   0.04965   0.03484   0.05762   0.02338   0.00000   0.21299   0.03709   0.19015   0.21255   0.08068   0.01693   0.07496   0.03561   0.08325   0.02777   7.97576   1.64314   1.13204   1.39004   1.54220  
 29  0.3784   2287.697646  x:  0.22913   0.00000   0.26885   0.20093   0.03022   0.00000   0.10866   0.44518   0.05056   0.03440   0.05787   0.02393   0.00000   0.21201   0.03959   0.19220   0.21707   0.08002   0.01804   0.07464   0.03110   0.08373   0.02981   8.01087   1.66871   1.14729   1.41262   1.51328  
 30  0.2506   2287.683892  x:  0.22993   0.00000   0.26748   0.19947   0.03074   0.00000   0.10929   0.44636   0.05019   0.03442   0.05767   0.02378   0.00000   0.21227   0.03927   0.19290   0.21828   0.08039   0.01817   0.07503   0.03140   0.08382   0.03078   8.02406   1.65200   1.14215   1.41172   1.51306  
 31  0.0216   2287.682408  x:  0.23043   0.00000   0.26754   0.19904   0.03032   0.00000   0.10864   0.44715   0.05024   0.03444   0.05783   0.02370   0.00000   0.21265   0.03891   0.19291   0.21832   0.08047   0.01802   0.07526   0.03130   0.08391   0.03108   8.02242   1.65253   1.14052   1.41042   1.51282  
 32  0.0034   2287.682152  x:  0.23050   0.00000   0.26779   0.19863   0.03052   0.00000   0.10871   0.44708   0.05015   0.03446   0.05774   0.02368   0.00000   0.21263   0.03881   0.19294   0.21835   0.08047   0.01794   0.07520   0.03134   0.08389   0.03120   8.02050   1.65390   1.14105   1.41051   1.51290  
 33  0.0025   2287.682130  x:  0.23047   0.00000   0.26787   0.19859   0.03049   0.00000   0.10867   0.44705   0.05018   0.03445   0.05774   0.02368   0.00000   0.21262   0.03884   0.19292   0.21834   0.08045   0.01792   0.07517   0.03135   0.08388   0.03122   8.02050   1.65383   1.14136   1.41074   1.51297  
 34  0.0005   2287.682129  x:  0.23047   0.00000   0.26789   0.19859   0.03049   0.00000   0.10868   0.44704   0.05018   0.03445   0.05773   0.02368   0.00000   0.21262   0.03884   0.19292   0.21834   0.08045   0.01792   0.07516   0.03134   0.08388   0.03122   8.02064   1.65374   1.14130   1.41065   1.51297  
 35  0.0002   2287.682129  x:  0.23047   0.00000   0.26789   0.19859   0.03049   0.00000   0.10868   0.44704   0.05018   0.03445   0.05773   0.02368   0.00000   0.21263   0.03884   0.19292   0.21834   0.08045   0.01791   0.07516   0.03134   0.08388   0.03122   8.02067   1.65375   1.14129   1.41068   1.51297  
 36  0.0001   2287.682129  x:  0.23047   0.00000   0.26789   0.19860   0.03049   0.00000   0.10868   0.44705   0.05018   0.03445   0.05773   0.02368   0.00000   0.21263   0.03884   0.19292   0.21834   0.08045   0.01791   0.07516   0.03134   0.08388   0.03122   8.02067   1.65375   1.14130   1.41068   1.51297  
 37  0.0000   2287.682129  x:  0.23047   0.00000   0.26789   0.19860   0.03049   0.00000   0.10868   0.44705   0.05018   0.03445   0.05773   0.02368   0.00000   0.21263   0.03884   0.19292   0.21834   0.08045   0.01791   0.07516   0.03134   0.08388   0.03122   8.02067   1.65375   1.14130   1.41068   1.51297  
 38  0.0000   2287.682129  x:  0.23047   0.00000   0.26789   0.19860   0.03049   0.00000   0.10868   0.44705   0.05018   0.03445   0.05773   0.02368   0.00000   0.21263   0.03884   0.19292   0.21834   0.08045   0.01791   0.07516   0.03134   0.08388   0.03122   8.02067   1.65375   1.14130   1.41068   1.51297  
 39  0.0000   2287.682129  x:  0.23047   0.00000   0.26789   0.19860   0.03049   0.00000   0.10868   0.44705   0.05018   0.03445   0.05773   0.02368   0.00000   0.21263   0.03884   0.19292   0.21834   0.08045   0.01791   0.07516   0.03134   0.08388   0.03122   8.02067   1.65375   1.14130   1.41068   1.51297  