

TREE # 1

  0  0.0000   1819.384290  x:  0.20925   0.02571   0.03211   0.02495   0.05815   0.02188   0.05666   0.08536   0.02661   0.17168   0.20925   0.02571   0.03211   0.02495   0.05815   0.02188   0.05666   0.08536   0.02661   0.17168   0.21568   8.40433   1.62202   1.14615   1.33560   1.00000  
  1 99.0000   1808.575846  x:  0.21891   0.00000   0.02065   0.01916   0.04809   0.00914   0.06339   0.08879   0.01744   0.16471   0.21308   0.01049   0.03208   0.03314   0.04165   0.03503   0.05392   0.09634   0.00371   0.16364   0.22112   8.40451   1.62261   1.14513   1.33728   0.99869  
  2 278.5475   1806.136430  x:  0.23250   0.00000   0.01388   0.01708   0.03708   0.01643   0.07011   0.09322   0.01741   0.15436   0.21885   0.01126   0.03289   0.03526   0.02162   0.03704   0.05114   0.10851   0.00945   0.15170   0.22891   8.40480   1.62354   1.14343   1.33997   0.99662  
  3 169.7930   1804.608572  x:  0.24914   0.00000   0.02377   0.02072   0.03149   0.01538   0.07452   0.09737   0.02231   0.14089   0.22641   0.01536   0.03337   0.03261   0.01522   0.03167   0.04952   0.11914   0.00429   0.13623   0.23869   8.40519   1.62486   1.14107   1.34370   0.99368  
  4 159.7573   1802.355823  x:  0.28492   0.00000   0.02431   0.02062   0.02963   0.00935   0.08089   0.10444   0.02221   0.11116   0.24359   0.01445   0.03328   0.02937   0.02985   0.02568   0.04781   0.13816   0.00919   0.10229   0.26011   8.40613   1.62799   1.13564   1.35230   0.98682  
  5 225.7889   1801.419649  x:  0.30161   0.00000   0.02317   0.02046   0.03819   0.01851   0.07924   0.10512   0.02120   0.09672   0.25300   0.01341   0.03287   0.02842   0.03398   0.02614   0.04941   0.14113   0.00437   0.08657   0.27079   8.40669   1.62990   1.13265   1.35704   0.98281  
  6 197.1908   1800.193631  x:  0.32584   0.00000   0.02401   0.02092   0.05448   0.01264   0.06659   0.09937   0.02024   0.07471   0.27123   0.01691   0.03255   0.03059   0.02714   0.03332   0.05540   0.13015   0.00812   0.06554   0.28857   8.40785   1.63394   1.12721   1.36577   0.97469  
  7 127.6129   1799.163321  x:  0.34380   0.00000   0.01842   0.01917   0.04972   0.01166   0.05567   0.08980   0.02296   0.05674   0.29187   0.01321   0.03210   0.03010   0.02478   0.02588   0.05636   0.10586   0.00654   0.05216   0.30564   8.40924   1.63881   1.12199   1.37441   0.96516  
  8 103.3085   1798.737081  x:  0.34980   0.00000   0.02101   0.02020   0.04362   0.01380   0.05663   0.08554   0.01950   0.04915   0.30385   0.01433   0.03249   0.03130   0.02685   0.03070   0.05511   0.09190   0.00661   0.04626   0.31425   8.41012   1.64186   1.11943   1.37886   0.95917  
  9 101.4756   1798.581647  x:  0.34628   0.00000   0.01941   0.01914   0.04561   0.01295   0.06270   0.08551   0.02222   0.04749   0.31318   0.01561   0.03214   0.03068   0.02657   0.03126   0.05413   0.08704   0.00605   0.04262   0.31860   8.41101   1.64483   1.11828   1.38153   0.95320  
 10 30.7504   1798.401214  x:  0.33705   0.00000   0.02068   0.02058   0.04739   0.01285   0.06442   0.08626   0.01912   0.04483   0.32707   0.01275   0.03188   0.03094   0.02506   0.02870   0.05379   0.08577   0.00716   0.03849   0.32398   8.41259   1.64996   1.11705   1.38531   0.94279  
 11 41.7209   1798.149783  x:  0.32085   0.00000   0.01985   0.01928   0.04525   0.01311   0.05928   0.08683   0.01958   0.03865   0.34765   0.01558   0.03275   0.03208   0.02608   0.02976   0.05428   0.08850   0.00604   0.03350   0.33135   8.41539   1.65882   1.11569   1.39119   0.92467  
 12 68.4698   1798.116953  x:  0.31895   0.00000   0.02011   0.01996   0.04476   0.01332   0.05880   0.08618   0.02117   0.03720   0.34904   0.01397   0.03215   0.03109   0.02616   0.03115   0.05453   0.08883   0.00647   0.03256   0.33152   8.41604   1.66065   1.11598   1.39199   0.92081  
 13 22.3910   1798.004307  x:  0.31470   0.00000   0.01968   0.01916   0.04399   0.01303   0.05979   0.08176   0.01949   0.03105   0.34697   0.01475   0.03104   0.02823   0.02556   0.03103   0.05540   0.08825   0.00618   0.02723   0.32835   8.41965   1.67009   1.11938   1.39470   0.90054  
 14 18.5997   1797.893566  x:  0.31215   0.00000   0.01972   0.01984   0.04365   0.01323   0.06036   0.08026   0.02053   0.02682   0.34412   0.01433   0.03245   0.03249   0.02572   0.03031   0.05520   0.08678   0.00629   0.02169   0.32524   8.42373   1.68046   1.12348   1.39748   0.87826  
 15 63.4942   1797.747331  x:  0.31473   0.00000   0.02006   0.01846   0.04384   0.01315   0.05835   0.08769   0.02024   0.02630   0.34199   0.01393   0.03269   0.03094   0.02539   0.03098   0.05257   0.08397   0.00640   0.02071   0.32445   8.43008   1.69567   1.13024   1.40142   0.84593  
 16 36.2689   1797.667595  x:  0.31838   0.00000   0.01844   0.02156   0.04398   0.01291   0.05869   0.08809   0.01997   0.02761   0.34225   0.01486   0.03176   0.03094   0.02561   0.03086   0.05361   0.08469   0.00602   0.02376   0.32591   8.43406   1.70456   1.13441   1.40399   0.82764  
 17 45.8277   1797.578517  x:  0.32334   0.00000   0.01982   0.01927   0.04424   0.01319   0.05953   0.08536   0.02029   0.03123   0.34332   0.01425   0.03146   0.03166   0.02584   0.03063   0.05566   0.08682   0.00632   0.02735   0.32854   8.43874   1.71448   1.13926   1.40716   0.80802  
 18 63.6008   1797.565733  x:  0.32390   0.00000   0.01962   0.01961   0.04440   0.01313   0.05924   0.08428   0.02025   0.03249   0.34352   0.01419   0.03286   0.03100   0.02583   0.03081   0.05463   0.08723   0.00630   0.02687   0.32910   8.43978   1.71602   1.14028   1.40807   0.80620  
 19  9.7327   1797.527823  x:  0.32415   0.00000   0.01977   0.01949   0.04521   0.01310   0.05890   0.08272   0.02029   0.03126   0.34393   0.01434   0.03159   0.03159   0.02577   0.03079   0.05051   0.08779   0.00637   0.02718   0.33092   8.44447   1.72079   1.14464   1.41281   0.80598  
 20  5.5458   1796.626601  x:  0.32335   0.00000   0.01871   0.01919   0.04343   0.01301   0.05942   0.08209   0.01964   0.01455   0.35159   0.01362   0.03250   0.03158   0.02543   0.03164   0.05290   0.08485   0.00601   0.01108   0.36229   8.54238   1.81502   1.23346   1.51273   0.82149  
 21 26.0575   1796.590717  x:  0.32438   0.00000   0.01858   0.01932   0.04302   0.01305   0.05902   0.08202   0.01956   0.01536   0.35358   0.01386   0.03082   0.03182   0.02548   0.03173   0.05291   0.08488   0.00592   0.00920   0.36047   8.54743   1.81980   1.23580   1.51817   0.82242  
 22 25.7465   1796.401873  x:  0.33193   0.00000   0.01846   0.01910   0.04293   0.01301   0.05950   0.08192   0.01946   0.01174   0.36729   0.01356   0.03225   0.03167   0.02544   0.03192   0.05231   0.08580   0.00581   0.00805   0.34389   8.57493   1.84576   1.24338   1.54898   0.82767  
 23 56.1605   1796.231597  x:  0.33322   0.00000   0.01829   0.01898   0.04230   0.01297   0.06036   0.08311   0.01925   0.01365   0.35901   0.01336   0.03213   0.03170   0.02546   0.03195   0.05201   0.08795   0.00567   0.00942   0.34396   8.60712   1.87562   1.21941   1.60016   0.83226  
 24  9.6821   1796.055368  x:  0.33367   0.00000   0.01798   0.01882   0.04182   0.01289   0.06091   0.08307   0.01900   0.01058   0.35619   0.01304   0.03237   0.03179   0.02534   0.03220   0.05148   0.08836   0.00552   0.00686   0.35492   8.68440   1.87172   1.18174   1.56483   0.83269  
 25  1.7000   1794.640654  x:  0.35425   0.00000   0.01597   0.01774   0.03661   0.01243   0.06751   0.08875   0.01724   0.00941   0.36144   0.01072   0.03288   0.03294   0.02507   0.03430   0.04964   0.10008   0.00442   0.00545   0.36920   9.41730   1.68995   1.15889   1.54154   0.80937  
 26  7.0319   1793.563600  x:  0.37980   0.00000   0.01481   0.01714   0.03342   0.01226   0.07259   0.09404   0.01620   0.01327   0.37187   0.00946   0.03308   0.03383   0.02532   0.03574   0.04914   0.11084   0.00351   0.00830   0.37308  10.01923   1.77176   1.18697   1.47760   0.86678  
 27 18.3758   1792.954417  x:  0.40181   0.00000   0.01976   0.01936   0.03821   0.01264   0.07330   0.09662   0.01930   0.01288   0.37447   0.01393   0.03295   0.03234   0.02545   0.03305   0.05051   0.11604   0.00601   0.00820   0.37992  10.49656   1.75656   1.17651   1.46759   0.87639  
 28  0.6195   1792.863694  x:  0.41544   0.00000   0.01945   0.01926   0.03831   0.01243   0.07037   0.09582   0.01959   0.01231   0.37402   0.01321   0.03238   0.03186   0.02533   0.03127   0.05151   0.11691   0.00484   0.00822   0.38089  10.53801   1.73893   1.15733   1.46751   0.86672  
 29  0.0446   1792.851829  x:  0.41877   0.00000   0.01913   0.01914   0.03829   0.01255   0.07018   0.09638   0.01923   0.01227   0.37293   0.01280   0.03301   0.03183   0.02537   0.03131   0.05129   0.11787   0.00489   0.00761   0.38131  10.47406   1.74585   1.16732   1.47158   0.86718  
 30  0.0633   1792.847364  x:  0.41972   0.00000   0.01895   0.01912   0.03811   0.01259   0.07016   0.09653   0.01901   0.01225   0.37299   0.01277   0.03282   0.03196   0.02545   0.03160   0.05097   0.11835   0.00499   0.00790   0.38071  10.38464   1.73991   1.16389   1.46394   0.86499  
 31  0.0730   1792.845754  x:  0.41975   0.00000   0.01909   0.01916   0.03821   0.01251   0.07031   0.09658   0.01919   0.01230   0.37314   0.01287   0.03281   0.03193   0.02549   0.03157   0.05117   0.11850   0.00493   0.00790   0.38109  10.31662   1.74198   1.16440   1.46701   0.86547  
 32  0.0490   1792.845685  x:  0.41970   0.00000   0.01912   0.01916   0.03822   0.01254   0.07034   0.09655   0.01921   0.01230   0.37322   0.01288   0.03282   0.03190   0.02547   0.03150   0.05117   0.11847   0.00495   0.00786   0.38113  10.31345   1.74113   1.16386   1.46602   0.86540  
 33  0.0038   1792.845682  x:  0.41970   0.00000   0.01913   0.01916   0.03822   0.01254   0.07034   0.09655   0.01920   0.01228   0.37320   0.01288   0.03281   0.03190   0.02546   0.03149   0.05117   0.11846   0.00496   0.00786   0.38117  10.31320   1.74113   1.16398   1.46612   0.86539  
 34  0.0003   1792.845682  x:  0.41970   0.00000   0.01913   0.01916   0.03822   0.01254   0.07034   0.09654   0.01920   0.01229   0.37320   0.01289   0.03282   0.03190   0.02545   0.03149   0.05117   0.11846   0.00495   0.00786   0.38116  10.31310   1.74112   1.16396   1.46612   0.86537  
 35  0.0001   1792.845682  x:  0.41970   0.00000   0.01913   0.01916   0.03822   0.01254   0.07034   0.09654   0.01920   0.01229   0.37320   0.01289   0.03281   0.03190   0.02545   0.03149   0.05117   0.11846   0.00495   0.00786   0.38116  10.31309   1.74113   1.16396   1.46613   0.86537  
 36  0.0000   1792.845682  x:  0.41970   0.00000   0.01913   0.01916   0.03822   0.01254   0.07034   0.09654   0.01920   0.01229   0.37320   0.01289   0.03281   0.03190   0.02545   0.03149   0.05117   0.11846   0.00495   0.00786   0.38116  10.31309   1.74113   1.16397   1.46613   0.86537  