

TREE # 1

  0  0.0000   2109.688616  x:  0.11216   0.00063   0.09799   0.00675   0.06357   0.08282   0.04098   0.04557   0.08764   0.09729   0.08483   0.19509   0.00183   0.08345   0.00000   0.04865   0.04149   0.05011   0.04975   0.05515   0.09883   0.03918   0.12169   0.13078   2.00000   1.58916   1.10809   1.59702   0.40000  
  1 99.0000   2109.682003  x:  0.11216   0.00064   0.09799   0.00675   0.06357   0.08282   0.04098   0.04557   0.08764   0.09729   0.08482   0.19509   0.00184   0.08345   0.00000   0.04865   0.04149   0.05011   0.04975   0.05515   0.09883   0.03918   0.12169   0.13078   2.00000   1.58916   1.10809   1.59702   0.40000  
  2 1029.3549   2108.258210  x:  0.11255   0.00000   0.09879   0.00871   0.06441   0.08261   0.04096   0.04516   0.08759   0.09733   0.08418   0.19534   0.00393   0.08530   0.00000   0.04759   0.04031   0.05029   0.04931   0.05534   0.09887   0.03862   0.12187   0.13117   2.00041   1.58915   1.10815   1.59706   0.40133  
  3 495.9523   2100.588138  x:  0.11607   0.00045   0.10596   0.02108   0.07184   0.08078   0.04075   0.04150   0.08709   0.09750   0.07820   0.19759   0.00000   0.10119   0.00000   0.03803   0.02955   0.05188   0.04536   0.05705   0.09915   0.03362   0.12319   0.13469   2.00422   1.58910   1.10869   1.59749   0.41340  
  4 881.7743   2091.175061  x:  0.12172   0.00000   0.11685   0.01106   0.08208   0.07803   0.04049   0.03631   0.08605   0.09654   0.06729   0.20133   0.00079   0.12295   0.00000   0.02266   0.01219   0.05407   0.03962   0.05952   0.09959   0.02632   0.12525   0.14034   2.01104   1.58905   1.10967   1.59821   0.43408  
  5 738.4372   2091.175061  x:  0.12172   0.00000   0.11685   0.01106   0.08208   0.07803   0.04049   0.03631   0.08605   0.09654   0.06729   0.20133   0.00079   0.12295   0.00000   0.02266   0.01219   0.05407   0.03962   0.05952   0.09959   0.02632   0.12525   0.14034   2.01104   1.58905   1.10967   1.59821   0.43408  
  6 174.2992   2085.938062  x:  0.12229   0.02231   0.11848   0.01348   0.08299   0.07775   0.04049   0.03610   0.08597   0.09643   0.06606   0.20200   0.01375   0.12494   0.00000   0.02180   0.01203   0.05421   0.03937   0.05968   0.09965   0.02621   0.12562   0.14091   2.01200   1.58904   1.10978   1.59832   0.43663  
  7 1064.9640   2078.278682  x:  0.13357   0.02174   0.14091   0.04755   0.10188   0.07208   0.04048   0.03208   0.08426   0.09298   0.03973   0.20956   0.01002   0.16071   0.00000   0.00568   0.00981   0.05692   0.03458   0.06292   0.10093   0.02445   0.12826   0.15219   2.03250   1.58881   1.11287   1.60033   0.48982  
  8 173.6558   2074.688698  x:  0.14177   0.02085   0.15759   0.06141   0.11508   0.06876   0.04045   0.03095   0.08280   0.08838   0.02155   0.21529   0.00907   0.18591   0.00000   0.02610   0.01258   0.05837   0.03304   0.06474   0.10231   0.02636   0.13001   0.16039   2.05031   1.58869   1.11560   1.60198   0.53280  
  9 552.0493   2067.468470  x:  0.15412   0.01504   0.18899   0.02461   0.13273   0.07189   0.03998   0.04347   0.07930   0.06536   0.04697   0.22605   0.01817   0.22547   0.00000   0.02593   0.00936   0.05572   0.04568   0.06267   0.10122   0.01826   0.13090   0.17274   2.10675   1.58865   1.12480   1.60617   0.64199  
 10 196.1176   2065.731193  x:  0.15320   0.01921   0.19069   0.01103   0.12962   0.07385   0.03920   0.03954   0.07976   0.06857   0.04529   0.22684   0.01173   0.22606   0.00000   0.02177   0.01859   0.05526   0.04178   0.06156   0.09953   0.02608   0.12893   0.17183   2.12973   1.58886   1.12865   1.60737   0.67335  
 11 167.6099   2061.896095  x:  0.14431   0.02372   0.18289   0.01003   0.11095   0.07976   0.03857   0.03247   0.08292   0.08426   0.05163   0.22463   0.00475   0.20814   0.00000   0.02385   0.00537   0.05305   0.03450   0.05796   0.09592   0.02995   0.12271   0.16293   2.19302   1.58971   1.13931   1.61019   0.74301  
 12 202.2289   2057.975166  x:  0.13012   0.01993   0.16720   0.02173   0.08267   0.08685   0.03923   0.02860   0.08747   0.10456   0.06424   0.21992   0.01184   0.17643   0.00000   0.02511   0.01715   0.05106   0.03132   0.05447   0.09195   0.02585   0.11502   0.14874   2.28941   1.59122   1.15533   1.61442   0.84179  
 13 753.4200   2055.456788  x:  0.12361   0.01695   0.14595   0.01593   0.07881   0.08018   0.04385   0.04116   0.08780   0.10770   0.04507   0.21384   0.01874   0.15024   0.00000   0.02146   0.01379   0.05800   0.04507   0.06387   0.09629   0.02296   0.11731   0.14223   2.36118   1.59350   1.16590   1.61735   0.88938  
 14 188.8605   2053.004613  x:  0.12441   0.02078   0.11922   0.02102   0.10243   0.06768   0.03814   0.03662   0.08453   0.08755   0.04920   0.20528   0.01360   0.12424   0.00000   0.02105   0.01499   0.05687   0.04172   0.06521   0.10539   0.02765   0.12815   0.14303   2.45993   1.59861   1.17814   1.62123   0.91430  
 15 122.9793   2049.513199  x:  0.13123   0.01506   0.11229   0.01496   0.10162   0.07558   0.04765   0.02972   0.08431   0.07599   0.03851   0.19787   0.02394   0.12687   0.00000   0.02014   0.01251   0.05143   0.02325   0.05361   0.10752   0.01883   0.13977   0.14985   2.64033   1.61109   1.19640   1.62870   0.90495  
 16 117.6268   2038.914348  x:  0.15295   0.01817   0.12004   0.02563   0.08530   0.10590   0.06074   0.02936   0.08659   0.06012   0.03432   0.18056   0.01728   0.15434   0.00000   0.01869   0.01188   0.04224   0.05419   0.03208   0.10415   0.04081   0.16764   0.17157   3.31844   1.65946   1.26215   1.65782   0.84800  
 17 714.1408   2029.077899  x:  0.16597   0.02607   0.14482   0.02688   0.08319   0.11747   0.05005   0.03583   0.08642   0.07273   0.04736   0.17954   0.00204   0.18164   0.00000   0.02281   0.01619   0.05839   0.04850   0.08620   0.09975   0.02833   0.17710   0.18459   3.97754   1.70760   1.32246   1.68799   0.78523  
 18 1254.8393   2025.707472  x:  0.16253   0.01561   0.15889   0.02282   0.09584   0.10369   0.02984   0.03186   0.08459   0.09034   0.04932   0.19170   0.01920   0.18980   0.00000   0.02200   0.01220   0.06244   0.04672   0.09103   0.09701   0.04007   0.16525   0.18115   4.20943   1.72532   1.34010   1.70039   0.76089  
 19 683.3379   2021.380687  x:  0.14745   0.01873   0.18043   0.01927   0.11751   0.06620   0.03543   0.04369   0.08059   0.10848   0.05046   0.22147   0.01306   0.19452   0.00000   0.02332   0.01497   0.05901   0.04532   0.07001   0.09699   0.02740   0.12946   0.16607   4.45715   1.74565   1.35210   1.71705   0.73324  
 20 434.2320   2020.852336  x:  0.14021   0.01874   0.18418   0.01927   0.11719   0.06912   0.03484   0.03427   0.08435   0.09646   0.04674   0.23244   0.01291   0.19348   0.00000   0.02311   0.01464   0.06059   0.04959   0.07235   0.09926   0.02434   0.11735   0.15883   4.48859   1.74977   1.34416   1.72396   0.73014  
 21 56.2903   2020.644565  x:  0.13651   0.01812   0.18597   0.02104   0.11578   0.07150   0.03634   0.03883   0.08541   0.08921   0.04614   0.23882   0.01373   0.19243   0.00000   0.02260   0.01412   0.06053   0.04589   0.07447   0.09950   0.02932   0.11367   0.15513   4.50229   1.75240   1.33494   1.72992   0.72931  
 22 46.1036   2020.366822  x:  0.13507   0.01876   0.18766   0.02121   0.11216   0.07181   0.02960   0.04138   0.08203   0.08696   0.04405   0.24653   0.01224   0.18979   0.00000   0.02243   0.01432   0.05844   0.04532   0.07276   0.09836   0.02739   0.12017   0.15369   4.52079   1.75807   1.30744   1.74568   0.72966  
 23 27.4630   2019.978809  x:  0.13540   0.01805   0.18898   0.02100   0.11163   0.07031   0.03582   0.03703   0.07771   0.08976   0.04565   0.25508   0.01292   0.18606   0.00000   0.02238   0.01405   0.05909   0.04649   0.07427   0.09685   0.02868   0.12931   0.15402   4.54824   1.76699   1.26155   1.77171   0.73076  
 24 91.0736   2019.726701  x:  0.13983   0.01832   0.18486   0.02061   0.11489   0.07290   0.03489   0.03881   0.08618   0.09393   0.04649   0.24961   0.01272   0.18678   0.00000   0.02248   0.01433   0.06134   0.04637   0.07230   0.09895   0.02785   0.12330   0.15845   4.56667   1.77262   1.22743   1.79116   0.73200  
 25 39.1381   2019.640086  x:  0.14017   0.01829   0.18296   0.02061   0.11297   0.06983   0.03451   0.03849   0.08271   0.09285   0.04646   0.24151   0.01304   0.18974   0.00000   0.02250   0.01422   0.05821   0.04648   0.07402   0.09788   0.02801   0.11768   0.15879   4.57328   1.77369   1.21571   1.79832   0.73261  
 26 19.8907   2019.617462  x:  0.13810   0.01838   0.18352   0.02066   0.11341   0.06983   0.03431   0.03854   0.08131   0.09234   0.04663   0.23771   0.01293   0.19099   0.00000   0.02258   0.01422   0.06117   0.04620   0.07295   0.09741   0.02793   0.11769   0.15673   4.57535   1.77299   1.21337   1.80045   0.73287  
 27  7.2011   2019.592255  x:  0.13520   0.01836   0.18538   0.02050   0.11541   0.07064   0.03452   0.03864   0.08255   0.09284   0.04627   0.23422   0.01294   0.19145   0.00000   0.02258   0.01425   0.05908   0.04638   0.07342   0.09774   0.02771   0.11919   0.15382   4.57807   1.77072   1.21231   1.80294   0.73327  
 28  5.1570   2019.341979  x:  0.13775   0.01796   0.19807   0.02033   0.11158   0.06438   0.03467   0.03776   0.08738   0.08928   0.04501   0.22829   0.01333   0.18272   0.00000   0.02206   0.01391   0.06027   0.04521   0.07291   0.10059   0.02835   0.12015   0.15637   4.60880   1.73705   1.21614   1.82650   0.73858  
 29  4.1312   2018.930369  x:  0.14058   0.01806   0.19807   0.02059   0.11739   0.07444   0.03496   0.03892   0.07773   0.09133   0.04239   0.23028   0.01320   0.17722   0.00000   0.02178   0.01400   0.05926   0.04562   0.07235   0.09771   0.02717   0.11512   0.15920   4.66047   1.68457   1.22353   1.86148   0.74799  
 30 38.3066   2018.456799  x:  0.13672   0.01847   0.17747   0.02031   0.11336   0.06932   0.03512   0.03852   0.08323   0.09239   0.04422   0.23977   0.01263   0.19315   0.00000   0.02221   0.01403   0.05981   0.04570   0.07311   0.09679   0.02685   0.11925   0.15534   4.72005   1.63727   1.23057   1.89100   0.75999  
 31 37.9608   2015.842417  x:  0.13422   0.01819   0.16939   0.02017   0.10398   0.07419   0.03636   0.03966   0.06741   0.09989   0.04191   0.23946   0.01267   0.19506   0.00000   0.01975   0.01370   0.05939   0.04245   0.07144   0.15578   0.02827   0.11996   0.15284   5.09227   1.65811   1.22375   1.84043   0.85597  
 32 11.4059   2008.588907  x:  0.13588   0.01788   0.15568   0.02098   0.10907   0.06910   0.04191   0.04087   0.08529   0.08876   0.02182   0.22983   0.01262   0.17142   0.00000   0.01735   0.01197   0.06071   0.03786   0.07030   0.09842   0.01985   0.12315   0.15449   5.99730   1.73170   1.20496   1.70151   1.09062  
 33 281.8161   2007.873155  x:  0.13664   0.01783   0.15151   0.02134   0.10934   0.06937   0.04224   0.03979   0.08587   0.08865   0.02567   0.22584   0.01254   0.17204   0.00000   0.01730   0.01185   0.06028   0.03686   0.06945   0.09656   0.02077   0.12321   0.15525   6.12469   1.91052   1.33984   1.90545   1.11474  
 34  2.2013   2005.618414  x:  0.14248   0.01665   0.16257   0.02273   0.11357   0.07191   0.04137   0.03329   0.08767   0.08580   0.05057   0.22387   0.01198   0.17177   0.00000   0.01916   0.01164   0.05769   0.03291   0.06531   0.09555   0.02671   0.12926   0.16109   6.91069   1.76771   1.23486   1.74770   1.19024  
 35  1.5099   2003.918257  x:  0.14882   0.01574   0.16809   0.02280   0.11829   0.07573   0.04017   0.03148   0.08145   0.08124   0.03863   0.22537   0.01056   0.19069   0.00000   0.01580   0.01098   0.05512   0.03909   0.06106   0.11650   0.02846   0.13403   0.16743   7.96353   1.82004   1.29755   1.89287   1.22456  
 36  0.7124   2003.124392  x:  0.14751   0.01496   0.16703   0.02306   0.11320   0.07464   0.04029   0.03907   0.07975   0.08338   0.03363   0.22903   0.01099   0.19477   0.00000   0.01675   0.01118   0.05610   0.03829   0.06006   0.09519   0.02406   0.13074   0.16610   8.68886   1.80186   1.27612   1.84737   1.22374  
 37  0.4451   2002.703051  x:  0.14526   0.01424   0.16915   0.02298   0.11111   0.07524   0.03996   0.03484   0.08563   0.08505   0.03364   0.22824   0.01222   0.18863   0.00000   0.01762   0.01169   0.05773   0.03808   0.06487   0.10442   0.02627   0.12807   0.16385   9.27176   1.79365   1.25604   1.78973   1.18064  
 38  0.2909   2002.551869  x:  0.14555   0.01533   0.16618   0.02294   0.11409   0.07444   0.04011   0.03440   0.08332   0.08392   0.03540   0.22774   0.01090   0.18355   0.00000   0.01835   0.01217   0.05676   0.03766   0.06285   0.10143   0.02515   0.13065   0.16415   9.57955   1.81040   1.27105   1.83811   1.13961  
 39  0.1792   2002.541404  x:  0.14596   0.01524   0.16379   0.02278   0.11346   0.07450   0.04026   0.03526   0.08312   0.08368   0.03522   0.22663   0.01140   0.18388   0.00000   0.01799   0.01179   0.05677   0.03756   0.06294   0.10189   0.02581   0.13109   0.16455   9.58168   1.80964   1.27350   1.83906   1.13159  
 40  0.0084   2002.540091  x:  0.14580   0.01533   0.16395   0.02265   0.11327   0.07445   0.04035   0.03514   0.08330   0.08378   0.03540   0.22693   0.01143   0.18345   0.00000   0.01775   0.01169   0.05673   0.03780   0.06251   0.10198   0.02571   0.13102   0.16440   9.55803   1.80892   1.27309   1.83675   1.12904  
 41  0.0173   2002.539932  x:  0.14581   0.01538   0.16404   0.02269   0.11334   0.07451   0.04035   0.03507   0.08329   0.08367   0.03534   0.22682   0.01143   0.18353   0.00000   0.01765   0.01170   0.05669   0.03771   0.06259   0.10187   0.02575   0.13101   0.16440   9.54895   1.80940   1.27302   1.83732   1.12874  
 42  0.0068   2002.539899  x:  0.14582   0.01543   0.16400   0.02272   0.11336   0.07451   0.04034   0.03510   0.08329   0.08373   0.03537   0.22683   0.01144   0.18362   0.00000   0.01764   0.01172   0.05671   0.03768   0.06259   0.10192   0.02571   0.13100   0.16442   9.54879   1.80934   1.27294   1.83725   1.12862  
 43  0.0002   2002.539876  x:  0.14583   0.01547   0.16401   0.02275   0.11335   0.07450   0.04033   0.03508   0.08328   0.08373   0.03536   0.22686   0.01147   0.18360   0.00000   0.01764   0.01171   0.05672   0.03772   0.06261   0.10189   0.02573   0.13100   0.16442   9.55188   1.80936   1.27307   1.83726   1.12870  
 44  0.0014   2002.539870  x:  0.14582   0.01549   0.16403   0.02274   0.11335   0.07450   0.04034   0.03510   0.08329   0.08370   0.03536   0.22684   0.01148   0.18358   0.00000   0.01765   0.01171   0.05671   0.03771   0.06259   0.10191   0.02573   0.13100   0.16441   9.55214   1.80935   1.27305   1.83727   1.12888  
 45  0.0002   2002.539869  x:  0.14582   0.01549   0.16401   0.02273   0.11335   0.07450   0.04034   0.03509   0.08329   0.08371   0.03536   0.22683   0.01148   0.18358   0.00000   0.01765   0.01171   0.05671   0.03771   0.06259   0.10190   0.02573   0.13100   0.16441   9.55202   1.80933   1.27301   1.83724   1.12890  
 46  0.0001   2002.539869  x:  0.14582   0.01549   0.16401   0.02272   0.11335   0.07450   0.04034   0.03509   0.08328   0.08371   0.03536   0.22684   0.01148   0.18358   0.00000   0.01765   0.01171   0.05671   0.03771   0.06259   0.10190   0.02573   0.13100   0.16441   9.55195   1.80934   1.27302   1.83724   1.12888  
 47  0.0001   2002.539869  x:  0.14582   0.01549   0.16402   0.02272   0.11335   0.07450   0.04034   0.03509   0.08328   0.08371   0.03536   0.22684   0.01148   0.18358   0.00000   0.01765   0.01171   0.05671   0.03771   0.06259   0.10190   0.02573   0.13100   0.16441   9.55190   1.80934   1.27302   1.83724   1.12888  
 48  0.0000   2002.539869  x:  0.14582   0.01549   0.16401   0.02272   0.11335   0.07450   0.04034   0.03509   0.08328   0.08371   0.03536   0.22684   0.01148   0.18358   0.00000   0.01765   0.01171   0.05671   0.03771   0.06259   0.10190   0.02573   0.13100   0.16441   9.55189   1.80934   1.27302   1.83724   1.12888  