

TREE # 1

  0  0.0000   2250.540444  x:  0.07010   0.00000   0.10566   0.01518   0.06189   0.07760   0.04843   0.04575   0.12139   0.05966   0.09377   0.13277   0.01311   0.06668   0.01908   0.06355   0.07044   0.04429   0.05214   0.05182   0.10118   0.05647   0.10333   0.08872   2.00000   2.15942   1.17952   1.75436   0.40000  
  1 99.0000   2221.117507  x:  0.10496   0.18842   0.15528   0.03226   0.03059   0.09463   0.03666   0.04079   0.11172   0.07244   0.08762   0.16104   0.03179   0.13806   0.07048   0.03702   0.04113   0.05414   0.02272   0.07647   0.10658   0.03666   0.13371   0.12358   2.01056   2.15587   1.18048   1.75574   0.43996  
  2 854.3174   2207.613409  x:  0.11680   0.17352   0.17885   0.02480   0.00507   0.10377   0.03450   0.03930   0.10342   0.07668   0.08075   0.17475   0.01646   0.16018   0.06154   0.01247   0.01514   0.05574   0.00992   0.08352   0.10967   0.02026   0.14892   0.13542   2.02252   2.15175   1.18281   1.75669   0.47603  
  3 283.7369   2201.695512  x:  0.12917   0.16110   0.20299   0.02159   0.02025   0.11265   0.03443   0.03749   0.09597   0.08048   0.07496   0.18869   0.00435   0.18354   0.05664   0.00689   0.00638   0.05713   0.02348   0.09017   0.11287   0.01317   0.16398   0.14779   2.03677   2.14698   1.18542   1.75784   0.51549  
  4 395.8360   2197.218723  x:  0.13599   0.15340   0.21636   0.02033   0.02117   0.11724   0.03432   0.03692   0.09188   0.08236   0.07214   0.19636   0.00000   0.19653   0.05467   0.01122   0.01328   0.05778   0.02554   0.09357   0.11462   0.01296   0.17224   0.15461   2.04537   2.14412   1.18701   1.75851   0.53828  
  5 840.7379   2192.377135  x:  0.14888   0.13111   0.24228   0.02542   0.02367   0.12337   0.03582   0.03851   0.08613   0.08369   0.07123   0.21061   0.02148   0.22254   0.05653   0.02061   0.00683   0.05740   0.02404   0.09668   0.11719   0.03822   0.18755   0.16750   2.06980   2.13616   1.19170   1.76020   0.59275  
  6 449.8767   2190.864875  x:  0.15045   0.12518   0.24721   0.02972   0.02656   0.12224   0.03623   0.03978   0.08750   0.08230   0.07385   0.21251   0.02973   0.22792   0.06038   0.00976   0.01376   0.05661   0.02283   0.09507   0.11667   0.04090   0.18886   0.16907   2.08107   2.13262   1.19404   1.76074   0.61096  
  7 225.5205   2186.845340  x:  0.14531   0.11432   0.25110   0.04347   0.03140   0.10707   0.03475   0.04373   0.10300   0.07193   0.08887   0.20840   0.04096   0.23497   0.08410   0.01640   0.01268   0.05296   0.01538   0.08097   0.11203   0.01646   0.17831   0.16393   2.13526   2.11615   1.20559   1.76254   0.67706  
  8 158.3770   2183.457174  x:  0.13285   0.11775   0.24371   0.03612   0.01483   0.09138   0.03355   0.03938   0.11506   0.06781   0.09346   0.19592   0.03361   0.23405   0.10444   0.01465   0.01153   0.05560   0.03850   0.07442   0.10795   0.02419   0.15674   0.15147   2.21199   2.09412   1.22078   1.76445   0.74855  
  9 182.8588   2179.749993  x:  0.11917   0.12830   0.22522   0.01911   0.02629   0.09200   0.04174   0.03494   0.11685   0.07584   0.08654   0.17870   0.02241   0.22245   0.10772   0.01263   0.01078   0.05884   0.02022   0.08406   0.10873   0.03600   0.13437   0.13779   2.30933   2.06789   1.23785   1.76641   0.81568  
 10 202.1214   2175.828865  x:  0.11209   0.14428   0.19202   0.04639   0.02392   0.11215   0.03318   0.04633   0.10215   0.08594   0.07511   0.15986   0.02322   0.19211   0.08034   0.01361   0.01061   0.05628   0.02307   0.09788   0.11591   0.03454   0.12625   0.13071   2.45697   2.03136   1.25901   1.76891   0.87891  
 11 185.5536   2172.503064  x:  0.11849   0.15826   0.17256   0.03071   0.02225   0.11368   0.03889   0.03428   0.09278   0.07650   0.07325   0.16058   0.04216   0.16515   0.05356   0.01523   0.01298   0.05468   0.02854   0.08712   0.11631   0.02367   0.14512   0.13711   2.59896   2.00023   1.27301   1.77097   0.90264  
 12 167.9466   2167.436301  x:  0.13117   0.16502   0.17017   0.02540   0.02789   0.10392   0.02689   0.05797   0.09560   0.06676   0.08697   0.18640   0.01887   0.13479   0.05409   0.01329   0.01117   0.05800   0.01972   0.06781   0.11154   0.04021   0.18380   0.14979   2.87208   1.94767   1.28839   1.77419   0.89046  
 13 181.9535   2159.811376  x:  0.13827   0.14737   0.18624   0.04500   0.02127   0.09667   0.06819   0.04189   0.10701   0.08815   0.09996   0.22114   0.00801   0.13562   0.08457   0.01349   0.00938   0.05410   0.02390   0.09827   0.10879   0.03903   0.21347   0.15689   3.36258   1.86130   1.30327   1.77926   0.82384  
 14 348.4891   2151.542420  x:  0.13373   0.12517   0.21165   0.03105   0.02388   0.10849   0.02567   0.03131   0.11285   0.09355   0.08649   0.23043   0.02616   0.18651   0.09921   0.01433   0.01157   0.05948   0.02569   0.11152   0.11466   0.02802   0.20000   0.15235   3.80523   1.79259   1.30392   1.78187   0.74790  
 15 458.4564   2148.824784  x:  0.13361   0.12222   0.22875   0.02565   0.02259   0.11487   0.04200   0.05546   0.10515   0.08067   0.07635   0.22205   0.02958   0.22160   0.09248   0.01461   0.01211   0.05764   0.02853   0.09807   0.11809   0.02478   0.17903   0.15223   3.98549   1.77306   1.29309   1.78112   0.71662  
 16 315.3422   2147.314231  x:  0.13813   0.12301   0.24136   0.03783   0.02450   0.11172   0.04515   0.04151   0.09579   0.07133   0.08051   0.20954   0.01995   0.23998   0.07963   0.01401   0.01135   0.05399   0.02361   0.08142   0.11692   0.03152   0.16342   0.15675   4.07692   1.77295   1.27506   1.77856   0.70368  
 17 158.2447   2146.101974  x:  0.14977   0.12328   0.25440   0.03494   0.02470   0.09759   0.04309   0.04675   0.09885   0.08577   0.09418   0.18621   0.02173   0.24228   0.06701   0.01459   0.01157   0.05843   0.02402   0.08576   0.10984   0.03059   0.15577   0.16839   4.15786   1.79913   1.22535   1.77069   0.70226  
 18 58.5034   2144.560539  x:  0.15518   0.12059   0.26410   0.03203   0.02371   0.10891   0.04137   0.04529   0.10405   0.07330   0.08808   0.16779   0.02085   0.23055   0.07958   0.01400   0.01138   0.04660   0.02461   0.09233   0.11214   0.03033   0.15847   0.17380   4.26282   1.85292   1.13675   1.75483   0.70826  
 19 81.9844   2143.957488  x:  0.15079   0.11940   0.26419   0.03519   0.02354   0.11146   0.04323   0.04332   0.10204   0.07295   0.08172   0.17230   0.02203   0.22699   0.08375   0.01388   0.01140   0.06228   0.02433   0.08771   0.11475   0.02880   0.15981   0.16941   4.30791   1.87999   1.09571   1.74591   0.71249  
 20 101.3426   2143.522831  x:  0.14162   0.12089   0.25942   0.03540   0.02369   0.10640   0.04261   0.04396   0.09759   0.08072   0.07908   0.18841   0.02306   0.22989   0.08134   0.01387   0.01157   0.05493   0.02430   0.08284   0.11512   0.02815   0.15989   0.16024   4.33926   1.90232   1.06714   1.73675   0.71693  
 21 56.9507   2143.413372  x:  0.13939   0.12145   0.25444   0.03552   0.02377   0.10538   0.04252   0.04454   0.09873   0.07535   0.08311   0.19433   0.02260   0.23411   0.07760   0.01398   0.01151   0.05558   0.02413   0.08818   0.11329   0.02863   0.15967   0.15801   4.34750   1.91018   1.06253   1.73170   0.71836  
 22 19.4187   2143.279435  x:  0.14345   0.11987   0.24197   0.03543   0.02345   0.10960   0.04331   0.04421   0.10406   0.07777   0.08419   0.19582   0.02113   0.24197   0.07849   0.01392   0.01140   0.05565   0.02414   0.08535   0.11177   0.02922   0.16078   0.16207   4.35840   1.92559   1.06787   1.71720   0.71997  
 23  9.0384   2143.089854  x:  0.14680   0.11745   0.23656   0.03561   0.02378   0.10234   0.04249   0.04479   0.09678   0.07630   0.08073   0.19419   0.02083   0.24502   0.08293   0.01372   0.01138   0.05586   0.02367   0.08767   0.11536   0.02866   0.16211   0.16542   4.37398   1.94929   1.08287   1.69351   0.72194  
 24 16.3593   2142.715950  x:  0.14114   0.11791   0.25379   0.03439   0.02330   0.10911   0.04271   0.04428   0.09717   0.07754   0.08515   0.19408   0.02245   0.23812   0.08023   0.01394   0.01158   0.05615   0.02430   0.08674   0.11471   0.02825   0.16126   0.15976   4.40510   1.99543   1.11762   1.64914   0.72679  
 25 23.1105   2142.606878  x:  0.14153   0.11831   0.25702   0.03643   0.02346   0.10574   0.04280   0.04388   0.10431   0.07648   0.07752   0.19543   0.02252   0.23689   0.07654   0.01397   0.01162   0.05584   0.02375   0.08735   0.11359   0.02869   0.16052   0.16015   4.41318   2.00310   1.12335   1.64769   0.72877  
 26  8.4973   2135.660635  x:  0.17062   0.08542   0.26483   0.02635   0.01621   0.12070   0.03687   0.03991   0.09628   0.07596   0.07915   0.24151   0.01826   0.22861   0.07065   0.01278   0.01208   0.05583   0.02055   0.09125   0.13699   0.02382   0.10746   0.18924   4.91046   2.29397   1.31000   1.98221   0.87050  
 27  9.5109   2128.725537  x:  0.14090   0.05297   0.26566   0.02483   0.01141   0.12460   0.03357   0.03744   0.08280   0.07851   0.06867   0.20417   0.00539   0.27327   0.05989   0.01224   0.01208   0.05716   0.01341   0.08937   0.11118   0.02354   0.17253   0.15951   5.42596   2.58339   1.49796   2.32825   1.01645  
 28 305.5919   2128.580496  x:  0.13927   0.05284   0.26579   0.02465   0.01126   0.12327   0.03395   0.03724   0.08707   0.07885   0.07145   0.20203   0.00465   0.27538   0.05759   0.01206   0.01212   0.05705   0.01325   0.08888   0.12413   0.02408   0.17594   0.15788   5.43574   2.58251   1.49793   2.32898   1.01949  
 29 16.0385   2121.835495  x:  0.15161   0.02799   0.27070   0.02065   0.00746   0.12675   0.03139   0.03561   0.08585   0.07980   0.07085   0.20093   0.00000   0.27966   0.05305   0.01189   0.01266   0.05725   0.01126   0.09201   0.12558   0.02249   0.17178   0.17022   5.68935   2.14146   1.27098   1.95600   1.11559  
 30  9.7021   2117.910108  x:  0.15310   0.00000   0.27253   0.02145   0.01102   0.12358   0.03431   0.03598   0.09232   0.07942   0.07543   0.20693   0.00642   0.27341   0.05952   0.01347   0.01509   0.05744   0.01625   0.09237   0.12307   0.01839   0.17824   0.17171   6.02643   1.92659   1.15902   1.77376   1.18835  
 31  1.0319   2115.865694  x:  0.14344   0.00825   0.27085   0.02347   0.01457   0.11342   0.03871   0.03777   0.10112   0.07665   0.08151   0.22273   0.00248   0.22550   0.04892   0.01704   0.01794   0.05533   0.02063   0.08867   0.11241   0.02297   0.18033   0.16204   6.47726   1.83892   1.08909   1.67518   1.22367  
 32  0.4361   2115.030048  x:  0.14206   0.00000   0.26806   0.02308   0.01461   0.11094   0.03908   0.03862   0.10186   0.07647   0.08239   0.22695   0.00179   0.21347   0.05151   0.01779   0.01917   0.05523   0.02091   0.08762   0.11253   0.02315   0.18310   0.16065   6.76378   1.92935   1.13180   1.74905   1.24053  
 33  0.7963   2115.030048  x:  0.14206   0.00000   0.26806   0.02308   0.01461   0.11094   0.03908   0.03862   0.10186   0.07647   0.08239   0.22695   0.00179   0.21347   0.05151   0.01779   0.01917   0.05523   0.02091   0.08762   0.11253   0.02315   0.18310   0.16065   6.76378   1.92935   1.13180   1.74905   1.24053  
 34  0.4420   2114.901406  x:  0.14227   0.00037   0.26694   0.02235   0.01234   0.11138   0.03811   0.03886   0.10069   0.07662   0.08186   0.22611   0.00582   0.21345   0.05198   0.01690   0.02040   0.05557   0.01783   0.08740   0.11354   0.02332   0.18287   0.16087   6.76405   1.92924   1.13205   1.74914   1.23991  
 35 40.2944   2114.832883  x:  0.14272   0.00000   0.26360   0.02271   0.01404   0.11261   0.03678   0.03913   0.09793   0.07702   0.08047   0.22340   0.00691   0.21266   0.05291   0.01652   0.02070   0.05629   0.01824   0.08684   0.11623   0.02324   0.18138   0.16132   6.76485   1.92891   1.13285   1.74937   1.23801  
 36 17.2135   2114.787288  x:  0.14315   0.00093   0.25970   0.02319   0.01212   0.11362   0.03672   0.03943   0.09555   0.07726   0.07935   0.22031   0.00583   0.21162   0.05328   0.01699   0.02003   0.05649   0.01857   0.08643   0.11858   0.02306   0.17953   0.16175   6.76593   1.92850   1.13387   1.74968   1.23546  
 37 29.4973   2114.762895  x:  0.14336   0.00235   0.25653   0.02292   0.01279   0.11377   0.03831   0.03917   0.09554   0.07714   0.07942   0.21798   0.00535   0.21092   0.05261   0.01685   0.02023   0.05586   0.01738   0.08655   0.11895   0.02317   0.17831   0.16196   6.76711   1.92809   1.13488   1.75003   1.23271  
 38 16.3093   2114.736813  x:  0.14350   0.00214   0.25243   0.02235   0.01242   0.11342   0.03922   0.03871   0.09690   0.07682   0.08027   0.21510   0.00631   0.21024   0.05162   0.01666   0.02079   0.05514   0.01863   0.08695   0.11819   0.02346   0.17723   0.16210   6.76902   1.92745   1.13643   1.75065   1.22830  
 39 19.3669   2114.718071  x:  0.14349   0.00156   0.24968   0.02289   0.01249   0.11287   0.03807   0.03869   0.09840   0.07667   0.08107   0.21339   0.00637   0.20982   0.05158   0.01722   0.01990   0.05534   0.01790   0.08719   0.11697   0.02340   0.17683   0.16209   6.77098   1.92684   1.13790   1.75130   1.22389  
 40 17.8770   2114.702885  x:  0.14338   0.00306   0.24823   0.02311   0.01254   0.11237   0.03686   0.03919   0.09926   0.07676   0.08129   0.21291   0.00617   0.20967   0.05232   0.01687   0.02037   0.05608   0.01821   0.08721   0.11579   0.02322   0.17707   0.16198   6.77329   1.92619   1.13944   1.75210   1.21877  
 41 15.6867   2114.659781  x:  0.14282   0.00188   0.24681   0.02160   0.01241   0.11173   0.03793   0.04025   0.09889   0.07744   0.08005   0.21382   0.00512   0.20991   0.05442   0.01646   0.02093   0.05729   0.01784   0.08669   0.11406   0.02311   0.17912   0.16142   6.78145   1.92408   1.14435   1.75500   1.20111  
 42 17.8849   2114.596588  x:  0.14227   0.00262   0.24657   0.02246   0.01275   0.11156   0.03925   0.03941   0.09740   0.07792   0.07911   0.21632   0.00662   0.21066   0.05458   0.01768   0.01924   0.05679   0.01846   0.08623   0.11355   0.02297   0.18231   0.16087   6.79435   1.92094   1.15163   1.75960   1.17369  
 43 57.5204   2114.550374  x:  0.14212   0.00189   0.24745   0.02390   0.01247   0.11203   0.03827   0.03825   0.09652   0.07760   0.07942   0.21818   0.00569   0.21103   0.05262   0.01671   0.02059   0.05547   0.01810   0.08645   0.11464   0.02308   0.18367   0.16072   6.80430   1.91875   1.15666   1.76312   1.15320  
 44 66.0231   2114.528204  x:  0.14243   0.00203   0.24900   0.02200   0.01264   0.11270   0.03723   0.03913   0.09701   0.07692   0.08031   0.21879   0.00543   0.21106   0.05141   0.01728   0.02039   0.05540   0.01811   0.08697   0.11634   0.02360   0.18290   0.16103   6.80965   1.91796   1.15845   1.76497   1.14328  
 45 27.0162   2114.515404  x:  0.14303   0.00180   0.25094   0.02249   0.01256   0.11313   0.03799   0.03974   0.09797   0.07665   0.08146   0.21856   0.00577   0.21081   0.05199   0.01658   0.02004   0.05621   0.01817   0.08721   0.11745   0.02317   0.18101   0.16163   6.81364   1.91782   1.15869   1.76627   1.13742  
 46 13.8253   2114.509727  x:  0.14336   0.00173   0.25208   0.02265   0.01254   0.11315   0.03814   0.03926   0.09832   0.07678   0.08158   0.21817   0.00586   0.21061   0.05266   0.01730   0.02060   0.05630   0.01813   0.08716   0.11754   0.02323   0.17975   0.16196   6.81588   1.91795   1.15836   1.76695   1.13485  
 47 12.7747   2114.503478  x:  0.14367   0.00177   0.25346   0.02227   0.01252   0.11289   0.03785   0.03843   0.09833   0.07717   0.08099   0.21743   0.00591   0.21037   0.05298   0.01686   0.02021   0.05589   0.01814   0.08686   0.11690   0.02335   0.17818   0.16227   6.81900   1.91836   1.15737   1.76780   1.13223  
 48 10.4713   2114.497379  x:  0.14376   0.00168   0.25457   0.02257   0.01260   0.11247   0.03779   0.03939   0.09782   0.07737   0.08019   0.21649   0.00615   0.21022   0.05225   0.01706   0.02034   0.05554   0.01814   0.08664   0.11582   0.02300   0.17710   0.16236   6.82303   1.91914   1.15559   1.76876   1.12994  
 49  8.2713   2114.490737  x:  0.14342   0.00171   0.25490   0.02289   0.01261   0.11230   0.03791   0.03947   0.09718   0.07692   0.08019   0.21565   0.00615   0.21031   0.05192   0.01701   0.02029   0.05626   0.01814   0.08685   0.11533   0.02421   0.17722   0.16202   6.82888   1.92049   1.15264   1.76998   1.12795  
 50  7.2459   2114.474612  x:  0.14248   0.00180   0.25473   0.02243   0.01262   0.11229   0.03789   0.03859   0.09638   0.07604   0.08074   0.21420   0.00599   0.21064   0.05179   0.01707   0.02030   0.05712   0.01811   0.08738   0.11525   0.02295   0.17851   0.16108   6.84403   1.92399   1.14505   1.77294   1.12372  
 51 21.2409   2114.458225  x:  0.14201   0.00184   0.25368   0.02261   0.01263   0.11264   0.03774   0.03930   0.09716   0.07668   0.08105   0.21391   0.00585   0.21095   0.05301   0.01692   0.02022   0.05520   0.01812   0.08712   0.11620   0.02319   0.18000   0.16061   6.86059   1.92760   1.13756   1.77584   1.12004  
 52 24.1536   2114.446068  x:  0.14287   0.00176   0.25200   0.02279   0.01257   0.11279   0.03784   0.03903   0.09861   0.07791   0.07985   0.21580   0.00584   0.21087   0.05198   0.01697   0.02028   0.05620   0.01811   0.08616   0.11685   0.02326   0.18003   0.16146   6.87467   1.92992   1.13363   1.77751   1.11855  
 53 11.9436   2114.424304  x:  0.14464   0.00149   0.24924   0.02282   0.01264   0.11239   0.03776   0.03913   0.09758   0.07560   0.07973   0.22036   0.00596   0.21010   0.05262   0.01694   0.02022   0.05569   0.01812   0.08687   0.11584   0.02318   0.17808   0.16324   6.90299   1.93295   1.13088   1.77927   1.11840  
 54 12.3542   2114.363416  x:  0.14342   0.00132   0.24784   0.02220   0.01278   0.11220   0.03765   0.03922   0.09451   0.08036   0.08404   0.22391   0.00608   0.20844   0.05223   0.01699   0.02019   0.05598   0.01813   0.08805   0.11466   0.02324   0.17524   0.16202   6.98895   1.93885   1.13235   1.78175   1.12262  
 55 20.1610   2113.945700  x:  0.13352   0.00092   0.25143   0.02325   0.01290   0.11362   0.03765   0.03910   0.09850   0.07552   0.07959   0.22479   0.00711   0.20281   0.05246   0.01680   0.02037   0.05594   0.01823   0.08366   0.11792   0.02327   0.17155   0.15212   7.58714   1.97482   1.15493   1.79582   1.15734  
 56 105.7489   2113.692509  x:  0.14337   0.00095   0.25621   0.02316   0.01303   0.11341   0.03757   0.03910   0.09848   0.07750   0.07794   0.21698   0.00583   0.20860   0.05297   0.01669   0.02028   0.05596   0.01828   0.09098   0.11835   0.02312   0.17981   0.16196   7.95260   1.99452   1.16940   1.80482   1.17941  
 57 206.1012   2113.662970  x:  0.14531   0.00098   0.25665   0.02274   0.01309   0.11343   0.03753   0.03913   0.09752   0.07677   0.08033   0.21572   0.00540   0.21116   0.05279   0.01672   0.02036   0.05593   0.01827   0.08655   0.11780   0.02311   0.18082   0.16391   7.99408   1.99558   1.17075   1.80622   1.18207  
 58 56.5478   2113.653367  x:  0.14468   0.00101   0.25607   0.02286   0.01308   0.11367   0.03752   0.03913   0.09762   0.07681   0.07998   0.21587   0.00521   0.21610   0.05287   0.01670   0.02035   0.05594   0.01827   0.08693   0.11783   0.02304   0.17914   0.16328   8.00836   1.99017   1.16957   1.80862   1.18360  
 59  4.5169   2113.630305  x:  0.14494   0.00100   0.25638   0.02275   0.01312   0.11222   0.03748   0.03915   0.09747   0.07679   0.08016   0.21578   0.00516   0.21347   0.05277   0.01669   0.02037   0.05593   0.01827   0.08680   0.11839   0.02311   0.17997   0.16353   8.04360   1.96595   1.16295   1.81680   1.18822  
 60  5.0929   2113.628427  x:  0.14499   0.00100   0.25642   0.02274   0.01310   0.11376   0.03748   0.03913   0.09753   0.07679   0.08014   0.21578   0.00516   0.21314   0.05276   0.01671   0.02037   0.05593   0.01827   0.08683   0.11777   0.02312   0.18009   0.16359   8.04663   1.96373   1.16217   1.81672   1.18846  
 61  4.0342   2113.608604  x:  0.14505   0.00090   0.25649   0.02276   0.01312   0.11353   0.03750   0.03916   0.09754   0.07685   0.08017   0.21605   0.00525   0.21341   0.05281   0.01673   0.02038   0.05600   0.01829   0.08690   0.11796   0.02313   0.18011   0.16365   8.08380   1.93441   1.14508   1.78114   1.18388  
 62  1.3757   2113.596084  x:  0.14459   0.00087   0.25464   0.02271   0.01317   0.11353   0.03745   0.03920   0.09691   0.07728   0.08046   0.21737   0.00548   0.21241   0.05288   0.01671   0.02036   0.05606   0.01826   0.08681   0.11781   0.02310   0.17930   0.16318   8.20821   1.94154   1.14640   1.78796   1.17439  
 63  0.1043   2113.595921  x:  0.14451   0.00086   0.25497   0.02273   0.01315   0.11353   0.03745   0.03919   0.09703   0.07718   0.08042   0.21723   0.00546   0.21245   0.05285   0.01671   0.02037   0.05605   0.01826   0.08681   0.11781   0.02311   0.17924   0.16310   8.22083   1.94167   1.14615   1.78789   1.17598  
 64  0.0116   2113.595920  x:  0.14450   0.00086   0.25496   0.02273   0.01315   0.11353   0.03745   0.03919   0.09703   0.07718   0.08041   0.21724   0.00546   0.21245   0.05285   0.01671   0.02037   0.05605   0.01826   0.08681   0.11782   0.02311   0.17925   0.16310   8.22129   1.94168   1.14623   1.78789   1.17600  
 65  0.0005   2113.595920  x:  0.14450   0.00086   0.25496   0.02273   0.01315   0.11353   0.03745   0.03919   0.09703   0.07718   0.08041   0.21724   0.00546   0.21245   0.05285   0.01671   0.02037   0.05605   0.01826   0.08681   0.11782   0.02311   0.17925   0.16310   8.22130   1.94168   1.14623   1.78789   1.17600  
 66  0.0000   2113.595920  x:  0.14450   0.00086   0.25496   0.02273   0.01315   0.11353   0.03745   0.03919   0.09703   0.07718   0.08041   0.21724   0.00546   0.21245   0.05285   0.01671   0.02037   0.05605   0.01826   0.08681   0.11782   0.02311   0.17925   0.16310   8.22130   1.94168   1.14623   1.78789   1.17600  
 67  0.0000   2113.595920  x:  0.14450   0.00086   0.25496   0.02273   0.01315   0.11353   0.03745   0.03919   0.09703   0.07718   0.08041   0.21724   0.00546   0.21245   0.05285   0.01671   0.02037   0.05605   0.01826   0.08681   0.11782   0.02311   0.17925   0.16310   8.22130   1.94168   1.14623   1.78789   1.17600  
 68  0.0000   2113.595920  x:  0.14450   0.00086   0.25496   0.02273   0.01315   0.11353   0.03745   0.03919   0.09703   0.07718   0.08041   0.21724   0.00546   0.21245   0.05285   0.01671   0.02037   0.05605   0.01826   0.08681   0.11782   0.02311   0.17925   0.16310   8.22130   1.94168   1.14623   1.78789   1.17600  
 69  0.0000   2113.595920  x:  0.14450   0.00086   0.25496   0.02273   0.01315   0.11353   0.03745   0.03919   0.09703   0.07718   0.08041   0.21724   0.00546   0.21245   0.05285   0.01671   0.02037   0.05605   0.01826   0.08681   0.11782   0.02311   0.17925   0.16310   8.22130   1.94168   1.14623   1.78789   1.17600  