

TREE # 1

  0  0.0000   2284.081687  x:  0.04834   0.00000   0.10191   0.01215   0.07083   0.06922   0.07176   0.06935   0.10035   0.06888   0.07582   0.10216   0.02279   0.07746   0.01343   0.07182   0.07748   0.05394   0.06475   0.06077   0.11260   0.05463   0.09058   0.06696   2.00000   1.62317   1.18283   1.28234   0.40000  
  1 99.0000   2237.690632  x:  0.10776   0.00879   0.15855   0.01528   0.02591   0.02259   0.15337   0.04662   0.09654   0.14087   0.06843   0.13361   0.03506   0.20889   0.07747   0.03742   0.07258   0.08516   0.05549   0.07958   0.13897   0.02885   0.13649   0.12638   2.02088   1.62133   1.18072   1.28563   0.45624  
  2 487.3683   2235.096174  x:  0.10774   0.00000   0.16199   0.01260   0.02348   0.02262   0.15500   0.04663   0.09651   0.14244   0.06730   0.13483   0.03096   0.21296   0.07201   0.03577   0.07152   0.08456   0.05544   0.08048   0.14025   0.02686   0.13814   0.12636   2.02484   1.62089   1.18076   1.28596   0.46367  
  3 194.4357   2229.962278  x:  0.10650   0.00000   0.18509   0.04556   0.01751   0.02446   0.16277   0.04803   0.09622   0.15430   0.07128   0.14574   0.01499   0.23995   0.02899   0.03881   0.06875   0.07996   0.05587   0.08262   0.14871   0.03178   0.14814   0.12512   2.06247   1.61680   1.18094   1.28990   0.52241  
  4 284.8681   2227.113046  x:  0.10095   0.00000   0.19694   0.03843   0.04340   0.02519   0.15990   0.04889   0.09549   0.15730   0.07315   0.14996   0.03982   0.25454   0.02046   0.04691   0.07702   0.07674   0.05674   0.07403   0.15403   0.03914   0.15208   0.11957   2.11931   1.61103   1.18221   1.29517   0.58695  
  5 122.4969   2222.998270  x:  0.08799   0.00000   0.19805   0.04062   0.02531   0.02305   0.14259   0.05000   0.09504   0.14800   0.07900   0.14844   0.04407   0.25391   0.05711   0.05552   0.08868   0.07538   0.05702   0.06074   0.15559   0.04857   0.14394   0.10661   2.23723   1.59966   1.18572   1.30531   0.68885  
  6 167.0700   2218.213313  x:  0.10599   0.00000   0.16542   0.05286   0.02759   0.02642   0.13741   0.03996   0.09507   0.13971   0.08093   0.13680   0.05597   0.22842   0.06389   0.03504   0.08336   0.09479   0.05229   0.09174   0.14141   0.02833   0.12670   0.12461   2.40844   1.58589   1.19119   1.31862   0.76285  
  7 135.4360   2214.419250  x:  0.12182   0.00000   0.14089   0.04711   0.02572   0.01152   0.15451   0.06018   0.09598   0.14371   0.07440   0.13327   0.05311   0.20733   0.05888   0.04400   0.06708   0.09405   0.05797   0.08753   0.13219   0.04329   0.12780   0.14044   2.57357   1.57585   1.19582   1.32944   0.77915  
  8 155.9029   2211.984804  x:  0.13250   0.00000   0.12787   0.04226   0.02395   0.03331   0.17015   0.06849   0.09671   0.14947   0.07060   0.13348   0.04912   0.19374   0.05903   0.05058   0.05779   0.09072   0.06075   0.07883   0.12765   0.05368   0.13239   0.15112   2.71893   1.56789   1.19953   1.33857   0.78219  
  9 565.5899   2201.454039  x:  0.12935   0.00000   0.14104   0.03674   0.03377   0.02746   0.18673   0.02631   0.09588   0.15630   0.07807   0.14552   0.02554   0.15825   0.04979   0.04992   0.07893   0.06717   0.05224   0.05219   0.13149   0.05291   0.14953   0.14797   3.19750   1.54675   1.20986   1.36563   0.73700  
 10 347.9089   2189.810741  x:  0.09406   0.00000   0.18639   0.03392   0.02766   0.02897   0.17303   0.07523   0.09670   0.14969   0.09430   0.16208   0.02836   0.15385   0.03698   0.03680   0.11727   0.06476   0.04986   0.07479   0.15455   0.03239   0.16492   0.11268   3.89000   1.52250   1.22106   1.40142   0.64120  
 11 694.7555   2185.198342  x:  0.07807   0.00000   0.19200   0.02899   0.01767   0.02947   0.14183   0.05969   0.09587   0.13714   0.08050   0.15550   0.03504   0.19213   0.02363   0.04357   0.09915   0.08856   0.06482   0.07828   0.15960   0.04570   0.15324   0.09669   4.13780   1.52121   1.22067   1.40987   0.59888  
 12 335.4900   2184.140977  x:  0.07686   0.00000   0.19416   0.03214   0.03021   0.02912   0.12874   0.06230   0.09604   0.13343   0.07461   0.15074   0.02483   0.20968   0.02912   0.04413   0.08458   0.08323   0.05963   0.07642   0.16055   0.04211   0.14560   0.09548   4.19936   1.52578   1.21744   1.40904   0.58885  
 13 148.7903   2183.784448  x:  0.08004   0.00000   0.19527   0.03281   0.02581   0.02892   0.12418   0.06277   0.09577   0.13174   0.07506   0.14687   0.03047   0.21681   0.02712   0.04546   0.08074   0.07308   0.05451   0.07278   0.15932   0.03733   0.14134   0.09866   4.22081   1.53288   1.21280   1.40544   0.58533  
 14 52.7265   2183.260581  x:  0.08439   0.00000   0.19957   0.03191   0.02679   0.02927   0.13139   0.06245   0.09520   0.13435   0.08057   0.13890   0.02814   0.22832   0.02877   0.04858   0.08820   0.06882   0.06478   0.07509   0.15398   0.03518   0.13447   0.10301   4.26152   1.56633   1.19086   1.38662   0.58229  
 15 26.2272   2182.696569  x:  0.08464   0.00000   0.20277   0.03199   0.02625   0.02907   0.13927   0.06308   0.09577   0.13904   0.07952   0.13897   0.02896   0.23473   0.02992   0.04601   0.08932   0.07845   0.05273   0.07270   0.15181   0.03789   0.13777   0.10326   4.30659   1.60789   1.16422   1.36210   0.58015  
 16 62.1593   2182.503286  x:  0.08455   0.00000   0.20224   0.03406   0.02588   0.02869   0.13816   0.06187   0.09583   0.14107   0.07517   0.14664   0.03186   0.23375   0.03248   0.04391   0.08429   0.07699   0.05733   0.07375   0.15640   0.03550   0.14560   0.10317   4.32300   1.62352   1.15528   1.35184   0.58005  
 17 33.2402   2182.473893  x:  0.08574   0.00000   0.20088   0.03297   0.02582   0.02879   0.13659   0.06130   0.09521   0.14107   0.07646   0.14910   0.03113   0.23415   0.03262   0.04597   0.08480   0.07646   0.05622   0.07625   0.15888   0.03668   0.14633   0.10436   4.32549   1.62546   1.15570   1.34946   0.58021  
 18  7.0861   2182.400202  x:  0.08693   0.00000   0.19553   0.03243   0.02608   0.02869   0.13512   0.06229   0.09507   0.14074   0.08029   0.15243   0.02992   0.23638   0.03142   0.04376   0.08678   0.07807   0.05709   0.07235   0.16300   0.03572   0.14534   0.10555   4.33150   1.62844   1.16201   1.34182   0.58123  
 19  5.2720   2182.091944  x:  0.08200   0.00000   0.18617   0.03374   0.02586   0.02851   0.14212   0.06082   0.09857   0.14077   0.07534   0.15137   0.03038   0.24077   0.03128   0.04412   0.08981   0.07378   0.05533   0.07538   0.16516   0.03478   0.14380   0.10062   4.35656   1.63737   1.19249   1.31129   0.58709  
 20 12.7934   2181.552254  x:  0.08683   0.00000   0.20180   0.03291   0.02601   0.02868   0.13698   0.06090   0.09415   0.13952   0.07671   0.14495   0.03011   0.23456   0.03230   0.04659   0.08351   0.07883   0.05725   0.07558   0.15620   0.03490   0.14867   0.10545   4.40097   1.64945   1.23796   1.26901   0.59787  
 21 28.7436   2180.945164  x:  0.09030   0.00000   0.20994   0.02993   0.02533   0.02875   0.13331   0.06017   0.10725   0.14554   0.07468   0.15038   0.03072   0.23063   0.03253   0.03510   0.08088   0.07529   0.05820   0.07838   0.15551   0.04667   0.13608   0.10892   4.45036   1.65536   1.24608   1.26955   0.60877  
 22 11.7317   2177.534372  x:  0.09266   0.00000   0.21540   0.02239   0.02270   0.02684   0.13912   0.05646   0.11603   0.16090   0.06384   0.16346   0.02828   0.22146   0.03070   0.05598   0.06830   0.08884   0.05782   0.07533   0.16415   0.02554   0.10252   0.11128   4.71735   1.68007   1.25242   1.31414   0.66809  
 23 67.5370   2168.637174  x:  0.09457   0.00000   0.18210   0.00355   0.01984   0.02357   0.14183   0.04709   0.08281   0.14845   0.06380   0.13823   0.01453   0.24014   0.02766   0.03470   0.05619   0.08226   0.05607   0.08381   0.15744   0.03010   0.13086   0.11320   5.36905   1.73349   1.25158   1.44006   0.81246  
 24 293.4245   2168.158717  x:  0.10003   0.00000   0.18034   0.00391   0.01993   0.02354   0.13826   0.04768   0.09414   0.14012   0.05547   0.13599   0.01162   0.24353   0.02673   0.03728   0.06443   0.08438   0.05615   0.08202   0.15560   0.02789   0.13932   0.11865   5.40863   1.73392   1.25103   1.44725   0.82084  
 25 79.9772   2168.099215  x:  0.10001   0.00000   0.18083   0.00345   0.02010   0.02338   0.14108   0.04698   0.09845   0.13608   0.05910   0.13702   0.01185   0.24526   0.02729   0.03799   0.06183   0.08471   0.05613   0.08244   0.15507   0.02717   0.14088   0.11863   5.41485   1.72949   1.25073   1.44704   0.82150  
 26 12.0065   2167.932878  x:  0.10309   0.00000   0.18400   0.00435   0.02024   0.02334   0.14844   0.04676   0.09441   0.12971   0.05619   0.14224   0.01261   0.25189   0.02889   0.03641   0.06224   0.08495   0.05575   0.08240   0.15590   0.02758   0.13915   0.12172   5.43643   1.70154   1.24899   1.44173   0.82165  
 27 11.0543   2167.647055  x:  0.10525   0.00000   0.18297   0.00457   0.01956   0.02288   0.14963   0.04602   0.09651   0.14478   0.05772   0.14102   0.01314   0.26370   0.03139   0.03666   0.06288   0.08596   0.05515   0.08295   0.15427   0.02481   0.14409   0.12388   5.47536   1.64617   1.24289   1.42847   0.82154  
 28 31.3912   2167.364547  x:  0.10563   0.00000   0.18410   0.00581   0.01962   0.02286   0.15078   0.04534   0.09827   0.14272   0.05816   0.12875   0.01298   0.25923   0.03076   0.03549   0.06114   0.08621   0.05554   0.08296   0.16792   0.02580   0.14382   0.12425   5.50751   1.59354   1.19539   1.38040   0.82767  
 29  6.7444   2166.909120  x:  0.10276   0.00000   0.17954   0.00619   0.01969   0.02285   0.14734   0.04547   0.09714   0.14009   0.05950   0.13678   0.01137   0.25818   0.02929   0.03608   0.06232   0.08446   0.05564   0.08361   0.15329   0.02437   0.14260   0.12138   5.55737   1.51238   1.11602   1.30092   0.83765  
 30 55.2169   2165.667672  x:  0.09620   0.00000   0.17767   0.01482   0.01902   0.02277   0.14238   0.04575   0.09984   0.13833   0.06815   0.13767   0.00947   0.25403   0.02776   0.03285   0.06265   0.08104   0.05552   0.08592   0.13980   0.02051   0.15499   0.11483   5.83259   1.63338   1.17791   1.38817   0.88175  
 31  1.1293   2162.266413  x:  0.09261   0.00000   0.21022   0.01002   0.02179   0.02539   0.15617   0.05133   0.09259   0.14351   0.06965   0.14135   0.02080   0.23413   0.02454   0.02732   0.08494   0.07222   0.05685   0.08442   0.15972   0.03130   0.15973   0.11124   7.06297   1.58315   1.16808   1.34060   0.98665  
 32  1.1870   2160.980137  x:  0.09571   0.00000   0.20802   0.00928   0.02153   0.02601   0.15706   0.04912   0.09487   0.14845   0.06277   0.14831   0.00887   0.23629   0.02817   0.04102   0.07207   0.07569   0.05622   0.07975   0.15967   0.02838   0.15961   0.11433   7.77721   1.56875   1.18843   1.35314   1.00771  
 33  0.5658   2160.286489  x:  0.09565   0.00000   0.18944   0.00833   0.02076   0.02587   0.14780   0.04610   0.09818   0.14373   0.06041   0.14536   0.01798   0.23718   0.02781   0.03810   0.06878   0.07979   0.05610   0.07769   0.15232   0.02462   0.15398   0.11426   8.39806   1.57993   1.17190   1.36388   1.00924  
 34  0.4683   2159.905012  x:  0.09694   0.00000   0.18501   0.00848   0.02180   0.02570   0.14838   0.04818   0.09818   0.14330   0.06849   0.14375   0.01317   0.23664   0.02735   0.03207   0.07205   0.07859   0.05592   0.07824   0.15214   0.02897   0.14833   0.11555   8.86744   1.59226   1.17909   1.37985   0.98621  
 35  0.3873   2159.730045  x:  0.09639   0.00000   0.19315   0.00891   0.02165   0.02544   0.15118   0.04962   0.09633   0.14409   0.06837   0.14380   0.01404   0.23032   0.02708   0.03611   0.07193   0.07620   0.05599   0.07975   0.15452   0.02716   0.15126   0.11499   9.16026   1.59137   1.17364   1.36971   0.95297  
 36  0.2122   2159.703623  x:  0.09652   0.00000   0.19196   0.00906   0.02132   0.02533   0.15090   0.04877   0.09676   0.14417   0.06638   0.14407   0.01408   0.23326   0.02814   0.03515   0.07142   0.07698   0.05612   0.08013   0.15334   0.02785   0.15323   0.11512   9.23748   1.58240   1.17128   1.36902   0.94106  
 37  0.0685   2159.702148  x:  0.09646   0.00000   0.19125   0.00911   0.02143   0.02534   0.15084   0.04879   0.09643   0.14377   0.06615   0.14404   0.01400   0.23352   0.02795   0.03505   0.07199   0.07729   0.05611   0.07986   0.15394   0.02749   0.15337   0.11507   9.23480   1.58239   1.17075   1.36920   0.93982  
 38  0.0037   2159.701998  x:  0.09636   0.00000   0.19122   0.00919   0.02140   0.02538   0.15072   0.04880   0.09650   0.14370   0.06606   0.14405   0.01401   0.23346   0.02789   0.03510   0.07209   0.07727   0.05608   0.07978   0.15385   0.02761   0.15340   0.11497   9.22766   1.58280   1.17059   1.36917   0.93967  
 39  0.0076   2159.701988  x:  0.09637   0.00000   0.19130   0.00919   0.02140   0.02539   0.15074   0.04881   0.09649   0.14371   0.06603   0.14404   0.01399   0.23346   0.02790   0.03508   0.07210   0.07724   0.05608   0.07978   0.15385   0.02759   0.15338   0.11497   9.22503   1.58263   1.17062   1.36911   0.93958  
 40  0.0023   2159.701988  x:  0.09637   0.00000   0.19129   0.00920   0.02140   0.02539   0.15074   0.04881   0.09649   0.14371   0.06603   0.14404   0.01399   0.23346   0.02790   0.03509   0.07210   0.07725   0.05609   0.07978   0.15385   0.02759   0.15337   0.11498   9.22445   1.58262   1.17062   1.36911   0.93954  
 41  0.0005   2159.701988  x:  0.09637   0.00000   0.19129   0.00920   0.02140   0.02539   0.15074   0.04881   0.09649   0.14371   0.06603   0.14404   0.01399   0.23346   0.02790   0.03509   0.07210   0.07725   0.05608   0.07978   0.15385   0.02759   0.15336   0.11498   9.22440   1.58262   1.17061   1.36911   0.93953  
 42  0.0001   2159.701988  x:  0.09637   0.00000   0.19129   0.00920   0.02140   0.02539   0.15074   0.04881   0.09649   0.14371   0.06603   0.14404   0.01399   0.23346   0.02790   0.03509   0.07210   0.07725   0.05608   0.07978   0.15385   0.02759   0.15336   0.11498   9.22439   1.58262   1.17061   1.36911   0.93953  
 43  0.0000   2159.701988  x:  0.09637   0.00000   0.19129   0.00920   0.02140   0.02539   0.15074   0.04881   0.09649   0.14371   0.06603   0.14404   0.01399   0.23346   0.02790   0.03509   0.07210   0.07725   0.05608   0.07978   0.15385   0.02759   0.15336   0.11498   9.22438   1.58262   1.17061   1.36911   0.93953  
 44  0.0000   2159.701988  x:  0.09637   0.00000   0.19129   0.00920   0.02140   0.02539   0.15074   0.04881   0.09649   0.14371   0.06603   0.14404   0.01399   0.23346   0.02790   0.03509   0.07210   0.07725   0.05608   0.07978   0.15385   0.02759   0.15336   0.11498   9.22438   1.58262   1.17061   1.36911   0.93953  