

TREE # 1

  0  0.0000   2191.911385  x:  0.07862   0.00590   0.09755   0.02832   0.06361   0.05051   0.05953   0.03497   0.08678   0.05782   0.06226   0.16736   0.00000   0.10383   0.00658   0.05437   0.05006   0.06271   0.04924   0.07562   0.12600   0.06964   0.17563   0.09724   2.00000   1.81731   1.30142   1.59537   0.40000  
  1 99.0000   2180.638459  x:  0.08733   0.00505   0.10613   0.05255   0.05931   0.03633   0.06460   0.01773   0.07928   0.06585   0.04724   0.17440   0.03157   0.13314   0.07679   0.04731   0.05281   0.06548   0.04635   0.07696   0.13173   0.05786   0.18643   0.10595   2.00644   1.81596   1.29981   1.59733   0.43799  
  2 441.0796   2170.749771  x:  0.09429   0.00000   0.11453   0.05664   0.05453   0.02680   0.06806   0.01459   0.07231   0.07153   0.03187   0.18147   0.01768   0.15372   0.07247   0.03895   0.05568   0.06753   0.04452   0.07746   0.13657   0.04443   0.19580   0.11291   2.01479   1.81410   1.29821   1.59955   0.48062  
  3 255.7969   2164.442150  x:  0.10415   0.03900   0.12940   0.06148   0.04784   0.02582   0.07180   0.02202   0.06351   0.07912   0.01588   0.19408   0.00000   0.18610   0.06563   0.02919   0.05899   0.06974   0.04323   0.07846   0.14443   0.02790   0.21163   0.12277   2.03172   1.81052   1.29506   1.60391   0.55607  
  4 680.7689   2157.606126  x:  0.10952   0.04492   0.14336   0.05975   0.04675   0.04792   0.07056   0.01557   0.06397   0.08208   0.06241   0.20823   0.00000   0.22334   0.04692   0.03641   0.05902   0.06868   0.04666   0.08040   0.15287   0.04572   0.23298   0.12814   2.06468   1.80373   1.28989   1.61166   0.66932  
  5 250.8499   2152.285640  x:  0.09430   0.03118   0.12984   0.04068   0.06341   0.04294   0.06067   0.04877   0.08368   0.06572   0.05405   0.20727   0.00000   0.21841   0.02678   0.05075   0.04946   0.06297   0.04810   0.07946   0.14869   0.05846   0.23740   0.11292   2.10998   1.79528   1.28538   1.62002   0.75678  
  6 137.5974   2149.663492  x:  0.08666   0.03198   0.11936   0.04114   0.06301   0.04453   0.06109   0.03319   0.08541   0.06179   0.04741   0.20229   0.00000   0.19878   0.00990   0.04923   0.05134   0.06399   0.04727   0.07803   0.14357   0.05826   0.23269   0.10528   2.13834   1.79051   1.28322   1.62463   0.78833  
  7 134.0898   2147.783101  x:  0.08216   0.03240   0.11053   0.02808   0.05864   0.05048   0.06230   0.02585   0.08279   0.06239   0.04468   0.19582   0.00000   0.16510   0.01724   0.04654   0.05316   0.06527   0.04743   0.07684   0.13844   0.05768   0.22392   0.10078   2.18075   1.78369   1.28004   1.63133   0.82777  
  8 124.8288   2146.681477  x:  0.08150   0.03168   0.10648   0.03720   0.05735   0.05194   0.06250   0.02832   0.08118   0.06415   0.04581   0.19087   0.01186   0.14127   0.02008   0.04629   0.05257   0.06533   0.04762   0.07683   0.13532   0.05762   0.21663   0.10012   2.21520   1.77845   1.27750   1.63661   0.85204  
  9 210.0274   2146.022106  x:  0.08372   0.03151   0.10709   0.04442   0.05807   0.04966   0.06240   0.03089   0.08036   0.06554   0.04792   0.18797   0.00369   0.13046   0.02033   0.04728   0.05134   0.06493   0.04746   0.07771   0.13443   0.05749   0.21058   0.10234   2.24137   1.77481   1.27571   1.64034   0.86159  
 10 118.7367   2143.555571  x:  0.10021   0.03585   0.12028   0.03555   0.06523   0.02941   0.06192   0.02657   0.07927   0.06623   0.05504   0.17769   0.00848   0.12615   0.01770   0.05387   0.04758   0.06321   0.04561   0.08341   0.13569   0.05743   0.18283   0.11883   2.38488   1.75681   1.26674   1.65917   0.86635  
 11 95.0930   2137.150020  x:  0.10788   0.02492   0.13563   0.03804   0.06656   0.06976   0.06379   0.03380   0.08112   0.05872   0.03953   0.16308   0.00759   0.15734   0.01769   0.04963   0.05933   0.06796   0.04747   0.08171   0.14075   0.05401   0.13578   0.12650   2.85072   1.70071   1.23895   1.71734   0.85869  
 12 264.3562   2126.468973  x:  0.07216   0.03107   0.12653   0.04298   0.04315   0.04920   0.05629   0.03064   0.08105   0.08307   0.04651   0.18163   0.00000   0.18905   0.01938   0.03761   0.03512   0.05931   0.04526   0.06553   0.14403   0.05415   0.20545   0.09078   3.69788   1.60578   1.19263   1.81360   0.82771  
 13 432.1047   2126.468973  x:  0.07216   0.03107   0.12653   0.04298   0.04315   0.04920   0.05629   0.03064   0.08105   0.08307   0.04651   0.18163   0.00000   0.18905   0.01938   0.03761   0.03512   0.05931   0.04526   0.06553   0.14403   0.05415   0.20545   0.09078   3.69788   1.60578   1.19263   1.81360   0.82771  
 14 392.9078   2119.678527  x:  0.08699   0.00000   0.12650   0.04899   0.05073   0.03139   0.06616   0.01125   0.07377   0.07860   0.03027   0.18569   0.00172   0.19072   0.02863   0.03852   0.06321   0.06645   0.04489   0.07464   0.14461   0.04250   0.21001   0.10561   3.70006   1.60851   1.19352   1.81081   0.83662  
 15 203.0065   2119.678527  x:  0.08699   0.00000   0.12650   0.04899   0.05073   0.03139   0.06616   0.01125   0.07377   0.07860   0.03027   0.18569   0.00172   0.19072   0.02863   0.03852   0.06321   0.06645   0.04489   0.07464   0.14461   0.04250   0.21001   0.10561   3.70006   1.60851   1.19352   1.81081   0.83662  
 16 111.5759   2119.111016  x:  0.08898   0.00306   0.12726   0.04907   0.05078   0.03120   0.06664   0.02110   0.07269   0.07784   0.02959   0.18704   0.00157   0.19102   0.02678   0.03792   0.06183   0.06685   0.04467   0.07514   0.14469   0.04131   0.21116   0.10760   3.70077   1.60939   1.19380   1.80993   0.83942  
 17 119.0448   2118.637405  x:  0.09308   0.00000   0.12847   0.04923   0.05087   0.03069   0.06748   0.02161   0.07055   0.07629   0.02849   0.18980   0.00077   0.19172   0.02391   0.03687   0.05905   0.06766   0.04429   0.07624   0.14490   0.03928   0.21377   0.11170   3.70248   1.61146   1.19450   1.80781   0.84612  
 18 62.7224   2118.026613  x:  0.10256   0.00582   0.13223   0.04961   0.05110   0.03012   0.06913   0.01731   0.06603   0.07289   0.02718   0.19746   0.00181   0.19380   0.02137   0.03521   0.05338   0.06933   0.04370   0.07883   0.14552   0.03643   0.22084   0.12118   3.70746   1.61745   1.19647   1.80169   0.86526  
 19 165.8365   2117.157018  x:  0.11086   0.00391   0.13644   0.04989   0.05140   0.03225   0.06941   0.01822   0.06501   0.07133   0.03065   0.20829   0.00000   0.19685   0.03432   0.03701   0.05349   0.06979   0.04451   0.08114   0.14662   0.04198   0.23142   0.12948   3.71755   1.62918   1.20040   1.78960   0.90228  
 20 96.5747   2115.325566  x:  0.10687   0.00113   0.13941   0.04841   0.05169   0.03056   0.06467   0.01882   0.07802   0.07888   0.03034   0.22613   0.00919   0.20286   0.02487   0.03901   0.07172   0.06552   0.04663   0.07786   0.14777   0.04587   0.25140   0.12549   3.74923   1.66402   1.21255   1.75308   1.01027  
 21 108.7563   2114.402807  x:  0.10118   0.00303   0.13845   0.04866   0.05133   0.03084   0.06488   0.01810   0.07888   0.08028   0.02910   0.22760   0.00000   0.20255   0.02372   0.03788   0.07166   0.06524   0.04597   0.07632   0.14762   0.04323   0.25323   0.11980   3.76177   1.67672   1.21717   1.73958   1.04932  
 22 174.2547   2113.482568  x:  0.09735   0.00000   0.13312   0.04915   0.05162   0.02803   0.06750   0.01967   0.07097   0.07596   0.03313   0.21383   0.00000   0.20452   0.02779   0.03889   0.06032   0.06881   0.04610   0.07926   0.14656   0.04316   0.24497   0.11597   3.77252   1.68347   1.21952   1.73282   1.06796  
 23 44.9290   2113.284799  x:  0.09942   0.00000   0.13173   0.04897   0.05212   0.03553   0.06729   0.01990   0.06988   0.07454   0.03011   0.20535   0.00000   0.20495   0.02807   0.03833   0.05946   0.06873   0.04547   0.08004   0.14627   0.04477   0.23864   0.11804   3.77917   1.68615   1.22028   1.73053   1.07443  
 24 41.9284   2113.083131  x:  0.10494   0.00000   0.13249   0.04926   0.05191   0.03142   0.06605   0.01962   0.07207   0.07481   0.02899   0.19399   0.00000   0.20461   0.02830   0.03726   0.06367   0.06695   0.04499   0.07980   0.14628   0.04560   0.22837   0.12356   3.79394   1.69185   1.22185   1.72586   1.08841  
 25 36.6604   2113.045527  x:  0.10545   0.00000   0.13283   0.04923   0.05190   0.03143   0.06604   0.01957   0.07236   0.07504   0.02976   0.19300   0.00269   0.20466   0.02795   0.03751   0.06400   0.06692   0.04531   0.07978   0.14633   0.04550   0.22721   0.12407   3.79672   1.69262   1.22202   1.72535   1.09010  
 26 37.6414   2112.992354  x:  0.10620   0.00000   0.13447   0.04883   0.05201   0.03257   0.06643   0.01944   0.07299   0.07608   0.03326   0.19231   0.00204   0.20427   0.02636   0.03926   0.06412   0.06747   0.04703   0.07987   0.14661   0.04498   0.22412   0.12482   3.80735   1.69454   1.22231   1.72465   1.09346  
 27 20.5186   2112.581550  x:  0.10557   0.00000   0.14443   0.04522   0.05342   0.03084   0.06854   0.01971   0.07336   0.07998   0.02697   0.20072   0.00304   0.20320   0.02740   0.04439   0.05987   0.07148   0.04971   0.08056   0.14900   0.04719   0.20917   0.12419   3.90597   1.70240   1.22119   1.73004   1.09304  
 28 28.9851   2111.716368  x:  0.10462   0.00000   0.15369   0.05328   0.05102   0.03219   0.06650   0.02037   0.07071   0.07757   0.03192   0.21341   0.00352   0.20200   0.02916   0.03539   0.05924   0.06978   0.03948   0.07930   0.15103   0.04737   0.19187   0.12324   4.12195   1.71775   1.21889   1.74337   1.08864  
 29 177.7275   2109.517253  x:  0.10362   0.00000   0.13841   0.04960   0.04772   0.03281   0.06248   0.02018   0.06450   0.05922   0.03055   0.21713   0.00256   0.20057   0.03266   0.03522   0.07005   0.06027   0.05581   0.07953   0.14692   0.03436   0.20055   0.12224   4.70295   1.76362   1.21814   1.77048   1.10306  
 30 272.2615   2107.315808  x:  0.10377   0.00000   0.11571   0.04762   0.05705   0.03091   0.06872   0.01881   0.06945   0.07381   0.03205   0.20689   0.00054   0.20070   0.02372   0.03377   0.06450   0.06202   0.05051   0.08213   0.14171   0.04952   0.23078   0.12239   5.31244   1.81362   1.22155   1.79369   1.13547  
 31 661.1824   2106.949113  x:  0.10380   0.00000   0.11936   0.04870   0.05346   0.03147   0.06701   0.01888   0.07278   0.07668   0.03118   0.20052   0.00000   0.20211   0.02535   0.03780   0.06306   0.06592   0.04594   0.08157   0.14273   0.04489   0.23797   0.12242   5.38456   1.81652   1.22340   1.79770   1.13748  
 32 171.5202   2106.949113  x:  0.10380   0.00000   0.11936   0.04870   0.05346   0.03147   0.06701   0.01888   0.07278   0.07668   0.03118   0.20052   0.00000   0.20211   0.02535   0.03780   0.06306   0.06592   0.04594   0.08157   0.14273   0.04489   0.23797   0.12242   5.38456   1.81652   1.22340   1.79770   1.13748  
 33 46.2709   2106.671829  x:  0.10219   0.00000   0.12651   0.04940   0.05129   0.03003   0.06805   0.01741   0.06943   0.07494   0.02825   0.20186   0.00103   0.20088   0.02334   0.03473   0.05786   0.06809   0.04463   0.07949   0.14442   0.03739   0.23602   0.12080   5.38509   1.81535   1.22533   1.79696   1.14104  
 34 35.6902   2106.591175  x:  0.10135   0.00000   0.13031   0.04963   0.05085   0.03069   0.06833   0.01936   0.06843   0.07448   0.02863   0.20269   0.00000   0.20002   0.02508   0.03501   0.05662   0.06879   0.04448   0.07886   0.14544   0.03752   0.23456   0.11997   5.38553   1.81442   1.22680   1.79639   1.14389  
 35 27.8113   2106.510171  x:  0.10014   0.00000   0.13606   0.04968   0.05099   0.03139   0.06840   0.01739   0.06798   0.07432   0.02957   0.20417   0.00220   0.19873   0.02606   0.03649   0.05661   0.06933   0.04457   0.07831   0.14711   0.04003   0.23192   0.11876   5.38651   1.81237   1.23005   1.79514   1.15028  
 36 32.4393   2106.425430  x:  0.09948   0.00000   0.14007   0.04926   0.05197   0.03050   0.06803   0.01737   0.06922   0.07495   0.02886   0.20569   0.00075   0.19699   0.02265   0.03746   0.05888   0.06900   0.04467   0.07841   0.14844   0.04150   0.22838   0.11810   5.38810   1.80913   1.23510   1.79315   1.16044  
 37 30.4947   2106.321326  x:  0.09987   0.00000   0.14081   0.04889   0.05279   0.02988   0.06752   0.02002   0.07145   0.07610   0.02753   0.20709   0.00407   0.19554   0.02291   0.03681   0.06140   0.06795   0.04457   0.07920   0.14901   0.04017   0.22444   0.11849   5.39089   1.80371   1.24339   1.78982   1.17769  
 38 38.9794   2106.116429  x:  0.10142   0.00000   0.13832   0.04901   0.05291   0.03057   0.06712   0.01722   0.07395   0.07753   0.02768   0.20878   0.00277   0.19316   0.02710   0.03465   0.06310   0.06644   0.04464   0.08072   0.14893   0.03704   0.21798   0.12004   5.39677   1.79259   1.26017   1.78292   1.21349  
 39 91.8747   2105.880363  x:  0.10310   0.00000   0.13179   0.05028   0.05065   0.03193   0.06849   0.01810   0.07066   0.07616   0.03143   0.20869   0.00402   0.19282   0.02379   0.03418   0.05792   0.06759   0.04587   0.08118   0.14725   0.03935   0.21560   0.12172   5.40450   1.77909   1.27984   1.77446   1.25844  
 40 76.5887   2105.796054  x:  0.10274   0.00000   0.13008   0.04970   0.05143   0.03000   0.06885   0.01793   0.06855   0.07485   0.02785   0.20738   0.00371   0.19424   0.02480   0.03674   0.05687   0.06876   0.04543   0.08050   0.14652   0.04083   0.21891   0.12136   5.40785   1.77447   1.28586   1.77143   1.27581  
 41 44.4915   2105.713198  x:  0.10116   0.00000   0.13134   0.04931   0.05331   0.03187   0.06846   0.01797   0.06862   0.07423   0.02921   0.20451   0.00321   0.19765   0.02445   0.03758   0.05916   0.07001   0.04356   0.07848   0.14606   0.03913   0.22803   0.11978   5.41231   1.77039   1.28961   1.76854   1.29529  
 42 28.8946   2105.686605  x:  0.10101   0.00000   0.13269   0.04985   0.05204   0.03011   0.06836   0.01801   0.07000   0.07500   0.02973   0.20368   0.00294   0.19896   0.02481   0.03598   0.05909   0.06963   0.04453   0.07849   0.14635   0.03983   0.23168   0.11963   5.41445   1.76962   1.28906   1.76781   1.30235  
 43 17.2660   2105.671140  x:  0.10144   0.00000   0.13358   0.04992   0.05121   0.03153   0.06845   0.01795   0.07060   0.07575   0.02854   0.20362   0.00281   0.19955   0.02457   0.03574   0.05842   0.06863   0.04546   0.07966   0.14682   0.04009   0.23341   0.12006   5.41649   1.76976   1.28684   1.76757   1.30732  
 44 11.9464   2105.642469  x:  0.10264   0.00000   0.13439   0.04949   0.05194   0.03065   0.06867   0.01798   0.06943   0.07618   0.02956   0.20450   0.00280   0.19977   0.02452   0.03689   0.05779   0.06708   0.04521   0.08224   0.14774   0.03920   0.23438   0.12126   5.42207   1.77126   1.27874   1.76747   1.31816  
 45 11.8983   2105.584882  x:  0.10336   0.00000   0.13359   0.04944   0.05304   0.03100   0.06847   0.01794   0.06813   0.07475   0.02903   0.20645   0.00297   0.19906   0.02463   0.03426   0.05894   0.06878   0.04434   0.08163   0.14838   0.04042   0.23327   0.12198   5.43500   1.77519   1.25948   1.76744   1.34082  
 46 24.8237   2105.554864  x:  0.10231   0.00000   0.13246   0.04988   0.05163   0.03093   0.06828   0.01794   0.06968   0.07450   0.02921   0.20665   0.00317   0.19839   0.02461   0.03632   0.05888   0.06959   0.04533   0.07958   0.14770   0.03950   0.23175   0.12093   5.44269   1.77733   1.24886   1.76731   1.35279  
 47 29.4834   2105.549046  x:  0.10150   0.00000   0.13229   0.04961   0.05168   0.03092   0.06839   0.01793   0.06992   0.07531   0.02919   0.20578   0.00323   0.19819   0.02457   0.03621   0.05820   0.06879   0.04438   0.07923   0.14696   0.03977   0.23111   0.12012   5.44502   1.77759   1.24694   1.76711   1.35482  
 48  7.1551   2105.544885  x:  0.10097   0.00000   0.13254   0.04966   0.05202   0.03092   0.06844   0.01793   0.06927   0.07561   0.02919   0.20404   0.00330   0.19804   0.02462   0.03593   0.05848   0.06877   0.04524   0.07980   0.14611   0.03965   0.23044   0.11959   5.44844   1.77743   1.24591   1.76663   1.35568  
 49  3.6274   2105.537256  x:  0.10148   0.00000   0.13318   0.04977   0.05118   0.03092   0.06825   0.01794   0.06965   0.07439   0.02914   0.20151   0.00335   0.19801   0.02460   0.03608   0.05880   0.06895   0.04444   0.08054   0.14582   0.03976   0.22965   0.12010   5.45753   1.77652   1.24477   1.76520   1.35621  
 50  4.8434   2105.507003  x:  0.10362   0.00000   0.13400   0.04955   0.05335   0.03090   0.06845   0.01796   0.07092   0.07482   0.02920   0.19809   0.00338   0.19841   0.02456   0.03632   0.05732   0.06948   0.04500   0.07847   0.14753   0.03974   0.22862   0.12224   5.49816   1.77190   1.24144   1.75877   1.35671  
 51 13.2514   2105.362826  x:  0.10404   0.00000   0.13327   0.04954   0.04955   0.03103   0.06894   0.01807   0.06668   0.07888   0.02900   0.19817   0.00316   0.20013   0.02466   0.03678   0.06059   0.06846   0.04429   0.07591   0.15278   0.03959   0.22822   0.12266   5.69634   1.74871   1.22724   1.72795   1.35740  
 52 56.6837   2105.186625  x:  0.10034   0.00000   0.13277   0.05036   0.05217   0.03099   0.06817   0.01820   0.07010   0.07553   0.02920   0.20462   0.00282   0.20094   0.02476   0.03589   0.05836   0.06978   0.04465   0.08122   0.15187   0.03960   0.22975   0.11896   5.94144   1.71994   1.21033   1.69108   1.35796  
 53 193.2765   2105.164854  x:  0.10147   0.00000   0.13417   0.04891   0.05196   0.03100   0.06879   0.01821   0.06996   0.07469   0.02929   0.20632   0.00281   0.19973   0.02483   0.03580   0.05867   0.06866   0.04521   0.08004   0.14767   0.03965   0.23062   0.12009   5.97155   1.71652   1.20869   1.68834   1.35815  
 54 33.8995   2105.159779  x:  0.10193   0.00000   0.13456   0.05029   0.05210   0.03101   0.06852   0.01822   0.06983   0.07529   0.02912   0.20667   0.00283   0.19905   0.02482   0.03604   0.05872   0.06892   0.04483   0.07994   0.14644   0.03969   0.23096   0.12054   5.97888   1.71582   1.20860   1.68896   1.35830  
 55 11.9892   2105.148694  x:  0.10211   0.00000   0.13454   0.04912   0.05168   0.03100   0.06787   0.01822   0.06998   0.07660   0.02920   0.20654   0.00290   0.19710   0.02483   0.03620   0.05843   0.07075   0.04447   0.08053   0.14621   0.03968   0.23165   0.12073   5.99585   1.71489   1.20971   1.69579   1.35912  
 56  6.5462   2105.112559  x:  0.10142   0.00000   0.13378   0.04990   0.05204   0.03100   0.06937   0.01823   0.06997   0.07505   0.02914   0.20570   0.00301   0.19348   0.02487   0.03605   0.05867   0.06906   0.04483   0.08012   0.14801   0.03963   0.23275   0.12003   6.05201   1.71292   1.21452   1.72185   1.36222  
 57 25.6694   2105.095029  x:  0.10140   0.00000   0.13415   0.04977   0.05205   0.03100   0.06701   0.01826   0.06959   0.07474   0.02912   0.20613   0.00279   0.19735   0.02484   0.03602   0.05838   0.06849   0.04503   0.07971   0.14746   0.03961   0.23127   0.12002   6.07946   1.71398   1.21773   1.73487   1.36399  
 58 19.7930   2105.087120  x:  0.10147   0.00000   0.13445   0.04977   0.05199   0.03099   0.06874   0.01825   0.06990   0.07518   0.02909   0.20648   0.00264   0.19988   0.02485   0.03611   0.05858   0.06926   0.04476   0.07999   0.14688   0.03959   0.23034   0.12009   6.09214   1.71578   1.21966   1.74058   1.36490  
 59 18.1075   2105.028890  x:  0.10127   0.00000   0.13436   0.04975   0.05199   0.03098   0.06845   0.01829   0.06983   0.07493   0.02912   0.20649   0.00258   0.19877   0.02486   0.03608   0.05843   0.06909   0.04486   0.07993   0.14681   0.03959   0.23092   0.11989   6.19174   1.77255   1.24987   1.77031   1.37507  
 60  4.7670   2105.020448  x:  0.10143   0.00000   0.13573   0.04974   0.05182   0.03102   0.06851   0.01859   0.06956   0.07529   0.02902   0.20582   0.00256   0.19832   0.02509   0.03617   0.05847   0.06929   0.04472   0.07944   0.14792   0.03948   0.22929   0.12004   6.24124   1.76578   1.24972   1.76444   1.38774  
 61  0.0453   2105.020386  x:  0.10145   0.00000   0.13561   0.04975   0.05183   0.03103   0.06852   0.01857   0.06959   0.07526   0.02905   0.20590   0.00259   0.19835   0.02509   0.03613   0.05846   0.06925   0.04475   0.07953   0.14781   0.03948   0.22937   0.12006   6.24427   1.76544   1.24946   1.76393   1.38888  
 62  0.0030   2105.020386  x:  0.10145   0.00000   0.13561   0.04975   0.05183   0.03103   0.06852   0.01857   0.06959   0.07526   0.02905   0.20590   0.00259   0.19835   0.02509   0.03613   0.05846   0.06925   0.04475   0.07953   0.14782   0.03948   0.22937   0.12006   6.24425   1.76544   1.24947   1.76394   1.38891  
 63  0.0000   2105.020386  x:  0.10145   0.00000   0.13561   0.04975   0.05183   0.03103   0.06852   0.01857   0.06959   0.07526   0.02905   0.20590   0.00259   0.19835   0.02509   0.03613   0.05846   0.06925   0.04475   0.07953   0.14782   0.03948   0.22937   0.12006   6.24423   1.76544   1.24947   1.76394   1.38891  
 64  0.0000   2105.020386  x:  0.10145   0.00000   0.13561   0.04975   0.05183   0.03103   0.06852   0.01857   0.06959   0.07526   0.02905   0.20590   0.00259   0.19835   0.02509   0.03613   0.05846   0.06925   0.04475   0.07953   0.14782   0.03948   0.22937   0.12006   6.24422   1.76544   1.24947   1.76394   1.38892  
 65  0.0000   2105.020386  x:  0.10145   0.00000   0.13561   0.04975   0.05183   0.03103   0.06852   0.01857   0.06959   0.07526   0.02905   0.20590   0.00259   0.19835   0.02509   0.03613   0.05846   0.06925   0.04475   0.07953   0.14782   0.03948   0.22937   0.12006   6.24422   1.76544   1.24947   1.76394   1.38892  