

TREE # 1

  0  0.0000   2150.515370  x:  0.01972   0.20925   0.02571   0.03211   0.02495   0.05815   0.02188   0.05666   0.08536   0.02661   0.17168   0.01972   0.20925   0.02571   0.03211   0.02495   0.05815   0.02188   0.05666   0.08536   0.02661   0.17168   0.21568   8.40433   1.66891   1.13648   1.42054   1.00000  
  1 99.0000   2128.967791  x:  0.00057   0.21030   0.02450   0.04999   0.05523   0.07138   0.02719   0.07255   0.09136   0.01272   0.17366   0.00000   0.21102   0.02189   0.03445   0.06291   0.08013   0.02330   0.06320   0.09065   0.02211   0.17133   0.22142   8.40428   1.66861   1.13495   1.42316   1.00030  
  2 501.8969   2128.815436  x:  0.00000   0.21033   0.02445   0.05002   0.05516   0.07154   0.02714   0.07267   0.09150   0.01240   0.17371   0.00000   0.21107   0.02183   0.03443   0.06279   0.08035   0.02325   0.06324   0.09077   0.02205   0.17132   0.22156   8.40428   1.66860   1.13491   1.42323   1.00031  
  3 232.8290   2128.029633  x:  0.00000   0.21558   0.03578   0.04950   0.05742   0.07286   0.03161   0.06890   0.10152   0.00636   0.17929   0.00000   0.21648   0.02997   0.03566   0.05952   0.08277   0.02654   0.06334   0.09699   0.02835   0.17031   0.23717   8.40408   1.66707   1.12965   1.43365   1.00143  
  4 64.9164   2127.298364  x:  0.00000   0.22616   0.03426   0.04758   0.06133   0.06778   0.02783   0.06285   0.10823   0.00652   0.18746   0.00000   0.22541   0.02391   0.03511   0.06177   0.07612   0.02340   0.06318   0.09817   0.02264   0.16830   0.26328   8.40363   1.66358   1.11844   1.45726   1.00387  
  5 51.9203   2126.919140  x:  0.00000   0.23228   0.02578   0.04855   0.05897   0.06810   0.03062   0.06587   0.10350   0.00718   0.18906   0.00000   0.22999   0.02607   0.03521   0.06246   0.07538   0.02768   0.06098   0.09398   0.02606   0.16682   0.27578   8.40321   1.66049   1.10886   1.47904   1.00602  
  6 48.7208   2126.530029  x:  0.00000   0.23633   0.03199   0.05030   0.05683   0.07192   0.02933   0.06927   0.09347   0.01152   0.18474   0.00000   0.23223   0.02667   0.03561   0.06095   0.08045   0.02320   0.06181   0.08885   0.02516   0.16491   0.28116   8.40253   1.65587   1.09494   1.51363   1.00927  
  7 45.4849   2126.069839  x:  0.00000   0.23420   0.03469   0.04691   0.05616   0.06918   0.02846   0.06823   0.09223   0.00715   0.17352   0.00000   0.23012   0.02436   0.03548   0.06254   0.07966   0.03060   0.06458   0.09444   0.02189   0.16260   0.27282   8.40140   1.64969   1.07597   1.56724   1.01417  
  8 46.6027   2125.779035  x:  0.00000   0.23132   0.03173   0.04845   0.05798   0.06844   0.02974   0.06659   0.09717   0.00434   0.16858   0.00000   0.22793   0.02569   0.03474   0.06269   0.07661   0.02407   0.06284   0.09717   0.02524   0.16165   0.26424   8.40060   1.64632   1.06520   1.60254   1.01734  
  9 81.0112   2125.683428  x:  0.00000   0.22958   0.03043   0.04942   0.05973   0.07043   0.02889   0.06499   0.10203   0.00625   0.17217   0.00000   0.22668   0.02589   0.03534   0.06072   0.07842   0.02555   0.06045   0.09433   0.02388   0.16235   0.25954   8.40020   1.64626   1.06399   1.61621   1.01847  
 10 26.7069   2125.601231  x:  0.00000   0.22706   0.03136   0.04732   0.05881   0.06936   0.02929   0.06590   0.10270   0.00402   0.18161   0.00000   0.22506   0.02598   0.03614   0.06201   0.07819   0.02501   0.06236   0.09089   0.02417   0.16482   0.25530   8.39963   1.64846   1.06789   1.62974   1.01944  
 11 16.9656   2125.536291  x:  0.00000   0.22478   0.03171   0.05038   0.05906   0.06922   0.02906   0.06557   0.09996   0.00394   0.18823   0.00000   0.22304   0.02545   0.03376   0.06115   0.07746   0.02560   0.06240   0.09407   0.02434   0.16781   0.25401   8.39898   1.65262   1.07555   1.64160   1.02018  
 12 17.3323   2125.451965  x:  0.00000   0.22194   0.03027   0.04772   0.05932   0.07087   0.02886   0.06535   0.09822   0.00573   0.19083   0.00000   0.21991   0.02619   0.03676   0.06164   0.07855   0.02462   0.06109   0.09882   0.02402   0.17126   0.25544   8.39789   1.66107   1.09032   1.65778   1.02111  
 13 21.5622   2125.191612  x:  0.00000   0.21470   0.03175   0.04825   0.05734   0.06903   0.03088   0.06853   0.10298   0.00588   0.18482   0.00000   0.21219   0.02444   0.03436   0.06255   0.07922   0.02478   0.05919   0.09577   0.02364   0.17676   0.26364   8.39410   1.69371   1.14302   1.70802   1.02394  
 14 36.2358   2125.074030  x:  0.00000   0.21423   0.03070   0.04985   0.05900   0.07008   0.02684   0.06583   0.10295   0.00332   0.18190   0.00000   0.21215   0.02679   0.03539   0.06193   0.07829   0.02537   0.06283   0.09312   0.02449   0.17551   0.26512   8.39230   1.71051   1.16609   1.72958   1.02518  
 15 55.6821   2124.967704  x:  0.00000   0.21789   0.02994   0.04920   0.06149   0.07174   0.03083   0.06275   0.10174   0.00119   0.18046   0.00000   0.21617   0.02572   0.03527   0.06005   0.07830   0.02498   0.06462   0.09208   0.02326   0.17047   0.26313   8.39048   1.72913   1.18637   1.74888   1.02635  
 16 45.1689   2124.807895  x:  0.00000   0.22740   0.03078   0.04775   0.06204   0.07024   0.02850   0.06511   0.10223   0.00039   0.18001   0.00000   0.22544   0.02515   0.03410   0.06070   0.07955   0.02496   0.06106   0.09401   0.02456   0.16103   0.25710   8.38762   1.75999   1.21369   1.77619   1.02805  
 17 55.6393   2124.765799  x:  0.00000   0.23013   0.03092   0.04997   0.05917   0.07036   0.02907   0.06553   0.10351   0.00099   0.17985   0.00000   0.22764   0.02595   0.03583   0.06185   0.07896   0.02482   0.06170   0.09504   0.02291   0.16063   0.25552   8.38677   1.77011   1.21854   1.78254   1.02849  
 18 23.8600   2124.660559  x:  0.00000   0.23390   0.03046   0.04857   0.05837   0.07312   0.02869   0.06486   0.10517   0.00195   0.17867   0.00000   0.22966   0.02483   0.03316   0.06295   0.07928   0.02490   0.06415   0.09535   0.02465   0.16825   0.25400   8.38419   1.80314   1.22062   1.79475   1.02947  
 19 14.5124   2124.547428  x:  0.00000   0.23436   0.03055   0.04894   0.06033   0.07140   0.02871   0.06551   0.10450   0.00000   0.17825   0.00000   0.22935   0.02526   0.03453   0.06152   0.07948   0.02471   0.06270   0.09475   0.02362   0.17217   0.25397   8.38217   1.82860   1.22046   1.80297   1.03019  
 20 48.2517   2124.206686  x:  0.00000   0.22911   0.02750   0.04876   0.06270   0.06665   0.02988   0.07203   0.10785   0.00000   0.17988   0.00000   0.22926   0.02561   0.03405   0.05689   0.08234   0.02442   0.07409   0.09802   0.02539   0.16529   0.25552   8.38221   1.82726   1.21915   1.80205   1.03021  
 21 31.3183   2124.062260  x:  0.00000   0.21684   0.02766   0.04852   0.06123   0.06928   0.02958   0.07222   0.10755   0.00000   0.18237   0.00000   0.22801   0.02581   0.03301   0.05838   0.08152   0.02430   0.07308   0.09841   0.02463   0.15774   0.25925   8.37853   1.87049   1.21586   1.81425   1.03157  
 22 30.3118   2124.054500  x:  0.00000   0.21641   0.02759   0.04899   0.06080   0.06865   0.02957   0.07133   0.10744   0.00000   0.18249   0.00000   0.22775   0.02480   0.03369   0.05855   0.08252   0.02428   0.07297   0.09838   0.02551   0.15749   0.25945   8.37815   1.87336   1.21566   1.81506   1.03173  
 23  8.0612   2124.015821  x:  0.00000   0.21815   0.02668   0.04873   0.06026   0.06718   0.02960   0.06974   0.10738   0.00000   0.18283   0.00000   0.22489   0.02670   0.03195   0.05941   0.08518   0.02359   0.07290   0.09850   0.02420   0.15703   0.25993   8.37534   1.87691   1.21486   1.81568   1.03318  
 24  1.3435   2123.615067  x:  0.00000   0.23397   0.02628   0.04995   0.06161   0.07264   0.02857   0.07284   0.10973   0.00000   0.18564   0.00000   0.20197   0.02336   0.03331   0.05914   0.08548   0.02332   0.07291   0.09991   0.02419   0.15239   0.26409   8.34737   1.88719   1.20737   1.81398   1.04763  
 25 11.6159   2121.461686  x:  0.00000   0.22764   0.01915   0.05529   0.06238   0.08705   0.02404   0.08019   0.11661   0.00000   0.18511   0.00000   0.23079   0.01644   0.03269   0.06387   0.10383   0.01816   0.06835   0.10799   0.01521   0.16657   0.28156   8.20500   1.79915   1.17421   1.76402   1.11549  
 26 22.7804   2121.204940  x:  0.00000   0.22947   0.01840   0.05599   0.06267   0.08878   0.02361   0.08103   0.11761   0.00000   0.18519   0.00000   0.23122   0.01578   0.03266   0.06446   0.10597   0.01770   0.06789   0.10895   0.01433   0.16696   0.28408   8.18966   1.79094   1.16754   1.76689   1.02151  
 27  4.3060   2120.714925  x:  0.00000   0.22695   0.02409   0.05847   0.06414   0.09365   0.02486   0.08639   0.11782   0.00000   0.18501   0.00000   0.23304   0.02030   0.03309   0.07002   0.11499   0.02116   0.06764   0.11128   0.01885   0.16778   0.28750   8.14470   1.75764   1.15817   1.74104   1.01125  
 28  0.0761   2120.589886  x:  0.00000   0.22589   0.02224   0.05993   0.06898   0.09524   0.02624   0.08851   0.11783   0.00000   0.18486   0.00000   0.23042   0.01876   0.03361   0.07498   0.11986   0.02039   0.06750   0.11107   0.01750   0.16421   0.28452   8.15876   1.77070   1.16508   1.74283   1.02959  
 29  0.0220   2120.582778  x:  0.00000   0.22633   0.02205   0.06010   0.06942   0.09475   0.02538   0.08843   0.11733   0.00000   0.18507   0.00000   0.23030   0.01884   0.03342   0.07604   0.11996   0.01995   0.06774   0.11047   0.01752   0.16490   0.28388   8.17256   1.76944   1.16484   1.74188   1.02204  
 30  0.0146   2120.582182  x:  0.00000   0.22637   0.02219   0.06008   0.06942   0.09440   0.02548   0.08833   0.11718   0.00000   0.18508   0.00000   0.23048   0.01877   0.03340   0.07635   0.11980   0.02016   0.06780   0.11033   0.01739   0.16518   0.28387   8.17611   1.76908   1.16450   1.74156   1.02235  
 31  0.0036   2120.582095  x:  0.00000   0.22634   0.02213   0.06009   0.06943   0.09428   0.02553   0.08829   0.11717   0.00000   0.18506   0.00000   0.23057   0.01880   0.03341   0.07644   0.11972   0.02012   0.06781   0.11032   0.01747   0.16517   0.28392   8.17618   1.76902   1.16445   1.74162   1.02277  
 32  0.0006   2120.582088  x:  0.00000   0.22633   0.02215   0.06010   0.06944   0.09426   0.02552   0.08829   0.11720   0.00000   0.18505   0.00000   0.23057   0.01881   0.03342   0.07646   0.11970   0.02010   0.06779   0.11035   0.01745   0.16512   0.28394   8.17553   1.76911   1.16448   1.74173   1.02278  
 33  0.0007   2120.582087  x:  0.00000   0.22633   0.02214   0.06010   0.06945   0.09426   0.02552   0.08829   0.11722   0.00000   0.18505   0.00000   0.23057   0.01881   0.03342   0.07647   0.11969   0.02011   0.06779   0.11036   0.01746   0.16511   0.28395   8.17524   1.76907   1.16447   1.74171   1.02274  
 34  0.0003   2120.582087  x:  0.00000   0.22633   0.02214   0.06010   0.06945   0.09426   0.02552   0.08829   0.11722   0.00000   0.18505   0.00000   0.23056   0.01881   0.03341   0.07647   0.11969   0.02011   0.06779   0.11036   0.01746   0.16512   0.28395   8.17521   1.76905   1.16447   1.74170   1.02273  
 35  0.0000   2120.582087  x:  0.00000   0.22633   0.02214   0.06010   0.06945   0.09426   0.02552   0.08829   0.11722   0.00000   0.18505   0.00000   0.23056   0.01881   0.03341   0.07647   0.11969   0.02011   0.06779   0.11036   0.01746   0.16512   0.28394   8.17521   1.76906   1.16447   1.74170   1.02273  
 36  0.0000   2120.582087  x:  0.00000   0.22633   0.02214   0.06010   0.06945   0.09426   0.02552   0.08829   0.11722   0.00000   0.18505   0.00000   0.23056   0.01881   0.03341   0.07647   0.11969   0.02011   0.06779   0.11036   0.01746   0.16512   0.28394   8.17522   1.76906   1.16447   1.74170   1.02273  
 37  0.0000   2120.582087  x:  0.00000   0.22633   0.02214   0.06010   0.06945   0.09426   0.02552   0.08829   0.11722   0.00000   0.18505   0.00000   0.23056   0.01881   0.03341   0.07647   0.11969   0.02011   0.06779   0.11036   0.01746   0.16512   0.28394   8.17522   1.76906   1.16447   1.74170   1.02273  
 38  0.0000   2120.582087  x:  0.00000   0.22633   0.02214   0.06010   0.06945   0.09426   0.02552   0.08829   0.11722   0.00000   0.18505   0.00000   0.23056   0.01881   0.03341   0.07647   0.11969   0.02011   0.06779   0.11036   0.01746   0.16512   0.28394   8.17522   1.76906   1.16447   1.74170   1.02273  
 39  0.0000   2120.582087  x:  0.00000   0.22633   0.02214   0.06010   0.06945   0.09426   0.02552   0.08829   0.11722   0.00000   0.18505   0.00000   0.23056   0.01881   0.03341   0.07647   0.11969   0.02011   0.06779   0.11036   0.01746   0.16512   0.28394   8.17522   1.76906   1.16447   1.74170   1.02273  

TREE # 2

  0  0.0000   2506.643321  x:  0.00000   0.22633   0.02214   0.06010   0.06945   0.09426   0.02552   0.08829   0.11722   0.00000   0.18505   0.00000   0.23056   0.01881   0.03341   0.07647   0.11969   0.02011   0.06779   0.11036   0.01746   0.16512   0.28394   8.17522   1.73364   1.05623   1.58192   1.02273  
  1 99.0000   2399.646638  x:  0.07009   0.22691   0.03589   0.06654   0.06824   0.09293   0.03071   0.08937   0.11806   0.16041   0.18449   0.31178   0.23110   0.03823   0.04514   0.07499   0.11829   0.02774   0.06786   0.11046   0.01968   0.16426   0.28203   8.17523   1.73355   1.05627   1.58201   1.02272  
  2 23222.8625   2246.675134  x:  0.22997   0.17415   0.27854   0.23160   0.03045   0.04502   0.16866   0.05366   0.09312   0.13290   0.15506   0.27535   0.17887   0.30506   0.28934   0.02658   0.07227   0.18490   0.06682   0.11295   0.07791   0.13764   0.22322   8.17542   1.73063   1.06163   1.58306   1.02223  
  3 1184.2203   2225.206234  x:  0.24580   0.14598   0.27769   0.23511   0.01690   0.02505   0.16284   0.04075   0.08422   0.13182   0.14542   0.27327   0.15092   0.30554   0.29016   0.00000   0.05027   0.17847   0.06138   0.10892   0.07317   0.12648   0.19544   8.17552   1.72845   1.06597   1.58298   1.02182  
  4 351.2121   2181.725499  x:  0.29352   0.03257   0.27235   0.24616   0.05739   0.01873   0.14839   0.03402   0.06569   0.13312   0.11898   0.26476   0.03871   0.30512   0.29357   0.00000   0.00000   0.16286   0.06100   0.09109   0.07871   0.09884   0.09000   8.17584   1.72150   1.07854   1.58507   1.02060  
  5 867.2969   2168.251935  x:  0.30729   0.00000   0.27079   0.24926   0.06506   0.01495   0.14407   0.03110   0.06046   0.13336   0.11137   0.26238   0.00650   0.30496   0.29444   0.00000   0.00167   0.15848   0.06099   0.08622   0.07969   0.09087   0.05996   8.17593   1.71949   1.08221   1.58562   1.02023  
  6 3300.8855   2166.908304  x:  0.30905   0.00000   0.27048   0.24961   0.06399   0.01555   0.14369   0.03188   0.06144   0.13349   0.11098   0.26202   0.00000   0.30489   0.29454   0.00000   0.00158   0.15819   0.06118   0.08610   0.08001   0.09099   0.05610   8.17594   1.71923   1.08264   1.58580   1.02018  
  7 637.9617   2166.435869  x:  0.32478   0.00000   0.26427   0.25044   0.06257   0.01889   0.14245   0.02361   0.05731   0.13662   0.11635   0.25755   0.00000   0.30173   0.29462   0.00000   0.00132   0.15899   0.06610   0.08748   0.08451   0.10402   0.05216   8.17605   1.71639   1.08641   1.58987   1.01965  
  8 38.1885   2166.090761  x:  0.34402   0.00000   0.25651   0.25126   0.06357   0.01313   0.14189   0.03072   0.05471   0.14048   0.12132   0.25180   0.00000   0.29764   0.29500   0.00000   0.00133   0.16072   0.06758   0.08738   0.08631   0.11192   0.05470   8.17622   1.71245   1.09163   1.59569   1.01886  
  9 47.7265   2165.771599  x:  0.36745   0.00000   0.24683   0.25294   0.06346   0.01904   0.14269   0.03088   0.05919   0.14511   0.12300   0.24478   0.00000   0.29202   0.29587   0.00000   0.00178   0.16340   0.06277   0.08599   0.08227   0.10805   0.06288   8.17651   1.70670   1.09941   1.60487   1.01753  
 10 38.5791   2165.696882  x:  0.36957   0.00000   0.24423   0.25276   0.06376   0.01736   0.14504   0.02940   0.06321   0.14668   0.12221   0.24359   0.00000   0.28917   0.29671   0.00000   0.00159   0.16486   0.06733   0.08880   0.08469   0.10469   0.06412   8.17669   1.70434   1.10239   1.61095   1.01671  
 11 13.1512   2165.544317  x:  0.36517   0.00000   0.24063   0.25251   0.05962   0.02031   0.15123   0.03165   0.05701   0.14935   0.11922   0.24320   0.00000   0.28205   0.30056   0.00000   0.00143   0.16991   0.06903   0.09181   0.08808   0.10163   0.06321   8.17736   1.69801   1.11063   1.63135   1.01375  
 12 12.6211   2165.278669  x:  0.35269   0.00000   0.23773   0.25445   0.05928   0.01777   0.15701   0.02969   0.06061   0.15301   0.11906   0.24380   0.00000   0.27250   0.30906   0.00000   0.00159   0.17673   0.06382   0.08612   0.08745   0.10761   0.05914   8.17875   1.68789   1.12495   1.67114   1.00782  
 13 28.6790   2165.039649  x:  0.34440   0.00000   0.23971   0.26072   0.05781   0.01968   0.14837   0.03140   0.06081   0.15134   0.12316   0.24594   0.00000   0.27275   0.31611   0.00000   0.00165   0.17013   0.07108   0.08636   0.07899   0.10991   0.05894   8.18024   1.68407   1.13530   1.70678   1.00226  
 14 21.2650   2164.840033  x:  0.34113   0.00000   0.24034   0.26358   0.05651   0.02056   0.13896   0.03208   0.06234   0.14672   0.12592   0.24862   0.00000   0.27720   0.31609   0.00000   0.00215   0.16218   0.06533   0.09084   0.08902   0.10983   0.06008   8.18170   1.68860   1.13967   1.73308   0.99804  
 15 18.5958   2164.062495  x:  0.34598   0.00000   0.23501   0.24882   0.04892   0.02328   0.15135   0.03412   0.06395   0.12680   0.12334   0.25682   0.00000   0.30030   0.28616   0.00000   0.00251   0.15649   0.07061   0.07860   0.09289   0.11336   0.05667   8.18804   1.74681   1.13511   1.80712   0.98749  
 16 13.1301   2163.513414  x:  0.34845   0.00000   0.23759   0.23672   0.04919   0.02255   0.15340   0.03413   0.06499   0.12652   0.12624   0.25587   0.00000   0.30950   0.26776   0.00000   0.00303   0.16449   0.06547   0.09544   0.08292   0.11607   0.04782   8.19276   1.79377   1.13393   1.85148   0.98272  
 17 45.9821   2162.483425  x:  0.35016   0.00000   0.25984   0.21978   0.03784   0.02466   0.13177   0.03515   0.06462   0.15822   0.12774   0.23877   0.00000   0.30238   0.25351   0.00000   0.00299   0.17942   0.07028   0.08484   0.08813   0.10993   0.04108   8.20183   1.88549   1.14791   1.90655   0.98301  
 18 32.4847   2161.198079  x:  0.35593   0.00000   0.27389   0.22669   0.03068   0.02597   0.14375   0.03713   0.06740   0.17539   0.10203   0.22944   0.00000   0.27797   0.26132   0.00000   0.00439   0.14825   0.06711   0.08998   0.08726   0.12211   0.03847   8.21320   1.98630   1.19867   1.93959   0.99567  
 19 29.2435   2159.782771  x:  0.35708   0.00000   0.25840   0.24408   0.02162   0.02532   0.15547   0.03656   0.06541   0.16624   0.12941   0.23513   0.00000   0.25836   0.27687   0.00000   0.00510   0.13736   0.06432   0.08763   0.08781   0.11007   0.02469   8.22609   2.08439   1.27322   1.95891   1.01655  
 20 46.5974   2158.764913  x:  0.35849   0.00000   0.23211   0.25723   0.01638   0.02503   0.13567   0.03675   0.06670   0.14443   0.11270   0.24684   0.00000   0.25551   0.28663   0.00000   0.00502   0.15839   0.06734   0.08768   0.08672   0.11270   0.02064   8.23570   2.14236   1.33353   1.96610   1.03308  
 21 48.4334   2158.310902  x:  0.36289   0.00000   0.23690   0.22963   0.01503   0.02478   0.13445   0.03596   0.06612   0.15416   0.10929   0.24075   0.00000   0.28596   0.27004   0.00000   0.00525   0.14944   0.06597   0.08734   0.08516   0.11095   0.01769   8.24200   2.09991   1.35618   1.95704   1.03441  
 22  6.0528   2157.936101  x:  0.37355   0.00000   0.26057   0.23631   0.01437   0.02411   0.13408   0.03565   0.06583   0.14704   0.10833   0.24271   0.00000   0.28041   0.23847   0.00000   0.00531   0.15113   0.06597   0.08677   0.08517   0.10919   0.01638   8.24811   2.04963   1.35011   1.94514   1.03079  
 23 12.3187   2157.304587  x:  0.39053   0.00000   0.26354   0.22195   0.01246   0.02354   0.12883   0.03499   0.06603   0.13349   0.10566   0.24699   0.00000   0.25829   0.25823   0.00000   0.00564   0.14623   0.06445   0.08650   0.08344   0.10551   0.01311   8.26024   1.96067   1.27244   1.91091   1.01513  
 24 11.7339   2156.837465  x:  0.38590   0.00000   0.24107   0.24549   0.00942   0.02282   0.13043   0.03500   0.06543   0.14987   0.10236   0.23955   0.00000   0.25988   0.25945   0.00000   0.00594   0.14256   0.06377   0.08606   0.08327   0.10424   0.01105   8.27010   1.89642   1.21155   1.87310   1.00166  
 25 22.6509   2156.020777  x:  0.36839   0.00000   0.23726   0.23729   0.00561   0.02712   0.13443   0.03852   0.07112   0.14800   0.10860   0.24205   0.00000   0.24892   0.25660   0.00000   0.00669   0.14619   0.06729   0.08845   0.08784   0.11354   0.01287   8.28981   1.80350   1.17086   1.75972   0.97469  
 26  9.2887   2152.246380  x:  0.36459   0.00000   0.18058   0.24903   0.01768   0.02601   0.12415   0.04028   0.07913   0.15004   0.10662   0.23822   0.00000   0.21309   0.25581   0.00000   0.00939   0.13466   0.06696   0.08926   0.08821   0.11256   0.01685   8.39143   1.55033   1.04799   1.52195   0.93096  
 27  3.6471   2151.710993  x:  0.36784   0.00000   0.17585   0.24706   0.01686   0.02561   0.12110   0.04016   0.07942   0.14972   0.10606   0.23716   0.00000   0.21021   0.25137   0.00000   0.00993   0.13033   0.06522   0.08897   0.08714   0.11058   0.01899   8.40438   1.53018   1.02999   1.53457   1.05230  
 28  3.7138   2150.339075  x:  0.39591   0.00000   0.15836   0.25333   0.01408   0.01983   0.10964   0.03581   0.07451   0.14947   0.10062   0.23252   0.00000   0.20070   0.24876   0.00000   0.01036   0.11621   0.05911   0.08626   0.07871   0.09285   0.02774   8.44104   1.59485   1.07705   1.61089   0.99989  
 29  1.5552   2148.520245  x:  0.36463   0.00000   0.14928   0.23618   0.01737   0.02005   0.11050   0.03702   0.07709   0.14859   0.11042   0.23220   0.00000   0.16593   0.22531   0.00000   0.01246   0.11756   0.06068   0.08688   0.07423   0.09755   0.02477   8.45254   1.78661   1.19158   1.69268   1.04787  
 30  0.4274   2147.324849  x:  0.32953   0.00000   0.18007   0.20265   0.01958   0.01702   0.10843   0.03334   0.07140   0.14538   0.11149   0.23118   0.00000   0.19359   0.19642   0.00000   0.01429   0.11710   0.06024   0.08700   0.06594   0.09615   0.02640   8.32568   1.78818   1.19589   1.75416   1.02164  
 31  0.1244   2145.139524  x:  0.27268   0.00000   0.14781   0.22116   0.02193   0.01591   0.11071   0.02782   0.05935   0.13720   0.10742   0.22158   0.00000   0.18431   0.23984   0.00000   0.01933   0.11803   0.06088   0.08768   0.06699   0.09320   0.02878   7.98937   1.76934   1.16036   1.79067   0.97464  
 32  0.1745   2133.816647  x:  0.38636   0.00000   0.17219   0.24224   0.03026   0.02505   0.09582   0.02243   0.03616   0.11451   0.09677   0.06855   0.00000   0.14307   0.24128   0.00000   0.04726   0.09390   0.06207   0.09328   0.08381   0.09027   0.03827   7.16842   1.65363   1.08379   1.76984   0.93500  
 33  0.2044   2128.912536  x:  0.39446   0.00000   0.16065   0.24352   0.03360   0.02602   0.09774   0.02512   0.04648   0.10456   0.10330   0.01796   0.00000   0.16484   0.23417   0.00000   0.05720   0.09702   0.06284   0.09586   0.08352   0.09277   0.03789   7.22434   1.68454   1.11293   1.75725   0.97036  
 34  0.2783   2125.789726  x:  0.36295   0.00000   0.15788   0.24238   0.03348   0.02391   0.10364   0.02967   0.06086   0.06522   0.11544   0.03716   0.00000   0.18355   0.22735   0.00000   0.05818   0.10532   0.06192   0.09603   0.07747   0.09429   0.03395   7.62200   1.73352   1.15697   1.73329   1.01881  
 35  1.0833   2123.641631  x:  0.30151   0.00000   0.16825   0.23609   0.03177   0.01846   0.11275   0.03351   0.07026   0.09228   0.12116   0.03074   0.00000   0.18357   0.22810   0.00000   0.05815   0.11642   0.06019   0.09352   0.06415   0.09422   0.02976   8.17204   1.77599   1.18315   1.71961   1.04864  
 36  0.9010   2123.181310  x:  0.28712   0.00000   0.16822   0.23165   0.03045   0.01715   0.11253   0.03382   0.07017   0.08044   0.12293   0.02041   0.00000   0.18378   0.22787   0.00000   0.06098   0.11564   0.05997   0.09322   0.06193   0.09437   0.02847   8.26780   1.77493   1.17409   1.72845   1.03933  
 37  0.1506   2122.683426  x:  0.28385   0.00000   0.15851   0.22436   0.02193   0.01824   0.10696   0.03413   0.06907   0.07787   0.11715   0.02380   0.00000   0.19539   0.22474   0.00000   0.05811   0.11019   0.06085   0.09232   0.06754   0.09567   0.02498   8.28068   1.76256   1.14978   1.75388   1.00677  
 38  0.0298   2122.367198  x:  0.29367   0.00000   0.16387   0.22974   0.01434   0.01839   0.11054   0.03318   0.06775   0.07785   0.11746   0.02277   0.00000   0.18766   0.22816   0.00000   0.05535   0.11247   0.06078   0.09186   0.06581   0.09219   0.02382   8.23813   1.76042   1.15197   1.75584   1.00603  
 39  0.0409   2122.195022  x:  0.28814   0.00000   0.16958   0.23456   0.01479   0.02016   0.11038   0.03365   0.06706   0.08290   0.12070   0.02162   0.00000   0.18326   0.22689   0.00000   0.05350   0.11300   0.06010   0.09284   0.06429   0.09555   0.02452   8.15474   1.78667   1.18042   1.74525   1.03390  
 40  0.0593   2121.630389  x:  0.29200   0.00000   0.15957   0.22240   0.01453   0.01739   0.12153   0.03221   0.06476   0.08442   0.12574   0.02078   0.00000   0.17918   0.21691   0.00000   0.03975   0.12731   0.06251   0.09277   0.06452   0.09501   0.02896   8.03111   1.76867   1.17072   1.72500   1.03592  
 41  0.0225   2120.844042  x:  0.28129   0.00000   0.16597   0.22145   0.01370   0.01819   0.11395   0.03341   0.06685   0.07821   0.12470   0.02121   0.00000   0.18125   0.22305   0.00000   0.02240   0.12084   0.06164   0.09088   0.06971   0.09818   0.03129   8.02945   1.75584   1.15182   1.70994   1.02544  
 42  0.0281   2120.635775  x:  0.28274   0.00000   0.16524   0.23063   0.01770   0.01927   0.10937   0.03388   0.06806   0.07502   0.12028   0.01960   0.00000   0.18643   0.22663   0.00000   0.02368   0.11598   0.06036   0.08880   0.07028   0.09502   0.02919   8.16381   1.75852   1.15588   1.72484   1.01941  
 43  0.1314   2120.588949  x:  0.28358   0.00000   0.16450   0.23179   0.01744   0.01902   0.11013   0.03365   0.06825   0.07692   0.11901   0.02052   0.00000   0.18620   0.22673   0.00000   0.02154   0.11700   0.05994   0.08799   0.06939   0.09402   0.02650   8.19922   1.76741   1.16496   1.74065   1.02262  
 44  0.0339   2120.582700  x:  0.28385   0.00000   0.16511   0.23082   0.01737   0.01884   0.11039   0.03351   0.06812   0.07663   0.11949   0.02016   0.00000   0.18516   0.22660   0.00000   0.02232   0.11726   0.06000   0.08819   0.06944   0.09413   0.02554   8.19157   1.76985   1.16592   1.74386   1.02335  
 45  0.0113   2120.582151  x:  0.28407   0.00000   0.16514   0.23054   0.01744   0.01881   0.11041   0.03344   0.06790   0.07641   0.11977   0.02006   0.00000   0.18502   0.22636   0.00000   0.02210   0.11727   0.06011   0.08828   0.06945   0.09426   0.02554   8.17940   1.76951   1.16498   1.74255   1.02294  
 46  0.0139   2120.582091  x:  0.28394   0.00000   0.16513   0.23055   0.01746   0.01880   0.11036   0.03342   0.06781   0.07644   0.11972   0.02013   0.00000   0.18506   0.22630   0.00000   0.02215   0.11722   0.06011   0.08830   0.06944   0.09427   0.02553   8.17514   1.76923   1.16458   1.74186   1.02277  
 47  0.0045   2120.582087  x:  0.28394   0.00000   0.16511   0.23056   0.01746   0.01881   0.11036   0.03342   0.06779   0.07647   0.11969   0.02011   0.00000   0.18506   0.22632   0.00000   0.02214   0.11722   0.06010   0.08829   0.06945   0.09426   0.02552   8.17498   1.76910   1.16449   1.74172   1.02273  
 48  0.0003   2120.582087  x:  0.28395   0.00000   0.16512   0.23056   0.01746   0.01881   0.11036   0.03341   0.06779   0.07647   0.11969   0.02011   0.00000   0.18505   0.22633   0.00000   0.02214   0.11722   0.06010   0.08829   0.06945   0.09426   0.02552   8.17512   1.76906   1.16447   1.74170   1.02273  
 49  0.0002   2120.582087  x:  0.28394   0.00000   0.16512   0.23056   0.01746   0.01881   0.11036   0.03341   0.06779   0.07647   0.11969   0.02011   0.00000   0.18505   0.22633   0.00000   0.02214   0.11722   0.06010   0.08829   0.06945   0.09426   0.02552   8.17520   1.76906   1.16447   1.74170   1.02273  
 50  0.0001   2120.582087  x:  0.28394   0.00000   0.16512   0.23056   0.01746   0.01881   0.11036   0.03341   0.06779   0.07647   0.11969   0.02011   0.00000   0.18505   0.22633   0.00000   0.02214   0.11722   0.06010   0.08829   0.06945   0.09426   0.02552   8.17522   1.76906   1.16447   1.74170   1.02273  
 51  0.0000   2120.582087  x:  0.28394   0.00000   0.16512   0.23056   0.01746   0.01881   0.11036   0.03341   0.06779   0.07647   0.11969   0.02011   0.00000   0.18505   0.22633   0.00000   0.02214   0.11722   0.06010   0.08829   0.06945   0.09426   0.02552   8.17522   1.76906   1.16447   1.74170   1.02273  