

TREE # 1

  0  0.0000   2012.624516  x:  0.20925   0.02571   0.03211   0.02495   0.05815   0.02188   0.05666   0.08536   0.02661   0.17168   0.20925   0.02571   0.03211   0.02495   0.05815   0.02188   0.05666   0.08536   0.02661   0.17168   0.21568   8.40433   1.63971   1.26699   1.64543   1.00000  
  1 99.0000   1999.099676  x:  0.21603   0.01211   0.03558   0.02589   0.05794   0.00178   0.04748   0.11316   0.01873   0.18034   0.21147   0.01217   0.04913   0.01083   0.06957   0.00905   0.05341   0.11848   0.02640   0.17178   0.21021   8.40427   1.64004   1.26360   1.64809   1.00131  
  2 339.5492   1996.511658  x:  0.22066   0.00649   0.03717   0.02648   0.05795   0.01413   0.04211   0.12872   0.01545   0.18605   0.21297   0.00595   0.05650   0.00639   0.07561   0.00758   0.05165   0.13669   0.02670   0.17184   0.20641   8.40423   1.64028   1.26116   1.65000   1.00225  
  3 515.6451   1994.029022  x:  0.22827   0.01278   0.03863   0.02627   0.05789   0.01654   0.03606   0.14771   0.01646   0.19492   0.21542   0.00856   0.06172   0.01824   0.08184   0.02021   0.05017   0.15849   0.02818   0.17190   0.20002   8.40416   1.64071   1.25687   1.65336   1.00389  
  4 301.6398   1992.854647  x:  0.23970   0.01801   0.03445   0.02458   0.05786   0.01751   0.03925   0.15736   0.02532   0.20688   0.21907   0.01826   0.04884   0.01406   0.08009   0.01484   0.05075   0.16861   0.02869   0.17183   0.18950   8.40403   1.64153   1.24889   1.65957   1.00691  
  5 90.3547   1992.203822  x:  0.24947   0.01376   0.03044   0.02538   0.05785   0.01651   0.04170   0.16010   0.02385   0.21672   0.22233   0.01334   0.03800   0.01666   0.07630   0.01669   0.05172   0.17020   0.02619   0.17161   0.17962   8.40390   1.64242   1.24008   1.66645   1.01027  
  6 84.3018   1991.371150  x:  0.26990   0.01489   0.03484   0.02550   0.05781   0.01633   0.04176   0.15594   0.01814   0.23558   0.22933   0.01322   0.04645   0.01547   0.06887   0.01689   0.05225   0.16162   0.02806   0.17067   0.15838   8.40351   1.64487   1.21525   1.68590   1.01980  
  7 59.6580   1991.076987  x:  0.27585   0.01421   0.03575   0.02470   0.05768   0.01618   0.03731   0.15189   0.02338   0.23876   0.23065   0.01087   0.04712   0.01664   0.07722   0.01570   0.05040   0.15794   0.02620   0.16997   0.15586   8.40323   1.64644   1.19845   1.69927   1.02636  
  8 41.7982   1990.779891  x:  0.27887   0.01139   0.03344   0.02612   0.05756   0.01586   0.03725   0.14923   0.01987   0.23800   0.23051   0.01514   0.04615   0.01506   0.08452   0.01778   0.04945   0.15723   0.02795   0.16914   0.15871   8.40285   1.64844   1.17609   1.71732   1.03524  
  9 60.6780   1990.362147  x:  0.27979   0.01801   0.03342   0.02589   0.05743   0.01612   0.04135   0.14839   0.01535   0.23328   0.22880   0.01189   0.04471   0.01449   0.08654   0.01621   0.05035   0.15943   0.02812   0.16803   0.16642   8.40223   1.65153   1.14037   1.74660   1.04970  
 10 100.6285   1989.952110  x:  0.27723   0.01355   0.03577   0.02466   0.05736   0.01623   0.04246   0.14984   0.02014   0.22622   0.22603   0.01252   0.04626   0.01670   0.07751   0.01584   0.05202   0.16286   0.02740   0.16726   0.17394   8.40155   1.65449   1.10438   1.77699   1.06472  
 11 105.9143   1989.886738  x:  0.27463   0.01449   0.03445   0.02526   0.05731   0.01602   0.03878   0.15087   0.02042   0.22455   0.22519   0.01230   0.04565   0.01487   0.07493   0.01709   0.05074   0.16262   0.02691   0.16742   0.17316   8.40141   1.65481   1.09904   1.78260   1.06754  
 12 30.5975   1989.856446  x:  0.27131   0.01454   0.03356   0.02510   0.05726   0.01617   0.03771   0.15211   0.01970   0.22359   0.22451   0.01275   0.04539   0.01622   0.07465   0.01550   0.04990   0.16199   0.02731   0.16776   0.17066   8.40129   1.65481   1.09714   1.78610   1.06935  
 13 16.9867   1989.814356  x:  0.26465   0.01439   0.03401   0.02483   0.05723   0.01611   0.03957   0.15430   0.02039   0.22245   0.22338   0.01254   0.04531   0.01563   0.07584   0.01633   0.04978   0.16087   0.02741   0.16849   0.16523   8.40106   1.65461   1.09543   1.79211   1.07253  
 14 20.4106   1989.806684  x:  0.26329   0.01449   0.03397   0.02563   0.05729   0.01614   0.03933   0.15390   0.02037   0.22312   0.22338   0.01277   0.04542   0.01567   0.07603   0.01617   0.05121   0.16124   0.02671   0.16858   0.16480   8.40094   1.65446   1.09633   1.79426   1.07372  
 15  5.7385   1989.791509  x:  0.26099   0.01443   0.03376   0.02429   0.05734   0.01611   0.03879   0.15242   0.02028   0.22526   0.22365   0.01258   0.04532   0.01552   0.07599   0.01633   0.05222   0.16239   0.02735   0.16867   0.16499   8.40061   1.65406   1.09971   1.79974   1.07683  
 16  9.7733   1989.767901  x:  0.25843   0.01444   0.03405   0.02547   0.05729   0.01609   0.03929   0.15075   0.02062   0.22837   0.22413   0.01237   0.04535   0.01568   0.07556   0.01620   0.05020   0.16375   0.02772   0.16872   0.16597   8.40001   1.65352   1.10621   1.80924   1.08224  
 17 19.9991   1989.750967  x:  0.25845   0.01437   0.03402   0.02464   0.05720   0.01611   0.03957   0.15151   0.02019   0.22892   0.22422   0.01290   0.04561   0.01563   0.07549   0.01624   0.04941   0.16322   0.02586   0.16868   0.16680   8.39950   1.65350   1.11179   1.81659   1.08641  
 18 14.9834   1989.701891  x:  0.26120   0.01422   0.03407   0.02510   0.05712   0.01599   0.03919   0.15580   0.02054   0.22755   0.22402   0.01247   0.04553   0.01557   0.07565   0.01618   0.05064   0.15995   0.02719   0.16849   0.16879   8.39791   1.65432   1.12940   1.83894   1.09908  
 19 30.0035   1989.679433  x:  0.26400   0.01427   0.03336   0.02510   0.05776   0.01599   0.03947   0.15363   0.02064   0.22289   0.22323   0.01236   0.04588   0.01559   0.07551   0.01620   0.05055   0.16240   0.02711   0.16838   0.16633   8.39703   1.65778   1.13756   1.84861   1.10428  
 20  8.7462   1989.674482  x:  0.26433   0.01420   0.03460   0.02507   0.05717   0.01598   0.03911   0.15329   0.02027   0.22214   0.22313   0.01254   0.04523   0.01556   0.07552   0.01616   0.05051   0.16285   0.02708   0.16834   0.16592   8.39678   1.65962   1.13919   1.85051   1.10515  
 21  6.9039   1989.624564  x:  0.26345   0.01413   0.03335   0.02511   0.05298   0.01591   0.03938   0.15382   0.02063   0.22203   0.22392   0.01223   0.04598   0.01551   0.07540   0.01613   0.05063   0.16337   0.02709   0.16788   0.16592   8.39382   1.69144   1.15211   1.86551   1.10968  
 22  5.3966   1989.550177  x:  0.26169   0.01386   0.03417   0.02505   0.05745   0.01569   0.03902   0.15525   0.02041   0.22264   0.22475   0.01219   0.04574   0.01539   0.07534   0.01600   0.05037   0.16367   0.02702   0.16744   0.16641   8.38919   1.74111   1.17160   1.88839   1.11594  
 23 66.2937   1989.534250  x:  0.26245   0.01379   0.03421   0.02506   0.05737   0.01563   0.03898   0.15527   0.02034   0.22423   0.21879   0.01212   0.04588   0.01535   0.07538   0.01598   0.05035   0.16385   0.02703   0.17037   0.16657   8.38792   1.74570   1.17374   1.89337   1.11153  
 24  2.1700   1989.412157  x:  0.26226   0.01336   0.03429   0.02510   0.05735   0.01514   0.03878   0.15709   0.02006   0.22458   0.21730   0.01160   0.04638   0.01504   0.07565   0.01571   0.05026   0.16608   0.02705   0.16146   0.16608   8.37714   1.75758   1.18249   1.93055   1.06024  
 25  3.5795   1989.362784  x:  0.26224   0.01318   0.03433   0.02512   0.05734   0.01493   0.03869   0.15775   0.01993   0.22320   0.22317   0.01137   0.04659   0.01489   0.07580   0.01560   0.05023   0.16711   0.02700   0.16885   0.16648   8.37251   1.76108   1.18515   1.94384   1.04142  
 26 13.8191   1988.223324  x:  0.26533   0.00802   0.03548   0.02579   0.05699   0.00934   0.03669   0.17564   0.01703   0.22868   0.22440   0.00619   0.05236   0.01147   0.08059   0.01279   0.04944   0.19013   0.02670   0.16847   0.16551   8.25302   1.70575   1.15050   1.87520   1.09035  
 27  0.7613   1988.087257  x:  0.26537   0.01030   0.03551   0.02564   0.05704   0.00793   0.03710   0.17747   0.01804   0.22861   0.22429   0.00855   0.05371   0.01018   0.08159   0.01101   0.04944   0.19331   0.02682   0.16834   0.16553   8.25528   1.69846   1.14746   1.86413   1.09209  
 28  0.0225   1988.023202  x:  0.26454   0.01008   0.03553   0.02550   0.05717   0.00595   0.03797   0.17660   0.01856   0.22701   0.22374   0.00864   0.05461   0.01141   0.08063   0.01176   0.04986   0.19335   0.02685   0.16820   0.16585   8.28258   1.69648   1.14669   1.85917   1.09013  
 29  0.0254   1988.018525  x:  0.26456   0.01055   0.03543   0.02550   0.05714   0.00607   0.03774   0.17521   0.01846   0.22705   0.22385   0.00849   0.05412   0.01165   0.08035   0.01201   0.04981   0.19162   0.02680   0.16827   0.16578   8.29046   1.69861   1.14773   1.86232   1.09006  
 30  0.0096   1988.018028  x:  0.26462   0.01042   0.03540   0.02551   0.05713   0.00597   0.03768   0.17491   0.01842   0.22718   0.22390   0.00861   0.05393   0.01161   0.08031   0.01197   0.04978   0.19112   0.02681   0.16828   0.16575   8.28994   1.69912   1.14784   1.86330   1.09017  
 31  0.0015   1988.017999  x:  0.26459   0.01042   0.03540   0.02551   0.05713   0.00598   0.03772   0.17491   0.01843   0.22716   0.22389   0.00860   0.05388   0.01160   0.08034   0.01193   0.04979   0.19105   0.02681   0.16827   0.16578   8.28857   1.69877   1.14763   1.86282   1.09034  
 32  0.0016   1988.017998  x:  0.26458   0.01042   0.03540   0.02551   0.05713   0.00598   0.03772   0.17491   0.01843   0.22715   0.22388   0.00860   0.05388   0.01159   0.08034   0.01194   0.04979   0.19104   0.02681   0.16827   0.16578   8.28824   1.69873   1.14762   1.86276   1.09035  
 33  0.0005   1988.017998  x:  0.26457   0.01042   0.03540   0.02551   0.05713   0.00598   0.03772   0.17491   0.01843   0.22715   0.22388   0.00860   0.05388   0.01159   0.08034   0.01194   0.04979   0.19104   0.02681   0.16827   0.16579   8.28801   1.69873   1.14763   1.86275   1.09035  
 34  0.0002   1988.017998  x:  0.26457   0.01042   0.03540   0.02551   0.05713   0.00598   0.03772   0.17491   0.01843   0.22715   0.22388   0.00860   0.05388   0.01159   0.08034   0.01194   0.04979   0.19104   0.02681   0.16827   0.16579   8.28793   1.69873   1.14763   1.86275   1.09034  
 35  0.0001   1988.017998  x:  0.26457   0.01042   0.03540   0.02551   0.05713   0.00598   0.03772   0.17491   0.01843   0.22715   0.22388   0.00860   0.05388   0.01159   0.08034   0.01194   0.04979   0.19104   0.02681   0.16827   0.16579   8.28792   1.69873   1.14763   1.86275   1.09034  