

TREE # 1

  0  0.0000   2069.717155  x:  0.11208   0.01622   0.13643   0.03559   0.03905   0.00875   0.05386   0.01467   0.08676   0.03618   0.05185   0.19856   0.02249   0.00295   0.22188   0.01992   0.00646   0.06644   0.02764   0.06317   0.08677   0.04538   0.15909   0.13070   2.00000   1.71633   1.00820   1.57149   0.40000  
  1 99.0000   2052.054266  x:  0.11279   0.01468   0.13607   0.03598   0.03885   0.01207   0.05418   0.01357   0.08632   0.03775   0.05173   0.19835   0.02438   0.07991   0.22123   0.01928   0.01199   0.06749   0.02548   0.06248   0.08702   0.05383   0.16027   0.13141   2.00162   1.71604   1.00833   1.57165   0.40584  
  2 1686.3369   2045.829354  x:  0.11761   0.00000   0.13454   0.03827   0.03726   0.01719   0.05615   0.00899   0.08313   0.04662   0.05096   0.19552   0.02093   0.07796   0.21326   0.01918   0.01260   0.07402   0.01189   0.05775   0.08773   0.07952   0.16480   0.13623   2.01349   1.71378   1.00987   1.57259   0.44713  
  3 169.4601   2038.553065  x:  0.13097   0.01024   0.13353   0.04057   0.03483   0.00936   0.05932   0.03281   0.07584   0.05608   0.04955   0.18833   0.02101   0.07523   0.19104   0.01740   0.01295   0.08606   0.03820   0.04902   0.08958   0.12177   0.17883   0.14959   2.05046   1.70685   1.01479   1.57532   0.56283  
  4 348.3512   2033.556324  x:  0.13358   0.03371   0.13614   0.03508   0.04028   0.02544   0.05601   0.01220   0.07833   0.03826   0.05071   0.18316   0.02641   0.07510   0.17361   0.01921   0.00675   0.08037   0.03963   0.05842   0.08993   0.11432   0.18411   0.15220   2.08797   1.70014   1.02053   1.57770   0.64696  
  5 214.0931   2031.712389  x:  0.13183   0.03890   0.13757   0.03388   0.04096   0.01905   0.05415   0.00670   0.08069   0.03169   0.05135   0.18088   0.02546   0.07504   0.16608   0.01954   0.02123   0.07500   0.03371   0.06293   0.08955   0.10158   0.18395   0.15045   2.10986   1.69638   1.02399   1.57902   0.68585  
  6 307.0671   2029.358423  x:  0.12710   0.04019   0.13942   0.03332   0.04147   0.01220   0.05193   0.01620   0.08467   0.02801   0.05216   0.17851   0.02298   0.07683   0.15840   0.01964   0.02041   0.06655   0.01813   0.06872   0.08864   0.07913   0.18140   0.14572   2.13986   1.69139   1.02878   1.58080   0.73072  
  7 393.0000   2027.996224  x:  0.12181   0.03514   0.14018   0.03570   0.03973   0.00700   0.05221   0.01147   0.08687   0.03785   0.05210   0.17807   0.02038   0.07846   0.15741   0.01916   0.01558   0.06311   0.02023   0.06884   0.08763   0.06208   0.17731   0.14043   2.16314   1.68784   1.03233   1.58216   0.75466  
  8 201.7138   2027.342451  x:  0.11756   0.02929   0.14039   0.03713   0.03836   0.01350   0.05290   0.01315   0.08811   0.04126   0.05184   0.17849   0.01945   0.07876   0.15921   0.01933   0.01784   0.06223   0.02407   0.06746   0.08684   0.05235   0.17359   0.13618   2.18063   1.68536   1.03489   1.58318   0.76699  
  9 209.0726   2025.873254  x:  0.10701   0.01346   0.14002   0.03539   0.03760   0.01092   0.05457   0.01271   0.08959   0.02860   0.05097   0.18248   0.02718   0.07932   0.17304   0.02239   0.01494   0.06504   0.03119   0.06285   0.08490   0.04687   0.16285   0.12563   2.23242   1.67875   1.04190   1.58614   0.78422  
 10 119.1928   2022.291807  x:  0.09427   0.02417   0.14123   0.02674   0.05106   0.01132   0.04871   0.01393   0.09217   0.03922   0.05319   0.19962   0.03214   0.07792   0.22380   0.01251   0.01816   0.06336   0.02675   0.06869   0.08203   0.05680   0.13991   0.11289   2.41800   1.65739   1.06451   1.59644   0.80302  
 11 131.1872   2019.231489  x:  0.09716   0.03710   0.14157   0.04591   0.04655   0.01153   0.05124   0.01360   0.09121   0.04009   0.05384   0.21216   0.02113   0.07783   0.26130   0.03569   0.01840   0.06352   0.02160   0.07123   0.08588   0.06083   0.13080   0.11578   2.61741   1.63597   1.08693   1.60733   0.81076  
 12 389.3994   2013.486716  x:  0.12076   0.03617   0.13836   0.04608   0.02161   0.01226   0.06026   0.01131   0.08532   0.03148   0.04931   0.21675   0.01168   0.07843   0.28067   0.01630   0.01589   0.06699   0.01827   0.06556   0.08971   0.05148   0.14875   0.13938   2.91937   1.60710   1.11651   1.62326   0.80558  
 13 381.7080   2006.879720  x:  0.15909   0.01539   0.13152   0.04463   0.04817   0.01129   0.06570   0.01266   0.07852   0.03663   0.04632   0.21063   0.03766   0.07848   0.27493   0.01821   0.01799   0.06707   0.01875   0.05802   0.09807   0.03326   0.19311   0.17771   3.39009   1.56649   1.15727   1.64740   0.78648  
 14 783.3860   2002.380080  x:  0.16133   0.00000   0.13010   0.03150   0.05280   0.01082   0.05011   0.01384   0.08639   0.03525   0.05464   0.20019   0.02397   0.07882   0.24730   0.02561   0.01646   0.05720   0.03024   0.07065   0.09525   0.04188   0.20923   0.17995   3.61429   1.55292   1.17006   1.65757   0.77092  
 15 460.2759   1997.004525  x:  0.12961   0.00000   0.13082   0.04918   0.04817   0.01173   0.05046   0.01371   0.09522   0.03716   0.05348   0.17693   0.03101   0.07774   0.17209   0.01845   0.01677   0.08136   0.02652   0.06206   0.07990   0.05930   0.21404   0.14823   3.90262   1.54983   1.16982   1.66782   0.74288  
 16 287.3807   1996.061480  x:  0.12326   0.00000   0.13332   0.03742   0.04506   0.01210   0.06074   0.01351   0.08738   0.04023   0.04788   0.17491   0.03117   0.07764   0.15865   0.02469   0.01718   0.07944   0.02381   0.05232   0.08528   0.06168   0.20882   0.14188   3.94426   1.55690   1.16083   1.66811   0.73912  
 17 113.8907   1995.322279  x:  0.12344   0.00000   0.13840   0.04278   0.04858   0.01222   0.06053   0.01320   0.07247   0.03739   0.05082   0.17548   0.02956   0.07770   0.14819   0.01919   0.01649   0.07122   0.02565   0.05200   0.09480   0.06380   0.19779   0.14206   4.00106   1.57789   1.13474   1.66695   0.73719  
 18 63.3353   1993.891256  x:  0.13339   0.00000   0.14620   0.03905   0.04085   0.01213   0.05264   0.01396   0.07823   0.04055   0.04774   0.17707   0.03877   0.07760   0.14077   0.02256   0.01709   0.07811   0.02613   0.06070   0.09632   0.06183   0.18033   0.15201   4.11602   1.64183   1.05623   1.66112   0.73785  
 19 91.5553   1993.152547  x:  0.13537   0.00000   0.14385   0.03916   0.04852   0.01167   0.05941   0.01345   0.08773   0.03789   0.05086   0.17505   0.03129   0.07786   0.14491   0.02139   0.01646   0.07667   0.02611   0.05257   0.08707   0.06062   0.18257   0.15399   4.16931   1.68046   1.01049   1.65613   0.74003  
 20 110.1615   1992.838650  x:  0.12963   0.00000   0.13600   0.04035   0.04624   0.01185   0.05721   0.01342   0.08177   0.03854   0.04786   0.17197   0.03271   0.07765   0.15237   0.02260   0.01662   0.07295   0.02543   0.05431   0.08386   0.06034   0.19737   0.14825   4.19110   1.70060   0.99054   1.65170   0.74198  
 21 41.7994   1992.798893  x:  0.12825   0.00000   0.13542   0.03971   0.04641   0.01179   0.05719   0.01343   0.08167   0.03861   0.05064   0.17263   0.03204   0.07767   0.15343   0.02264   0.01663   0.07572   0.02518   0.05470   0.08740   0.05961   0.20047   0.14687   4.19384   1.70452   0.98943   1.64983   0.74244  
 22 12.9277   1992.764533  x:  0.12747   0.00000   0.13661   0.04022   0.04735   0.01174   0.05676   0.01342   0.08357   0.03826   0.04771   0.17485   0.03100   0.07768   0.15336   0.02203   0.01654   0.07585   0.02543   0.05479   0.09014   0.05986   0.20257   0.14609   4.19808   1.71018   0.99233   1.64563   0.74284  
 23  7.1965   1992.647712  x:  0.12716   0.00000   0.14078   0.04078   0.04539   0.01187   0.05769   0.01346   0.08497   0.03885   0.05049   0.18094   0.03337   0.07753   0.15272   0.02230   0.01662   0.07272   0.02537   0.05400   0.08843   0.06082   0.20560   0.14578   4.21123   1.73276   1.00777   1.62778   0.74452  
 24 15.4733   1992.541185  x:  0.12817   0.00000   0.13984   0.03954   0.04735   0.01177   0.05733   0.01344   0.08095   0.03850   0.04949   0.17985   0.03087   0.07771   0.15304   0.02287   0.01643   0.07654   0.02538   0.05532   0.08470   0.05969   0.20379   0.14679   4.22242   1.75306   1.02263   1.61225   0.74619  
 25 28.3311   1992.467521  x:  0.12906   0.00000   0.13464   0.03995   0.04662   0.01183   0.05677   0.01338   0.08287   0.03862   0.04964   0.17276   0.03183   0.07767   0.15476   0.02238   0.01640   0.07522   0.02519   0.05407   0.08768   0.06008   0.20003   0.14768   4.22800   1.76542   1.03184   1.60466   0.74752  
 26 15.9421   1992.395308  x:  0.12883   0.00000   0.13515   0.04016   0.04669   0.01178   0.06191   0.01357   0.08372   0.03878   0.04947   0.17019   0.03212   0.07759   0.15538   0.02190   0.01644   0.07465   0.02576   0.05891   0.08820   0.06099   0.19976   0.14745   4.23851   1.77077   1.03591   1.60929   0.74882  
 27  4.4880   1989.768317  x:  0.12503   0.00000   0.17676   0.03863   0.04430   0.01230   0.05619   0.01258   0.08024   0.03979   0.04893   0.14363   0.02835   0.07696   0.18182   0.02100   0.01338   0.07620   0.02218   0.05263   0.08795   0.06549   0.19904   0.14365   4.53536   1.93815   1.15299   1.83312   0.80674  
 28 25.9973   1986.415428  x:  0.12458   0.00000   0.12904   0.03641   0.04195   0.01279   0.05801   0.01146   0.08020   0.04070   0.04906   0.18909   0.02474   0.07617   0.18449   0.01916   0.00961   0.07497   0.01878   0.05388   0.08590   0.06911   0.18090   0.14319   4.89933   2.13637   1.29116   2.10778   0.87954  
 29 202.0852   1980.450919  x:  0.12418   0.00000   0.14789   0.03414   0.03613   0.01399   0.05870   0.01039   0.07701   0.04350   0.04889   0.19748   0.02110   0.07468   0.21186   0.01604   0.00435   0.07510   0.01491   0.05593   0.09086   0.07965   0.15564   0.14279   5.58620   1.70614   1.05071   1.66947   0.99666  
 30  6.2675   1977.792214  x:  0.12590   0.00000   0.14417   0.03649   0.03299   0.01389   0.05818   0.01530   0.07875   0.04658   0.04972   0.20254   0.01780   0.07188   0.21445   0.01631   0.01946   0.07617   0.02002   0.05624   0.09094   0.08740   0.16400   0.14451   6.27922   1.58675   0.99683   1.56398   1.09367  
 31  1.2466   1975.422486  x:  0.12500   0.00000   0.13192   0.03980   0.03568   0.01350   0.05325   0.01437   0.08756   0.04666   0.05225   0.19260   0.01739   0.07031   0.18432   0.01974   0.01791   0.07289   0.02025   0.05985   0.08548   0.08792   0.19513   0.14361   7.08496   1.79668   1.12464   1.78440   1.18477  
 32  0.9036   1974.438338  x:  0.13513   0.00000   0.14068   0.03886   0.03796   0.01310   0.05697   0.01152   0.08173   0.04486   0.05023   0.18724   0.02688   0.06859   0.18053   0.01999   0.01434   0.07565   0.01895   0.05748   0.08916   0.08982   0.18603   0.15373   7.85962   1.74493   1.08688   1.71367   1.26329  
 33  0.4436   1974.206694  x:  0.13174   0.00000   0.14003   0.03835   0.04066   0.01299   0.05693   0.01182   0.08120   0.04362   0.05013   0.18756   0.01977   0.06830   0.18240   0.01933   0.01221   0.07594   0.01876   0.05646   0.08895   0.08790   0.18226   0.15034   8.16094   1.73631   1.08298   1.71215   1.29059  
 34  0.2649   1974.128750  x:  0.12908   0.00000   0.13899   0.03846   0.03702   0.01307   0.05616   0.01276   0.08176   0.04385   0.05038   0.19035   0.02132   0.06790   0.18659   0.01898   0.01136   0.07535   0.01898   0.05667   0.08856   0.08613   0.18141   0.14768   8.32706   1.75187   1.09219   1.73305   1.29496  
 35  0.1232   1974.059949  x:  0.13049   0.00000   0.13957   0.03900   0.03841   0.01323   0.05648   0.01285   0.08342   0.04422   0.05059   0.19103   0.02059   0.06740   0.18889   0.02006   0.01150   0.07475   0.01885   0.05784   0.08831   0.08139   0.18575   0.14909   8.52978   1.74849   1.08917   1.72306   1.26543  
 36  0.0567   1974.031105  x:  0.13083   0.00000   0.13803   0.03881   0.03819   0.01323   0.05674   0.01256   0.08181   0.04423   0.05015   0.19047   0.02144   0.06700   0.18808   0.01920   0.01218   0.07544   0.01896   0.05686   0.08865   0.08146   0.18213   0.14943   8.59293   1.74914   1.08993   1.72895   1.24259  
 37  0.0422   1974.024657  x:  0.12969   0.00000   0.13916   0.03871   0.03789   0.01315   0.05643   0.01244   0.08197   0.04404   0.05034   0.19008   0.02117   0.06680   0.18681   0.01923   0.01202   0.07533   0.01897   0.05674   0.08863   0.08302   0.18276   0.14829   8.61802   1.74242   1.08675   1.72461   1.23642  
 38  0.0169   1974.023301  x:  0.13009   0.00000   0.13917   0.03871   0.03801   0.01311   0.05649   0.01254   0.08206   0.04400   0.05036   0.19037   0.02108   0.06671   0.18719   0.01934   0.01196   0.07530   0.01902   0.05692   0.08867   0.08384   0.18247   0.14868   8.62529   1.74611   1.08807   1.72699   1.23488  
 39  0.0069   1974.023224  x:  0.13010   0.00000   0.13900   0.03870   0.03802   0.01311   0.05646   0.01254   0.08210   0.04402   0.05036   0.19035   0.02114   0.06669   0.18720   0.01930   0.01195   0.07528   0.01894   0.05697   0.08862   0.08390   0.18257   0.14870   8.62638   1.74590   1.08791   1.72657   1.23475  
 40  0.0014   1974.023217  x:  0.13010   0.00000   0.13897   0.03869   0.03802   0.01311   0.05645   0.01254   0.08209   0.04404   0.05036   0.19035   0.02115   0.06668   0.18723   0.01930   0.01193   0.07529   0.01897   0.05697   0.08861   0.08390   0.18260   0.14870   8.62660   1.74583   1.08791   1.72652   1.23474  
 41  0.0002   1974.023214  x:  0.13008   0.00000   0.13899   0.03868   0.03804   0.01312   0.05644   0.01254   0.08209   0.04406   0.05036   0.19034   0.02115   0.06666   0.18725   0.01930   0.01193   0.07529   0.01896   0.05696   0.08861   0.08390   0.18258   0.14868   8.62621   1.74589   1.08796   1.72661   1.23473  
 42  0.0002   1974.023210  x:  0.13009   0.00000   0.13899   0.03869   0.03804   0.01311   0.05645   0.01254   0.08210   0.04406   0.05036   0.19033   0.02116   0.06661   0.18722   0.01930   0.01194   0.07528   0.01896   0.05697   0.08862   0.08390   0.18257   0.14868   8.62535   1.74584   1.08791   1.72655   1.23473  
 43  0.0002   1974.023208  x:  0.13009   0.00000   0.13899   0.03869   0.03803   0.01311   0.05645   0.01254   0.08209   0.04405   0.05036   0.19034   0.02115   0.06659   0.18723   0.01930   0.01194   0.07529   0.01896   0.05697   0.08862   0.08390   0.18259   0.14869   8.62543   1.74586   1.08792   1.72656   1.23474  
 44  0.0001   1974.023208  x:  0.13009   0.00000   0.13899   0.03869   0.03803   0.01311   0.05645   0.01254   0.08209   0.04405   0.05036   0.19035   0.02115   0.06659   0.18723   0.01930   0.01194   0.07529   0.01896   0.05697   0.08861   0.08390   0.18259   0.14869   8.62545   1.74586   1.08793   1.72657   1.23474  
 45  0.0000   1974.023208  x:  0.13009   0.00000   0.13899   0.03869   0.03803   0.01311   0.05645   0.01254   0.08209   0.04405   0.05036   0.19034   0.02115   0.06659   0.18723   0.01930   0.01194   0.07529   0.01896   0.05697   0.08861   0.08390   0.18259   0.14869   8.62544   1.74586   1.08793   1.72657   1.23474  
 46  0.0000   1974.023208  x:  0.13009   0.00000   0.13899   0.03869   0.03803   0.01311   0.05645   0.01254   0.08209   0.04405   0.05036   0.19034   0.02115   0.06659   0.18723   0.01930   0.01194   0.07529   0.01896   0.05697   0.08861   0.08390   0.18259   0.14869   8.62544   1.74586   1.08793   1.72657   1.23474  
 47  0.0000   1974.023208  x:  0.13009   0.00000   0.13899   0.03869   0.03803   0.01311   0.05645   0.01254   0.08209   0.04405   0.05036   0.19034   0.02115   0.06659   0.18723   0.01930   0.01194   0.07529   0.01896   0.05697   0.08861   0.08390   0.18259   0.14869   8.62544   1.74586   1.08793   1.72657   1.23474  