

TREE # 1

  0  0.0000   2315.905448  x:  0.09059   0.00000   0.07336   0.01313   0.03442   0.05176   0.10064   0.05679   0.13294   0.11991   0.13054   0.16373   0.00000   0.05381   0.01849   0.05943   0.04993   0.05021   0.04551   0.06674   0.11635   0.10483   0.18222   0.10921   2.00000   1.36930   0.97036   1.21105   0.40000  
  1 99.0000   2307.100010  x:  0.09080   0.00591   0.07736   0.02058   0.03415   0.05653   0.10265   0.05584   0.13131   0.11987   0.13008   0.16388   0.05157   0.06153   0.02189   0.05904   0.04846   0.05143   0.04353   0.06737   0.11633   0.10555   0.18297   0.10942   2.00113   1.36915   0.97043   1.21151   0.40368  
  2 1863.9262   2296.396896  x:  0.09144   0.00000   0.08979   0.03484   0.03297   0.07189   0.10972   0.05249   0.12520   0.11953   0.12822   0.16375   0.04979   0.08022   0.03110   0.05783   0.04330   0.05555   0.03649   0.06956   0.11610   0.10785   0.18419   0.11007   2.00531   1.36858   0.97064   1.21322   0.41713  
  3 367.6495   2290.149409  x:  0.09255   0.00000   0.10921   0.01192   0.03079   0.08154   0.12256   0.04609   0.10796   0.11720   0.12200   0.16307   0.05050   0.09565   0.01834   0.05730   0.03531   0.05929   0.02565   0.07268   0.11393   0.11085   0.18539   0.11117   2.01846   1.36682   0.97175   1.21817   0.45192  
  4 235.9920   2286.918145  x:  0.09286   0.00000   0.11881   0.01996   0.03310   0.07171   0.13076   0.04226   0.09001   0.11458   0.11567   0.16194   0.05009   0.08968   0.00750   0.05943   0.03429   0.05763   0.02753   0.07368   0.11105   0.11201   0.18526   0.11148   2.03602   1.36461   0.97346   1.22442   0.48948  
  5 197.9030   2282.860839  x:  0.09310   0.00000   0.13041   0.02074   0.03751   0.05377   0.14197   0.03785   0.06234   0.11016   0.10557   0.16009   0.04989   0.07661   0.01907   0.06348   0.03444   0.05408   0.03227   0.07462   0.10683   0.11369   0.18475   0.11172   2.06603   1.36093   0.97639   1.23498   0.55006  
  6 716.6241   2278.807022  x:  0.09096   0.00000   0.11157   0.01949   0.05154   0.07843   0.13570   0.05730   0.07262   0.10435   0.09914   0.15827   0.04868   0.06132   0.02032   0.06227   0.04947   0.05125   0.04188   0.06908   0.10614   0.11033   0.18233   0.10958   2.12989   1.35473   0.98267   1.25580   0.63415  
  7 137.0160   2275.440207  x:  0.09001   0.00000   0.08377   0.02009   0.04900   0.06111   0.11524   0.05781   0.09675   0.10188   0.10377   0.15912   0.04558   0.08074   0.02067   0.05661   0.04679   0.05475   0.03651   0.06604   0.11070   0.10671   0.18104   0.10863   2.20527   1.34938   0.99028   1.27808   0.69588  
  8 160.0899   2272.527577  x:  0.09139   0.00000   0.09143   0.02179   0.02584   0.06399   0.09770   0.04489   0.11711   0.11203   0.12233   0.16216   0.04247   0.06464   0.02234   0.06019   0.03406   0.05330   0.02967   0.07156   0.11510   0.10508   0.18080   0.11001   2.30448   1.34638   1.00009   1.30317   0.72037  
  9 110.2806   2270.746533  x:  0.09283   0.02863   0.09817   0.02005   0.02796   0.06176   0.10487   0.04317   0.12156   0.12430   0.13589   0.16512   0.03827   0.06883   0.02187   0.06093   0.04044   0.05262   0.04008   0.07321   0.11693   0.10777   0.18199   0.11145   2.41350   1.34582   1.01081   1.32760   0.71926  
 10 170.6136   2259.395619  x:  0.09347   0.00000   0.10850   0.01653   0.03632   0.05686   0.13398   0.04417   0.12396   0.16041   0.17453   0.17114   0.02122   0.07642   0.02059   0.06187   0.05175   0.05224   0.05482   0.07448   0.11992   0.11700   0.18679   0.11209   2.86088   1.34565   1.05480   1.42505   0.70535  
 11 447.3849   2250.874819  x:  0.08906   0.01230   0.08310   0.02044   0.03709   0.06663   0.13933   0.05772   0.07994   0.13985   0.14828   0.16643   0.00815   0.07019   0.02008   0.05490   0.03520   0.05661   0.02286   0.06089   0.10892   0.11376   0.18647   0.10768   3.24088   1.35641   1.09026   1.49569   0.66455  
 12 399.1999   2247.569076  x:  0.09001   0.01057   0.08898   0.01938   0.02969   0.07283   0.12057   0.04966   0.07051   0.10804   0.11227   0.16092   0.00397   0.07855   0.01897   0.05683   0.03771   0.05488   0.04283   0.07111   0.10658   0.10847   0.18566   0.10863   3.41508   1.36917   1.10336   1.52114   0.64585  
 13 287.7473   2245.775660  x:  0.09216   0.01054   0.10662   0.01991   0.04876   0.06883   0.11256   0.04535   0.08241   0.09032   0.08810   0.15670   0.00581   0.07716   0.01931   0.06251   0.04324   0.05380   0.03080   0.07278   0.10754   0.10684   0.18566   0.11078   3.52008   1.38548   1.10748   1.52903   0.63659  
 14 154.0101   2243.832987  x:  0.09205   0.00965   0.10800   0.02001   0.04252   0.06947   0.11587   0.05633   0.07943   0.08309   0.08283   0.15367   0.01529   0.07838   0.01928   0.05907   0.02737   0.05814   0.04223   0.06368   0.10780   0.10556   0.18279   0.11067   3.65441   1.42812   1.10249   1.51987   0.63352  
 15 76.0646   2242.601166  x:  0.09069   0.00883   0.09948   0.02048   0.03198   0.07336   0.11365   0.05147   0.06690   0.08409   0.08547   0.15324   0.02161   0.08077   0.01897   0.05714   0.04350   0.05541   0.03729   0.07032   0.10605   0.10470   0.18002   0.10931   3.74089   1.46171   1.09635   1.50742   0.63327  
 16 155.7793   2242.340201  x:  0.09014   0.00878   0.09464   0.02016   0.03823   0.07618   0.11112   0.04517   0.06370   0.08757   0.08657   0.15431   0.02232   0.08102   0.01884   0.05875   0.03966   0.05358   0.03856   0.07510   0.10395   0.10455   0.17954   0.10876   3.75846   1.47297   1.09292   1.49921   0.63405  
 17 47.9295   2241.499912  x:  0.09003   0.00857   0.09558   0.02044   0.03661   0.07376   0.11429   0.04997   0.07040   0.09107   0.08534   0.16376   0.01937   0.08069   0.01913   0.06625   0.03967   0.06061   0.03746   0.07777   0.09416   0.10441   0.18179   0.10865   3.81498   1.53699   1.06713   1.43476   0.64319  
 18 27.6729   2241.165237  x:  0.09093   0.00825   0.09812   0.02040   0.03736   0.07379   0.11419   0.04912   0.07103   0.08925   0.08845   0.16308   0.01794   0.08134   0.01924   0.06158   0.03961   0.05178   0.03703   0.07126   0.10047   0.10326   0.18258   0.10955   3.83705   1.56159   1.05658   1.40764   0.64697  
 19 69.3504   2241.088591  x:  0.09122   0.00824   0.09851   0.02037   0.03848   0.07390   0.11356   0.04778   0.07030   0.08903   0.08952   0.15936   0.01768   0.08005   0.01924   0.05868   0.04020   0.05626   0.03733   0.07081   0.10564   0.10418   0.18229   0.10984   3.84232   1.56560   1.05413   1.40080   0.64782  
 20 21.1887   2241.019472  x:  0.09094   0.00853   0.09794   0.02049   0.03769   0.07352   0.11458   0.04998   0.07106   0.09055   0.08834   0.15273   0.01761   0.08016   0.01919   0.05917   0.03925   0.05483   0.03677   0.07442   0.10849   0.10805   0.18128   0.10956   3.84699   1.56384   1.05246   1.39468   0.64841  
 21  8.3052   2240.615424  x:  0.08861   0.00830   0.09897   0.02054   0.03627   0.07491   0.11524   0.04431   0.07367   0.09277   0.08985   0.13802   0.01785   0.08217   0.01942   0.06178   0.04074   0.05531   0.03762   0.06655   0.09851   0.11107   0.17637   0.10723   3.87568   1.53349   1.04496   1.36241   0.65136  
 22 10.2937   2238.657157  x:  0.08905   0.00637   0.10918   0.02181   0.03937   0.07654   0.11342   0.05370   0.07136   0.09234   0.10202   0.14012   0.01946   0.08844   0.02055   0.05677   0.03902   0.05675   0.03495   0.07886   0.09361   0.09410   0.16712   0.10767   4.01587   1.37552   1.00449   1.21321   0.66506  
 23 70.1919   2237.535695  x:  0.09120   0.00528   0.10511   0.02278   0.03562   0.08090   0.11916   0.04691   0.07246   0.09598   0.09451   0.15783   0.02057   0.08994   0.02067   0.06554   0.03923   0.05778   0.03465   0.07350   0.10691   0.10596   0.17432   0.10982   4.09729   1.28596   0.97422   1.13449   0.67309  
 24 153.0199   2237.059366  x:  0.09071   0.00495   0.10630   0.02324   0.03535   0.08135   0.11947   0.04510   0.07500   0.09768   0.09170   0.16011   0.02085   0.08839   0.02117   0.05119   0.03893   0.05707   0.03459   0.07600   0.10040   0.11455   0.18825   0.10933   4.12688   1.26317   0.94730   1.12443   0.67590  
 25 29.2375   2235.866798  x:  0.08992   0.00406   0.10986   0.02375   0.03756   0.08340   0.11454   0.04927   0.07020   0.09312   0.10237   0.15193   0.02102   0.09369   0.02114   0.06414   0.03863   0.05837   0.03285   0.07497   0.10020   0.11264   0.20841   0.10854   4.19717   1.22702   0.86407   1.12957   0.68219  
 26 43.5490   2234.974952  x:  0.09083   0.00322   0.10917   0.02469   0.03468   0.08521   0.12709   0.04283   0.07574   0.10123   0.09341   0.15140   0.02122   0.09502   0.02200   0.06137   0.03776   0.05828   0.03157   0.07569   0.10378   0.09895   0.19009   0.10945   4.24570   1.21390   0.81611   1.14335   0.68713  
 27 46.9699   2234.009909  x:  0.09032   0.00170   0.11564   0.02537   0.03716   0.08657   0.12141   0.04536   0.07406   0.09832   0.09836   0.16230   0.02126   0.09815   0.02221   0.05777   0.03743   0.05873   0.03015   0.07456   0.10243   0.11812   0.15879   0.10894   4.29419   1.21806   0.80182   1.16386   0.69355  
 28 29.9809   2230.582416  x:  0.08677   0.00000   0.12006   0.02689   0.03686   0.09019   0.12618   0.04338   0.07634   0.09991   0.10147   0.16350   0.02144   0.10274   0.02317   0.05824   0.03641   0.05956   0.02793   0.07571   0.10476   0.11837   0.16311   0.10539   4.38260   1.24923   0.83692   1.20478   0.70892  
 29 35.9035   2230.582416  x:  0.08677   0.00000   0.12006   0.02689   0.03686   0.09019   0.12618   0.04338   0.07634   0.09991   0.10147   0.16350   0.02144   0.10274   0.02317   0.05824   0.03641   0.05956   0.02793   0.07571   0.10476   0.11837   0.16311   0.10539   4.38260   1.24923   0.83692   1.20478   0.70892  
 30 92.7907   2227.539245  x:  0.09001   0.00582   0.13554   0.05165   0.03807   0.10504   0.13616   0.04090   0.07730   0.10540   0.10519   0.16282   0.01483   0.12590   0.04351   0.05809   0.03034   0.06394   0.02183   0.07606   0.10812   0.11852   0.17211   0.10863   4.38509   1.24996   0.84398   1.20782   0.71833  
 31 137.7425   2226.762366  x:  0.09075   0.00000   0.13995   0.05199   0.03788   0.10903   0.13930   0.04046   0.07720   0.10662   0.10587   0.16223   0.01500   0.13234   0.04272   0.05824   0.03084   0.06464   0.02364   0.07612   0.10874   0.11822   0.17517   0.10937   4.38625   1.25025   0.84719   1.20921   0.72250  
 32 109.6272   2225.558088  x:  0.09290   0.00644   0.15579   0.04327   0.03665   0.12065   0.14977   0.03951   0.07635   0.10979   0.10728   0.16110   0.02012   0.15285   0.03110   0.05948   0.03418   0.06550   0.02708   0.07623   0.10982   0.11652   0.18603   0.11152   4.39143   1.25156   0.86129   1.21526   0.74018  
 33 137.3790   2225.090460  x:  0.09267   0.00629   0.16020   0.03687   0.03706   0.12123   0.15237   0.03945   0.07621   0.10957   0.10675   0.16042   0.01285   0.15734   0.02836   0.06109   0.03222   0.06413   0.02014   0.07615   0.10877   0.11548   0.18936   0.11129   4.39550   1.25272   0.87138   1.21988   0.75254  
 34 68.4327   2224.130445  x:  0.08948   0.00800   0.16444   0.03153   0.04088   0.11113   0.15293   0.03961   0.07713   0.10537   0.10329   0.15899   0.00832   0.15839   0.03587   0.06634   0.02743   0.05934   0.02895   0.07614   0.10282   0.11294   0.19467   0.10809   4.41194   1.25825   0.90911   1.23826   0.79858  
 35 66.9148   2223.066996  x:  0.08654   0.00580   0.16588   0.03625   0.04396   0.09960   0.15120   0.03998   0.07801   0.10077   0.09987   0.15772   0.01888   0.15612   0.03808   0.06964   0.03010   0.05771   0.02193   0.07635   0.09704   0.11030   0.19869   0.10516   4.43336   1.26644   0.95535   1.26199   0.85545  
 36 211.3676   2222.301555  x:  0.08810   0.00706   0.16145   0.04629   0.04166   0.10079   0.14701   0.04073   0.07724   0.10056   0.09998   0.15854   0.01259   0.14901   0.02993   0.06528   0.03654   0.06505   0.02422   0.07648   0.09874   0.11006   0.19536   0.10672   4.45192   1.27609   0.98794   1.28200   0.89714  
 37 114.0045   2221.687337  x:  0.09237   0.00697   0.15234   0.04342   0.03674   0.11273   0.14249   0.04075   0.07548   0.10475   0.10318   0.16075   0.01620   0.14175   0.03168   0.05771   0.02860   0.06857   0.02367   0.07612   0.10708   0.11407   0.18753   0.11099   4.47158   1.28985   1.01221   1.30217   0.93091  
 38 83.2579   2221.495376  x:  0.09313   0.00725   0.14855   0.04111   0.03717   0.11678   0.14268   0.03974   0.07624   0.10804   0.10597   0.16173   0.01586   0.14044   0.03528   0.05833   0.03481   0.06456   0.02313   0.07649   0.11069   0.11735   0.18384   0.11174   4.48163   1.29912   1.01757   1.31152   0.94078  
 39 46.1332   2221.186931  x:  0.09111   0.00740   0.14449   0.04483   0.03838   0.11592   0.14723   0.03893   0.07927   0.11291   0.11089   0.16264   0.01580   0.14151   0.03013   0.06243   0.03117   0.05746   0.02370   0.07643   0.11213   0.12209   0.17909   0.10973   4.50678   1.32566   1.01880   1.33265   0.95164  
 40 33.9277   2220.435260  x:  0.08678   0.00769   0.14122   0.04150   0.03052   0.10688   0.15620   0.04082   0.07950   0.11520   0.11403   0.16259   0.01581   0.14681   0.03289   0.06268   0.03208   0.06886   0.02325   0.07666   0.10788   0.12471   0.17448   0.10539   4.58130   1.40395   1.01577   1.39200   0.97216  
 41 76.1729   2219.766626  x:  0.09173   0.00758   0.14517   0.04113   0.04264   0.10856   0.14994   0.03730   0.07553   0.10921   0.10707   0.15996   0.01559   0.14566   0.03299   0.05415   0.03247   0.06615   0.02321   0.07585   0.10373   0.11392   0.17997   0.11034   4.65656   1.47636   1.01505   1.44645   0.98315  
 42 92.4293   2219.503526  x:  0.09335   0.00729   0.14977   0.04261   0.03804   0.11306   0.14360   0.04127   0.07445   0.10331   0.10155   0.15892   0.01557   0.14254   0.03305   0.06115   0.03256   0.06281   0.02325   0.07583   0.10580   0.11082   0.18424   0.11197   4.69046   1.50291   1.01895   1.46698   0.98271  
 43 70.5829   2219.244969  x:  0.08967   0.00695   0.15478   0.04178   0.03951   0.11539   0.13733   0.03423   0.07927   0.10224   0.10124   0.15952   0.01564   0.14008   0.03262   0.06388   0.03206   0.06673   0.02318   0.07665   0.10848   0.11522   0.18822   0.10829   4.73560   1.52118   1.03670   1.48342   0.96909  
 44 29.0392   2218.684126  x:  0.08507   0.00620   0.16129   0.04114   0.04401   0.11575   0.13423   0.04599   0.08185   0.10443   0.10354   0.16135   0.01533   0.13880   0.03274   0.05714   0.03247   0.06671   0.02317   0.07701   0.11019   0.12276   0.19314   0.10369   4.84770   1.55721   1.08586   1.51865   0.93027  
 45 98.0199   2218.000964  x:  0.09059   0.00548   0.16022   0.04240   0.03620   0.10994   0.14185   0.03929   0.07262   0.10512   0.10360   0.16229   0.01469   0.14122   0.03287   0.05423   0.03286   0.06094   0.02346   0.07564   0.10860   0.12203   0.19191   0.10921   4.98358   1.59379   1.14541   1.55731   0.88289  
 46 145.9511   2217.781567  x:  0.09435   0.00546   0.15438   0.04158   0.04088   0.11123   0.14653   0.04037   0.07452   0.10534   0.10294   0.16126   0.01515   0.14339   0.03292   0.06172   0.03230   0.06551   0.02344   0.07606   0.10753   0.11537   0.18820   0.11296   5.03248   1.60250   1.16311   1.56884   0.86863  
 47 74.2726   2217.666358  x:  0.09127   0.00568   0.15027   0.04168   0.03829   0.11494   0.14614   0.03987   0.07944   0.10347   0.10213   0.15955   0.01507   0.14723   0.03301   0.06000   0.03260   0.06378   0.02348   0.07711   0.10459   0.10903   0.18513   0.10988   5.06479   1.60066   1.16561   1.57210   0.86613  
 48 22.7313   2217.047362  x:  0.08470   0.00603   0.14654   0.04192   0.04065   0.11871   0.13475   0.03990   0.06506   0.10632   0.10538   0.15345   0.01492   0.15749   0.03218   0.06478   0.03265   0.06467   0.02359   0.07237   0.09999   0.10824   0.17930   0.10332   5.26365   1.56692   1.14872   1.57797   0.87467  
 49 32.1429   2214.987666  x:  0.09841   0.00532   0.15439   0.04039   0.03717   0.10717   0.12910   0.04134   0.08040   0.10807   0.10714   0.14963   0.01452   0.16398   0.03112   0.06178   0.03214   0.06370   0.02379   0.07990   0.10284   0.11941   0.17731   0.11702   5.96912   1.44368   1.07693   1.58854   0.91465  
 50 232.5162   2214.177813  x:  0.09132   0.00477   0.15675   0.04121   0.03920   0.11370   0.15182   0.03931   0.07760   0.10549   0.10323   0.16064   0.01500   0.14711   0.03234   0.06014   0.03247   0.06424   0.02367   0.07365   0.10994   0.11506   0.18608   0.10993   6.24737   1.40240   1.04930   1.57940   0.93348  
 51 208.8606   2213.745338  x:  0.09115   0.00453   0.15364   0.04154   0.03877   0.11815   0.15408   0.03898   0.07321   0.10717   0.10700   0.16604   0.01489   0.14293   0.03230   0.06173   0.03178   0.06428   0.02366   0.09032   0.10174   0.11623   0.19265   0.10977   6.40356   1.40430   1.04028   1.53520   0.95035  
 52 48.4677   2212.699893  x:  0.09451   0.00421   0.14785   0.04115   0.03615   0.11616   0.15035   0.03960   0.07939   0.11011   0.11010   0.16941   0.01423   0.14629   0.03223   0.06200   0.03249   0.06453   0.02368   0.07475   0.10127   0.11707   0.19890   0.11312   6.76182   1.42205   1.02353   1.41308   0.99227  
 53 163.2450   2212.576215  x:  0.09290   0.00422   0.15134   0.04118   0.03761   0.11352   0.15156   0.03962   0.07781   0.10904   0.10645   0.16491   0.01436   0.14764   0.03199   0.06088   0.03234   0.06457   0.02371   0.07864   0.10981   0.11572   0.19249   0.11151   6.80603   1.42505   1.02192   1.39690   0.99760  
 54 48.9852   2212.560731  x:  0.09302   0.00416   0.15411   0.04118   0.03800   0.11472   0.15266   0.03954   0.07791   0.10796   0.10591   0.16321   0.01456   0.14645   0.03206   0.06088   0.03239   0.06462   0.02369   0.07817   0.10786   0.11699   0.18892   0.11164   6.81175   1.42556   1.02188   1.39488   0.99827  
 55  7.6339   2212.555593  x:  0.09304   0.00398   0.15563   0.04107   0.03787   0.11441   0.15207   0.03955   0.07794   0.10855   0.10686   0.16505   0.01463   0.14634   0.03214   0.06108   0.03237   0.06459   0.02370   0.07813   0.10778   0.11559   0.18771   0.11165   6.81512   1.42605   1.02229   1.39537   0.99836  
 56  0.6890   2212.428443  x:  0.09300   0.00259   0.15585   0.04106   0.03936   0.11543   0.15152   0.03949   0.07744   0.10674   0.09856   0.17416   0.01439   0.15265   0.03144   0.06133   0.03237   0.06454   0.02383   0.07790   0.10688   0.11909   0.18476   0.11162   6.90465   1.43944   1.03439   1.41239   0.99983  
 57  3.1293   2211.970863  x:  0.09324   0.00000   0.15830   0.04041   0.03946   0.11675   0.15311   0.03903   0.07699   0.10240   0.10471   0.16848   0.01399   0.15665   0.03105   0.06174   0.03220   0.06438   0.02414   0.07668   0.10871   0.11780   0.18770   0.11184   7.13762   1.47437   1.06585   1.45701   1.00339  
 58 77.4854   2211.884248  x:  0.09301   0.00000   0.16012   0.04028   0.03800   0.11717   0.15324   0.03872   0.07771   0.11137   0.10113   0.16368   0.01395   0.15545   0.03115   0.06214   0.03214   0.06424   0.02424   0.07623   0.10749   0.11569   0.18955   0.11161   7.20976   1.48515   1.07555   1.47082   1.00446  
 59 81.3768   2211.725085  x:  0.09259   0.00000   0.16297   0.03991   0.03855   0.11871   0.15290   0.03877   0.07696   0.10816   0.10685   0.16078   0.01339   0.16012   0.03132   0.06273   0.03193   0.06427   0.02525   0.07672   0.10705   0.11541   0.19319   0.11119   7.65673   1.49868   1.09157   1.49130   1.01530  
 60  0.3714   2211.716859  x:  0.09259   0.00000   0.16070   0.04024   0.03843   0.11819   0.15256   0.03881   0.07700   0.10813   0.10589   0.16056   0.01295   0.15870   0.03133   0.06248   0.03197   0.06436   0.02494   0.07663   0.10723   0.11558   0.19234   0.11119   7.71760   1.49369   1.08689   1.48788   1.01751  
 61  0.0480   2211.716247  x:  0.09259   0.00000   0.16081   0.04003   0.03842   0.11806   0.15247   0.03884   0.07703   0.10824   0.10585   0.16099   0.01319   0.15846   0.03129   0.06250   0.03199   0.06432   0.02498   0.07671   0.10713   0.11565   0.19220   0.11119   7.73265   1.49335   1.08601   1.48766   1.01617  
 62  0.0122   2211.716225  x:  0.09259   0.00000   0.16083   0.04007   0.03843   0.11805   0.15247   0.03884   0.07702   0.10824   0.10590   0.16089   0.01319   0.15844   0.03128   0.06250   0.03200   0.06432   0.02497   0.07670   0.10714   0.11564   0.19217   0.11119   7.73328   1.49341   1.08598   1.48759   1.01560  
 63  0.0007   2211.716225  x:  0.09259   0.00000   0.16082   0.04007   0.03843   0.11806   0.15247   0.03884   0.07702   0.10824   0.10589   0.16090   0.01319   0.15845   0.03128   0.06250   0.03200   0.06433   0.02497   0.07670   0.10714   0.11564   0.19217   0.11119   7.73304   1.49341   1.08597   1.48758   1.01552  
 64  0.0002   2211.716225  x:  0.09259   0.00000   0.16082   0.04007   0.03843   0.11807   0.15247   0.03884   0.07702   0.10824   0.10589   0.16090   0.01319   0.15846   0.03128   0.06250   0.03200   0.06433   0.02497   0.07670   0.10714   0.11564   0.19217   0.11119   7.73305   1.49340   1.08596   1.48758   1.01552  
 65  0.0000   2211.716225  x:  0.09259   0.00000   0.16082   0.04007   0.03843   0.11807   0.15247   0.03884   0.07702   0.10824   0.10589   0.16090   0.01319   0.15846   0.03128   0.06250   0.03200   0.06433   0.02497   0.07670   0.10714   0.11564   0.19217   0.11119   7.73306   1.49340   1.08596   1.48758   1.01552  
 66  0.0000   2211.716225  x:  0.09259   0.00000   0.16082   0.04007   0.03843   0.11807   0.15247   0.03884   0.07702   0.10824   0.10589   0.16090   0.01319   0.15846   0.03128   0.06250   0.03200   0.06433   0.02497   0.07670   0.10714   0.11564   0.19217   0.11119   7.73306   1.49340   1.08596   1.48758   1.01552  