

TREE # 1

  0  0.0000   2130.054423  x:  0.08279   0.00538   0.10735   0.02659   0.08941   0.05977   0.06359   0.04009   0.07986   0.07308   0.06364   0.12442   0.00000   0.04919   0.02680   0.06988   0.05264   0.05909   0.06475   0.04284   0.10307   0.06654   0.10131   0.10141   2.00000   1.86770   1.25338   1.52299   0.40000  
  1 99.0000   2115.340399  x:  0.10704   0.01920   0.12322   0.05549   0.07973   0.03572   0.07622   0.01871   0.07089   0.10646   0.06178   0.13679   0.10613   0.10293   0.04076   0.08175   0.03021   0.06613   0.06785   0.03844   0.09030   0.05903   0.11636   0.12566   2.00770   1.86463   1.25329   1.52599   0.41889  
  2 601.9815   2106.424874  x:  0.12137   0.00000   0.13689   0.05791   0.07079   0.01599   0.08400   0.00678   0.06290   0.12430   0.05626   0.14397   0.09318   0.12001   0.03992   0.09125   0.01377   0.06961   0.06954   0.03738   0.07551   0.04923   0.12410   0.13999   2.01658   1.86115   1.25366   1.52895   0.43743  
  3 255.0533   2102.331434  x:  0.13472   0.00971   0.14995   0.05928   0.06276   0.00651   0.09071   0.01548   0.05603   0.14029   0.05100   0.15092   0.07761   0.13538   0.03910   0.09975   0.00876   0.07242   0.07096   0.03703   0.06107   0.04035   0.13082   0.15334   2.02623   1.85740   1.25406   1.53214   0.45660  
  4 427.9574   2097.975433  x:  0.15334   0.01191   0.16781   0.06223   0.05226   0.02200   0.09933   0.01883   0.04841   0.16280   0.04422   0.16060   0.05985   0.15844   0.03925   0.11112   0.01683   0.07603   0.07282   0.03694   0.04187   0.02982   0.14010   0.17196   2.04117   1.85166   1.25467   1.53701   0.48490  
  5 624.3956   2095.818615  x:  0.16296   0.01599   0.17646   0.06475   0.05550   0.01755   0.09707   0.01242   0.05949   0.17369   0.04689   0.16562   0.04705   0.17517   0.04521   0.11249   0.02906   0.07347   0.07130   0.03866   0.05272   0.04869   0.14246   0.18158   2.06391   1.84326   1.25602   1.54361   0.51583  
  6 115.9767   2094.239120  x:  0.16606   0.01161   0.17773   0.06613   0.06257   0.02490   0.09003   0.02246   0.06672   0.17657   0.05096   0.16665   0.04329   0.18737   0.04499   0.10685   0.01666   0.06924   0.06886   0.03724   0.06447   0.05244   0.14028   0.18468   2.09498   1.83209   1.25844   1.55177   0.54835  
  7 115.0302   2090.903675  x:  0.15993   0.01470   0.16693   0.06256   0.06865   0.02099   0.07277   0.01515   0.06444   0.16602   0.05319   0.16113   0.04411   0.20084   0.03276   0.08688   0.02257   0.06453   0.06676   0.03642   0.06933   0.03077   0.12775   0.17855   2.18668   1.80010   1.26631   1.57410   0.62460  
  8 134.5602   2086.645329  x:  0.14095   0.01203   0.14461   0.05495   0.06020   0.02005   0.07947   0.01705   0.04833   0.13951   0.04659   0.14833   0.05177   0.19952   0.04947   0.08225   0.02035   0.07183   0.07070   0.03931   0.04843   0.04541   0.11272   0.15957   2.34016   1.74927   1.27866   1.60902   0.72636  
  9 214.4100   2083.832683  x:  0.12848   0.01486   0.14058   0.06222   0.05389   0.02118   0.10194   0.01337   0.06637   0.12834   0.05043   0.14356   0.05947   0.17189   0.04102   0.11216   0.01762   0.07547   0.07196   0.03441   0.05066   0.03890   0.12166   0.14710   2.47209   1.71126   1.28686   1.63456   0.77870  
 10 161.6555   2082.176775  x:  0.12877   0.00597   0.14715   0.06435   0.06016   0.01592   0.10295   0.02384   0.05955   0.13475   0.04966   0.14666   0.06874   0.14626   0.03943   0.11914   0.02679   0.07282   0.07056   0.04175   0.05490   0.03738   0.13262   0.14739   2.56425   1.68958   1.29063   1.64855   0.79120  
 11 150.0755   2079.835402  x:  0.13394   0.01397   0.15882   0.06100   0.06634   0.02099   0.09477   0.01384   0.04740   0.14753   0.04750   0.15380   0.07355   0.11042   0.04142   0.11740   0.01904   0.06815   0.06833   0.04270   0.05670   0.04137   0.14544   0.15256   2.69916   1.66175   1.29459   1.66595   0.79310  
 12 274.0286   2076.620222  x:  0.14283   0.01047   0.16525   0.05399   0.05345   0.01872   0.08396   0.01865   0.06623   0.15801   0.04910   0.16248   0.07531   0.10200   0.04551   0.09871   0.02214   0.07346   0.07165   0.02403   0.04578   0.04362   0.15080   0.16145   2.90478   1.62934   1.29644   1.68486   0.76017  
 13 180.3367   2072.496795  x:  0.15252   0.01268   0.16673   0.05196   0.03845   0.02114   0.08297   0.01766   0.08475   0.16435   0.05138   0.17089   0.06747   0.12136   0.04517   0.08214   0.01702   0.08130   0.07565   0.05515   0.04412   0.04191   0.15050   0.17114   3.23128   1.58454   1.29616   1.71035   0.69217  
 14 480.8537   2065.960381  x:  0.16189   0.01678   0.16007   0.06500   0.07088   0.02207   0.09722   0.01457   0.06607   0.16398   0.04450   0.17330   0.04346   0.18188   0.04496   0.09401   0.01946   0.08183   0.07435   0.03977   0.05582   0.04116   0.13586   0.18051   3.72688   1.52867   1.28950   1.74137   0.57820  
 15 533.3693   2065.110401  x:  0.16136   0.01634   0.16214   0.06461   0.05822   0.02203   0.09094   0.01552   0.05696   0.16355   0.05491   0.16768   0.04210   0.19023   0.04068   0.10308   0.02035   0.06909   0.06837   0.03656   0.05818   0.04509   0.13331   0.17998   3.79000   1.53372   1.28229   1.73807   0.56782  
 16 105.7185   2064.033259  x:  0.15764   0.01636   0.17220   0.06156   0.05783   0.02178   0.07820   0.01561   0.06257   0.16428   0.04002   0.15063   0.04292   0.19465   0.04511   0.11337   0.01976   0.06201   0.06801   0.03827   0.05630   0.04327   0.13192   0.17626   3.87742   1.57625   1.25369   1.71232   0.56864  
 17 52.1417   2062.325555  x:  0.15377   0.01707   0.18657   0.06204   0.06497   0.02187   0.08145   0.01487   0.05982   0.16727   0.05499   0.13395   0.04205   0.19478   0.04378   0.10859   0.01961   0.07818   0.07248   0.03872   0.05407   0.04333   0.12998   0.17239   4.03071   1.66695   1.19588   1.65633   0.57878  
 18 145.3354   2061.435111  x:  0.15496   0.01686   0.18020   0.06328   0.05984   0.02196   0.09642   0.01502   0.05754   0.16435   0.04702   0.14952   0.04240   0.19230   0.03929   0.09820   0.01996   0.07136   0.06891   0.03643   0.05996   0.04461   0.12933   0.17358   4.11023   1.71849   1.16643   1.62202   0.58697  
 19 109.4547   2061.182797  x:  0.15748   0.01685   0.16875   0.06570   0.06243   0.02163   0.09193   0.01476   0.05902   0.16165   0.05092   0.16170   0.04132   0.19078   0.04411   0.10266   0.01991   0.06910   0.06959   0.03778   0.05625   0.04230   0.13083   0.17610   4.13336   1.73421   1.16159   1.60883   0.58999  
 20 39.7038   2061.127711  x:  0.15877   0.01679   0.16441   0.06461   0.06194   0.02177   0.08925   0.01498   0.05828   0.16155   0.04968   0.16319   0.04155   0.19089   0.04105   0.10475   0.01980   0.07252   0.07011   0.03771   0.05701   0.04393   0.13257   0.17739   4.13863   1.73751   1.16387   1.60394   0.59093  
 21 15.3992   2061.030341  x:  0.16100   0.01698   0.15945   0.06223   0.06124   0.02178   0.09127   0.01488   0.05791   0.16335   0.05013   0.15831   0.04095   0.19080   0.04397   0.10412   0.02005   0.07235   0.06937   0.03733   0.05949   0.04218   0.13642   0.17962   4.14899   1.74243   1.18096   1.58800   0.59317  
 22  8.9296   2060.936948  x:  0.16111   0.01698   0.16012   0.06493   0.06313   0.02176   0.09215   0.01484   0.05896   0.16381   0.05022   0.15677   0.04075   0.19065   0.04087   0.10298   0.01990   0.06963   0.06986   0.03791   0.05588   0.04430   0.13601   0.17974   4.15904   1.74666   1.19965   1.57184   0.59538  
 23 24.1437   2060.861137  x:  0.15913   0.01684   0.16593   0.06655   0.06156   0.02179   0.09086   0.01493   0.05819   0.16234   0.04968   0.16081   0.04051   0.19070   0.04228   0.10400   0.01995   0.07191   0.07041   0.03762   0.05780   0.04353   0.13191   0.17775   4.16732   1.74967   1.21480   1.55950   0.59728  
 24 19.1700   2060.827889  x:  0.15795   0.01679   0.16787   0.06159   0.06308   0.02175   0.09155   0.01484   0.05868   0.16181   0.05044   0.16302   0.04122   0.19192   0.04185   0.10493   0.01994   0.07173   0.06907   0.03785   0.05702   0.04355   0.13235   0.17657   4.17075   1.75032   1.21747   1.55820   0.59807  
 25  3.9914   2060.309250  x:  0.14821   0.01672   0.17086   0.06043   0.06245   0.02175   0.09013   0.01443   0.05523   0.16040   0.05092   0.16792   0.03627   0.19879   0.04200   0.10251   0.01948   0.06731   0.08357   0.03623   0.05843   0.04365   0.15110   0.16683   4.22536   1.75588   1.22633   1.57150   0.61130  
 26  4.0737   2057.866678  x:  0.13530   0.01516   0.17032   0.07479   0.06074   0.02054   0.08613   0.01333   0.05245   0.16165   0.04739   0.17055   0.01740   0.20530   0.04450   0.09920   0.01837   0.07531   0.05389   0.03506   0.05179   0.04236   0.17385   0.15392   4.45905   1.77808   1.25618   1.63502   0.66854  
 27 72.3514   2053.114171  x:  0.14718   0.01137   0.16617   0.06849   0.05991   0.01883   0.09213   0.01308   0.05041   0.16392   0.04664   0.16572   0.00000   0.19874   0.04165   0.10933   0.01751   0.07151   0.06243   0.03545   0.05124   0.03937   0.15128   0.16580   4.79576   1.80853   1.29553   1.72755   0.75233  
 28 253.7757   2053.055388  x:  0.15116   0.01116   0.16933   0.06878   0.06019   0.01879   0.09192   0.01309   0.05004   0.15472   0.04667   0.16466   0.00000   0.19863   0.04168   0.10889   0.01751   0.07156   0.06199   0.03544   0.05116   0.03937   0.15416   0.16978   4.80188   1.80564   1.29377   1.72574   0.75383  
 29  8.9111   2052.157929  x:  0.15011   0.00985   0.16930   0.06616   0.05972   0.01823   0.09133   0.01322   0.05047   0.15662   0.04619   0.16047   0.00000   0.19497   0.04145   0.11075   0.01728   0.07105   0.06293   0.03597   0.05094   0.03837   0.15221   0.16873   4.93080   1.60877   1.15900   1.54796   0.78175  
 30  4.4717   2048.735814  x:  0.15275   0.00319   0.16232   0.04706   0.05857   0.01644   0.08971   0.01654   0.06241   0.14940   0.04886   0.16064   0.00000   0.14695   0.03488   0.10420   0.01775   0.07000   0.06806   0.04196   0.05534   0.03724   0.13168   0.17137   5.63290   1.67501   1.21526   1.66707   0.81749  
 31  0.8997   2048.690932  x:  0.15281   0.00305   0.16217   0.04665   0.05855   0.01640   0.08967   0.01661   0.06267   0.14925   0.04892   0.16065   0.00214   0.14592   0.03473   0.10406   0.01776   0.06998   0.06817   0.04209   0.05544   0.03722   0.13125   0.17142   5.64797   1.67643   1.21647   1.66963   0.81826  
 32 341.2488   2048.020312  x:  0.15173   0.00978   0.15961   0.04714   0.05953   0.01774   0.08900   0.01196   0.06242   0.14724   0.04914   0.15942   0.00214   0.13102   0.03497   0.10200   0.01784   0.07000   0.07166   0.04140   0.05592   0.03842   0.12964   0.17034   5.94549   1.68734   1.22534   1.68549   0.81146  
 33  0.4567   2047.411415  x:  0.14737   0.00836   0.16003   0.05565   0.06008   0.01863   0.08715   0.01434   0.05598   0.14786   0.04794   0.15944   0.00118   0.13150   0.03951   0.10166   0.01840   0.07030   0.07296   0.03672   0.05227   0.04108   0.14154   0.16599   6.41763   1.67659   1.21679   1.67112   0.78521  
 34  0.3453   2047.214255  x:  0.14930   0.00750   0.16222   0.04893   0.05958   0.01910   0.08857   0.01373   0.05649   0.14949   0.04858   0.16022   0.00084   0.13832   0.03759   0.10438   0.01834   0.06991   0.06915   0.03653   0.05341   0.04064   0.13819   0.16791   6.72463   1.66551   1.20723   1.66572   0.77402  
 35  0.2227   2047.186066  x:  0.15012   0.00705   0.16220   0.05132   0.05943   0.01907   0.08869   0.01365   0.05842   0.14901   0.04869   0.16045   0.00101   0.13681   0.03716   0.10370   0.01849   0.07025   0.06921   0.03805   0.05403   0.03988   0.13741   0.16873   6.81972   1.66686   1.20810   1.66967   0.77417  
 36  0.0962   2047.184142  x:  0.15007   0.00704   0.16182   0.05111   0.05977   0.01908   0.08857   0.01354   0.05827   0.14887   0.04866   0.16045   0.00105   0.13758   0.03745   0.10327   0.01852   0.07032   0.06981   0.03811   0.05389   0.03995   0.13753   0.16868   6.84806   1.66852   1.20923   1.67118   0.77555  
 37  0.0247   2047.184009  x:  0.15004   0.00706   0.16182   0.05112   0.05967   0.01911   0.08857   0.01358   0.05820   0.14894   0.04865   0.16032   0.00107   0.13752   0.03739   0.10326   0.01850   0.07029   0.06975   0.03812   0.05392   0.04003   0.13743   0.16865   6.85514   1.66856   1.20922   1.67096   0.77644  
 38  0.0056   2047.183999  x:  0.15004   0.00707   0.16186   0.05112   0.05967   0.01911   0.08857   0.01358   0.05821   0.14892   0.04864   0.16035   0.00106   0.13752   0.03741   0.10327   0.01852   0.07031   0.06973   0.03811   0.05390   0.03999   0.13745   0.16865   6.85595   1.66857   1.20923   1.67094   0.77664  
 39  0.0007   2047.183999  x:  0.15004   0.00708   0.16186   0.05112   0.05967   0.01911   0.08857   0.01358   0.05821   0.14892   0.04865   0.16036   0.00106   0.13752   0.03741   0.10327   0.01851   0.07031   0.06973   0.03811   0.05390   0.03999   0.13746   0.16865   6.85601   1.66859   1.20924   1.67096   0.77663  
 40  0.0001   2047.183999  x:  0.15004   0.00708   0.16186   0.05112   0.05967   0.01911   0.08857   0.01358   0.05821   0.14893   0.04865   0.16036   0.00106   0.13752   0.03741   0.10327   0.01851   0.07031   0.06973   0.03811   0.05390   0.03999   0.13746   0.16866   6.85606   1.66858   1.20924   1.67096   0.77663  
 41  0.0000   2047.183999  x:  0.15004   0.00708   0.16186   0.05112   0.05967   0.01911   0.08857   0.01358   0.05821   0.14893   0.04865   0.16036   0.00106   0.13752   0.03741   0.10327   0.01851   0.07031   0.06973   0.03811   0.05390   0.03999   0.13746   0.16866   6.85607   1.66858   1.20924   1.67096   0.77663  
 42  0.0000   2047.183999  x:  0.15004   0.00708   0.16186   0.05112   0.05967   0.01911   0.08857   0.01358   0.05821   0.14893   0.04865   0.16036   0.00106   0.13752   0.03741   0.10327   0.01851   0.07031   0.06973   0.03811   0.05390   0.03999   0.13746   0.16866   6.85607   1.66858   1.20924   1.67096   0.77663  