

TREE # 1

  0  0.0000   2143.329780  x:  0.00000   0.02521   0.07276   0.02944   0.08915   0.09148   0.04632   0.05944   0.10432   0.03342   0.10116   0.02294   0.03694   0.01925   0.02867   0.08209   0.07719   0.04150   0.07059   0.06300   0.09829   0.08619   0.07607   2.00000   1.56897   1.00867   1.44932   0.40000  
  1 99.0000   2143.323786  x:  0.00000   0.02522   0.07276   0.02944   0.08914   0.09148   0.04632   0.05944   0.10432   0.03342   0.10116   0.02294   0.03695   0.01925   0.02867   0.08208   0.07719   0.04150   0.07059   0.06300   0.09829   0.08619   0.07607   2.00000   1.56897   1.00867   1.44932   0.40000  
  2 984.2305   2129.270589  x:  0.00000   0.00584   0.06172   0.03128   0.07352   0.08031   0.03916   0.06329   0.11129   0.02658   0.10770   0.00000   0.07557   0.02680   0.03376   0.07343   0.07092   0.04941   0.06820   0.08489   0.08158   0.09931   0.11957   2.00602   1.56748   1.00798   1.45082   0.41829  
  3 648.6333   2110.912329  x:  0.00000   0.00547   0.03118   0.03098   0.02727   0.04849   0.02299   0.07123   0.12945   0.01151   0.11857   0.00000   0.04187   0.01142   0.02958   0.04904   0.05367   0.06194   0.06138   0.12373   0.02824   0.12007   0.14549   2.02533   1.56260   1.00631   1.45535   0.47242  
  4 328.2675   2106.846444  x:  0.00000   0.00430   0.02573   0.03056   0.01697   0.04029   0.02435   0.07282   0.13515   0.02232   0.12738   0.00000   0.02680   0.02510   0.02903   0.04306   0.04948   0.06395   0.05963   0.13342   0.01268   0.13070   0.15401   2.03394   1.56035   1.00550   1.45764   0.49386  
  5 501.7837   2096.972531  x:  0.00000   0.00213   0.02715   0.03240   0.01968   0.03327   0.02957   0.07420   0.14296   0.02555   0.15015   0.00000   0.00167   0.02872   0.02846   0.03798   0.04559   0.06527   0.05766   0.14588   0.01250   0.15509   0.17478   2.04982   1.55600   1.00404   1.46213   0.53068  
  6 418.1660   2093.994138  x:  0.00000   0.00118   0.02722   0.03257   0.01685   0.03283   0.03092   0.07394   0.14655   0.03135   0.16674   0.00000   0.00026   0.02447   0.02470   0.03723   0.04478   0.06351   0.05699   0.14752   0.01132   0.17087   0.17299   2.06113   1.55270   1.00323   1.46535   0.55470  
  7 345.2166   2090.082499  x:  0.00000   0.00000   0.02857   0.03274   0.01890   0.02536   0.03821   0.07438   0.15541   0.03887   0.19295   0.00000   0.00139   0.01899   0.01803   0.03184   0.04074   0.06129   0.05478   0.15389   0.00944   0.19580   0.16382   2.08253   1.54677   1.00153   1.47127   0.60232  
  8 2012.8729   2090.082499  x:  0.00000   0.00000   0.02857   0.03274   0.01890   0.02536   0.03821   0.07438   0.15541   0.03887   0.19295   0.00000   0.00139   0.01899   0.01803   0.03184   0.04074   0.06129   0.05478   0.15389   0.00944   0.19580   0.16382   2.08253   1.54677   1.00153   1.47127   0.60232  
  9 347.7007   2070.037136  x:  0.00000   0.01483   0.04117   0.04080   0.04335   0.05951   0.03374   0.07115   0.14955   0.03152   0.21085   0.00000   0.12450   0.04579   0.04781   0.05382   0.05426   0.05989   0.05968   0.14967   0.07075   0.21422   0.22113   2.09175   1.54370   1.00118   1.47424   0.61115  
 10 701.7523   2053.014938  x:  0.00000   0.09619   0.04644   0.04289   0.05114   0.07355   0.03093   0.06897   0.14492   0.02702   0.21898   0.00000   0.18012   0.05379   0.05817   0.06381   0.06098   0.05908   0.06231   0.14604   0.09100   0.22295   0.25749   2.10008   1.54126   1.00110   1.47652   0.61857  
 11 1099.6056   2044.982733  x:  0.00000   0.10026   0.03573   0.02960   0.02764   0.05937   0.03268   0.06707   0.13414   0.00968   0.19500   0.00000   0.22910   0.02652   0.03637   0.05565   0.05705   0.05872   0.06129   0.13605   0.05747   0.20149   0.29681   2.12776   1.53459   1.00297   1.48028   0.63981  
 12 145.4851   2042.275951  x:  0.00000   0.10179   0.03497   0.02960   0.02297   0.05178   0.03307   0.06675   0.12878   0.02830   0.17873   0.00000   0.25305   0.01997   0.02761   0.05188   0.05538   0.05851   0.06093   0.13139   0.03512   0.18671   0.31677   2.14603   1.53035   1.00404   1.48272   0.65330  
 13 351.2778   2040.003511  x:  0.00000   0.10319   0.03587   0.03439   0.03240   0.04601   0.03306   0.06740   0.12592   0.02520   0.15876   0.00000   0.26423   0.03181   0.02935   0.04980   0.05438   0.05834   0.06061   0.12911   0.01470   0.16834   0.32986   2.16744   1.52574   1.00503   1.48542   0.66816  
 14 192.9425   2036.769405  x:  0.00000   0.10727   0.04311   0.03984   0.02796   0.04209   0.03309   0.06910   0.12367   0.02518   0.10883   0.00000   0.26665   0.03828   0.03275   0.05066   0.05325   0.05866   0.05801   0.12930   0.02950   0.12058   0.34620   2.22566   1.51401   1.00720   1.49227   0.70600  
 15 141.7995   2035.242912  x:  0.00000   0.10773   0.03783   0.03534   0.03834   0.06095   0.03284   0.06814   0.12740   0.02595   0.09708   0.00000   0.26460   0.02622   0.03692   0.05622   0.05727   0.05895   0.06065   0.13352   0.02789   0.10542   0.34768   2.27513   1.50531   1.00796   1.49758   0.73420  
 16 106.9008   2028.317507  x:  0.00000   0.10521   0.02715   0.02565   0.01623   0.07933   0.02531   0.06568   0.14925   0.02865   0.11979   0.00000   0.25821   0.04929   0.02914   0.06139   0.06274   0.05798   0.06649   0.15346   0.02207   0.10806   0.33613   2.56572   1.45853   1.00960   1.52697   0.88641  
 17 137.1499   2019.861018  x:  0.00000   0.10187   0.04665   0.03515   0.03586   0.06253   0.04000   0.06641   0.16551   0.02442   0.15347   0.00000   0.24979   0.03778   0.01189   0.05314   0.05720   0.05655   0.06336   0.16760   0.02994   0.13131   0.31937   2.96527   1.39723   1.01100   1.56558   1.08765  
 18 819.7863   2016.387997  x:  0.00000   0.09992   0.05179   0.03840   0.03696   0.04552   0.04254   0.06736   0.16684   0.02419   0.16872   0.00000   0.24492   0.02436   0.03823   0.04805   0.05313   0.05620   0.06033   0.16862   0.03001   0.14739   0.31083   3.16603   1.36859   1.01116   1.58368   1.18468  
 19 1241.2546   2013.780835  x:  0.00000   0.09819   0.03771   0.03947   0.04440   0.04193   0.02517   0.06912   0.13568   0.02567   0.16354   0.00000   0.23661   0.02421   0.03676   0.05659   0.05352   0.06158   0.05282   0.13968   0.03605   0.17012   0.30410   3.29130   1.36388   1.00791   1.58735   1.22355  
 20 167.0457   2012.713227  x:  0.00000   0.09740   0.03713   0.03918   0.04149   0.04981   0.03855   0.06934   0.11680   0.02616   0.15856   0.00000   0.23193   0.02787   0.03797   0.05650   0.05441   0.06118   0.05516   0.12235   0.03621   0.18214   0.30150   3.35460   1.36737   1.00488   1.58597   1.23370  
 21 183.0745   2011.753859  x:  0.00000   0.09649   0.05191   0.04183   0.03769   0.05754   0.02937   0.06692   0.11148   0.02393   0.15242   0.00000   0.22962   0.02633   0.03778   0.05064   0.05712   0.05518   0.06551   0.11701   0.03323   0.18980   0.30235   3.42317   1.38513   0.99847   1.57674   1.22163  
 22 75.2357   2004.611504  x:  0.00000   0.09677   0.04291   0.02351   0.04353   0.04527   0.03533   0.06418   0.13721   0.02764   0.11743   0.00000   0.22950   0.03041   0.03693   0.05171   0.06249   0.05257   0.07314   0.13766   0.03572   0.21334   0.32439   3.96665   1.56294   0.94195   1.48226   1.05441  
 23 151.5593   2002.528345  x:  0.00000   0.09705   0.03678   0.05005   0.03648   0.05247   0.03693   0.06853   0.14176   0.02496   0.12143   0.00000   0.23107   0.02637   0.03661   0.05482   0.05718   0.05944   0.06263   0.14152   0.03256   0.20562   0.32989   4.15293   1.62082   0.92658   1.45177   0.99107  
 24 441.8898   2000.706036  x:  0.00000   0.09801   0.04641   0.03945   0.03821   0.05563   0.03457   0.07003   0.13006   0.02506   0.14880   0.00000   0.23401   0.02835   0.03786   0.05357   0.04924   0.06148   0.04797   0.13478   0.03135   0.17158   0.32756   4.29739   1.65602   0.92566   1.43457   0.93159  
 25 174.8230   2000.093531  x:  0.00000   0.09883   0.04209   0.04171   0.03967   0.04918   0.03535   0.06963   0.12487   0.02507   0.15969   0.00000   0.23692   0.02776   0.03732   0.05485   0.05581   0.06074   0.06132   0.13109   0.03311   0.15602   0.32260   4.35019   1.66158   0.93241   1.43381   0.90423  
 26 102.5160   1999.024740  x:  0.00000   0.10243   0.03707   0.04354   0.03911   0.05024   0.03535   0.06351   0.12927   0.02513   0.14997   0.00000   0.25081   0.02832   0.03642   0.04807   0.05707   0.04942   0.05597   0.13034   0.03281   0.15371   0.30164   4.44500   1.63849   0.97489   1.45881   0.83149  
 27 42.5959   1998.458149  x:  0.00000   0.10377   0.04287   0.04124   0.03692   0.05053   0.03551   0.06755   0.13165   0.02438   0.14282   0.00000   0.25708   0.02818   0.03602   0.05449   0.05539   0.06087   0.05794   0.13212   0.02986   0.15543   0.29266   4.49885   1.62262   1.00000   1.47627   0.78831  
 28 140.3010   1998.296148  x:  0.00000   0.10234   0.04133   0.04071   0.03763   0.05199   0.03476   0.07460   0.12864   0.02476   0.14388   0.00000   0.25079   0.02870   0.03606   0.05264   0.05266   0.05903   0.05989   0.13658   0.03081   0.15745   0.30522   4.51489   1.61512   1.00466   1.48793   0.77404  
 29 19.4382   1998.173567  x:  0.00000   0.10047   0.04238   0.04122   0.03745   0.05188   0.03512   0.07001   0.12793   0.02475   0.14572   0.00000   0.24338   0.02883   0.03623   0.05456   0.05726   0.05933   0.05784   0.13776   0.03072   0.15889   0.31851   4.52728   1.60898   1.00619   1.49947   0.76298  
 30 29.2217   1998.142885  x:  0.00000   0.10018   0.04187   0.04124   0.03775   0.05215   0.03500   0.06743   0.13006   0.02490   0.14616   0.00000   0.24197   0.02905   0.03634   0.05446   0.05444   0.06005   0.05910   0.13531   0.03113   0.15883   0.32114   4.53046   1.60784   1.00475   1.50381   0.76065  
 31 10.5749   1998.095443  x:  0.00000   0.10013   0.04204   0.04085   0.03770   0.05219   0.03495   0.07030   0.13451   0.02492   0.14632   0.00000   0.24172   0.02903   0.03635   0.05394   0.05607   0.05968   0.05857   0.13018   0.03112   0.15811   0.32162   4.53572   1.60737   0.99857   1.51338   0.75824  
 32  7.5668   1997.919985  x:  0.00000   0.10104   0.04221   0.04093   0.03709   0.05138   0.03511   0.06917   0.13009   0.02460   0.14444   0.00000   0.24578   0.02877   0.03599   0.05591   0.05469   0.05792   0.05829   0.13456   0.03013   0.15562   0.31382   4.55567   1.60913   0.97157   1.55117   0.75320  
 33 11.3606   1997.887192  x:  0.00000   0.10121   0.04153   0.04082   0.03738   0.05181   0.03485   0.06862   0.12932   0.02470   0.14423   0.00000   0.24623   0.02899   0.03605   0.05226   0.05571   0.06075   0.05818   0.13538   0.03053   0.15535   0.31308   4.55949   1.61011   0.96976   1.55592   0.75350  
 34  9.5850   1993.270306  x:  0.00000   0.10138   0.04151   0.04216   0.03728   0.04981   0.03387   0.07118   0.12592   0.02267   0.14783   0.00000   0.22436   0.03215   0.03824   0.05742   0.05348   0.06286   0.05581   0.13463   0.02858   0.14717   0.31978   5.19190   1.86468   1.21211   1.93880   0.98997  
 35  6.6349   1988.254747  x:  0.00000   0.10584   0.04269   0.03985   0.03532   0.05045   0.03226   0.07113   0.12835   0.02077   0.13607   0.00000   0.21381   0.03775   0.03876   0.05701   0.05448   0.06184   0.05783   0.13558   0.02516   0.13785   0.32093   5.80136   1.41034   1.03067   1.67315   1.06030  
 36  7.2588   1981.496570  x:  0.00000   0.12718   0.03449   0.03163   0.03364   0.05472   0.02946   0.06630   0.13793   0.02171   0.12563   0.00000   0.18425   0.03783   0.03784   0.05271   0.05949   0.05520   0.06084   0.13991   0.02370   0.14033   0.29272   7.96272   1.65940   1.01041   1.58741   1.13890  
 37  0.8513   1980.019270  x:  0.00000   0.13720   0.04070   0.03785   0.02776   0.04620   0.03567   0.06909   0.13388   0.02085   0.12946   0.00000   0.16690   0.03123   0.03505   0.05202   0.05534   0.05962   0.06082   0.13947   0.02256   0.13581   0.31087   8.79873   1.55052   1.00291   1.59888   1.13583  
 38  0.4997   1979.566356  x:  0.00000   0.14851   0.03872   0.03654   0.03280   0.05213   0.03192   0.07026   0.13560   0.02288   0.13281   0.00000   0.16491   0.03316   0.03359   0.05485   0.05604   0.06011   0.06075   0.14168   0.02497   0.13882   0.29579   9.23739   1.53342   1.00891   1.61798   1.10054  
 39  0.3115   1979.414813  x:  0.00000   0.15714   0.03942   0.03649   0.03229   0.04986   0.03219   0.06914   0.13439   0.02205   0.12816   0.00000   0.17279   0.03257   0.03232   0.05329   0.05576   0.05920   0.05921   0.13942   0.02253   0.13705   0.29589   9.43497   1.56445   1.01258   1.62151   1.06863  
 40  0.1415   1979.367701  x:  0.00000   0.16109   0.03977   0.03690   0.03213   0.05020   0.03283   0.06881   0.13531   0.02163   0.12951   0.00000   0.16984   0.03383   0.03294   0.05336   0.05646   0.05873   0.06021   0.13991   0.02316   0.13743   0.30611   9.46727   1.55926   1.00560   1.61224   1.06368  
 41  0.0223   1979.322611  x:  0.00000   0.16781   0.03928   0.03678   0.03179   0.05038   0.03293   0.06961   0.13459   0.02082   0.12784   0.00000   0.17657   0.03388   0.03389   0.05394   0.05623   0.05939   0.06070   0.14046   0.02320   0.13520   0.30514   9.34122   1.54964   1.00676   1.61552   1.07245  
 42  0.0453   1979.298846  x:  0.00000   0.17021   0.03972   0.03648   0.03208   0.05061   0.03203   0.06879   0.13428   0.02130   0.12730   0.00000   0.17461   0.03289   0.03409   0.05372   0.05631   0.05903   0.05972   0.13944   0.02361   0.13670   0.30590   9.22413   1.56394   1.01245   1.61931   1.08217  
 43  0.0472   1979.279832  x:  0.00000   0.17236   0.03946   0.03700   0.03201   0.05003   0.03257   0.06906   0.13472   0.02176   0.12786   0.00000   0.17205   0.03285   0.03349   0.05350   0.05616   0.05893   0.05966   0.13975   0.02318   0.13422   0.30266   9.13408   1.55436   1.00527   1.60691   1.07976  
 44  0.0371   1979.274275  x:  0.00000   0.17242   0.03940   0.03695   0.03189   0.04999   0.03271   0.06929   0.13471   0.02156   0.12714   0.00000   0.17067   0.03319   0.03320   0.05348   0.05608   0.05916   0.06010   0.14000   0.02292   0.13569   0.30203   9.08397   1.55570   1.00841   1.61388   1.07402  
 45  0.0369   1979.273502  x:  0.00000   0.17219   0.03948   0.03670   0.03193   0.05003   0.03258   0.06917   0.13454   0.02136   0.12737   0.00000   0.17068   0.03325   0.03323   0.05346   0.05611   0.05914   0.06009   0.13984   0.02296   0.13518   0.30210   9.06231   1.55618   1.00853   1.61410   1.07138  
 46  0.0184   1979.273439  x:  0.00000   0.17211   0.03945   0.03674   0.03190   0.05002   0.03258   0.06914   0.13458   0.02132   0.12733   0.00000   0.17070   0.03320   0.03327   0.05346   0.05613   0.05911   0.06007   0.13983   0.02299   0.13532   0.30206   9.05868   1.55549   1.00800   1.61313   1.07094  
 47  0.0036   1979.273433  x:  0.00000   0.17210   0.03946   0.03675   0.03188   0.05002   0.03258   0.06915   0.13460   0.02132   0.12736   0.00000   0.17067   0.03319   0.03330   0.05347   0.05613   0.05911   0.06006   0.13985   0.02299   0.13531   0.30205   9.05888   1.55560   1.00811   1.61330   1.07086  
 48  0.0002   1979.273433  x:  0.00000   0.17211   0.03946   0.03674   0.03188   0.05002   0.03258   0.06915   0.13459   0.02133   0.12734   0.00000   0.17066   0.03319   0.03331   0.05346   0.05612   0.05912   0.06006   0.13984   0.02299   0.13531   0.30204   9.05921   1.55557   1.00809   1.61328   1.07084  
 49  0.0003   1979.273433  x:  0.00000   0.17211   0.03946   0.03674   0.03188   0.05002   0.03258   0.06915   0.13459   0.02133   0.12734   0.00000   0.17066   0.03319   0.03331   0.05346   0.05612   0.05911   0.06006   0.13984   0.02299   0.13531   0.30204   9.05921   1.55558   1.00809   1.61328   1.07085  
 50  0.0000   1979.273433  x:  0.00000   0.17211   0.03946   0.03674   0.03188   0.05002   0.03258   0.06915   0.13459   0.02133   0.12734   0.00000   0.17066   0.03319   0.03331   0.05346   0.05612   0.05911   0.06006   0.13984   0.02299   0.13531   0.30204   9.05921   1.55558   1.00809   1.61328   1.07085  
 51  0.0000   1979.273433  x:  0.00000   0.17211   0.03946   0.03674   0.03188   0.05002   0.03258   0.06915   0.13459   0.02133   0.12734   0.00000   0.17066   0.03319   0.03331   0.05346   0.05612   0.05911   0.06006   0.13984   0.02299   0.13531   0.30204   9.05921   1.55558   1.00809   1.61328   1.07085  

TREE # 2

  0  0.0000   2013.781931  x:  0.22270   0.00000   0.18798   0.03395   0.04583   0.01024   0.11353   0.02366   0.06412   0.04433   0.04984   0.07653   0.02089   0.17845   0.02841   0.03827   0.02035   0.08231   0.05000   0.05567   0.06068   0.05278   0.04973   9.05921   1.43584   0.97789   1.46734   1.07085  
  1 99.0000   2013.780793  x:  0.22270   0.00000   0.18798   0.03395   0.04583   0.01024   0.11353   0.02366   0.06412   0.04433   0.04984   0.07653   0.02089   0.17845   0.02841   0.03827   0.02035   0.08231   0.05000   0.05567   0.06068   0.05278   0.04973   9.05921   1.43584   0.97789   1.46734   1.07085  
  2 443.7919   2000.472646  x:  0.23599   0.00000   0.19199   0.05745   0.03831   0.00445   0.11782   0.03032   0.06350   0.04750   0.05237   0.07177   0.00000   0.18263   0.05514   0.03419   0.03062   0.09487   0.04592   0.06015   0.05042   0.05124   0.04264   9.05920   1.43615   0.97734   1.46871   1.07095  
  3 842.5429   1995.505520  x:  0.24268   0.00000   0.18215   0.08808   0.03107   0.00673   0.12320   0.01324   0.06226   0.04737   0.05240   0.06690   0.00000   0.17261   0.07128   0.02159   0.01704   0.10292   0.03944   0.06222   0.03882   0.05124   0.03705   9.05916   1.43724   0.97618   1.47052   1.07111  
  4 264.6837   1991.216943  x:  0.23915   0.00000   0.13958   0.13322   0.02816   0.00778   0.13225   0.03148   0.06182   0.04498   0.05039   0.06017   0.00000   0.12898   0.08416   0.01411   0.01428   0.10628   0.03246   0.06125   0.02669   0.05405   0.03560   9.05901   1.44063   0.97304   1.47435   1.07146  
  5 184.8276   1988.849318  x:  0.23583   0.00000   0.11107   0.15931   0.02765   0.00918   0.13754   0.02687   0.06115   0.04457   0.04975   0.05744   0.00000   0.10010   0.09563   0.02080   0.02714   0.10828   0.03205   0.06121   0.02542   0.05517   0.03539   9.05889   1.44313   0.97080   1.47698   1.07171  
  6 408.2204   1988.313366  x:  0.23452   0.00000   0.10295   0.16367   0.02933   0.00912   0.13821   0.02766   0.06120   0.04776   0.05184   0.05941   0.00000   0.09337   0.10627   0.02073   0.02397   0.10958   0.03689   0.06263   0.03557   0.05393   0.03635   9.05881   1.44483   0.96939   1.47849   1.07186  
  7 82.2306   1988.221643  x:  0.23210   0.00000   0.10020   0.16089   0.03044   0.00912   0.13698   0.02729   0.06140   0.04827   0.05250   0.06228   0.00000   0.09254   0.11142   0.01972   0.02369   0.10881   0.03778   0.06273   0.03181   0.05239   0.03716   9.05868   1.44741   0.96746   1.48044   1.07206  
  8 19.5091   1988.167255  x:  0.22963   0.00000   0.09949   0.15933   0.02743   0.00920   0.13555   0.02745   0.06141   0.04691   0.05165   0.06187   0.00000   0.09272   0.11389   0.02066   0.02312   0.10863   0.03574   0.06252   0.03218   0.05251   0.03610   9.05842   1.45264   0.96377   1.48442   1.07250  
  9 11.5246   1988.068816  x:  0.22614   0.00000   0.09998   0.15883   0.02803   0.00942   0.13373   0.02711   0.06108   0.04650   0.05096   0.05975   0.00000   0.09334   0.11488   0.01731   0.02502   0.10932   0.03470   0.06257   0.03339   0.05358   0.03503   9.05780   1.46502   0.95543   1.49387   1.07354  
 10 26.3041   1987.844255  x:  0.22143   0.00000   0.10289   0.16130   0.03131   0.00922   0.13160   0.02745   0.06056   0.04851   0.05175   0.05640   0.00000   0.09556   0.11439   0.02088   0.02334   0.11187   0.03663   0.06337   0.03188   0.05499   0.03514   9.05616   1.49662   0.93516   1.51814   1.07620  
 11 69.1607   1987.684977  x:  0.22467   0.00000   0.10467   0.16283   0.02809   0.00948   0.13361   0.02767   0.06146   0.04844   0.05332   0.06210   0.00000   0.09563   0.11149   0.02022   0.02435   0.11170   0.03746   0.06309   0.03258   0.05182   0.03778   9.05488   1.51966   0.92359   1.53606   1.07813  
 12 45.9414   1987.567302  x:  0.23325   0.00000   0.10345   0.15995   0.03113   0.00933   0.13735   0.02764   0.06096   0.04725   0.05122   0.06356   0.00000   0.09527   0.11172   0.02104   0.02382   0.10907   0.03575   0.06211   0.03322   0.05108   0.03435   9.05377   1.53658   0.92145   1.54963   1.07953  
 13 25.5899   1987.441335  x:  0.24176   0.00000   0.10161   0.15482   0.02903   0.00947   0.13915   0.02727   0.06035   0.04811   0.05142   0.05931   0.00000   0.09409   0.11265   0.02042   0.02370   0.10737   0.03733   0.06280   0.03235   0.05444   0.03743   9.05243   1.55400   0.92655   1.56418   1.08096  
 14 27.7746   1986.960807  x:  0.24817   0.00000   0.10161   0.14901   0.02834   0.01010   0.13079   0.02724   0.06308   0.05039   0.06022   0.05600   0.00000   0.09182   0.11062   0.02061   0.02396   0.11438   0.03557   0.06417   0.03212   0.04870   0.03245   9.04669   1.61549   0.97577   1.61893   1.08616  
 15 26.4231   1986.197074  x:  0.24897   0.00000   0.10702   0.15123   0.03181   0.01091   0.12335   0.02811   0.06244   0.04542   0.05117   0.06239   0.00000   0.09761   0.11438   0.02200   0.02427   0.11944   0.03488   0.06295   0.03357   0.05206   0.03932   9.03733   1.71126   1.06006   1.70656   1.09443  
 16 141.5978   1985.918606  x:  0.24315   0.00000   0.11000   0.15300   0.02842   0.01146   0.13009   0.02867   0.05987   0.04968   0.04995   0.06366   0.00000   0.10153   0.11552   0.02138   0.02521   0.11239   0.03959   0.06261   0.03294   0.05354   0.03425   9.03391   1.74257   1.08984   1.73749   1.09728  
 17 81.7823   1985.833827  x:  0.24020   0.00000   0.11143   0.15333   0.02944   0.01151   0.13571   0.02863   0.05977   0.04926   0.05297   0.06204   0.00000   0.10332   0.11691   0.02166   0.02534   0.10929   0.03664   0.06355   0.03350   0.05214   0.03629   9.03282   1.74959   1.09771   1.74654   1.09807  
 18 32.1096   1985.771024  x:  0.23869   0.00000   0.11238   0.15141   0.02933   0.01159   0.14072   0.02860   0.06271   0.04662   0.05192   0.06072   0.00000   0.10310   0.11736   0.02152   0.02522   0.11262   0.03865   0.06400   0.03317   0.05078   0.03605   9.03188   1.74703   1.09911   1.75194   1.09836  
 19  6.4872   1985.549105  x:  0.23810   0.00000   0.11370   0.14627   0.02886   0.01195   0.14708   0.02851   0.06196   0.05270   0.05080   0.06334   0.00000   0.10286   0.11756   0.02175   0.02531   0.12147   0.03457   0.06227   0.03314   0.05393   0.03628   9.02835   1.72732   1.09763   1.76856   1.09885  
 20 13.1413   1984.759505  x:  0.24550   0.00000   0.11603   0.14212   0.02825   0.01344   0.14213   0.02974   0.04976   0.04613   0.05613   0.06436   0.00000   0.10947   0.11937   0.02196   0.02631   0.12289   0.03789   0.06510   0.03341   0.05374   0.03475   9.01612   1.65242   1.08647   1.81976   1.09963  
 21 41.0219   1984.247788  x:  0.25210   0.00000   0.11923   0.14247   0.02830   0.01450   0.13377   0.02998   0.06112   0.05039   0.05314   0.06152   0.00000   0.11406   0.12201   0.02223   0.02731   0.11482   0.03772   0.06533   0.03403   0.05069   0.03553   9.00780   1.60258   1.07783   1.84998   1.09962  
 22 95.1905   1983.949313  x:  0.25483   0.00000   0.13163   0.14100   0.02879   0.01502   0.13228   0.03022   0.06168   0.04867   0.05632   0.06139   0.00000   0.10619   0.12720   0.02246   0.02723   0.11296   0.03860   0.05762   0.03373   0.05298   0.03504   9.00291   1.59229   1.06945   1.82771   1.09497  
 23  7.9363   1982.601160  x:  0.26600   0.00000   0.15178   0.13332   0.02716   0.01808   0.13093   0.03228   0.05660   0.05316   0.04917   0.06167   0.00000   0.10201   0.13609   0.02281   0.02910   0.11589   0.03617   0.07918   0.03322   0.04768   0.03444   8.97983   1.55684   1.02774   1.69585   1.07031  
 24 51.1302   1980.939064  x:  0.28030   0.00000   0.14586   0.12907   0.02474   0.02212   0.13277   0.03439   0.06324   0.05200   0.05830   0.06283   0.00000   0.13121   0.14347   0.02259   0.03291   0.12654   0.03766   0.07296   0.03433   0.05347   0.03221   8.95201   1.51736   0.97695   1.53091   1.04067  
 25 158.1655   1980.877723  x:  0.28084   0.00000   0.14530   0.12888   0.02431   0.02228   0.13283   0.03450   0.06094   0.05331   0.05647   0.06064   0.00000   0.13268   0.14377   0.02248   0.03308   0.12734   0.03809   0.06947   0.03445   0.04931   0.03351   8.95100   1.51601   0.97518   1.52493   1.04007  
 26 22.8101   1980.783882  x:  0.28199   0.00000   0.14536   0.13045   0.02427   0.02257   0.13302   0.03461   0.06089   0.05335   0.05650   0.06052   0.00000   0.13287   0.14477   0.02254   0.03334   0.12770   0.03809   0.06950   0.03437   0.04936   0.03341   8.94822   1.51709   0.97618   1.51960   1.10321  
 27  1.1006   1979.484869  x:  0.29835   0.00000   0.13983   0.16958   0.02510   0.02680   0.13934   0.03470   0.06051   0.05385   0.05646   0.05863   0.00000   0.13555   0.15977   0.02327   0.03863   0.13382   0.03736   0.06768   0.03308   0.04999   0.03274   8.92133   1.57487   1.02435   1.64999   1.07223  
 28  0.3201   1979.330890  x:  0.30397   0.00000   0.13838   0.17245   0.02231   0.02928   0.14059   0.03430   0.05986   0.05340   0.05609   0.05937   0.00000   0.13012   0.16944   0.02165   0.04028   0.13556   0.03638   0.06998   0.03109   0.05037   0.03253   9.00748   1.54392   1.00132   1.59815   1.06827  
 29  0.0728   1979.293485  x:  0.30486   0.00000   0.13515   0.17105   0.02373   0.03055   0.13971   0.03372   0.06006   0.05338   0.05605   0.05888   0.00000   0.12706   0.17434   0.02099   0.04024   0.13518   0.03659   0.06899   0.03177   0.04977   0.03242   9.08247   1.55829   1.00897   1.61470   1.07304  
 30  0.0438   1979.283141  x:  0.30237   0.00000   0.13425   0.17065   0.02257   0.03159   0.13971   0.03353   0.06014   0.05358   0.05625   0.05928   0.00000   0.12636   0.17455   0.02129   0.03984   0.13454   0.03692   0.06924   0.03218   0.05022   0.03273   9.08157   1.55476   1.00943   1.61518   1.07005  
 31  0.0025   1979.276016  x:  0.30077   0.00000   0.13485   0.17097   0.02331   0.03258   0.13986   0.03341   0.06000   0.05364   0.05616   0.05924   0.00000   0.12689   0.17331   0.02172   0.03940   0.13436   0.03686   0.06933   0.03191   0.05000   0.03260   9.05718   1.55321   1.00647   1.60984   1.06981  
 32  0.0123   1979.273693  x:  0.30167   0.00000   0.13519   0.17071   0.02293   0.03313   0.13988   0.03334   0.06006   0.05346   0.05611   0.05901   0.00000   0.12752   0.17241   0.02144   0.03944   0.13459   0.03673   0.06908   0.03183   0.04995   0.03254   9.05007   1.55664   1.00836   1.61423   1.07185  
 33  0.0056   1979.273444  x:  0.30203   0.00000   0.13533   0.17068   0.02299   0.03320   0.13983   0.03332   0.06006   0.05344   0.05612   0.05912   0.00000   0.12737   0.17220   0.02132   0.03945   0.13463   0.03673   0.06916   0.03189   0.05004   0.03260   9.05538   1.55550   1.00808   1.61325   1.07073  
 34  0.0046   1979.273434  x:  0.30203   0.00000   0.13532   0.17065   0.02299   0.03319   0.13984   0.03331   0.06006   0.05347   0.05612   0.05912   0.00000   0.12734   0.17211   0.02132   0.03945   0.13459   0.03675   0.06915   0.03188   0.05001   0.03257   9.05812   1.55556   1.00809   1.61325   1.07080  
 35  0.0020   1979.273433  x:  0.30204   0.00000   0.13531   0.17066   0.02299   0.03319   0.13984   0.03331   0.06006   0.05346   0.05612   0.05911   0.00000   0.12734   0.17210   0.02133   0.03945   0.13459   0.03674   0.06915   0.03188   0.05002   0.03258   9.05901   1.55558   1.00809   1.61328   1.07085  
 36  0.0007   1979.273433  x:  0.30204   0.00000   0.13531   0.17066   0.02299   0.03319   0.13984   0.03331   0.06006   0.05346   0.05612   0.05911   0.00000   0.12734   0.17211   0.02133   0.03945   0.13459   0.03674   0.06915   0.03188   0.05002   0.03258   9.05922   1.55557   1.00809   1.61328   1.07085  
 37  0.0002   1979.273433  x:  0.30204   0.00000   0.13531   0.17066   0.02299   0.03319   0.13984   0.03331   0.06006   0.05346   0.05612   0.05911   0.00000   0.12734   0.17211   0.02133   0.03946   0.13459   0.03674   0.06915   0.03188   0.05002   0.03258   9.05923   1.55558   1.00809   1.61328   1.07085  
 38  0.0000   1979.273433  x:  0.30204   0.00000   0.13531   0.17066   0.02299   0.03319   0.13984   0.03331   0.06006   0.05346   0.05612   0.05911   0.00000   0.12734   0.17211   0.02133   0.03946   0.13459   0.03674   0.06915   0.03188   0.05002   0.03258   9.05922   1.55558   1.00809   1.61328   1.07085  
 39  0.0000   1979.273433  x:  0.30204   0.00000   0.13531   0.17066   0.02299   0.03319   0.13984   0.03331   0.06006   0.05346   0.05612   0.05911   0.00000   0.12734   0.17211   0.02133   0.03946   0.13459   0.03674   0.06915   0.03188   0.05002   0.03258   9.05921   1.55558   1.00809   1.61328   1.07085  