

TREE # 1

  0  0.0000   2140.436606  x:  0.06013   0.02480   0.19540   0.03436   0.06446   0.06944   0.09483   0.03488   0.06225   0.08174   0.04645   0.12051   0.03094   0.14694   0.00000   0.07194   0.05054   0.04738   0.03803   0.03687   0.11105   0.05148   0.08048   0.07875   2.00000   1.24431   1.01532   1.30028   0.40000  
  1 99.0000   2140.435838  x:  0.06013   0.02480   0.19540   0.03436   0.06446   0.06944   0.09483   0.03488   0.06225   0.08174   0.04644   0.12051   0.03095   0.14694   0.00000   0.07194   0.05054   0.04738   0.03803   0.03687   0.11105   0.05148   0.08048   0.07875   2.00000   1.24431   1.01532   1.30028   0.40000  
  2 338.7889   2135.471148  x:  0.04533   0.02878   0.20719   0.03855   0.05633   0.06424   0.09489   0.02105   0.05289   0.07583   0.04693   0.12728   0.01547   0.15898   0.00000   0.06039   0.04696   0.03742   0.01785   0.04534   0.11782   0.06049   0.07033   0.06394   2.01599   1.24470   1.01080   1.30454   0.43910  
  3 169.9416   2133.571159  x:  0.04057   0.03166   0.21572   0.04006   0.05392   0.06330   0.09120   0.02040   0.04961   0.06929   0.05036   0.12808   0.03539   0.16363   0.00000   0.05453   0.04853   0.03830   0.01654   0.05413   0.12153   0.06853   0.06395   0.05918   2.03444   1.24541   1.00553   1.30916   0.47316  
  4 160.0308   2130.693799  x:  0.05179   0.03054   0.23007   0.03834   0.05649   0.06618   0.08425   0.03274   0.05177   0.06622   0.05722   0.12157   0.02743   0.16322   0.00000   0.05185   0.05495   0.04700   0.03582   0.06742   0.12477   0.07966   0.06339   0.07038   2.08166   1.24745   0.99282   1.32035   0.54066  
  5 150.4390   2128.948147  x:  0.04633   0.02542   0.23088   0.03378   0.06397   0.07081   0.08861   0.03784   0.06050   0.07885   0.05733   0.11513   0.02906   0.15182   0.00000   0.06267   0.05754   0.03629   0.03700   0.06609   0.11992   0.07628   0.07673   0.06490   2.13018   1.24969   0.98229   1.32984   0.57692  
  6 105.8250   2126.772361  x:  0.04365   0.02888   0.21947   0.03573   0.07187   0.07463   0.09343   0.03659   0.06874   0.07503   0.05306   0.11281   0.02781   0.13304   0.00000   0.07759   0.05684   0.05207   0.02557   0.05249   0.10832   0.06129   0.06641   0.06219   2.22217   1.25407   0.96637   1.34486   0.60520  
  7 111.1350   2124.075607  x:  0.05286   0.03361   0.20103   0.03873   0.07335   0.07413   0.08656   0.03343   0.06830   0.06152   0.05121   0.11569   0.02903   0.13040   0.00000   0.08344   0.05545   0.03296   0.02339   0.04083   0.10321   0.05341   0.05951   0.07135   2.35302   1.26044   0.94785   1.36335   0.61501  
  8 168.9372   2115.445516  x:  0.04237   0.03553   0.14710   0.04043   0.06407   0.06535   0.06606   0.02512   0.05102   0.06550   0.05345   0.12707   0.02607   0.15807   0.00000   0.07829   0.05351   0.04400   0.04127   0.03489   0.11007   0.06129   0.07851   0.06065   2.83801   1.28415   0.88865   1.42588   0.60424  
  9 364.3131   2107.189861  x:  0.04793   0.02736   0.15848   0.03341   0.05416   0.06342   0.11512   0.03322   0.04755   0.08390   0.05679   0.12275   0.02793   0.16915   0.00000   0.05814   0.05491   0.04124   0.03847   0.06484   0.12197   0.07602   0.05693   0.06598   3.36038   1.30879   0.84153   1.48491   0.56511  
 10 571.9492   2101.944414  x:  0.04982   0.02385   0.21964   0.03818   0.05493   0.06668   0.10269   0.03152   0.05866   0.06661   0.05425   0.11529   0.02749   0.15926   0.00000   0.04299   0.05251   0.04621   0.01984   0.07661   0.12524   0.07738   0.08065   0.06772   3.68262   1.32144   0.83811   1.51030   0.53237  
 11 408.0334   2099.760814  x:  0.04868   0.02693   0.25510   0.03244   0.05406   0.06475   0.08339   0.02424   0.05378   0.08362   0.04951   0.12025   0.02858   0.15805   0.00000   0.05184   0.04847   0.04469   0.02810   0.07106   0.12561   0.07218   0.06768   0.06651   3.81622   1.32396   0.86205   1.51012   0.52315  
 12 201.4711   2097.655329  x:  0.04289   0.02116   0.27127   0.03987   0.05500   0.06229   0.09665   0.03503   0.04139   0.07417   0.05561   0.12595   0.02804   0.16851   0.00000   0.06092   0.05173   0.04395   0.03984   0.05301   0.12374   0.06922   0.06885   0.06063   3.95013   1.32154   0.93344   1.48840   0.52654  
 13 104.2057   2095.054206  x:  0.04668   0.03301   0.25857   0.02771   0.05647   0.06608   0.09834   0.03220   0.06319   0.07771   0.06270   0.12192   0.02794   0.17711   0.00000   0.05362   0.05931   0.04585   0.03053   0.05297   0.12402   0.08129   0.06999   0.06430   4.12260   1.31646   1.05109   1.44529   0.53717  
 14 158.5674   2094.390199  x:  0.04943   0.02500   0.25002   0.03945   0.05668   0.06748   0.09444   0.02987   0.06005   0.08275   0.05982   0.11813   0.02864   0.16980   0.00000   0.05182   0.05644   0.04595   0.02666   0.06404   0.12572   0.08283   0.06929   0.06700   4.16574   1.31594   1.08251   1.43141   0.54074  
 15 103.7089   2094.147081  x:  0.04957   0.02331   0.24630   0.03346   0.05527   0.06724   0.09461   0.02936   0.05412   0.07963   0.05402   0.11914   0.02857   0.16288   0.00000   0.05161   0.05252   0.04611   0.02736   0.07199   0.12721   0.08099   0.07105   0.06712   4.17985   1.31692   1.09255   1.42487   0.54241  
 16 43.3605   2094.068483  x:  0.04960   0.02848   0.24600   0.03565   0.05564   0.06642   0.09598   0.02989   0.05414   0.08000   0.05252   0.12206   0.02845   0.16170   0.00000   0.05179   0.05149   0.04586   0.02874   0.07547   0.12800   0.07836   0.07274   0.06713   4.18330   1.31912   1.09332   1.42083   0.54311  
 17 11.5316   2093.558125  x:  0.04913   0.02189   0.24609   0.03496   0.05737   0.06224   0.09487   0.03010   0.06210   0.07846   0.05349   0.12961   0.02829   0.16980   0.00000   0.05273   0.05348   0.04616   0.02948   0.08358   0.12958   0.06187   0.07181   0.06649   4.19778   1.33993   1.08533   1.38905   0.54748  
 18 11.4901   2091.870419  x:  0.05242   0.02794   0.24989   0.03298   0.05547   0.07173   0.09492   0.03021   0.04759   0.08262   0.05732   0.11833   0.02831   0.17776   0.00000   0.05706   0.05372   0.04739   0.02125   0.07496   0.12312   0.06180   0.07432   0.06915   4.24086   1.40494   1.05218   1.28720   0.55984  
 19 44.0436   2090.963226  x:  0.05150   0.02397   0.25194   0.03606   0.05353   0.06746   0.09958   0.02285   0.05471   0.08213   0.04986   0.12175   0.02866   0.16925   0.00000   0.04907   0.04765   0.04678   0.02998   0.05960   0.12420   0.07485   0.07312   0.06788   4.26265   1.42942   1.03627   1.24238   0.56688  
 20 66.5756   2090.043387  x:  0.05349   0.02127   0.25212   0.03506   0.05357   0.05658   0.09620   0.03679   0.05459   0.08615   0.04747   0.13513   0.02861   0.16165   0.00000   0.05103   0.05125   0.04730   0.01977   0.04966   0.13536   0.08468   0.07275   0.06949   4.28113   1.42683   1.02763   1.22579   0.57233  
 21 22.7523   2080.500873  x:  0.06341   0.01588   0.25937   0.03403   0.05460   0.07380   0.10882   0.00474   0.04493   0.08973   0.05907   0.15520   0.02922   0.16187   0.00000   0.05978   0.05654   0.05126   0.01520   0.02703   0.16477   0.07206   0.08056   0.07632   4.41426   1.31270   0.99025   1.19655   0.61403  
 22 32.4953   2074.985157  x:  0.06555   0.01431   0.26313   0.03477   0.04483   0.08506   0.11035   0.01309   0.04496   0.09656   0.04792   0.15621   0.02963   0.17554   0.00000   0.04670   0.03565   0.05181   0.01174   0.00959   0.16272   0.05473   0.08102   0.07639   4.50239   1.23437   0.96745   1.18112   0.64355  
 23 376.8930   2070.410302  x:  0.07155   0.01146   0.26917   0.03685   0.03978   0.06133   0.11508   0.00977   0.04615   0.09811   0.02487   0.15762   0.03037   0.19858   0.00000   0.05982   0.02656   0.05425   0.00643   0.01268   0.11772   0.06121   0.08635   0.08062   4.57769   1.16832   0.94941   1.17200   0.66732  
 24 204.1816   2069.854823  x:  0.07193   0.01201   0.26972   0.03596   0.03877   0.05190   0.11495   0.00861   0.04182   0.10095   0.02805   0.15749   0.03029   0.19543   0.00000   0.05086   0.03237   0.05394   0.00674   0.01170   0.10560   0.05715   0.08727   0.08076   4.58744   1.16180   0.94833   1.17268   0.67064  
 25 66.3528   2069.788787  x:  0.07214   0.01164   0.26970   0.03538   0.04114   0.05183   0.11488   0.00866   0.04127   0.10131   0.03103   0.15947   0.03028   0.19506   0.00000   0.04993   0.02942   0.05400   0.00644   0.01204   0.10353   0.05770   0.08732   0.08095   4.58850   1.16445   0.94965   1.17537   0.67098  
 26 14.0948   2069.387875  x:  0.07264   0.00958   0.26943   0.03531   0.04497   0.06091   0.11465   0.00906   0.03934   0.10275   0.02684   0.16895   0.03018   0.19574   0.00000   0.04511   0.03308   0.05396   0.00569   0.01245   0.09757   0.05935   0.08727   0.08128   4.59446   1.19797   0.96529   1.20533   0.67364  
 27 19.3847   2067.951500  x:  0.07430   0.00892   0.26809   0.03623   0.02757   0.05977   0.11592   0.00824   0.04156   0.10434   0.03023   0.17021   0.03036   0.19286   0.00000   0.04606   0.02935   0.05426   0.00514   0.01256   0.09768   0.05686   0.08942   0.08238   4.61422   1.31776   1.02154   1.31159   0.68326  
 28 102.4773   2067.104830  x:  0.07496   0.01072   0.26705   0.03584   0.03662   0.05013   0.11728   0.00653   0.03954   0.10488   0.02499   0.16013   0.03070   0.19560   0.00000   0.04309   0.02672   0.05438   0.00501   0.01078   0.10593   0.05339   0.08952   0.08268   4.62687   1.39239   1.05680   1.37818   0.68941  
 29 234.7433   2062.452419  x:  0.07925   0.01099   0.26815   0.03515   0.03642   0.04962   0.12177   0.01038   0.03322   0.11223   0.02232   0.16290   0.03057   0.20350   0.00000   0.02781   0.02227   0.05422   0.01218   0.02192   0.11866   0.02756   0.09448   0.08529   4.79123   1.37913   1.07005   1.42007   0.73413  
 30  1.9015   2056.913826  x:  0.09407   0.00613   0.27860   0.03588   0.04745   0.04453   0.13649   0.01645   0.03317   0.11537   0.03118   0.19035   0.03045   0.22811   0.00000   0.05832   0.03250   0.05684   0.02114   0.02505   0.12438   0.04547   0.11118   0.09764   5.15355   1.43887   1.11893   1.55005   0.82341  
 31  1.1608   2053.839800  x:  0.10068   0.01184   0.28021   0.03503   0.04485   0.05139   0.14184   0.01496   0.03975   0.12150   0.03790   0.19402   0.03071   0.23915   0.00000   0.05000   0.04311   0.05768   0.00902   0.02854   0.15225   0.03367   0.11963   0.10210   5.57852   1.33476   1.08380   1.49747   0.89872  
 32  0.8063   2051.665885  x:  0.10755   0.00908   0.28467   0.03465   0.03928   0.06195   0.14546   0.00848   0.04407   0.12550   0.03242   0.20856   0.03105   0.25064   0.00000   0.03836   0.03173   0.05749   0.01528   0.02606   0.14338   0.04645   0.12724   0.10664   6.08692   1.29441   1.05441   1.45089   0.98207  
 33  0.7960   2050.053902  x:  0.11267   0.00264   0.28621   0.03511   0.03737   0.04782   0.14574   0.01165   0.03552   0.12543   0.02759   0.19677   0.03200   0.25203   0.00000   0.04007   0.02946   0.05740   0.01182   0.02614   0.13946   0.03999   0.13263   0.10995   6.69086   1.33621   1.03017   1.40120   1.07369  
 34  0.5211   2049.431070  x:  0.11174   0.00880   0.28564   0.03656   0.04280   0.05351   0.14158   0.01164   0.04215   0.12143   0.03069   0.19033   0.03272   0.24657   0.00000   0.04331   0.03058   0.05690   0.01213   0.02507   0.13273   0.03656   0.13085   0.10908   7.12093   1.37829   1.04721   1.43479   1.12784  
 35  0.2857   2049.129447  x:  0.10987   0.00773   0.28022   0.03565   0.04352   0.05398   0.13745   0.01174   0.03818   0.11856   0.03239   0.18620   0.03301   0.23787   0.00000   0.03968   0.03270   0.05640   0.01078   0.02516   0.13758   0.04204   0.12718   0.10743   7.41559   1.35919   1.05237   1.44707   1.15509  
 36  0.2935   2049.019608  x:  0.10855   0.00477   0.27828   0.03518   0.04253   0.05385   0.13616   0.01067   0.03823   0.11685   0.03107   0.18890   0.03331   0.23611   0.00000   0.04274   0.03153   0.05660   0.01209   0.02433   0.13543   0.04031   0.12407   0.10614   7.56481   1.34583   1.04631   1.44710   1.16289  
 37  0.1515   2048.960646  x:  0.10687   0.00675   0.27678   0.03512   0.04106   0.05083   0.13599   0.01119   0.03885   0.11649   0.02979   0.19198   0.03356   0.23676   0.00000   0.04231   0.03140   0.05681   0.01226   0.02450   0.13519   0.04100   0.12104   0.10462   7.66979   1.35131   1.04175   1.44532   1.15831  
 38  0.0773   2048.925121  x:  0.10551   0.00581   0.27577   0.03586   0.04102   0.05238   0.13674   0.01118   0.03837   0.11709   0.03096   0.19452   0.03365   0.23967   0.00000   0.04168   0.03203   0.05691   0.01199   0.02460   0.13740   0.03993   0.11895   0.10343   7.74763   1.35700   1.04165   1.44387   1.14644  
 39  0.0490   2048.905536  x:  0.10519   0.00615   0.27685   0.03550   0.04182   0.05248   0.13794   0.01150   0.03837   0.11800   0.03079   0.19298   0.03347   0.24185   0.00000   0.04221   0.03131   0.05671   0.01201   0.02489   0.13651   0.04039   0.11969   0.10322   7.81702   1.35145   1.04643   1.44720   1.13321  
 40  0.0273   2048.897342  x:  0.10553   0.00588   0.27694   0.03542   0.04169   0.05206   0.13794   0.01116   0.03880   0.11814   0.03072   0.19189   0.03324   0.24080   0.00000   0.04179   0.03172   0.05663   0.01190   0.02480   0.13595   0.04027   0.12102   0.10359   7.88096   1.35338   1.04280   1.44641   1.12874  
 41  0.0311   2048.895814  x:  0.10575   0.00615   0.27691   0.03548   0.04153   0.05238   0.13778   0.01112   0.03828   0.11806   0.03070   0.19214   0.03318   0.24010   0.00000   0.04200   0.03168   0.05668   0.01196   0.02472   0.13607   0.04028   0.12136   0.10381   7.89006   1.35372   1.04249   1.44649   1.12709  
 42  0.0107   2048.895198  x:  0.10592   0.00608   0.27656   0.03556   0.04149   0.05234   0.13753   0.01123   0.03852   0.11791   0.03074   0.19244   0.03316   0.23966   0.00000   0.04202   0.03167   0.05675   0.01201   0.02471   0.13637   0.04036   0.12146   0.10401   7.88869   1.35380   1.04343   1.44706   1.12548  
 43  0.0020   2048.895096  x:  0.10605   0.00609   0.27651   0.03552   0.04150   0.05230   0.13738   0.01123   0.03850   0.11783   0.03073   0.19244   0.03320   0.23982   0.00000   0.04199   0.03165   0.05676   0.01198   0.02472   0.13637   0.04025   0.12141   0.10414   7.88778   1.35315   1.04312   1.44651   1.12515  
 44  0.0008   2048.895078  x:  0.10609   0.00609   0.27650   0.03553   0.04152   0.05232   0.13734   0.01123   0.03849   0.11780   0.03072   0.19239   0.03321   0.23988   0.00000   0.04198   0.03165   0.05676   0.01200   0.02472   0.13634   0.04029   0.12135   0.10417   7.88803   1.35345   1.04318   1.44672   1.12508  
 45  0.0003   2048.895076  x:  0.10610   0.00609   0.27651   0.03553   0.04151   0.05232   0.13735   0.01122   0.03850   0.11781   0.03073   0.19239   0.03322   0.23987   0.00000   0.04199   0.03166   0.05675   0.01199   0.02472   0.13634   0.04029   0.12132   0.10419   7.88829   1.35341   1.04318   1.44675   1.12508  
 46  0.0001   2048.895076  x:  0.10611   0.00609   0.27651   0.03553   0.04151   0.05232   0.13736   0.01122   0.03850   0.11781   0.03073   0.19239   0.03322   0.23986   0.00000   0.04199   0.03165   0.05675   0.01199   0.02472   0.13634   0.04029   0.12132   0.10419   7.88824   1.35342   1.04318   1.44672   1.12509  
 47  0.0000   2048.895076  x:  0.10611   0.00609   0.27651   0.03553   0.04151   0.05232   0.13736   0.01122   0.03850   0.11781   0.03073   0.19239   0.03322   0.23986   0.00000   0.04199   0.03165   0.05675   0.01199   0.02472   0.13634   0.04029   0.12131   0.10419   7.88825   1.35342   1.04318   1.44672   1.12509  
 48  0.0000   2048.895076  x:  0.10611   0.00609   0.27651   0.03553   0.04151   0.05232   0.13736   0.01122   0.03850   0.11781   0.03073   0.19239   0.03322   0.23986   0.00000   0.04199   0.03165   0.05675   0.01199   0.02472   0.13634   0.04029   0.12131   0.10419   7.88825   1.35342   1.04318   1.44672   1.12509  
 49  0.0000   2048.895076  x:  0.10611   0.00609   0.27651   0.03553   0.04151   0.05232   0.13736   0.01122   0.03850   0.11781   0.03073   0.19239   0.03322   0.23986   0.00000   0.04199   0.03165   0.05675   0.01199   0.02472   0.13634   0.04029   0.12131   0.10419   7.88825   1.35342   1.04318   1.44672   1.12509  
 50  0.0000   2048.895076  x:  0.10611   0.00609   0.27651   0.03553   0.04151   0.05232   0.13736   0.01122   0.03850   0.11781   0.03073   0.19239   0.03322   0.23986   0.00000   0.04199   0.03165   0.05675   0.01199   0.02472   0.13634   0.04029   0.12131   0.10419   7.88825   1.35342   1.04318   1.44672   1.12509  
 51  0.0000   2048.895076  x:  0.10611   0.00609   0.27651   0.03553   0.04151   0.05232   0.13736   0.01122   0.03850   0.11781   0.03073   0.19239   0.03322   0.23986   0.00000   0.04199   0.03165   0.05675   0.01199   0.02472   0.13634   0.04029   0.12131   0.10419   7.88825   1.35342   1.04318   1.44672   1.12509  