

TREE # 1

  0  0.0000   2133.008850  x:  0.05581   0.00000   0.09261   0.01795   0.07515   0.07288   0.05548   0.04424   0.08637   0.05865   0.07920   0.11280   0.02149   0.05183   0.01044   0.06978   0.06448   0.04250   0.05720   0.06583   0.11594   0.06089   0.10153   0.07443   2.00000   1.87320   0.92131   1.60563   0.40000  
  1 99.0000   2106.689544  x:  0.09593   0.13727   0.14650   0.07166   0.04166   0.03156   0.07917   0.00000   0.07229   0.12418   0.08049   0.15732   0.03110   0.17406   0.02356   0.07029   0.04096   0.03596   0.04339   0.08698   0.10685   0.03936   0.14948   0.11455   2.01419   1.86977   0.92326   1.60770   0.43878  
  2 609.3337   2104.228359  x:  0.09950   0.14907   0.15140   0.07623   0.03845   0.02792   0.08134   0.00477   0.07102   0.13003   0.08054   0.16135   0.03179   0.18492   0.02453   0.07033   0.03884   0.03541   0.04218   0.08887   0.10600   0.03732   0.15382   0.11812   2.01556   1.86943   0.92347   1.60789   0.44244  
  3 3683.3806   2096.833159  x:  0.10491   0.13013   0.16764   0.06338   0.01113   0.01161   0.08255   0.00483   0.06756   0.14011   0.07356   0.17320   0.01570   0.20031   0.00725   0.07004   0.03475   0.03824   0.04290   0.09222   0.10061   0.02278   0.16718   0.12353   2.02864   1.86526   0.92820   1.60907   0.46814  
  4 198.1407   2093.200247  x:  0.10967   0.11112   0.18146   0.05307   0.00281   0.02092   0.08307   0.00451   0.06558   0.14941   0.06832   0.18364   0.00573   0.21466   0.01614   0.07055   0.03337   0.03906   0.04318   0.09473   0.09655   0.02004   0.17883   0.12829   2.04199   1.86114   0.93281   1.61030   0.49256  
  5 295.2958   2090.216487  x:  0.11323   0.09687   0.19167   0.04585   0.00773   0.02356   0.08351   0.00435   0.06414   0.15642   0.06470   0.19141   0.00000   0.22548   0.01835   0.07082   0.03243   0.03963   0.04336   0.09654   0.09357   0.01789   0.18752   0.13185   2.05215   1.85802   0.93631   1.61122   0.51091  
  6 1028.4430   2083.815705  x:  0.12580   0.03339   0.22688   0.02472   0.01086   0.02543   0.08397   0.00385   0.06115   0.18046   0.05782   0.21948   0.03428   0.26732   0.02024   0.07190   0.03543   0.03821   0.04334   0.10102   0.08519   0.03093   0.22003   0.14442   2.09782   1.84455   0.95171   1.61503   0.58565  
  7 518.7720   2080.633711  x:  0.12601   0.00000   0.23607   0.05177   0.01076   0.02667   0.08346   0.00365   0.06360   0.18665   0.07013   0.22676   0.03673   0.28517   0.01932   0.07205   0.03794   0.03488   0.04186   0.09927   0.08913   0.03188   0.22770   0.14463   2.12766   1.83640   0.96106   1.61707   0.62166  
  8 197.0575   2073.131218  x:  0.09222   0.00000   0.22797   0.03409   0.01048   0.03766   0.06504   0.00404   0.08256   0.15701   0.08533   0.22102   0.03158   0.27093   0.00474   0.07093   0.05211   0.04316   0.05145   0.07561   0.11127   0.04121   0.21489   0.11084   2.26181   1.80139   1.00267   1.62455   0.74867  
  9 78.5395   2069.534118  x:  0.07690   0.00000   0.21956   0.03118   0.01110   0.01741   0.06376   0.00450   0.08404   0.13666   0.08890   0.21416   0.03165   0.25130   0.02518   0.07110   0.05007   0.03952   0.04940   0.07120   0.11776   0.03928   0.20448   0.09552   2.35549   1.77806   1.02987   1.62957   0.83158  
 10 416.4309   2063.181529  x:  0.07953   0.00000   0.19527   0.03478   0.01215   0.02865   0.08104   0.00427   0.06763   0.10800   0.07358   0.19404   0.04061   0.19558   0.01981   0.07004   0.02961   0.02797   0.03622   0.09039   0.10833   0.02631   0.18042   0.09815   2.50924   1.74380   1.06800   1.63735   0.94697  
 11 318.8592   2060.721336  x:  0.09262   0.00000   0.18082   0.04080   0.01171   0.02577   0.08486   0.00441   0.06088   0.11164   0.06478   0.18241   0.03780   0.16364   0.02073   0.07110   0.04154   0.04513   0.04545   0.09791   0.09788   0.03357   0.16854   0.11124   2.58689   1.73040   1.08095   1.64103   0.98955  
 12 234.9630   2059.168851  x:  0.10328   0.00000   0.16945   0.03696   0.01083   0.02296   0.07675   0.00454   0.07028   0.13246   0.06806   0.17590   0.03301   0.14554   0.01990   0.07181   0.04033   0.03065   0.04517   0.09239   0.09254   0.04024   0.16384   0.12190   2.65277   1.72551   1.08194   1.64356   1.00087  
 13 105.3967   2057.309046  x:  0.10574   0.00000   0.15966   0.03565   0.01122   0.02471   0.07104   0.00448   0.07213   0.15178   0.07610   0.17576   0.03790   0.14244   0.02182   0.07168   0.02770   0.04623   0.03517   0.08283   0.09609   0.03054   0.16670   0.12436   2.77142   1.72350   1.07370   1.64741   0.99752  
 14 102.8303   2051.588295  x:  0.09997   0.00000   0.14649   0.03233   0.01164   0.02867   0.08040   0.00423   0.05734   0.17222   0.07767   0.18296   0.04303   0.15599   0.02287   0.07081   0.04434   0.03905   0.04367   0.08092   0.10639   0.00941   0.17890   0.11859   3.12495   1.72428   1.03973   1.65780   0.96225  
 15 298.7776   2043.860533  x:  0.08694   0.00000   0.13684   0.03324   0.01002   0.02675   0.10076   0.00389   0.03336   0.18834   0.07237   0.19889   0.02950   0.18683   0.01597   0.06869   0.04135   0.03418   0.04375   0.08827   0.11985   0.03727   0.20036   0.10556   3.74797   1.72725   0.97853   1.67545   0.89604  
 16 1580.2899   2037.501259  x:  0.08841   0.00000   0.15912   0.04129   0.00968   0.02476   0.11202   0.00367   0.08659   0.16921   0.05495   0.21275   0.02605   0.21206   0.01551   0.06939   0.03961   0.03824   0.04777   0.10965   0.11214   0.04227   0.21353   0.10703   4.30930   1.73309   0.92306   1.68907   0.82937  
 17 947.5167   2033.650462  x:  0.10604   0.00000   0.20187   0.03709   0.01016   0.02421   0.08120   0.00390   0.07715   0.13084   0.07477   0.21508   0.02426   0.21786   0.01649   0.07328   0.04295   0.03654   0.04458   0.10362   0.08783   0.04128   0.20912   0.12466   4.57868   1.74166   0.89929   1.69039   0.78540  
 18 314.2366   2033.319464  x:  0.10658   0.00000   0.21396   0.04136   0.01028   0.02445   0.07604   0.00394   0.07424   0.13161   0.06423   0.21300   0.02578   0.21660   0.01670   0.07236   0.03965   0.03531   0.04854   0.09569   0.09219   0.04065   0.20446   0.12520   4.60297   1.74568   0.90312   1.68625   0.78093  
 19 43.6061   2033.149821  x:  0.10553   0.00000   0.22506   0.04084   0.01023   0.02459   0.08068   0.00390   0.07403   0.13583   0.06348   0.20965   0.02579   0.21475   0.01638   0.07196   0.04324   0.03552   0.04281   0.09388   0.09471   0.04094   0.19874   0.12415   4.61632   1.75207   0.91169   1.67907   0.77739  
 20 25.1857   2033.030498  x:  0.10388   0.00000   0.23171   0.03981   0.01028   0.02495   0.08396   0.00385   0.07391   0.13970   0.06770   0.20700   0.02639   0.21416   0.01640   0.07193   0.04049   0.03594   0.04730   0.09654   0.09464   0.04092   0.19518   0.12250   4.62679   1.75984   0.92219   1.67050   0.77480  
 21 27.9167   2032.857310  x:  0.10183   0.00000   0.22893   0.04060   0.01026   0.02503   0.07722   0.00392   0.07369   0.14146   0.06587   0.20595   0.02628   0.21749   0.01632   0.07316   0.04145   0.03612   0.04567   0.10269   0.09162   0.04070   0.19723   0.12045   4.64314   1.77918   0.94540   1.65089   0.77127  
 22 18.5892   2032.723165  x:  0.10606   0.00000   0.22300   0.04022   0.01026   0.02482   0.08089   0.00389   0.07492   0.13674   0.06634   0.20816   0.02525   0.22041   0.01642   0.07247   0.04131   0.03588   0.04630   0.09711   0.09283   0.04116   0.20167   0.12468   4.65683   1.79840   0.96394   1.63407   0.77031  
 23 25.4888   2032.640553  x:  0.10595   0.00000   0.22276   0.04017   0.01028   0.02476   0.08012   0.00389   0.07469   0.13599   0.06694   0.21774   0.02523   0.21276   0.01638   0.07400   0.04142   0.03580   0.04620   0.09888   0.09613   0.04121   0.20030   0.12457   4.66473   1.82539   0.95927   1.62935   0.77603  
 24  4.7144   2032.582193  x:  0.10395   0.00000   0.22226   0.04079   0.01028   0.02493   0.08092   0.00389   0.07459   0.13614   0.06637   0.21738   0.02536   0.21089   0.01635   0.07041   0.04144   0.03585   0.04620   0.09658   0.09110   0.04115   0.19975   0.12257   4.67104   1.84482   0.95484   1.62872   0.78148  
 25 13.9929   2032.494762  x:  0.10416   0.00000   0.22139   0.04048   0.01027   0.02483   0.08103   0.00389   0.07456   0.13522   0.06609   0.20613   0.02508   0.21383   0.01612   0.07491   0.04111   0.03585   0.04619   0.09621   0.09172   0.04107   0.19919   0.12278   4.68273   1.87230   0.94945   1.63277   0.79151  
 26 14.4614   2032.455643  x:  0.10535   0.00000   0.22098   0.03997   0.01027   0.02460   0.07975   0.00390   0.07461   0.13466   0.06663   0.20312   0.02485   0.21520   0.01630   0.07029   0.04126   0.03589   0.04602   0.09819   0.09468   0.04109   0.19810   0.12397   4.68864   1.88129   0.95046   1.63809   0.79447  
 27  9.5263   2031.715737  x:  0.10666   0.00000   0.21170   0.03969   0.01014   0.02389   0.07869   0.00403   0.07488   0.13236   0.06623   0.21021   0.02305   0.22113   0.01528   0.07294   0.04033   0.03605   0.04568   0.09533   0.09117   0.04072   0.17281   0.12528   4.80613   2.00264   1.02617   1.79284   0.81274  
 28 10.7035   2031.200956  x:  0.10396   0.00000   0.21613   0.03941   0.01026   0.02397   0.07869   0.00412   0.07428   0.12931   0.06670   0.20345   0.02163   0.19921   0.01459   0.07263   0.04026   0.03615   0.04569   0.09474   0.09248   0.04099   0.19678   0.12258   4.88286   2.08220   1.07746   1.89748   0.81488  
 29 59.9899   2026.434636  x:  0.09900   0.00000   0.19514   0.03404   0.01045   0.02319   0.07190   0.00511   0.07225   0.11887   0.06980   0.18877   0.00994   0.15459   0.00758   0.07298   0.03709   0.03855   0.04475   0.08813   0.09572   0.04035   0.17316   0.11762   5.67353   1.84576   1.01458   1.69640   0.92015  
 30  2.7153   2023.563429  x:  0.10210   0.00000   0.17173   0.04171   0.01370   0.02158   0.07412   0.00599   0.07051   0.14878   0.07219   0.18915   0.02265   0.18414   0.01303   0.07274   0.03520   0.03979   0.04468   0.08801   0.09924   0.03138   0.17856   0.12071   6.67299   1.76498   0.98505   1.64565   0.95448  
 31  0.5890   2022.243307  x:  0.10099   0.00000   0.19299   0.03796   0.01510   0.02253   0.07992   0.00689   0.06687   0.14466   0.07211   0.19803   0.01799   0.17391   0.01081   0.07218   0.03873   0.03770   0.04363   0.09083   0.10028   0.02738   0.18822   0.11959   7.58632   1.92464   1.01801   1.77690   0.94795  
 32  0.5876   2021.926897  x:  0.10165   0.00000   0.18750   0.03587   0.01551   0.02273   0.07783   0.00757   0.06789   0.13511   0.07081   0.19857   0.01303   0.18091   0.01022   0.07302   0.03901   0.03790   0.04477   0.08996   0.09903   0.02764   0.18772   0.12024   8.00201   1.85674   0.99009   1.71067   0.95594  
 33  0.3299   2021.867244  x:  0.10109   0.00000   0.18952   0.03791   0.01592   0.02257   0.07675   0.00812   0.06837   0.13744   0.07010   0.19733   0.01480   0.17767   0.01127   0.07303   0.03780   0.03851   0.04521   0.09004   0.09878   0.02833   0.18754   0.11968   8.20815   1.85136   0.99423   1.70804   0.96838  
 34  0.1138   2021.835621  x:  0.10182   0.00000   0.18715   0.03719   0.01580   0.02276   0.07734   0.00870   0.06931   0.13863   0.07077   0.19776   0.01430   0.18006   0.01073   0.07285   0.03806   0.03800   0.04445   0.09007   0.09864   0.03001   0.18768   0.12042   8.32661   1.87144   0.99987   1.72444   0.96881  
 35  0.0591   2021.793547  x:  0.10198   0.00000   0.19185   0.03629   0.01510   0.02205   0.07782   0.00977   0.06811   0.13651   0.07073   0.19870   0.01521   0.17877   0.01047   0.07306   0.03816   0.03796   0.04433   0.09070   0.09870   0.03130   0.18621   0.12058   8.28641   1.85197   0.98830   1.70832   0.96297  
 36  0.0135   2021.748478  x:  0.10123   0.00000   0.18659   0.03738   0.01414   0.02231   0.07665   0.01104   0.06751   0.13719   0.07026   0.19724   0.01530   0.17757   0.01074   0.07304   0.03814   0.03832   0.04515   0.08964   0.09878   0.03086   0.18814   0.11983   8.13916   1.86337   0.99545   1.71795   0.96006  
 37  0.0592   2021.732459  x:  0.10151   0.00000   0.18843   0.03747   0.01397   0.02254   0.07782   0.01173   0.06810   0.13826   0.07080   0.19729   0.01470   0.17951   0.01079   0.07282   0.03809   0.03812   0.04458   0.09055   0.09889   0.02945   0.18685   0.12011   8.14794   1.85910   0.99584   1.71442   0.96211  
 38  0.0058   2021.729286  x:  0.10164   0.00000   0.18858   0.03716   0.01421   0.02261   0.07719   0.01199   0.06853   0.13758   0.07077   0.19819   0.01467   0.17883   0.01095   0.07297   0.03817   0.03810   0.04471   0.08987   0.09881   0.02910   0.18750   0.12024   8.15616   1.86026   0.99492   1.71489   0.96350  
 39  0.0049   2021.727023  x:  0.10157   0.00000   0.18872   0.03719   0.01463   0.02231   0.07722   0.01214   0.06883   0.13753   0.07039   0.19754   0.01472   0.17912   0.01075   0.07298   0.03797   0.03817   0.04475   0.09033   0.09861   0.02926   0.18775   0.12017   8.13280   1.86125   0.99512   1.71565   0.96453  
 40  0.0083   2021.726139  x:  0.10157   0.00000   0.18873   0.03718   0.01492   0.02245   0.07733   0.01216   0.06867   0.13773   0.07063   0.19778   0.01467   0.17915   0.01076   0.07292   0.03817   0.03815   0.04471   0.09006   0.09879   0.02940   0.18736   0.12017   8.12023   1.85963   0.99505   1.71434   0.96373  
 41  0.0080   2021.726034  x:  0.10160   0.00000   0.18863   0.03721   0.01497   0.02240   0.07732   0.01216   0.06850   0.13764   0.07063   0.19787   0.01460   0.17912   0.01080   0.07294   0.03810   0.03814   0.04471   0.09015   0.09878   0.02936   0.18743   0.12020   8.12299   1.85992   0.99522   1.71462   0.96349  
 42  0.0023   2021.726027  x:  0.10159   0.00000   0.18863   0.03720   0.01498   0.02242   0.07733   0.01217   0.06848   0.13762   0.07062   0.19781   0.01462   0.17912   0.01080   0.07294   0.03810   0.03813   0.04471   0.09015   0.09876   0.02936   0.18744   0.12019   8.12367   1.85995   0.99519   1.71464   0.96339  
 43  0.0007   2021.726027  x:  0.10159   0.00000   0.18863   0.03720   0.01498   0.02242   0.07733   0.01217   0.06848   0.13763   0.07062   0.19781   0.01462   0.17912   0.01080   0.07294   0.03810   0.03813   0.04470   0.09015   0.09876   0.02936   0.18744   0.12019   8.12381   1.85994   0.99517   1.71464   0.96334  
 44  0.0001   2021.726027  x:  0.10159   0.00000   0.18863   0.03720   0.01498   0.02242   0.07733   0.01217   0.06848   0.13763   0.07062   0.19781   0.01462   0.17912   0.01080   0.07294   0.03810   0.03813   0.04471   0.09015   0.09876   0.02936   0.18744   0.12019   8.12384   1.85994   0.99517   1.71463   0.96333  
 45  0.0000   2021.726027  x:  0.10159   0.00000   0.18863   0.03720   0.01498   0.02242   0.07733   0.01217   0.06848   0.13763   0.07062   0.19781   0.01462   0.17912   0.01080   0.07294   0.03810   0.03813   0.04471   0.09015   0.09876   0.02936   0.18744   0.12019   8.12383   1.85994   0.99517   1.71464   0.96333  
 46  0.0000   2021.726027  x:  0.10159   0.00000   0.18863   0.03720   0.01498   0.02242   0.07733   0.01217   0.06848   0.13763   0.07062   0.19781   0.01462   0.17912   0.01080   0.07294   0.03810   0.03813   0.04471   0.09015   0.09876   0.02936   0.18744   0.12019   8.12383   1.85994   0.99517   1.71464   0.96333  