

TREE # 1

  0  0.0000   2113.116402  x:  0.01972   0.20925   0.02571   0.03211   0.02495   0.05815   0.02188   0.05666   0.08536   0.02661   0.17168   0.01972   0.20925   0.02571   0.03211   0.02495   0.05815   0.02188   0.05666   0.08536   0.02661   0.17168   0.21568   8.40433   1.39677   1.19530   1.41060   1.00000  
  1 99.0000   2097.147771  x:  0.01288   0.21081   0.05174   0.05436   0.03373   0.07305   0.02621   0.07540   0.09482   0.02847   0.16642   0.00000   0.20795   0.03153   0.04878   0.05233   0.07835   0.02050   0.07235   0.08393   0.05819   0.16699   0.21467   8.40433   1.39680   1.19358   1.41338   0.99837  
  2 407.7923   2095.414296  x:  0.01178   0.21479   0.04399   0.05359   0.02953   0.08669   0.02105   0.08963   0.10731   0.02454   0.15535   0.00000   0.20354   0.02114   0.04840   0.04539   0.09528   0.01781   0.08186   0.07783   0.05492   0.15627   0.21336   8.40432   1.39693   1.18975   1.41993   0.99422  
  3 90.4281   2094.989914  x:  0.01478   0.21799   0.04175   0.05129   0.03015   0.08926   0.02709   0.09254   0.11255   0.02715   0.14756   0.00000   0.20060   0.02780   0.04714   0.04319   0.09905   0.02092   0.08359   0.07572   0.05282   0.14866   0.21246   8.40431   1.39706   1.18633   1.42592   0.99034  
  4 61.9136   2094.586008  x:  0.01442   0.22342   0.04485   0.04988   0.03153   0.08632   0.02227   0.09028   0.11639   0.02804   0.13425   0.00000   0.19586   0.03111   0.04641   0.04494   0.09676   0.01718   0.08209   0.07504   0.05106   0.13641   0.21087   8.40429   1.39739   1.17886   1.43922   0.98162  
  5 44.9142   2094.345292  x:  0.01443   0.22723   0.04556   0.05117   0.03084   0.08383   0.02440   0.08785   0.11656   0.02530   0.12667   0.00000   0.19301   0.02620   0.04705   0.04632   0.09407   0.02126   0.08082   0.07560   0.05232   0.12976   0.20983   8.40426   1.39775   1.17189   1.45192   0.97315  
  6 56.8323   2094.088886  x:  0.01702   0.23080   0.04227   0.05298   0.02953   0.08396   0.02707   0.08729   0.11319   0.02703   0.12522   0.00000   0.19167   0.02417   0.04879   0.04448   0.09253   0.01674   0.08022   0.07721   0.05673   0.12906   0.20908   8.40420   1.39853   1.16069   1.47316   0.95860  
  7 40.3568   2093.616793  x:  0.01518   0.23547   0.03900   0.05365   0.02958   0.08629   0.02166   0.08868   0.10662   0.02895   0.12799   0.00000   0.19097   0.02692   0.04926   0.04270   0.09275   0.02147   0.08042   0.07887   0.05930   0.13313   0.20813   8.40405   1.40046   1.13755   1.51829   0.92720  
  8 99.7939   2093.245273  x:  0.01218   0.23634   0.04408   0.05140   0.03136   0.08751   0.02505   0.09009   0.10497   0.02589   0.13306   0.00000   0.19176   0.02670   0.04679   0.04424   0.09431   0.01934   0.08106   0.07760   0.05302   0.13827   0.20789   8.40390   1.40256   1.11940   1.55595   0.90028  
  9 116.0335   2093.174926  x:  0.01576   0.23404   0.04506   0.05128   0.03023   0.08624   0.02418   0.08948   0.10817   0.02603   0.13503   0.00000   0.19285   0.02618   0.04692   0.04560   0.09474   0.01972   0.08127   0.07648   0.05222   0.13909   0.20826   8.40384   1.40359   1.11711   1.56388   0.89388  
 10 33.7839   2093.103918  x:  0.01360   0.22825   0.04357   0.05159   0.02983   0.08375   0.02458   0.08795   0.11395   0.02664   0.13650   0.00000   0.19485   0.02626   0.04765   0.04540   0.09464   0.01962   0.08106   0.07526   0.05334   0.13910   0.20899   8.40373   1.40559   1.11711   1.57217   0.88616  
 11 26.3619   2093.071550  x:  0.01450   0.22349   0.04374   0.05185   0.03185   0.08452   0.02433   0.08835   0.11412   0.02526   0.13597   0.00000   0.19574   0.02644   0.04725   0.04410   0.09403   0.01960   0.08069   0.07617   0.05402   0.13807   0.20943   8.40360   1.40791   1.12044   1.57640   0.88103  
 12 12.5473   2093.027383  x:  0.01445   0.21705   0.04463   0.05146   0.03023   0.08622   0.02449   0.08923   0.11216   0.02688   0.13437   0.00000   0.19649   0.02603   0.04693   0.04440   0.09345   0.01978   0.08057   0.07748   0.05348   0.13651   0.20989   8.40335   1.41228   1.12754   1.58243   0.87301  
 13 23.5443   2092.996021  x:  0.01459   0.21569   0.04288   0.05169   0.02988   0.08563   0.02453   0.08910   0.11033   0.02560   0.13349   0.00000   0.19605   0.02687   0.04778   0.04628   0.09429   0.01938   0.08119   0.07654   0.05273   0.13653   0.20977   8.40308   1.41696   1.13542   1.58710   0.86652  
 14 15.5056   2092.935025  x:  0.01464   0.21752   0.04349   0.05219   0.03165   0.08353   0.02446   0.08837   0.10894   0.02730   0.13299   0.00000   0.19431   0.02579   0.04781   0.04522   0.09620   0.01964   0.08192   0.07387   0.05274   0.13788   0.20908   8.40242   1.42794   1.15351   1.59683   0.85342  
 15 28.2588   2092.889633  x:  0.01427   0.22087   0.04482   0.05174   0.02960   0.08378   0.02447   0.08824   0.11025   0.02576   0.13375   0.00000   0.19321   0.02671   0.04721   0.04394   0.09591   0.01959   0.08141   0.07444   0.05410   0.13887   0.20854   8.40185   1.43708   1.16761   1.60452   0.84423  
 16 36.4543   2092.862254  x:  0.01404   0.22373   0.04397   0.05128   0.03051   0.08535   0.02451   0.08873   0.11227   0.02624   0.13501   0.00000   0.19311   0.02616   0.04732   0.04535   0.09432   0.01964   0.08069   0.07651   0.05367   0.13897   0.20839   8.40142   1.44359   1.17634   1.60983   0.83952  
 17 25.3396   2092.848476  x:  0.01388   0.22480   0.04413   0.05310   0.03029   0.08534   0.02451   0.08919   0.11212   0.02627   0.13610   0.00000   0.19512   0.02646   0.04802   0.04474   0.09363   0.01966   0.08101   0.07636   0.05252   0.13733   0.20903   8.40093   1.44963   1.18011   1.61463   0.84090  
 18  5.3676   2092.818445  x:  0.01380   0.22595   0.04411   0.05115   0.03047   0.08489   0.02451   0.08939   0.11112   0.02618   0.13728   0.00000   0.19927   0.02617   0.04718   0.04525   0.09400   0.01963   0.08175   0.07555   0.05383   0.13481   0.21034   8.39967   1.46458   1.18772   1.62661   0.84672  
 19 15.9498   2092.768064  x:  0.01407   0.22460   0.04439   0.05161   0.03054   0.08552   0.02454   0.08771   0.11177   0.02621   0.13431   0.00000   0.19939   0.02619   0.04790   0.04524   0.09647   0.01964   0.07979   0.07713   0.05332   0.13818   0.21034   8.39722   1.49160   1.19983   1.64882   0.86015  
 20 17.4922   2092.748827  x:  0.01413   0.22321   0.04421   0.05210   0.03046   0.08522   0.02454   0.08910   0.11218   0.02624   0.13409   0.00000   0.19653   0.02625   0.04687   0.04547   0.09425   0.01962   0.08127   0.07621   0.05356   0.13951   0.20935   8.39618   1.50160   1.20441   1.65754   0.86579  
 21 17.0697   2092.744885  x:  0.01410   0.22273   0.04442   0.05149   0.03052   0.08518   0.02454   0.08923   0.11211   0.02618   0.13495   0.00000   0.19510   0.02624   0.04795   0.04524   0.09412   0.01968   0.08126   0.07609   0.05355   0.13902   0.20887   8.39589   1.50328   1.20544   1.65944   0.86707  
 22  5.6776   2092.742648  x:  0.01404   0.22243   0.04434   0.05181   0.03050   0.08526   0.02454   0.08893   0.11200   0.02621   0.13590   0.00000   0.19405   0.02624   0.04747   0.04541   0.09461   0.01965   0.08086   0.07615   0.05361   0.13829   0.20851   8.39564   1.50370   1.20612   1.66057   0.86785  
 23  3.0152   2092.728290  x:  0.01402   0.22255   0.04454   0.05185   0.03055   0.08489   0.02455   0.08830   0.11216   0.02621   0.13588   0.00000   0.19426   0.02630   0.04749   0.04539   0.09502   0.01963   0.08271   0.07747   0.05357   0.13832   0.20864   8.39206   1.49574   1.21261   1.66849   0.87296  
 24  0.8385   2092.718499  x:  0.01402   0.22269   0.04460   0.05193   0.03052   0.08536   0.02455   0.08923   0.11221   0.02619   0.13560   0.00000   0.19476   0.02628   0.04774   0.04570   0.09469   0.01965   0.08092   0.07599   0.05391   0.13860   0.20872   8.38954   1.49070   1.21657   1.67330   0.87605  
 25  9.2746   2092.352238  x:  0.01355   0.22273   0.04901   0.05634   0.03179   0.09112   0.02447   0.08879   0.11255   0.02657   0.13402   0.00000   0.19963   0.02693   0.05106   0.05045   0.09734   0.01920   0.08497   0.07408   0.06097   0.13729   0.19182   8.27307   1.49240   1.20811   1.66599   0.86573  
 26  0.5708   2092.179663  x:  0.01318   0.22325   0.05078   0.05831   0.03211   0.08567   0.02455   0.09705   0.11256   0.02682   0.13350   0.00000   0.19629   0.02708   0.05209   0.05289   0.10119   0.01897   0.08394   0.07819   0.06404   0.13677   0.20001   8.21804   1.49369   1.20367   1.66217   0.86052  
 27 42.5626   2092.126864  x:  0.01297   0.22357   0.05152   0.05902   0.03237   0.08900   0.02450   0.09449   0.11264   0.02684   0.13343   0.00000   0.19329   0.02726   0.05276   0.05362   0.10075   0.01892   0.08525   0.07622   0.06533   0.13672   0.20856   8.20127   1.49417   1.20223   1.66097   0.85886  
 28 19.7774   2092.118569  x:  0.01298   0.22336   0.05212   0.05887   0.03220   0.08973   0.02493   0.09535   0.11404   0.02641   0.13412   0.00000   0.19354   0.02652   0.05254   0.05419   0.10180   0.01884   0.08562   0.07566   0.06578   0.13713   0.20797   8.21388   1.49083   1.20285   1.65628   0.86226  
 29  0.0129   2092.118481  x:  0.01300   0.22337   0.05221   0.05880   0.03219   0.08976   0.02486   0.09535   0.11400   0.02644   0.13403   0.00000   0.19355   0.02655   0.05249   0.05426   0.10186   0.01881   0.08567   0.07568   0.06578   0.13708   0.20796   8.22288   1.49103   1.20275   1.65612   0.86221  
 30  0.0071   2092.118478  x:  0.01299   0.22337   0.05221   0.05881   0.03219   0.08976   0.02487   0.09535   0.11399   0.02644   0.13405   0.00000   0.19355   0.02655   0.05250   0.05427   0.10185   0.01881   0.08566   0.07568   0.06577   0.13709   0.20797   8.22472   1.49104   1.20281   1.65624   0.86225  
 31  0.0015   2092.118478  x:  0.01299   0.22337   0.05221   0.05881   0.03220   0.08976   0.02487   0.09535   0.11400   0.02644   0.13404   0.00000   0.19355   0.02655   0.05250   0.05427   0.10185   0.01881   0.08566   0.07568   0.06577   0.13709   0.20797   8.22484   1.49104   1.20280   1.65623   0.86225  
 32  0.0001   2092.118478  x:  0.01299   0.22337   0.05221   0.05881   0.03220   0.08976   0.02487   0.09535   0.11400   0.02644   0.13404   0.00000   0.19355   0.02655   0.05250   0.05427   0.10185   0.01881   0.08566   0.07568   0.06577   0.13709   0.20797   8.22485   1.49104   1.20280   1.65623   0.86225  

TREE # 2

  0  0.0000   2277.005759  x:  0.01299   0.22337   0.05221   0.05881   0.03220   0.08976   0.02487   0.09535   0.11400   0.02644   0.13404   0.00000   0.19355   0.02655   0.05250   0.05427   0.10185   0.01881   0.08566   0.07568   0.06577   0.13709   0.20797   8.22485   1.46287   1.09683   1.51224   0.86225  
  1 99.0000   2215.165230  x:  0.11189   0.21588   0.07997   0.09150   0.04835   0.08114   0.04910   0.09069   0.11156   0.04818   0.13244   0.27995   0.18751   0.08632   0.09425   0.05499   0.09552   0.07337   0.08577   0.07864   0.05847   0.13175   0.19403   8.22488   1.46226   1.09743   1.51309   0.86207  
  2 2979.9327   2146.476608  x:  0.18257   0.12429   0.17448   0.21253   0.09215   0.01230   0.09767   0.05238   0.08247   0.03885   0.10512   0.21306   0.09903   0.16132   0.22703   0.02445   0.04254   0.12752   0.06103   0.09905   0.00585   0.09367   0.08766   8.22502   1.45714   1.10547   1.51651   0.86242  
  3 410.5123   2132.820125  x:  0.21613   0.06732   0.20191   0.25305   0.10026   0.00499   0.11011   0.04144   0.07344   0.04483   0.09457   0.18805   0.04556   0.18556   0.27353   0.01941   0.02938   0.14781   0.05369   0.10671   0.07465   0.08067   0.02916   8.22510   1.45421   1.11001   1.51869   0.86251  
  4 701.5713   2126.543214  x:  0.23016   0.03480   0.20571   0.26305   0.09890   0.02887   0.11026   0.04446   0.07381   0.05020   0.09234   0.18063   0.01793   0.19069   0.28611   0.02595   0.03952   0.15275   0.05287   0.10702   0.07667   0.07886   0.00912   8.22514   1.45277   1.11236   1.51985   0.86255  
  5 422.2656   2122.279972  x:  0.23984   0.00997   0.20613   0.26752   0.09559   0.03191   0.10865   0.04664   0.07475   0.05353   0.09162   0.17662   0.00000   0.19300   0.29286   0.02767   0.04475   0.15504   0.05291   0.10654   0.07826   0.07925   0.01700   8.22518   1.45171   1.11413   1.52067   0.86259  
  6 407.9393   2122.279972  x:  0.23984   0.00997   0.20613   0.26752   0.09559   0.03191   0.10865   0.04664   0.07475   0.05353   0.09162   0.17662   0.00000   0.19300   0.29286   0.02767   0.04475   0.15504   0.05291   0.10654   0.07826   0.07925   0.01700   8.22518   1.45171   1.11413   1.52067   0.86259  
  7 289.9576   2117.435172  x:  0.23812   0.00000   0.20176   0.26396   0.09134   0.02850   0.10479   0.04860   0.07638   0.05306   0.09267   0.16467   0.00340   0.18962   0.29028   0.02689   0.04706   0.15148   0.05381   0.10508   0.07062   0.08132   0.02266   8.22519   1.45131   1.11487   1.52092   0.86259  
  8 235.4985   2105.035873  x:  0.22861   0.00000   0.17702   0.24388   0.07070   0.01924   0.08513   0.05471   0.08286   0.05132   0.09728   0.09256   0.00297   0.16901   0.27424   0.02501   0.05291   0.13234   0.05722   0.09799   0.02979   0.08817   0.00485   8.22526   1.44895   1.11899   1.52268   0.86269  
  9 707.5915   2103.430682  x:  0.22763   0.00000   0.17434   0.24168   0.06954   0.02115   0.08371   0.05419   0.08288   0.05140   0.09746   0.08340   0.00000   0.16655   0.27220   0.02544   0.05193   0.13057   0.05723   0.09758   0.02749   0.08789   0.00577   8.22526   1.44866   1.11944   1.52297   0.86272  
 10 540.3697   2096.951101  x:  0.22182   0.00000   0.15786   0.22760   0.06723   0.03798   0.07836   0.04746   0.08100   0.05302   0.09753   0.01916   0.01057   0.15334   0.25969   0.02931   0.04227   0.12125   0.05678   0.09683   0.03199   0.08293   0.00533   8.22528   1.44663   1.12236   1.52543   0.86277  
 11 557.5695   2096.486727  x:  0.21956   0.00000   0.15196   0.22083   0.06915   0.02956   0.08017   0.04551   0.08110   0.05493   0.09832   0.01471   0.00786   0.14779   0.25266   0.02719   0.04505   0.12039   0.05707   0.09807   0.04078   0.08129   0.00517   8.22526   1.44545   1.12377   1.52747   0.86286  
 12 53.1820   2096.092177  x:  0.21520   0.00000   0.14081   0.20754   0.07295   0.02977   0.08237   0.04314   0.08026   0.05792   0.09955   0.02034   0.00997   0.13781   0.23870   0.02861   0.04347   0.11814   0.05601   0.09928   0.04178   0.07914   0.00518   8.22522   1.44297   1.12679   1.53198   0.86298  
 13 48.5725   2095.996724  x:  0.21453   0.00000   0.14174   0.20293   0.07620   0.03087   0.08566   0.04737   0.07913   0.05569   0.09831   0.01982   0.01026   0.13771   0.23171   0.02751   0.04474   0.12154   0.05622   0.10018   0.04093   0.08042   0.00511   8.22514   1.44112   1.12881   1.53657   0.86312  
 14 18.7194   2095.930227  x:  0.21462   0.00000   0.14543   0.19981   0.07617   0.02917   0.08575   0.04439   0.07898   0.05485   0.09724   0.01931   0.01065   0.14005   0.22534   0.02906   0.04357   0.12478   0.05625   0.10029   0.03952   0.08115   0.00528   8.22502   1.43859   1.13169   1.54357   0.86335  
 15 15.7191   2095.867378  x:  0.21492   0.00000   0.14863   0.19817   0.07343   0.03072   0.08311   0.04469   0.08032   0.05738   0.09792   0.01976   0.01062   0.14244   0.22037   0.02672   0.04408   0.12489   0.05671   0.09957   0.04055   0.08038   0.00525   8.22481   1.43518   1.13602   1.55434   0.86368  
 16 15.4524   2095.803991  x:  0.21534   0.00000   0.14951   0.19865   0.07240   0.03065   0.08189   0.04708   0.08043   0.05724   0.09916   0.01994   0.01036   0.14349   0.21901   0.03053   0.04518   0.12256   0.05607   0.09909   0.04190   0.07964   0.00523   8.22452   1.43131   1.14178   1.56884   0.86411  
 17 18.7621   2095.634211  x:  0.21620   0.00000   0.14788   0.20246   0.07445   0.02903   0.08286   0.04684   0.07845   0.05338   0.10052   0.02009   0.01062   0.14334   0.22144   0.02766   0.04287   0.11612   0.05516   0.09887   0.04125   0.07975   0.00551   8.22364   1.42192   1.15796   1.60969   0.86530  
 18 37.5652   2095.545827  x:  0.21588   0.00000   0.14542   0.20428   0.07562   0.02998   0.08461   0.04470   0.07925   0.05614   0.09861   0.01964   0.01093   0.14141   0.22545   0.02792   0.04643   0.11795   0.05708   0.09941   0.03983   0.08117   0.00557   8.22312   1.41909   1.16663   1.63166   0.86588  
 19 34.9164   2095.493370  x:  0.21479   0.00000   0.14352   0.20402   0.07396   0.02900   0.08437   0.04660   0.08061   0.05757   0.09711   0.01954   0.01103   0.13929   0.22885   0.02805   0.04368   0.12253   0.05669   0.09949   0.03988   0.08131   0.00568   8.22276   1.42068   1.17148   1.64360   0.86612  
 20 19.3719   2095.437870  x:  0.21284   0.00000   0.14262   0.20184   0.07175   0.02994   0.08202   0.04584   0.07983   0.05393   0.09805   0.02001   0.01116   0.13759   0.23167   0.02746   0.04549   0.12630   0.05524   0.09904   0.04058   0.08016   0.00573   8.22230   1.42828   1.17610   1.65396   0.86620  
 21 12.1230   2095.102942  x:  0.20473   0.00000   0.14727   0.18986   0.07563   0.02833   0.08051   0.04706   0.07677   0.05737   0.10560   0.01928   0.01164   0.13932   0.23821   0.02764   0.04502   0.12330   0.05926   0.09744   0.03945   0.08200   0.00635   8.21912   1.49871   1.20231   1.70691   0.86579  
 22 17.1637   2094.819414  x:  0.20554   0.00000   0.14580   0.18949   0.07315   0.02810   0.08326   0.04708   0.08403   0.05616   0.09711   0.01933   0.01252   0.14042   0.23435   0.02699   0.04709   0.11670   0.05317   0.09853   0.03937   0.08280   0.00685   8.21640   1.55943   1.22504   1.74734   0.86526  
 23 54.9788   2094.683155  x:  0.21038   0.00000   0.14148   0.19624   0.06990   0.02773   0.08240   0.04779   0.08191   0.05420   0.09505   0.01990   0.01322   0.13870   0.22751   0.02736   0.04675   0.11685   0.05955   0.09853   0.03990   0.08265   0.00713   8.21505   1.58801   1.23726   1.76425   0.86492  
 24 38.1060   2094.628932  x:  0.21334   0.00000   0.13998   0.20121   0.07098   0.02718   0.08159   0.04792   0.08043   0.05604   0.09840   0.01935   0.01378   0.13718   0.22391   0.02704   0.04736   0.11916   0.05650   0.09796   0.03904   0.08311   0.00730   8.21450   1.59722   1.24291   1.76849   0.86474  
 25 17.6744   2094.578253  x:  0.21320   0.00000   0.14131   0.20280   0.07295   0.02759   0.08085   0.04772   0.08564   0.05432   0.10119   0.01933   0.01399   0.13463   0.22324   0.02724   0.04704   0.11970   0.05782   0.09732   0.03947   0.08426   0.00737   8.21394   1.59715   1.25143   1.76375   0.86458  
 26  3.9006   2094.314656  x:  0.20893   0.00000   0.14666   0.20271   0.06987   0.02641   0.08224   0.04920   0.08213   0.05590   0.09893   0.01947   0.01527   0.13108   0.22548   0.02677   0.04885   0.11783   0.05753   0.09801   0.03860   0.08235   0.00825   8.21099   1.58568   1.29615   1.72926   0.86402  
 27 14.0024   2094.217415  x:  0.21004   0.00000   0.14032   0.19980   0.07017   0.02677   0.07968   0.04947   0.08198   0.05570   0.09914   0.01973   0.01469   0.13867   0.22684   0.02672   0.04901   0.11826   0.05715   0.09788   0.03992   0.08762   0.00839   8.20987   1.57909   1.30589   1.71671   0.86415  
 28 14.8280   2094.141799  x:  0.21319   0.00000   0.13688   0.19735   0.07116   0.02589   0.08057   0.04995   0.08419   0.05555   0.10071   0.01926   0.01503   0.14303   0.22784   0.02649   0.04967   0.11915   0.05810   0.09753   0.03797   0.08183   0.00880   8.20899   1.57175   1.30255   1.70854   0.86468  
 29  8.5010   2093.524264  x:  0.22952   0.00000   0.13861   0.18493   0.06319   0.02506   0.08226   0.05176   0.08550   0.05520   0.10520   0.01892   0.01820   0.13265   0.22952   0.02597   0.05239   0.11446   0.05861   0.09576   0.03769   0.08926   0.01072   8.20173   1.50169   1.22527   1.64893   0.87032  
 30 14.8689   2093.253410  x:  0.21962   0.00000   0.13809   0.18849   0.06908   0.02310   0.07173   0.05390   0.08557   0.05541   0.09991   0.01893   0.01975   0.13097   0.22625   0.02559   0.05408   0.11291   0.05898   0.09597   0.03680   0.08851   0.01167   8.19861   1.47084   1.18850   1.62355   0.87201  
 31 43.7852   2093.147247  x:  0.20781   0.00000   0.13592   0.19343   0.06559   0.02315   0.07565   0.05381   0.08665   0.05498   0.10276   0.01878   0.02025   0.13344   0.22310   0.02557   0.05441   0.11291   0.05924   0.09533   0.03658   0.08923   0.01200   8.19742   1.45860   1.17322   1.61372   0.87174  
 32 25.0565   2093.138814  x:  0.20783   0.00000   0.13595   0.19339   0.06538   0.02321   0.07539   0.05383   0.08674   0.05494   0.10316   0.01873   0.02022   0.13350   0.22312   0.02556   0.05439   0.11286   0.05926   0.09750   0.03639   0.08925   0.01205   8.19778   1.45798   1.17250   1.61385   0.86145  
 33  0.9305   2093.131759  x:  0.20787   0.00000   0.13591   0.19329   0.06556   0.02321   0.07556   0.05382   0.08662   0.05493   0.10272   0.01875   0.02017   0.13345   0.22313   0.02555   0.05443   0.11287   0.05924   0.09534   0.03647   0.08926   0.01207   8.19812   1.45752   1.17201   1.61401   0.85286  
 34  7.0585   2092.557428  x:  0.20639   0.00000   0.13823   0.19586   0.06646   0.03313   0.07483   0.05343   0.08501   0.05369   0.10043   0.01801   0.01826   0.13565   0.22366   0.02738   0.05294   0.11496   0.05861   0.09509   0.02983   0.08977   0.01707   8.24599   1.50119   1.20825   1.66931   0.86357  
 35  0.0881   2092.293762  x:  0.20944   0.00000   0.14224   0.19827   0.06742   0.02726   0.07783   0.05339   0.08544   0.05338   0.10098   0.02155   0.01350   0.13845   0.22690   0.02628   0.05401   0.11772   0.05853   0.09579   0.03273   0.09135   0.02020   8.26070   1.50835   1.21289   1.67659   0.86260  
 36  0.0243   2092.154103  x:  0.20768   0.00000   0.13589   0.19247   0.06503   0.02546   0.07572   0.05251   0.08582   0.05409   0.10206   0.01942   0.01207   0.13337   0.22281   0.02644   0.05242   0.11354   0.05887   0.09513   0.03198   0.09090   0.02232   8.24345   1.50002   1.21265   1.66820   0.86208  
 37  0.0288   2092.126835  x:  0.20806   0.00000   0.13673   0.19297   0.06585   0.02697   0.07566   0.05242   0.08562   0.05445   0.10196   0.01865   0.01273   0.13355   0.22302   0.02654   0.05201   0.11357   0.05878   0.09541   0.03296   0.08960   0.02361   8.23175   1.48544   1.19859   1.65057   0.86255  
 38  0.0304   2092.119575  x:  0.20797   0.00000   0.13743   0.19384   0.06582   0.02650   0.07561   0.05251   0.08567   0.05429   0.10184   0.01871   0.01284   0.13424   0.22344   0.02637   0.05221   0.11410   0.05880   0.09536   0.03186   0.08946   0.02455   8.22364   1.48878   1.20028   1.65336   0.86227  
 39  0.0082   2092.118504  x:  0.20790   0.00000   0.13705   0.19366   0.06578   0.02655   0.07566   0.05251   0.08565   0.05425   0.10181   0.01881   0.01295   0.13408   0.22335   0.02645   0.05222   0.11403   0.05881   0.09535   0.03222   0.08972   0.02484   8.22319   1.49155   1.20298   1.65653   0.86222  
 40  0.0047   2092.118479  x:  0.20798   0.00000   0.13708   0.19355   0.06578   0.02655   0.07569   0.05250   0.08566   0.05426   0.10185   0.01881   0.01299   0.13404   0.22337   0.02644   0.05221   0.11399   0.05881   0.09535   0.03219   0.08975   0.02487   8.22414   1.49104   1.20280   1.65623   0.86224  
 41  0.0011   2092.118478  x:  0.20797   0.00000   0.13709   0.19355   0.06577   0.02655   0.07568   0.05250   0.08566   0.05427   0.10185   0.01881   0.01299   0.13404   0.22337   0.02644   0.05221   0.11400   0.05881   0.09535   0.03220   0.08976   0.02487   8.22465   1.49103   1.20280   1.65622   0.86225  
 42  0.0005   2092.118478  x:  0.20797   0.00000   0.13709   0.19355   0.06577   0.02655   0.07568   0.05250   0.08566   0.05427   0.10185   0.01881   0.01299   0.13404   0.22337   0.02644   0.05221   0.11400   0.05881   0.09535   0.03220   0.08976   0.02487   8.22484   1.49104   1.20280   1.65623   0.86225  
 43  0.0002   2092.118478  x:  0.20797   0.00000   0.13709   0.19355   0.06577   0.02655   0.07568   0.05250   0.08566   0.05427   0.10185   0.01881   0.01299   0.13404   0.22337   0.02644   0.05221   0.11400   0.05881   0.09535   0.03220   0.08976   0.02487   8.22485   1.49104   1.20280   1.65623   0.86225  