

TREE # 1

  0  0.0000   2166.238498  x:  0.20925   0.02571   0.03211   0.02495   0.05815   0.02188   0.05666   0.08536   0.02661   0.17168   0.20925   0.02571   0.03211   0.02495   0.05815   0.02188   0.05666   0.08536   0.02661   0.17168   0.21568   8.40433   1.39944   0.90835   1.06560   1.00000  
  1 99.0000   2140.241738  x:  0.20492   0.01963   0.05804   0.01031   0.08631   0.08324   0.06016   0.09642   0.05524   0.17560   0.20535   0.00606   0.04425   0.03448   0.09476   0.11922   0.06488   0.07486   0.03430   0.17502   0.22269   8.40404   1.39839   0.90558   1.07155   0.99535  
  2 646.0258   2138.701794  x:  0.20146   0.01810   0.06047   0.01006   0.09332   0.07934   0.06078   0.10132   0.05455   0.17833   0.20226   0.00000   0.04635   0.03131   0.10210   0.11656   0.06713   0.06855   0.03696   0.17734   0.22764   8.40379   1.39737   0.90387   1.07633   0.99138  
  3 111.8066   2136.644334  x:  0.19141   0.01569   0.06685   0.00934   0.11189   0.07018   0.06246   0.11436   0.05350   0.18612   0.19345   0.00960   0.05203   0.02423   0.12179   0.11142   0.07350   0.05253   0.04537   0.18396   0.24182   8.40306   1.39428   0.89873   1.09068   0.97935  
  4 373.8651   2135.636189  x:  0.18063   0.02854   0.06484   0.01201   0.11674   0.06889   0.06274   0.11874   0.05489   0.19345   0.18317   0.01043   0.04913   0.03516   0.13101   0.10844   0.07272   0.05249   0.03823   0.19006   0.25584   8.40198   1.39010   0.89231   1.10994   0.96185  
  5 79.8196   2134.490763  x:  0.16848   0.02085   0.05986   0.00490   0.11518   0.07127   0.06211   0.11862   0.05547   0.20121   0.17137   0.01106   0.04393   0.03713   0.13454   0.10643   0.06959   0.05929   0.03179   0.19640   0.27136   8.40037   1.38433   0.88385   1.13679   0.93609  
  6 112.9688   2133.868432  x:  0.16107   0.01479   0.05757   0.01140   0.11287   0.07426   0.06190   0.11732   0.05582   0.20596   0.16412   0.01113   0.04150   0.03586   0.13505   0.10639   0.06775   0.06371   0.03059   0.20023   0.28113   8.39917   1.38021   0.87788   1.15621   0.91690  
  7 283.1560   2132.686011  x:  0.15234   0.02235   0.05827   0.01109   0.10276   0.07917   0.06116   0.11044   0.05530   0.21224   0.15517   0.00922   0.04417   0.02452   0.12730   0.10819   0.06690   0.06784   0.04217   0.20504   0.29546   8.39630   1.37168   0.86589   1.19804   0.87260  
  8 142.0742   2131.410927  x:  0.15607   0.01804   0.06675   0.01031   0.09452   0.07543   0.06125   0.10324   0.05280   0.21308   0.15763   0.00823   0.05528   0.03441   0.11209   0.11195   0.07278   0.05605   0.04261   0.20515   0.30093   8.39207   1.36215   0.85330   1.24988   0.81048  
  9 107.5907   2130.340898  x:  0.16953   0.02048   0.06568   0.01089   0.10269   0.07103   0.06177   0.10692   0.05611   0.20710   0.16957   0.00867   0.04718   0.02579   0.10710   0.11634   0.07175   0.05244   0.03252   0.19975   0.29283   8.38732   1.35598   0.84644   1.29402   0.74792  
 10 92.2547   2129.842044  x:  0.17662   0.01956   0.06152   0.01061   0.10780   0.06989   0.06181   0.11103   0.05494   0.20200   0.17666   0.00801   0.04423   0.03087   0.11227   0.11525   0.07030   0.05932   0.04072   0.19543   0.28367   8.38419   1.35461   0.84572   1.31530   0.71248  
 11 94.5757   2129.672270  x:  0.17582   0.02003   0.06065   0.01070   0.10564   0.07380   0.06161   0.11153   0.05268   0.19951   0.17689   0.00828   0.05029   0.02944   0.11921   0.11197   0.07089   0.06121   0.03773   0.19355   0.27652   8.38201   1.35697   0.84961   1.32048   0.69704  
 12 31.2606   2129.566502  x:  0.17173   0.01984   0.06298   0.01053   0.10212   0.07517   0.06143   0.11016   0.05463   0.19873   0.17394   0.00839   0.04643   0.02980   0.12247   0.11010   0.07076   0.05749   0.03842   0.19322   0.27018   8.37911   1.36228   0.85685   1.32114   0.68446  
 13 20.1470   2129.472105  x:  0.16702   0.01997   0.06266   0.01064   0.10519   0.07138   0.06170   0.10962   0.05450   0.20096   0.16962   0.00824   0.04783   0.02967   0.11867   0.11311   0.07179   0.05930   0.03823   0.19534   0.26717   8.37375   1.37338   0.86907   1.31912   0.67027  
 14 14.7812   2129.421837  x:  0.16925   0.01999   0.06099   0.01056   0.10534   0.07426   0.06169   0.11126   0.05264   0.20345   0.17069   0.00825   0.04782   0.02991   0.11690   0.11245   0.07013   0.05740   0.03868   0.19718   0.27166   8.36816   1.38431   0.87725   1.31842   0.66275  
 15 11.2097   2129.390094  x:  0.17170   0.01987   0.06289   0.01058   0.10411   0.07386   0.06151   0.11118   0.05506   0.20421   0.17238   0.00822   0.04806   0.02973   0.11782   0.11152   0.07098   0.05907   0.03848   0.19754   0.27618   8.36293   1.39350   0.88228   1.31930   0.65898  
 16 14.1010   2129.364967  x:  0.17189   0.02002   0.06246   0.01068   0.10338   0.07236   0.06168   0.10880   0.05289   0.20245   0.17322   0.00822   0.04701   0.02943   0.11978   0.11303   0.07199   0.05901   0.03825   0.19592   0.27883   8.35611   1.40321   0.88514   1.32306   0.65855  
 17  8.5767   2129.315400  x:  0.16987   0.01986   0.06015   0.01067   0.10420   0.07201   0.06148   0.10839   0.05540   0.19808   0.17297   0.00818   0.04851   0.02960   0.11926   0.11285   0.07021   0.05759   0.03863   0.19238   0.27958   8.33888   1.42449   0.88936   1.33498   0.66136  
 18 13.6881   2129.261087  x:  0.16858   0.01991   0.06369   0.01054   0.10537   0.07359   0.06164   0.11109   0.05349   0.19626   0.17203   0.00819   0.04765   0.02977   0.11729   0.11173   0.07023   0.05880   0.03831   0.19115   0.27717   8.31785   1.44774   0.89401   1.35010   0.66612  
 19 29.5227   2129.211981  x:  0.17061   0.01989   0.06151   0.01062   0.10416   0.07337   0.06135   0.11169   0.05396   0.20052   0.17175   0.00807   0.04718   0.02963   0.11789   0.11205   0.07319   0.05845   0.03842   0.19486   0.27173   8.29624   1.46645   0.89968   1.36527   0.67191  
 20 20.8777   2129.195302  x:  0.17149   0.01986   0.06234   0.01062   0.10434   0.07247   0.06162   0.11027   0.05377   0.20239   0.17214   0.00813   0.04772   0.02960   0.11885   0.11235   0.07025   0.05841   0.03838   0.19620   0.27012   8.28735   1.47068   0.90310   1.37047   0.67412  
 21 12.6806   2129.141385  x:  0.17072   0.01987   0.06246   0.01055   0.10686   0.07408   0.06058   0.10810   0.05400   0.20234   0.17448   0.00806   0.04739   0.02978   0.11846   0.11080   0.07173   0.05850   0.03848   0.19448   0.27076   8.24745   1.47102   0.92362   1.38593   0.68173  
 22  7.2428   2129.115709  x:  0.17099   0.01983   0.06211   0.01060   0.10450   0.07279   0.06269   0.11122   0.05387   0.20102   0.17414   0.00801   0.04753   0.02965   0.11855   0.11197   0.07135   0.05849   0.03849   0.19378   0.27139   8.22666   1.47048   0.93215   1.39182   0.68470  
 23 21.0717   2129.099601  x:  0.17209   0.01982   0.06220   0.01070   0.10374   0.07206   0.05970   0.11241   0.05356   0.19975   0.17270   0.00800   0.04764   0.02959   0.11875   0.11261   0.07088   0.05838   0.03849   0.19415   0.27163   8.21145   1.47015   0.93414   1.39295   0.68529  
 24 10.5509   2128.946301  x:  0.18101   0.01968   0.06219   0.01049   0.10662   0.07317   0.06242   0.10942   0.05382   0.19166   0.16164   0.00785   0.04765   0.02961   0.11915   0.11043   0.07165   0.05810   0.03877   0.19930   0.27229   8.05536   1.46824   0.93631   1.39171   0.68495  
 25 22.7272   2126.936531  x:  0.17032   0.01811   0.06229   0.00986   0.10909   0.06882   0.06205   0.11305   0.05292   0.19078   0.17239   0.00458   0.04783   0.02770   0.12285   0.10319   0.07211   0.05633   0.03983   0.20643   0.27176   6.21938   1.45224   0.92118   1.35130   0.66824  
 26 126.5965   2126.868110  x:  0.17357   0.01805   0.06226   0.00983   0.10939   0.06867   0.06207   0.11319   0.05285   0.19744   0.16749   0.00450   0.04789   0.02765   0.12309   0.10285   0.07215   0.05615   0.03991   0.19662   0.27151   6.14894   1.45163   0.92044   1.34957   0.66753  
 27 51.6586   2126.748925  x:  0.16935   0.01879   0.06167   0.01007   0.10804   0.06713   0.06166   0.11362   0.05234   0.20178   0.17248   0.00270   0.04777   0.02802   0.12189   0.09969   0.07170   0.05698   0.03980   0.19379   0.27062   6.30410   1.43279   0.90204   1.32701   0.65544  
 28  0.1349   2126.727006  x:  0.17007   0.01867   0.06121   0.01018   0.10734   0.06576   0.06163   0.11343   0.05175   0.20094   0.17260   0.00212   0.04770   0.02804   0.12088   0.09628   0.07159   0.05724   0.03979   0.19495   0.27063   6.22801   1.43528   0.90494   1.33297   0.65654  
 29  0.0520   2126.719850  x:  0.17066   0.01858   0.06099   0.01024   0.10714   0.06517   0.06165   0.11327   0.05152   0.20071   0.17177   0.00269   0.04759   0.02804   0.12047   0.09490   0.07158   0.05718   0.03965   0.19476   0.27086   6.27796   1.43778   0.90679   1.33567   0.65875  
 30  0.0464   2126.719456  x:  0.17031   0.01868   0.06092   0.01026   0.10702   0.06511   0.06164   0.11322   0.05154   0.20075   0.17180   0.00277   0.04750   0.02806   0.12031   0.09482   0.07154   0.05707   0.03963   0.19464   0.27073   6.26859   1.43715   0.90589   1.33392   0.65815  
 31  0.0092   2126.719450  x:  0.17034   0.01867   0.06091   0.01025   0.10698   0.06513   0.06164   0.11320   0.05154   0.20076   0.17184   0.00277   0.04749   0.02806   0.12026   0.09483   0.07154   0.05707   0.03964   0.19461   0.27070   6.26936   1.43710   0.90588   1.33393   0.65809  
 32  0.0008   2126.719450  x:  0.17034   0.01867   0.06092   0.01025   0.10698   0.06513   0.06164   0.11320   0.05154   0.20076   0.17184   0.00277   0.04750   0.02806   0.12026   0.09483   0.07154   0.05707   0.03964   0.19461   0.27070   6.26934   1.43710   0.90589   1.33393   0.65810  
 33  0.0000   2126.719450  x:  0.17034   0.01867   0.06092   0.01025   0.10698   0.06513   0.06164   0.11320   0.05154   0.20076   0.17184   0.00277   0.04749   0.02806   0.12026   0.09483   0.07154   0.05707   0.03964   0.19461   0.27070   6.26933   1.43710   0.90589   1.33393   0.65810  
 34  0.0000   2126.719450  x:  0.17034   0.01867   0.06092   0.01025   0.10698   0.06513   0.06164   0.11320   0.05154   0.20076   0.17184   0.00277   0.04749   0.02806   0.12026   0.09483   0.07154   0.05707   0.03964   0.19461   0.27070   6.26933   1.43710   0.90589   1.33393   0.65810  
 35  0.0000   2126.719450  x:  0.17034   0.01867   0.06092   0.01025   0.10698   0.06513   0.06164   0.11320   0.05154   0.20076   0.17184   0.00277   0.04749   0.02806   0.12026   0.09483   0.07154   0.05707   0.03964   0.19461   0.27070   6.26933   1.43710   0.90589   1.33393   0.65810  