

TREE # 1

  0  0.0000   2159.653055  x:  0.20925   0.02571   0.03211   0.02495   0.05815   0.02188   0.05666   0.08536   0.02661   0.17168   0.20925   0.02571   0.03211   0.02495   0.05815   0.02188   0.05666   0.08536   0.02661   0.17168   0.21568   8.40433   1.36446   1.03750   1.31681   1.00000  
  1 99.0000   2138.682611  x:  0.21508   0.06328   0.08017   0.00000   0.08116   0.04893   0.08466   0.10760   0.06464   0.17857   0.20161   0.03505   0.02551   0.01808   0.10053   0.04755   0.07009   0.08711   0.04939   0.17268   0.21320   8.40437   1.36563   1.03686   1.31874   0.99882  
  2 467.2720   2138.094808  x:  0.21605   0.06393   0.08284   0.00746   0.08339   0.04935   0.08736   0.11035   0.06605   0.17998   0.19985   0.03481   0.02541   0.01771   0.10446   0.04730   0.07150   0.08735   0.04973   0.17289   0.21265   8.40439   1.36594   1.03679   1.31916   0.99853  
  3 212.5300   2135.837480  x:  0.22424   0.05186   0.08595   0.00549   0.09473   0.03709   0.10089   0.12977   0.06229   0.19273   0.18322   0.02756   0.02785   0.01762   0.12667   0.03157   0.08002   0.08911   0.04171   0.17483   0.20743   8.40452   1.36892   1.03621   1.32313   0.99545  
  4 114.4891   2135.362565  x:  0.22974   0.04661   0.07924   0.00540   0.09726   0.03473   0.10396   0.13578   0.05841   0.20070   0.17095   0.03471   0.02563   0.01879   0.13076   0.03975   0.07971   0.08951   0.04279   0.17619   0.20358   8.40466   1.37185   1.03587   1.32696   0.99237  
  5 53.6208   2135.113367  x:  0.23506   0.05040   0.07252   0.00541   0.09726   0.03872   0.10395   0.13778   0.05853   0.20751   0.15922   0.03207   0.02652   0.01540   0.12963   0.03925   0.07706   0.08923   0.04475   0.17750   0.19981   8.40486   1.37585   1.03562   1.33216   0.98816  
  6 37.7456   2135.044988  x:  0.23709   0.05226   0.07223   0.00548   0.09664   0.03885   0.10319   0.13782   0.05959   0.20976   0.15531   0.03141   0.02688   0.01925   0.12847   0.03860   0.07648   0.08893   0.04503   0.17800   0.19842   8.40497   1.37824   1.03556   1.33521   0.98566  
  7 32.3161   2134.954245  x:  0.24009   0.05280   0.07644   0.00561   0.09477   0.03590   0.10081   0.13647   0.06157   0.21240   0.15110   0.03323   0.02592   0.01804   0.12538   0.03733   0.07670   0.08792   0.04478   0.17874   0.19650   8.40529   1.38454   1.03566   1.34313   0.97914  
  8 21.6844   2134.825085  x:  0.24320   0.04852   0.08160   0.00549   0.09408   0.03905   0.09975   0.13364   0.06056   0.21435   0.14994   0.03105   0.02841   0.01780   0.12322   0.03960   0.07836   0.08752   0.04345   0.17944   0.19481   8.40598   1.39814   1.03648   1.36008   0.96523  
  9 26.1810   2134.601613  x:  0.24568   0.04868   0.08168   0.00537   0.09474   0.04151   0.10081   0.13079   0.05604   0.21418   0.15429   0.03173   0.02336   0.01860   0.12512   0.03676   0.07886   0.08837   0.04595   0.17951   0.19443   8.40739   1.42518   1.03961   1.39351   0.93792  
 10 45.9593   2134.414466  x:  0.24622   0.05248   0.07859   0.00551   0.09531   0.03813   0.10188   0.13067   0.05542   0.21232   0.15908   0.03350   0.02822   0.01806   0.12808   0.03726   0.07770   0.08925   0.04583   0.17888   0.19535   8.40872   1.44999   1.04392   1.42390   0.91336  
 11 94.4887   2134.342374  x:  0.24467   0.05249   0.07629   0.00560   0.09556   0.03627   0.10203   0.13251   0.05893   0.21037   0.15984   0.03102   0.02627   0.01780   0.12846   0.03941   0.07680   0.08864   0.04376   0.17808   0.19651   8.40930   1.45987   1.04752   1.43561   0.90445  
 12 42.1569   2134.295673  x:  0.24111   0.05030   0.07482   0.00557   0.09607   0.03773   0.10210   0.13533   0.06246   0.20801   0.15846   0.03270   0.02670   0.01802   0.12731   0.03795   0.07669   0.08782   0.04405   0.17710   0.19793   8.40980   1.46712   1.05303   1.44358   0.89949  
 13 21.4102   2134.255783  x:  0.23566   0.05081   0.07583   0.00557   0.09620   0.03689   0.10206   0.13763   0.06053   0.20624   0.15542   0.03161   0.02694   0.01805   0.12584   0.03846   0.07758   0.08793   0.04622   0.17650   0.19898   8.41040   1.47438   1.06235   1.45054   0.89725  
 14 14.1079   2134.226682  x:  0.23278   0.05211   0.07646   0.00552   0.09606   0.03779   0.10229   0.13701   0.05926   0.20651   0.15395   0.03254   0.02656   0.01802   0.12634   0.03843   0.07730   0.08822   0.04326   0.17685   0.19894   8.41098   1.48052   1.07230   1.45576   0.89759  
 15 14.1887   2134.163640  x:  0.23178   0.05065   0.07604   0.00555   0.09530   0.03698   0.10229   0.13251   0.06112   0.20985   0.15475   0.03206   0.02680   0.01805   0.12939   0.03828   0.07615   0.08901   0.04485   0.17875   0.19751   8.41253   1.49571   1.09867   1.46779   0.90213  
 16 18.6004   2134.130056  x:  0.23638   0.05147   0.07546   0.00549   0.09698   0.03701   0.10242   0.13430   0.06078   0.21054   0.15747   0.03218   0.02678   0.01809   0.12686   0.03841   0.07850   0.08739   0.04467   0.17854   0.19734   8.41360   1.50525   1.11296   1.47515   0.90756  
 17 13.3687   2134.117990  x:  0.23898   0.05126   0.07636   0.00546   0.09632   0.03723   0.10260   0.13583   0.06024   0.20930   0.15778   0.03214   0.02674   0.01813   0.12646   0.03837   0.07637   0.08860   0.04466   0.17767   0.19793   8.41416   1.50965   1.11701   1.47853   0.91132  
 18  7.9856   2134.107677  x:  0.24028   0.05132   0.07600   0.00549   0.09492   0.03742   0.10183   0.13536   0.06015   0.20706   0.15657   0.03217   0.02674   0.01809   0.12789   0.03842   0.07764   0.08863   0.04465   0.17675   0.19880   8.41497   1.51499   1.11825   1.48272   0.91733  
 19  4.9461   2134.095861  x:  0.23904   0.05125   0.07603   0.00545   0.09704   0.03702   0.10203   0.13433   0.06018   0.20659   0.15599   0.03211   0.02682   0.01815   0.12785   0.03837   0.07663   0.08730   0.04475   0.17714   0.19881   8.41632   1.52240   1.11754   1.48870   0.92648  
 20  5.8520   2134.090361  x:  0.23762   0.05130   0.07578   0.00543   0.09646   0.03697   0.10283   0.13478   0.06064   0.20772   0.15655   0.03213   0.02676   0.01813   0.12709   0.03838   0.07714   0.08848   0.04467   0.17764   0.19829   8.41716   1.52603   1.11679   1.49174   0.93111  
 21  6.1576   2134.089782  x:  0.23733   0.05131   0.07584   0.00544   0.09609   0.03709   0.10243   0.13521   0.06055   0.20815   0.15683   0.03213   0.02677   0.01813   0.12731   0.03839   0.07703   0.08812   0.04470   0.17757   0.19815   8.41744   1.52638   1.11669   1.49209   0.93159  
 22  1.2812   2134.089541  x:  0.23728   0.05132   0.07584   0.00544   0.09633   0.03711   0.10207   0.13523   0.06058   0.20829   0.15686   0.03213   0.02675   0.01813   0.12735   0.03839   0.07707   0.08837   0.04469   0.17728   0.19813   8.41822   1.52633   1.11670   1.49225   0.93165  
 23  0.2858   2134.085563  x:  0.23715   0.05136   0.07603   0.00534   0.09618   0.03703   0.10297   0.13464   0.06065   0.20903   0.15681   0.03208   0.02676   0.01811   0.12727   0.03835   0.07705   0.08801   0.04472   0.17486   0.19820   8.43392   1.52493   1.11712   1.49479   0.93209  
 24  1.1148   2134.058401  x:  0.23748   0.05172   0.07714   0.00473   0.09627   0.03747   0.10268   0.13500   0.06093   0.20809   0.15670   0.03182   0.02665   0.01796   0.12798   0.03819   0.07725   0.08813   0.04482   0.17780   0.19842   8.54332   1.51674   1.11995   1.51047   0.93430  
 25 11.9553   2134.019770  x:  0.23757   0.05225   0.07860   0.00384   0.09648   0.03804   0.10311   0.13522   0.06156   0.20647   0.15694   0.03146   0.02651   0.01774   0.12881   0.03792   0.07757   0.08812   0.04498   0.17715   0.19383   8.70008   1.53213   1.12117   1.50629   0.93174  
 26  7.9585   2134.009659  x:  0.23784   0.05241   0.07913   0.00360   0.09647   0.03824   0.10313   0.13503   0.06168   0.20837   0.15675   0.03136   0.02648   0.01769   0.12892   0.03785   0.07766   0.08809   0.04504   0.17768   0.19802   8.74160   1.53680   1.12133   1.50468   0.93096  
 27 23.7957   2134.006932  x:  0.23771   0.05264   0.07895   0.00342   0.09673   0.03810   0.10328   0.13540   0.06196   0.20837   0.15677   0.03184   0.02658   0.01780   0.12930   0.03845   0.07752   0.08820   0.04524   0.17761   0.19809   8.73463   1.53349   1.12005   1.50024   0.93233  
 28  0.0073   2134.006803  x:  0.23775   0.05267   0.07905   0.00342   0.09672   0.03819   0.10332   0.13539   0.06203   0.20840   0.15673   0.03178   0.02655   0.01778   0.12936   0.03846   0.07755   0.08818   0.04526   0.17764   0.19810   8.71850   1.53318   1.11988   1.49988   0.93221  
 29  0.0110   2134.006798  x:  0.23774   0.05268   0.07908   0.00341   0.09673   0.03818   0.10334   0.13541   0.06203   0.20839   0.15674   0.03178   0.02656   0.01778   0.12939   0.03845   0.07756   0.08818   0.04526   0.17764   0.19809   8.71830   1.53334   1.11996   1.50007   0.93213  
 30  0.0003   2134.006798  x:  0.23774   0.05268   0.07908   0.00341   0.09673   0.03818   0.10334   0.13541   0.06203   0.20839   0.15674   0.03178   0.02656   0.01778   0.12939   0.03845   0.07756   0.08818   0.04526   0.17764   0.19809   8.71830   1.53336   1.11997   1.50008   0.93212  
 31  0.0000   2134.006798  x:  0.23774   0.05268   0.07908   0.00341   0.09673   0.03818   0.10334   0.13541   0.06203   0.20839   0.15674   0.03178   0.02656   0.01778   0.12939   0.03845   0.07756   0.08818   0.04526   0.17764   0.19809   8.71837   1.53336   1.11997   1.50008   0.93212  
 32  0.0000   2134.006798  x:  0.23774   0.05268   0.07908   0.00341   0.09673   0.03818   0.10334   0.13541   0.06203   0.20839   0.15674   0.03178   0.02656   0.01778   0.12939   0.03845   0.07756   0.08818   0.04526   0.17764   0.19809   8.71836   1.53335   1.11997   1.50008   0.93212  
 33  0.0000   2134.006798  x:  0.23774   0.05268   0.07908   0.00341   0.09673   0.03818   0.10334   0.13541   0.06203   0.20839   0.15674   0.03178   0.02656   0.01778   0.12939   0.03845   0.07756   0.08818   0.04526   0.17764   0.19809   8.71832   1.53335   1.11997   1.50008   0.93212  