

TREE # 1

  0  0.0000   2230.444048  x:  0.06685   0.00000   0.10059   0.02253   0.09017   0.06814   0.03834   0.06075   0.10479   0.05600   0.07056   0.11989   0.01069   0.07665   0.02416   0.06339   0.05390   0.06188   0.06213   0.06732   0.08958   0.05727   0.11233   0.08547   2.00000   1.58129   1.17496   1.29859   0.40000  
  1 99.0000   2230.442074  x:  0.06685   0.00000   0.10059   0.02254   0.09017   0.06814   0.03834   0.06075   0.10479   0.05600   0.07056   0.11989   0.01069   0.07665   0.02416   0.06339   0.05390   0.06188   0.06213   0.06732   0.08958   0.05727   0.11233   0.08547   2.00000   1.58129   1.17496   1.29859   0.40000  
  2 535.0265   2223.161938  x:  0.07172   0.00000   0.10764   0.01608   0.08875   0.06408   0.04011   0.05684   0.10434   0.05916   0.06716   0.12359   0.00000   0.08401   0.01899   0.05741   0.04887   0.06566   0.05951   0.06907   0.08660   0.05402   0.11658   0.09034   2.00277   1.58103   1.17478   1.29908   0.40844  
  3 565.4199   2215.931484  x:  0.07656   0.00000   0.12583   0.02675   0.08187   0.04706   0.03652   0.04102   0.10206   0.06168   0.05107   0.13458   0.00000   0.05976   0.01364   0.02968   0.02882   0.06450   0.05009   0.07252   0.07520   0.04049   0.12669   0.09518   2.01871   1.57938   1.17404   1.30178   0.44848  
  4 277.6730   2214.497573  x:  0.07567   0.00000   0.12835   0.02112   0.07952   0.04297   0.03568   0.03762   0.10130   0.06093   0.04637   0.13707   0.00000   0.05486   0.02281   0.02312   0.02536   0.06246   0.04825   0.07276   0.07255   0.03801   0.12850   0.09430   2.02510   1.57870   1.17376   1.30286   0.46202  
  5 320.3137   2210.932031  x:  0.06046   0.00000   0.12150   0.02256   0.07020   0.03679   0.03566   0.03607   0.09826   0.05354   0.03425   0.14141   0.00000   0.06639   0.02147   0.01928   0.03338   0.04823   0.04868   0.06894   0.06797   0.03982   0.12817   0.07909   2.06036   1.57494   1.17234   1.30876   0.52315  
  6 147.0523   2206.607304  x:  0.05766   0.00000   0.10946   0.02217   0.06214   0.04517   0.04080   0.04363   0.09515   0.06042   0.04316   0.14219   0.00000   0.05856   0.02272   0.04321   0.03952   0.06710   0.05370   0.06534   0.06916   0.04523   0.12265   0.07630   2.13329   1.56741   1.16972   1.32051   0.62744  
  7 210.7344   2204.452502  x:  0.07052   0.00000   0.10324   0.02195   0.07428   0.05479   0.02960   0.04842   0.09776   0.05649   0.05407   0.13275   0.00000   0.06013   0.02292   0.04160   0.03678   0.05522   0.05675   0.06725   0.07578   0.04898   0.11500   0.08916   2.18476   1.56263   1.16893   1.32753   0.66766  
  8 145.7874   2202.881721  x:  0.07037   0.00000   0.10293   0.02223   0.08977   0.05875   0.04817   0.05073   0.10330   0.05074   0.06117   0.11968   0.00000   0.05994   0.02245   0.03041   0.03358   0.05450   0.05729   0.06966   0.08312   0.04873   0.11061   0.08902   2.24792   1.55768   1.16907   1.33453   0.68319  
  9 118.7415   2198.873718  x:  0.05645   0.00000   0.10956   0.02185   0.11380   0.05525   0.03308   0.04580   0.11194   0.05588   0.06692   0.10088   0.00000   0.06531   0.02206   0.01787   0.03439   0.07299   0.05456   0.07075   0.09518   0.04286   0.11125   0.07512   2.42538   1.54518   1.17060   1.35197   0.69001  
 10 189.5785   2185.873748  x:  0.05876   0.00000   0.13456   0.02190   0.14392   0.02098   0.03669   0.02647   0.12202   0.05950   0.04746   0.10976   0.00000   0.06362   0.02454   0.06836   0.04045   0.05660   0.04121   0.06740   0.10846   0.02910   0.12971   0.07752   3.09985   1.50098   1.17780   1.41390   0.67255  
 11 456.4108   2171.571382  x:  0.06485   0.00000   0.13963   0.02454   0.11857   0.06361   0.03737   0.05070   0.11122   0.06184   0.01491   0.15657   0.00000   0.06218   0.02529   0.05647   0.03188   0.05939   0.04885   0.06520   0.08355   0.05417   0.14645   0.08371   3.83826   1.45769   1.18568   1.47634   0.63710  
 12 954.3870   2163.716072  x:  0.06704   0.00000   0.13362   0.02559   0.07385   0.06939   0.04009   0.05294   0.09535   0.06342   0.05438   0.19026   0.00000   0.06452   0.02546   0.03657   0.03010   0.05319   0.05349   0.06512   0.05553   0.06098   0.15305   0.08596   4.31287   1.43308   1.19076   1.51320   0.61135  
 13 1589.8977   2161.611858  x:  0.07597   0.00000   0.11413   0.02679   0.05174   0.06107   0.04076   0.04805   0.08988   0.05760   0.04877   0.18737   0.00000   0.06600   0.02506   0.02801   0.03476   0.06243   0.05580   0.06971   0.05835   0.05426   0.14049   0.09491   4.41345   1.43415   1.19128   1.51543   0.60453  
 14 256.8696   2161.263437  x:  0.07536   0.00000   0.10892   0.02672   0.05068   0.05986   0.04209   0.04879   0.08709   0.06759   0.04688   0.18623   0.00000   0.06721   0.02491   0.02773   0.02919   0.05971   0.05625   0.06946   0.05716   0.05136   0.13377   0.09430   4.43058   1.44277   1.19058   1.50835   0.60392  
 15 44.8381   2159.827646  x:  0.07568   0.00000   0.12119   0.02702   0.05561   0.06080   0.04164   0.05119   0.07755   0.06303   0.04698   0.18917   0.00000   0.06883   0.02549   0.02956   0.03275   0.06222   0.05587   0.06753   0.04680   0.04649   0.11402   0.09466   4.49572   1.51856   1.18353   1.44306   0.60806  
 16 41.1092   2158.174408  x:  0.07504   0.00000   0.12446   0.02748   0.04789   0.06320   0.04160   0.04948   0.08596   0.06284   0.04972   0.19348   0.00000   0.06956   0.02567   0.02951   0.02867   0.06049   0.05569   0.07017   0.06418   0.05344   0.12397   0.09406   4.57229   1.61624   1.17371   1.35800   0.61457  
 17 158.8717   2157.724703  x:  0.07712   0.00000   0.11456   0.02776   0.05359   0.06194   0.04222   0.04871   0.09027   0.06486   0.04968   0.19347   0.00000   0.06861   0.02581   0.02780   0.03366   0.06147   0.05611   0.07017   0.05708   0.05380   0.13604   0.09615   4.59092   1.64095   1.17079   1.33636   0.61642  
 18 75.8611   2157.613387  x:  0.07675   0.00000   0.11225   0.02793   0.05386   0.06171   0.04164   0.04994   0.08931   0.06127   0.04987   0.19128   0.00000   0.06968   0.02581   0.02977   0.02872   0.06247   0.05598   0.06956   0.05479   0.05216   0.13947   0.09579   4.59310   1.64388   1.16982   1.33407   0.61676  
 19 14.0704   2156.683794  x:  0.07923   0.00000   0.11964   0.02856   0.04747   0.06416   0.04260   0.06002   0.07520   0.06508   0.04854   0.17366   0.00000   0.07046   0.02660   0.02991   0.03354   0.05945   0.05385   0.06837   0.05552   0.04302   0.15373   0.09833   4.59524   1.64686   1.15922   1.33653   0.62103  
 20  7.0886   2146.257943  x:  0.09532   0.00000   0.15815   0.03750   0.03731   0.04946   0.04935   0.03725   0.08756   0.08341   0.04104   0.13157   0.00000   0.09101   0.03240   0.03497   0.02389   0.07135   0.05984   0.07644   0.03064   0.08677   0.15750   0.11519   4.59535   1.64599   1.04379   1.39423   0.66768  
 21 23.5437   2135.484791  x:  0.10986   0.00000   0.16276   0.04845   0.07231   0.04257   0.05643   0.03678   0.07039   0.08965   0.04568   0.18740   0.00000   0.11865   0.03882   0.02319   0.01775   0.09532   0.04671   0.07032   0.06554   0.06564   0.16175   0.13061   4.59198   1.63604   0.93160   1.45636   0.72288  
 22 147.6560   2132.690903  x:  0.11097   0.00000   0.16883   0.05073   0.06849   0.05699   0.05703   0.04008   0.09855   0.09149   0.04647   0.19768   0.00000   0.12626   0.04086   0.02567   0.01974   0.09566   0.04536   0.08016   0.06384   0.03242   0.15877   0.13191   4.59114   1.62817   0.93084   1.46296   0.73641  
 23 86.0666   2124.453976  x:  0.12470   0.00000   0.19081   0.05848   0.07549   0.04167   0.06176   0.04990   0.10366   0.10308   0.04502   0.20127   0.00000   0.14523   0.04603   0.02195   0.01632   0.10981   0.05626   0.07371   0.07188   0.03209   0.16354   0.14629   4.58911   1.53775   1.21558   1.39362   0.79213  
 24 44.9175   2123.835937  x:  0.12437   0.00000   0.18935   0.05903   0.07662   0.05075   0.06281   0.03881   0.09780   0.10365   0.04500   0.20011   0.00000   0.14692   0.04637   0.02400   0.01658   0.10999   0.04377   0.08102   0.07162   0.03337   0.16413   0.14601   4.58923   1.53129   1.23613   1.38836   0.79594  
 25 68.6806   2123.825980  x:  0.12421   0.00000   0.18945   0.05904   0.07696   0.05108   0.06285   0.03790   0.09696   0.10364   0.04494   0.20025   0.00000   0.14693   0.04639   0.02419   0.01655   0.10991   0.04561   0.08247   0.07172   0.03307   0.16444   0.14585   4.58953   1.53121   1.23639   1.38828   0.79604  
 26  5.8050   2123.801899  x:  0.12398   0.00000   0.18945   0.05904   0.07725   0.04962   0.06262   0.04000   0.09673   0.10362   0.04497   0.20059   0.00000   0.14691   0.04641   0.02438   0.01663   0.10995   0.04500   0.08637   0.07153   0.03376   0.16439   0.14562   4.59246   1.53131   1.23640   1.38817   0.79645  
 27  1.6108   2116.012201  x:  0.14287   0.00000   0.20312   0.06227   0.06843   0.02816   0.06141   0.02462   0.10003   0.10693   0.03584   0.17027   0.00000   0.17942   0.05246   0.02947   0.05127   0.11525   0.04483   0.08103   0.07145   0.04233   0.16718   0.16521   5.75648   1.58258   1.21171   1.35207   0.94139  
 28  6.2573   2113.877032  x:  0.14277   0.00000   0.20625   0.06135   0.06541   0.03837   0.05850   0.03199   0.09867   0.10454   0.03641   0.16697   0.00000   0.19047   0.05370   0.02412   0.04582   0.11318   0.04274   0.08617   0.06760   0.03309   0.17553   0.16527   6.25255   1.79330   1.31028   1.58781   0.99031  
 29  0.9253   2111.615773  x:  0.14200   0.00000   0.21634   0.06047   0.06138   0.04703   0.05610   0.04141   0.09744   0.10380   0.03543   0.16079   0.00000   0.20235   0.05512   0.02014   0.03864   0.11075   0.04318   0.08936   0.06205   0.02329   0.17422   0.16466   6.76591   1.57233   1.17032   1.36860   1.04107  
 30  5.8572   2109.724640  x:  0.13701   0.00000   0.22265   0.05737   0.06131   0.04565   0.05361   0.03661   0.09916   0.10128   0.03498   0.16030   0.00000   0.21522   0.05553   0.02487   0.02093   0.10598   0.04594   0.08936   0.05809   0.03891   0.17038   0.15974   7.39505   1.53712   1.15777   1.38267   1.09055  
 31  0.6447   2108.917964  x:  0.13298   0.00000   0.21688   0.05515   0.06698   0.03579   0.05471   0.02909   0.09479   0.09885   0.03358   0.17046   0.00000   0.22603   0.05543   0.02541   0.02234   0.10493   0.04384   0.08566   0.06114   0.03209   0.16689   0.15577   7.81892   1.58226   1.21004   1.44802   1.11212  
 32  0.3174   2108.620116  x:  0.12784   0.00000   0.21682   0.05243   0.06954   0.03645   0.05538   0.03328   0.09600   0.09850   0.03427   0.16926   0.00000   0.23120   0.05494   0.02518   0.02670   0.10228   0.04557   0.08084   0.06441   0.03294   0.16662   0.15058   8.12506   1.54937   1.19443   1.39542   1.11998  
 33  0.2314   2108.530751  x:  0.12404   0.00000   0.21570   0.05089   0.06961   0.03838   0.05596   0.03212   0.09748   0.09860   0.03449   0.16851   0.00000   0.23369   0.05420   0.02327   0.02417   0.10087   0.04468   0.08338   0.06503   0.03228   0.16741   0.14675   8.31027   1.55844   1.19345   1.39587   1.11792  
 34  0.1585   2108.494585  x:  0.12261   0.00000   0.21449   0.05064   0.06923   0.03752   0.05635   0.03270   0.09919   0.09973   0.03449   0.16717   0.00000   0.23342   0.05344   0.02506   0.02470   0.10173   0.04437   0.08476   0.06490   0.03232   0.16876   0.14529   8.36239   1.56561   1.19587   1.41251   1.10317  
 35  0.0321   2108.474946  x:  0.12274   0.00000   0.21421   0.05109   0.06882   0.03791   0.05673   0.03199   0.09876   0.10064   0.03468   0.16838   0.00000   0.23268   0.05282   0.02396   0.02529   0.10334   0.04458   0.08431   0.06437   0.03316   0.16980   0.14540   8.38616   1.55700   1.19292   1.40887   1.08875  
 36  0.0192   2108.465770  x:  0.12348   0.00000   0.21454   0.05150   0.06901   0.03774   0.05658   0.03243   0.09808   0.10062   0.03457   0.16772   0.00000   0.23282   0.05245   0.02435   0.02444   0.10416   0.04474   0.08353   0.06430   0.03254   0.16944   0.14615   8.42802   1.55494   1.19108   1.40291   1.08266  
 37  0.0298   2108.462397  x:  0.12430   0.00000   0.21518   0.05178   0.06910   0.03792   0.05628   0.03227   0.09799   0.10013   0.03454   0.16744   0.00000   0.23315   0.05231   0.02431   0.02482   0.10398   0.04466   0.08389   0.06447   0.03266   0.16853   0.14698   8.46882   1.56021   1.19351   1.40586   1.08264  
 38  0.0208   2108.461805  x:  0.12436   0.00000   0.21530   0.05180   0.06909   0.03783   0.05627   0.03239   0.09819   0.10000   0.03459   0.16782   0.00000   0.23316   0.05223   0.02429   0.02471   0.10367   0.04465   0.08401   0.06445   0.03271   0.16839   0.14704   8.48553   1.55767   1.19263   1.40601   1.08283  
 39  0.0120   2108.461559  x:  0.12442   0.00000   0.21523   0.05183   0.06912   0.03797   0.05635   0.03230   0.09819   0.10002   0.03460   0.16779   0.00000   0.23277   0.05215   0.02437   0.02472   0.10337   0.04466   0.08389   0.06448   0.03271   0.16867   0.14709   8.48839   1.55743   1.19235   1.40569   1.08270  
 40  0.0014   2108.461450  x:  0.12446   0.00000   0.21517   0.05186   0.06912   0.03784   0.05637   0.03236   0.09816   0.10006   0.03458   0.16783   0.00000   0.23248   0.05211   0.02430   0.02473   0.10330   0.04465   0.08392   0.06448   0.03271   0.16879   0.14714   8.48835   1.55816   1.19263   1.40588   1.08284  
 41  0.0006   2108.461350  x:  0.12442   0.00000   0.21522   0.05189   0.06911   0.03785   0.05632   0.03232   0.09814   0.10014   0.03454   0.16785   0.00000   0.23217   0.05211   0.02433   0.02473   0.10342   0.04463   0.08399   0.06448   0.03269   0.16870   0.14709   8.49198   1.55774   1.19285   1.40567   1.08362  
 42  0.0011   2108.461324  x:  0.12438   0.00000   0.21524   0.05188   0.06911   0.03787   0.05632   0.03234   0.09818   0.10013   0.03456   0.16784   0.00000   0.23209   0.05212   0.02432   0.02472   0.10348   0.04466   0.08393   0.06448   0.03271   0.16870   0.14705   8.49528   1.55805   1.19280   1.40596   1.08377  
 43  0.0023   2108.461318  x:  0.12438   0.00000   0.21524   0.05188   0.06912   0.03787   0.05634   0.03234   0.09816   0.10009   0.03457   0.16783   0.00000   0.23208   0.05214   0.02432   0.02473   0.10350   0.04464   0.08394   0.06448   0.03270   0.16871   0.14705   8.49609   1.55792   1.19263   1.40585   1.08381  
 44  0.0004   2108.461315  x:  0.12439   0.00000   0.21524   0.05188   0.06912   0.03786   0.05635   0.03233   0.09817   0.10008   0.03457   0.16784   0.00000   0.23206   0.05216   0.02432   0.02472   0.10350   0.04465   0.08394   0.06449   0.03270   0.16872   0.14706   8.49599   1.55798   1.19272   1.40592   1.08378  
 45  0.0001   2108.461314  x:  0.12439   0.00000   0.21523   0.05188   0.06911   0.03787   0.05634   0.03234   0.09817   0.10009   0.03456   0.16784   0.00000   0.23205   0.05218   0.02432   0.02473   0.10349   0.04465   0.08394   0.06449   0.03270   0.16872   0.14706   8.49638   1.55796   1.19273   1.40588   1.08370  
 46  0.0002   2108.461314  x:  0.12439   0.00000   0.21523   0.05188   0.06912   0.03787   0.05634   0.03234   0.09817   0.10009   0.03456   0.16784   0.00000   0.23205   0.05218   0.02432   0.02473   0.10349   0.04465   0.08394   0.06448   0.03270   0.16872   0.14706   8.49639   1.55796   1.19270   1.40589   1.08370  
 47  0.0000   2108.461314  x:  0.12439   0.00000   0.21523   0.05188   0.06912   0.03786   0.05634   0.03234   0.09817   0.10009   0.03456   0.16784   0.00000   0.23205   0.05218   0.02432   0.02473   0.10349   0.04465   0.08394   0.06449   0.03270   0.16872   0.14706   8.49638   1.55796   1.19270   1.40589   1.08370  
 48  0.0000   2108.461314  x:  0.12439   0.00000   0.21523   0.05188   0.06912   0.03786   0.05634   0.03234   0.09817   0.10009   0.03456   0.16784   0.00000   0.23205   0.05218   0.02432   0.02473   0.10349   0.04465   0.08394   0.06449   0.03270   0.16872   0.14706   8.49639   1.55796   1.19270   1.40589   1.08370  
 49  0.0000   2108.461314  x:  0.12439   0.00000   0.21523   0.05188   0.06912   0.03786   0.05634   0.03234   0.09817   0.10009   0.03456   0.16784   0.00000   0.23205   0.05218   0.02432   0.02473   0.10349   0.04465   0.08394   0.06449   0.03270   0.16871   0.14706   8.49638   1.55796   1.19270   1.40589   1.08370  
 50  0.0000   2108.461314  x:  0.12439   0.00000   0.21523   0.05188   0.06912   0.03786   0.05634   0.03234   0.09817   0.10009   0.03456   0.16784   0.00000   0.23205   0.05218   0.02432   0.02473   0.10349   0.04465   0.08394   0.06449   0.03270   0.16871   0.14706   8.49638   1.55796   1.19270   1.40589   1.08370  
 51  0.0000   2108.461314  x:  0.12439   0.00000   0.21523   0.05188   0.06912   0.03786   0.05634   0.03234   0.09817   0.10009   0.03456   0.16784   0.00000   0.23205   0.05218   0.02432   0.02473   0.10349   0.04465   0.08394   0.06449   0.03270   0.16872   0.14706   8.49638   1.55796   1.19270   1.40589   1.08370  