

TREE # 1

  0  0.0000   2300.391189  x:  0.00000   0.03275   0.06391   0.03814   0.08515   0.07969   0.04544   0.06395   0.09838   0.05784   0.11880   0.02121   0.05514   0.00622   0.04777   0.06638   0.07701   0.04090   0.07520   0.07009   0.10052   0.12516   0.09016   2.00000   1.52185   0.92653   1.36361   0.40000  
  1 99.0000   2260.530350  x:  0.09588   0.10021   0.06871   0.03696   0.07192   0.05825   0.03882   0.07112   0.11299   0.08904   0.13075   0.02712   0.10568   0.15393   0.05125   0.04712   0.07868   0.03318   0.07280   0.12025   0.09211   0.15276   0.13323   2.00895   1.52145   0.92446   1.36530   0.42470  
  2 1076.4294   2233.443824  x:  0.06114   0.12018   0.07211   0.02980   0.04579   0.01498   0.03314   0.08108   0.13670   0.11107   0.14550   0.00899   0.14767   0.13894   0.03474   0.00651   0.08256   0.02368   0.07026   0.17093   0.05758   0.19271   0.17465   2.03061   1.51975   0.92306   1.36821   0.47446  
  3 320.3006   2223.667661  x:  0.03096   0.13701   0.07427   0.02620   0.02770   0.00923   0.03344   0.08846   0.15482   0.12671   0.15740   0.00941   0.18225   0.12930   0.01935   0.04220   0.08537   0.02534   0.06967   0.21110   0.02510   0.22527   0.20801   2.05306   1.51786   0.92207   1.37107   0.52043  
  4 549.7486   2220.481886  x:  0.01793   0.14396   0.07490   0.02640   0.02724   0.03210   0.03498   0.09124   0.16153   0.13177   0.16210   0.01248   0.19679   0.12578   0.01448   0.04199   0.08569   0.02834   0.06955   0.22785   0.01680   0.23876   0.22157   2.06568   1.51673   0.92188   1.37250   0.54286  
  5 477.2219   2217.792613  x:  0.00801   0.14842   0.07406   0.03041   0.04371   0.03286   0.03918   0.09182   0.16426   0.13066   0.16525   0.02030   0.20891   0.12164   0.01778   0.04460   0.08306   0.03746   0.07136   0.24131   0.03906   0.24980   0.23160   2.08862   1.51449   0.92260   1.37453   0.57407  
  6 181.2542   2212.655000  x:  0.05459   0.14314   0.06128   0.03360   0.07057   0.03354   0.04083   0.07489   0.15179   0.10108   0.16441   0.01643   0.21442   0.08941   0.02036   0.04709   0.06703   0.03955   0.08031   0.25066   0.03438   0.26039   0.23553   2.19708   1.50367   0.92952   1.38193   0.68698  
  7 126.6218   2203.427536  x:  0.04133   0.13437   0.07174   0.02439   0.04288   0.03668   0.02719   0.06693   0.12512   0.08825   0.14341   0.00528   0.18707   0.12027   0.00540   0.04630   0.08831   0.03285   0.07208   0.21947   0.04875   0.23805   0.20608   2.43072   1.48269   0.94554   1.39548   0.86287  
  8 154.5903   2198.981070  x:  0.02879   0.12843   0.07789   0.02808   0.02595   0.03344   0.03486   0.07141   0.11559   0.08924   0.13334   0.01932   0.16860   0.13904   0.03241   0.04134   0.09501   0.03202   0.07005   0.19781   0.03828   0.22174   0.18656   2.57832   1.47042   0.95517   1.40355   0.96200  
  9 686.3809   2196.356481  x:  0.02044   0.12699   0.07987   0.03663   0.04538   0.02894   0.04128   0.08634   0.12242   0.10168   0.13506   0.01967   0.15710   0.15156   0.02757   0.03981   0.09230   0.02683   0.06836   0.18157   0.02375   0.20797   0.17559   2.66917   1.46506   0.95975   1.40758   1.00189  
 10 260.3210   2192.880817  x:  0.02772   0.12353   0.06666   0.03038   0.03349   0.03004   0.03764   0.09829   0.15571   0.12989   0.15780   0.02112   0.15172   0.14846   0.01988   0.03839   0.06797   0.04357   0.07471   0.16435   0.03073   0.18833   0.17163   2.82740   1.46299   0.96289   1.41196   1.01237  
 11 131.9250   2184.425266  x:  0.02489   0.12582   0.06811   0.02519   0.03877   0.03367   0.03891   0.07129   0.17822   0.13220   0.17724   0.01879   0.16736   0.14193   0.02836   0.04266   0.07959   0.01180   0.09525   0.17504   0.03726   0.17985   0.18634   3.20979   1.46806   0.96537   1.41744   0.94741  
 12 160.2435   2175.970519  x:  0.02159   0.13125   0.07542   0.02688   0.05216   0.03117   0.03762   0.04195   0.18971   0.12093   0.18880   0.00732   0.18658   0.13721   0.03182   0.04177   0.10842   0.04119   0.10475   0.19441   0.02551   0.17953   0.20540   3.73252   1.47665   0.96780   1.42418   0.84771  
 13 1334.4726   2166.539576  x:  0.03098   0.13611   0.07448   0.03008   0.04808   0.02691   0.03374   0.08378   0.17235   0.08853   0.17898   0.03922   0.20634   0.12007   0.01074   0.03744   0.11939   0.04735   0.08719   0.22203   0.02438   0.20757   0.22491   4.32128   1.48960   0.96793   1.43062   0.72646  
 14 936.5259   2162.589632  x:  0.02833   0.14227   0.06979   0.03231   0.04467   0.03127   0.04461   0.09780   0.15023   0.09363   0.16132   0.01064   0.20836   0.11760   0.02118   0.04301   0.09066   0.04493   0.06546   0.23555   0.02986   0.23249   0.22802   4.52633   1.49765   0.96398   1.43203   0.68261  
 15 350.3034   2161.845054  x:  0.02465   0.14426   0.07066   0.03378   0.04663   0.03022   0.03601   0.08886   0.13962   0.10395   0.15230   0.01658   0.20544   0.11840   0.01840   0.04229   0.07540   0.04520   0.06807   0.23735   0.02752   0.24479   0.22519   4.56757   1.50276   0.95943   1.43162   0.67382  
 16 89.2379   2161.720206  x:  0.02515   0.14446   0.07005   0.03359   0.04556   0.02991   0.04174   0.08728   0.13822   0.10678   0.15039   0.01741   0.20284   0.11854   0.01528   0.04170   0.07550   0.04580   0.07264   0.23707   0.02790   0.25038   0.22312   4.57501   1.50671   0.95518   1.43107   0.67291  
 17 27.5466   2161.592560  x:  0.02599   0.14401   0.06866   0.03378   0.04613   0.03044   0.03871   0.08964   0.14042   0.10804   0.15051   0.01551   0.19780   0.11884   0.01734   0.04215   0.07919   0.04569   0.07707   0.23624   0.02845   0.25955   0.21953   4.58287   1.51640   0.94466   1.42956   0.67350  
 18 19.4448   2161.462426  x:  0.02615   0.14306   0.06946   0.03286   0.04660   0.03019   0.03941   0.08620   0.14450   0.10605   0.15389   0.01713   0.19399   0.11985   0.01739   0.04197   0.07957   0.04485   0.07011   0.23437   0.02831   0.26561   0.21701   4.59114   1.53132   0.92943   1.42695   0.67538  
 19 20.3756   2161.329459  x:  0.02396   0.14276   0.06980   0.03473   0.04553   0.02993   0.03952   0.08752   0.14066   0.10240   0.15432   0.01631   0.19747   0.12122   0.01681   0.04164   0.07599   0.04515   0.07294   0.23340   0.02752   0.25790   0.22048   4.60026   1.55265   0.91148   1.42261   0.67887  
 20 12.3853   2161.274364  x:  0.02515   0.14292   0.06974   0.03171   0.04668   0.02999   0.03946   0.08827   0.13837   0.10634   0.15195   0.01684   0.19921   0.11923   0.01747   0.04174   0.07820   0.04524   0.07161   0.23403   0.02761   0.25373   0.22171   4.60428   1.56137   0.90695   1.42061   0.68068  
 21 13.1362   2161.235017  x:  0.02636   0.14349   0.06960   0.03545   0.04583   0.03014   0.03917   0.08789   0.13873   0.10879   0.14975   0.01694   0.19965   0.11751   0.01721   0.04183   0.07985   0.04493   0.07024   0.23503   0.02832   0.25166   0.22177   4.60743   1.56695   0.90709   1.41922   0.68204  
 22  9.8259   2160.784230  x:  0.02333   0.15150   0.06492   0.03207   0.04585   0.02972   0.03937   0.08776   0.14956   0.10406   0.13831   0.01749   0.19438   0.11698   0.01669   0.04130   0.07703   0.04507   0.07101   0.24611   0.02757   0.24601   0.21389   4.64445   1.61877   0.94168   1.40714   0.69550  
 23  8.9853   2160.077228  x:  0.02409   0.15026   0.08002   0.03294   0.04412   0.02997   0.03958   0.09151   0.13985   0.10837   0.15710   0.01549   0.19187   0.11415   0.01725   0.04096   0.07616   0.04534   0.07235   0.24598   0.02852   0.25092   0.21041   4.70531   1.69180   0.99845   1.39933   0.71680  
 24 40.6907   2159.531688  x:  0.02034   0.14033   0.06322   0.03512   0.04425   0.02934   0.03932   0.08954   0.13348   0.11126   0.16282   0.01528   0.19748   0.11816   0.01756   0.04000   0.07997   0.04445   0.06976   0.23294   0.02712   0.25877   0.21869   4.74928   1.73161   1.03005   1.40965   0.73078  
 25 41.0273   2158.565452  x:  0.02127   0.12591   0.07560   0.03319   0.04401   0.02938   0.03959   0.09120   0.14547   0.11172   0.14503   0.01253   0.20800   0.11826   0.01888   0.03912   0.07745   0.04432   0.07086   0.20714   0.02732   0.27068   0.23754   4.83035   1.77985   1.06369   1.46069   0.75487  
 26 40.0934   2154.310302  x:  0.00957   0.16947   0.07023   0.03338   0.03844   0.02687   0.03873   0.09539   0.13758   0.11805   0.15416   0.01128   0.19044   0.09686   0.01886   0.03334   0.07711   0.04226   0.06614   0.21174   0.02632   0.26235   0.22675   5.21160   1.92164   1.13795   1.78409   0.86071  
 27 56.1659   2153.566027  x:  0.00925   0.13572   0.07083   0.03409   0.03779   0.02649   0.03907   0.09723   0.13901   0.12269   0.15505   0.01069   0.19369   0.10386   0.01707   0.03272   0.07466   0.04246   0.06585   0.23770   0.02544   0.25814   0.21166   5.27409   1.93094   1.14161   1.82276   0.87755  
 28 41.3294   2148.557348  x:  0.00000   0.13334   0.07301   0.03178   0.03232   0.02450   0.03891   0.10268   0.14672   0.13169   0.15270   0.00874   0.16716   0.08988   0.01606   0.02665   0.07168   0.04164   0.06550   0.23786   0.02566   0.26527   0.23765   5.76182   1.54833   0.95270   1.47645   0.99876  
 29  9.6890   2148.557348  x:  0.00000   0.13334   0.07301   0.03178   0.03232   0.02450   0.03891   0.10268   0.14672   0.13169   0.15270   0.00874   0.16716   0.08988   0.01606   0.02665   0.07168   0.04164   0.06550   0.23786   0.02566   0.26527   0.23765   5.76182   1.54833   0.95270   1.47645   0.99876  
 30 24.9213   2146.932996  x:  0.01334   0.13306   0.07291   0.03172   0.03309   0.02454   0.03877   0.10212   0.14679   0.13116   0.15306   0.00953   0.16753   0.08858   0.01613   0.02611   0.07203   0.04095   0.06602   0.23751   0.02656   0.26503   0.23727   5.76195   1.54837   0.95275   1.47638   0.99868  
 31 552.7776   2145.110404  x:  0.01263   0.12417   0.07096   0.03048   0.04602   0.02523   0.03635   0.09184   0.14808   0.12145   0.15602   0.01416   0.17353   0.06614   0.01775   0.01715   0.07823   0.02902   0.07508   0.23104   0.03680   0.25998   0.22946   5.76440   1.54899   0.95363   1.47515   0.99737  
 32 90.4068   2144.507714  x:  0.01275   0.11829   0.06962   0.03016   0.04760   0.02463   0.03670   0.08495   0.14933   0.11515   0.15792   0.01161   0.17690   0.05321   0.02229   0.02579   0.08125   0.03016   0.07744   0.22578   0.03584   0.25584   0.22348   5.76661   1.54960   0.95422   1.47415   0.99620  
 33 89.4726   2144.301491  x:  0.01294   0.11457   0.06910   0.03061   0.04402   0.02462   0.03780   0.08147   0.15066   0.11140   0.15923   0.01023   0.17915   0.05014   0.02181   0.02164   0.08185   0.03322   0.07485   0.22077   0.03219   0.25207   0.21819   5.76922   1.55036   0.95474   1.47308   0.99487  
 34 39.0807   2144.177872  x:  0.01289   0.11151   0.06937   0.03084   0.04197   0.02488   0.03739   0.08059   0.15218   0.10848   0.16060   0.01306   0.18190   0.05358   0.02022   0.02311   0.08105   0.03190   0.07231   0.21434   0.03318   0.24728   0.21152   5.77357   1.55160   0.95547   1.47146   0.99275  
 35 27.7168   2144.122399  x:  0.01298   0.11128   0.07004   0.03053   0.04329   0.02462   0.03710   0.08232   0.15285   0.10831   0.16107   0.01061   0.18295   0.05577   0.02204   0.02264   0.08030   0.03151   0.07236   0.21073   0.03378   0.24402   0.20759   5.77762   1.55270   0.95598   1.47011   0.99086  
 36 22.5220   2144.075066  x:  0.01293   0.11361   0.07078   0.03013   0.04448   0.02487   0.03776   0.08532   0.15302   0.11049   0.16089   0.01227   0.18342   0.05476   0.02165   0.02268   0.08045   0.03232   0.07381   0.20792   0.03191   0.24086   0.20447   5.78520   1.55464   0.95675   1.46788   0.98751  
 37 15.0039   2144.023366  x:  0.01291   0.11653   0.07060   0.03043   0.04231   0.02435   0.03719   0.08585   0.15274   0.11277   0.16010   0.01107   0.18305   0.05313   0.01960   0.02295   0.08071   0.03231   0.07476   0.20672   0.03378   0.23814   0.20293   5.79740   1.55757   0.95775   1.46461   0.98238  
 38 19.8460   2143.917527  x:  0.01278   0.11993   0.06933   0.03100   0.03969   0.02567   0.03661   0.08326   0.15168   0.11449   0.15848   0.01296   0.18211   0.05303   0.02367   0.02221   0.08022   0.03274   0.07533   0.20728   0.03555   0.23490   0.20284   5.82817   1.56452   0.95998   1.45697   0.97000  
 39 37.3983   2143.609208  x:  0.01290   0.12234   0.06706   0.03083   0.04408   0.02336   0.03841   0.07709   0.14925   0.11346   0.15556   0.01225   0.17931   0.05523   0.02257   0.02280   0.08006   0.02919   0.07211   0.21148   0.03164   0.23038   0.20625   5.92019   1.58429   0.96565   1.43570   0.93451  
 40 92.0704   2143.415844  x:  0.01289   0.11894   0.06811   0.03035   0.04680   0.02740   0.03704   0.07942   0.14977   0.11074   0.15614   0.01162   0.17902   0.05557   0.02025   0.02315   0.08145   0.03376   0.07083   0.21420   0.03372   0.23175   0.20914   5.98281   1.59630   0.96813   1.42361   0.91274  
 41 116.8226   2143.233409  x:  0.01286   0.11359   0.07062   0.03030   0.04404   0.02279   0.03641   0.08496   0.15200   0.10879   0.15879   0.01255   0.18022   0.05480   0.02122   0.02268   0.08147   0.03431   0.07295   0.21585   0.03430   0.23675   0.21150   6.04194   1.60573   0.96903   1.41510   0.89537  
 42 113.5290   2143.134623  x:  0.01293   0.11140   0.07184   0.03041   0.04134   0.02564   0.03787   0.08700   0.15348   0.10916   0.16091   0.01124   0.18138   0.05419   0.02147   0.02285   0.08058   0.03084   0.07472   0.21571   0.03285   0.24091   0.21203   6.07641   1.60955   0.96857   1.41253   0.88803  
 43 90.5036   2142.701277  x:  0.01272   0.11504   0.07072   0.03015   0.04476   0.02487   0.03716   0.07868   0.15652   0.12010   0.17033   0.00998   0.18924   0.05509   0.02106   0.02287   0.07841   0.03281   0.07320   0.20685   0.03331   0.26343   0.20691   6.24368   1.61409   0.95961   1.41914   0.87603  
 44 52.4321   2141.470786  x:  0.01285   0.12417   0.05411   0.03308   0.04326   0.02480   0.03804   0.08782   0.14724   0.10634   0.15723   0.00958   0.18735   0.05613   0.02331   0.02279   0.08983   0.03014   0.06995   0.19898   0.03299   0.27572   0.19972   6.72358   1.60748   0.93348   1.45929   0.87800  
 45 103.6773   2139.837347  x:  0.01314   0.12544   0.08306   0.02752   0.04175   0.02504   0.03491   0.08293   0.14134   0.09868   0.14138   0.01083   0.17855   0.05378   0.02301   0.02273   0.08426   0.02961   0.06888   0.20183   0.03241   0.26530   0.19861   7.41646   1.59274   0.90267   1.51851   0.89401  
 46 441.5986   2138.752279  x:  0.01319   0.11257   0.07754   0.03763   0.04453   0.02420   0.04498   0.08174   0.14784   0.10940   0.15075   0.01198   0.17515   0.05504   0.02039   0.02294   0.07619   0.03378   0.07412   0.21240   0.03583   0.24176   0.20586   7.86527   1.58096   0.89411   1.55237   0.91446  
 47 382.0621   2138.252293  x:  0.01330   0.10705   0.07055   0.03083   0.04360   0.02487   0.03537   0.08223   0.15119   0.11575   0.15860   0.01201   0.17520   0.05559   0.01973   0.02290   0.07558   0.03280   0.07517   0.21756   0.03183   0.23076   0.21058   8.05820   1.57550   0.89647   1.56382   0.92725  
 48 389.7944   2137.859755  x:  0.01309   0.11186   0.07285   0.02422   0.04205   0.02447   0.04083   0.08384   0.15495   0.11557   0.16664   0.01164   0.18004   0.05561   0.02195   0.02290   0.08424   0.03131   0.06913   0.21943   0.03428   0.22834   0.21541   8.21765   1.57087   0.91794   1.56197   0.95018  
 49 100.4355   2137.446365  x:  0.01302   0.11784   0.07683   0.03325   0.04240   0.02488   0.03626   0.08533   0.15845   0.11278   0.17163   0.01082   0.18504   0.05529   0.02306   0.02309   0.08838   0.02957   0.06612   0.21990   0.03221   0.22949   0.21919   8.39338   1.56627   0.94726   1.55573   0.97967  
 50 277.4239   2136.853028  x:  0.01318   0.11826   0.07375   0.03023   0.04229   0.02481   0.03758   0.08431   0.15568   0.10696   0.16536   0.00980   0.18741   0.05725   0.01897   0.02293   0.07562   0.03411   0.07713   0.21729   0.03202   0.23918   0.21811   8.63928   1.56229   0.99414   1.53962   1.02804  
 51 186.9783   2136.721804  x:  0.01339   0.11056   0.07380   0.03085   0.04255   0.02481   0.03766   0.08510   0.15360   0.11411   0.15889   0.01001   0.18282   0.05603   0.02014   0.02298   0.07781   0.03306   0.07353   0.21702   0.03259   0.24304   0.21376   8.69356   1.56527   1.00143   1.53196   1.04288  
 52 45.3443   2136.634850  x:  0.01338   0.11072   0.07469   0.03106   0.04218   0.02481   0.03764   0.08332   0.15346   0.11327   0.16216   0.01009   0.17745   0.05839   0.01974   0.02292   0.08174   0.03351   0.07704   0.21836   0.03198   0.24409   0.21046   8.73161   1.57776   0.99355   1.51879   1.06194  
 53 13.4768   2136.549940  x:  0.01327   0.11259   0.07392   0.03070   0.04261   0.02483   0.03750   0.08497   0.15369   0.11174   0.16444   0.01046   0.17630   0.05586   0.02028   0.02302   0.07764   0.03291   0.07346   0.21917   0.03264   0.24430   0.21002   8.76831   1.59154   0.98316   1.50456   1.08178  
 54 40.3013   2136.516979  x:  0.01332   0.11210   0.07393   0.03075   0.04253   0.02481   0.03753   0.08469   0.15392   0.11268   0.16111   0.01007   0.18238   0.05645   0.02018   0.02303   0.07843   0.03304   0.07411   0.21781   0.03237   0.24327   0.21358   8.78371   1.59726   0.97753   1.49793   1.09017  
 55 14.2114   2136.504987  x:  0.01329   0.11173   0.07411   0.03090   0.04249   0.02481   0.03756   0.08474   0.15204   0.11282   0.16223   0.01016   0.18066   0.05634   0.02032   0.02300   0.07852   0.03302   0.07412   0.21410   0.03249   0.24310   0.21651   8.79806   1.58941   0.97351   1.49032   1.08993  
 56  1.0504   2136.447142  x:  0.01327   0.11328   0.07342   0.03043   0.04255   0.02481   0.03754   0.08466   0.15655   0.11249   0.16086   0.01019   0.18118   0.05651   0.02028   0.02304   0.07889   0.03304   0.07406   0.21610   0.03243   0.24389   0.21463   8.87101   1.54888   0.95363   1.45309   1.08723  
 57 10.2989   2136.439071  x:  0.01325   0.11312   0.07371   0.03068   0.04236   0.02481   0.03758   0.08492   0.15332   0.11267   0.16193   0.01009   0.18291   0.05658   0.02021   0.02306   0.07891   0.03308   0.07402   0.21773   0.03238   0.24381   0.21337   8.88200   1.54465   0.95156   1.44916   1.08677  
 58  7.3064   2135.654693  x:  0.01260   0.11804   0.06680   0.03046   0.04254   0.02447   0.03741   0.08464   0.15357   0.11474   0.16292   0.00990   0.18495   0.05694   0.02114   0.02317   0.08163   0.03228   0.07209   0.21366   0.03213   0.24840   0.21097  10.23380   1.61434   0.97256   1.48067   1.02735  
 59  2.4913   2135.615651  x:  0.01240   0.11559   0.07044   0.03091   0.04264   0.02478   0.03779   0.08440   0.15309   0.11267   0.16103   0.00982   0.18401   0.05674   0.02082   0.02312   0.08054   0.03243   0.07283   0.21444   0.03245   0.24777   0.21158  10.42508   1.60442   0.96193   1.47796   1.03793  
 60  0.1470   2135.613390  x:  0.01218   0.11583   0.07008   0.03070   0.04255   0.02470   0.03745   0.08456   0.15315   0.11302   0.16122   0.00984   0.18391   0.05677   0.02078   0.02311   0.08043   0.03246   0.07278   0.21471   0.03226   0.24805   0.21176  10.49383   1.60343   0.96338   1.48011   1.03798  
 61  0.0474   2135.612709  x:  0.01189   0.11592   0.06996   0.03078   0.04261   0.02470   0.03773   0.08450   0.15322   0.11303   0.16137   0.00988   0.18404   0.05676   0.02083   0.02312   0.08059   0.03245   0.07276   0.21459   0.03238   0.24782   0.21164  10.50397   1.60420   0.96360   1.47962   1.03881  
 62  0.0043   2135.612412  x:  0.01172   0.11590   0.07008   0.03076   0.04257   0.02472   0.03757   0.08451   0.15316   0.11299   0.16128   0.00986   0.18402   0.05678   0.02081   0.02312   0.08053   0.03245   0.07276   0.21459   0.03230   0.24792   0.21168  10.48446   1.60398   0.96330   1.47950   1.03838  
 63  0.0112   2135.612406  x:  0.01172   0.11588   0.07007   0.03076   0.04257   0.02471   0.03759   0.08452   0.15317   0.11299   0.16127   0.00987   0.18399   0.05677   0.02081   0.02312   0.08051   0.03245   0.07277   0.21462   0.03231   0.24792   0.21168  10.48253   1.60390   0.96333   1.47964   1.03818  
 64  0.0019   2135.612406  x:  0.01172   0.11588   0.07006   0.03076   0.04258   0.02471   0.03759   0.08452   0.15317   0.11299   0.16127   0.00987   0.18399   0.05677   0.02081   0.02312   0.08051   0.03245   0.07277   0.21462   0.03231   0.24792   0.21169  10.48248   1.60391   0.96333   1.47963   1.03819  
 65  0.0000   2135.612406  x:  0.01172   0.11588   0.07006   0.03076   0.04258   0.02471   0.03759   0.08452   0.15317   0.11299   0.16127   0.00987   0.18399   0.05677   0.02081   0.02312   0.08051   0.03245   0.07277   0.21462   0.03231   0.24792   0.21169  10.48249   1.60391   0.96333   1.47963   1.03819  

TREE # 2

  0  0.0000   2213.499446  x:  0.14426   0.02392   0.18905   0.05363   0.05204   0.00000   0.10329   0.04839   0.07193   0.02916   0.05410   0.07473   0.04703   0.15792   0.03038   0.06248   0.02767   0.05629   0.06292   0.05714   0.07413   0.04537   0.05441  10.48249   1.48332   0.93518   1.34885   1.03819  
  1 99.0000   2186.766109  x:  0.14455   0.02391   0.18924   0.05452   0.05225   0.06266   0.10383   0.04848   0.07194   0.02911   0.05431   0.07448   0.04673   0.15799   0.03118   0.06294   0.02835   0.05699   0.06281   0.05731   0.07398   0.04515   0.05426  10.48249   1.48334   0.93514   1.34888   1.03820  
  2 19907.8691   2142.388914  x:  0.17659   0.01344   0.21067   0.14957   0.04957   0.06240   0.15692   0.03265   0.07621   0.01483   0.08084   0.04178   0.01402   0.16496   0.13947   0.11978   0.11335   0.14650   0.04809   0.07915   0.05370   0.01657   0.03481  10.48244   1.48557   0.93137   1.35247   1.03843  
  3 551.0938   2139.309916  x:  0.18595   0.01291   0.21814   0.16272   0.03816   0.06238   0.17322   0.02271   0.07557   0.03202   0.08242   0.03073   0.00659   0.16439   0.13906   0.12012   0.10460   0.15193   0.03511   0.08303   0.04442   0.03522   0.03772  10.48243   1.48675   0.92995   1.35430   1.03852  
  4 165.0896   2137.729994  x:  0.19579   0.01272   0.22653   0.17457   0.02806   0.06238   0.19044   0.01713   0.07400   0.02921   0.08276   0.02694   0.01856   0.16374   0.13436   0.11789   0.09034   0.15515   0.02386   0.08648   0.03705   0.03193   0.03854  10.48240   1.48831   0.92825   1.35665   1.03857  
  5 140.7522   2136.531442  x:  0.20625   0.00947   0.23606   0.18625   0.02611   0.06231   0.20893   0.01946   0.07266   0.02392   0.08222   0.03164   0.00925   0.16230   0.12647   0.11430   0.07322   0.15796   0.02232   0.08955   0.03506   0.02556   0.03850  10.48238   1.49036   0.92612   1.35986   1.03863  
  6 118.3494   2136.174585  x:  0.21171   0.01037   0.24172   0.19241   0.03185   0.06225   0.21806   0.01926   0.07273   0.02494   0.08174   0.03174   0.01173   0.16179   0.12301   0.11307   0.06765   0.15990   0.02933   0.09005   0.03908   0.02684   0.03798  10.48236   1.49192   0.92473   1.36233   1.03866  
  7 67.9698   2136.104459  x:  0.21369   0.00867   0.24551   0.19261   0.03043   0.06224   0.22061   0.01899   0.07362   0.02471   0.08076   0.03052   0.01161   0.16158   0.12004   0.11309   0.07062   0.15876   0.02920   0.08643   0.04321   0.02649   0.03771  10.48234   1.49407   0.92341   1.36576   1.03868  
  8 16.0634   2136.071223  x:  0.21482   0.01043   0.24858   0.19233   0.03105   0.06223   0.22165   0.01944   0.07384   0.02491   0.08061   0.03187   0.01161   0.16153   0.11859   0.11360   0.07288   0.15784   0.02844   0.08401   0.04239   0.02658   0.03784  10.48233   1.49641   0.92218   1.36943   1.03867  
  9 16.0557   2136.043339  x:  0.21541   0.00884   0.25139   0.19101   0.03203   0.06224   0.22158   0.01842   0.07360   0.02457   0.08083   0.03178   0.01162   0.16154   0.11799   0.11427   0.07386   0.15688   0.02922   0.08358   0.04014   0.02658   0.03790  10.48230   1.50000   0.92063   1.37492   1.03863  
 10 13.9024   2135.984367  x:  0.21583   0.00957   0.25684   0.18822   0.03035   0.06224   0.22000   0.02020   0.07325   0.02489   0.08138   0.03055   0.01158   0.16189   0.11904   0.11582   0.07378   0.15547   0.03066   0.08713   0.03984   0.02625   0.03749  10.48224   1.51058   0.91697   1.39080   1.03845  
 11 19.3367   2135.946896  x:  0.21546   0.00962   0.25815   0.18753   0.03182   0.06225   0.21872   0.01913   0.07263   0.02439   0.08187   0.03109   0.01141   0.16209   0.12038   0.11600   0.07270   0.15543   0.02846   0.08835   0.04190   0.02662   0.03782  10.48220   1.51855   0.91538   1.40231   1.03824  
 12 25.3513   2135.883629  x:  0.21380   0.00864   0.25449   0.18939   0.03108   0.06225   0.21726   0.01978   0.07291   0.02602   0.08120   0.03215   0.01202   0.16198   0.12239   0.11405   0.07030   0.15803   0.02859   0.08443   0.04212   0.02617   0.03781  10.48212   1.53465   0.91556   1.42420   1.03759  
 13 21.0236   2135.855594  x:  0.21307   0.00999   0.25203   0.19034   0.03075   0.06225   0.21698   0.01905   0.07304   0.02450   0.08076   0.03082   0.01138   0.16171   0.12216   0.11313   0.06974   0.15882   0.02925   0.08306   0.04180   0.02656   0.03776  10.48208   1.54220   0.91678   1.43397   1.03723  
 14 39.8897   2135.812513  x:  0.21276   0.00961   0.24611   0.19189   0.03160   0.06224   0.21909   0.02039   0.07301   0.02430   0.08086   0.03036   0.01171   0.16062   0.11854   0.11332   0.07234   0.15832   0.02870   0.08565   0.04117   0.02690   0.03763  10.48203   1.55561   0.92372   1.44914   1.03638  
 15 16.9740   2135.797739  x:  0.21289   0.01008   0.24473   0.19196   0.03105   0.06224   0.21981   0.01899   0.07259   0.02508   0.08134   0.03108   0.01152   0.16044   0.11787   0.11380   0.07291   0.15772   0.02930   0.08629   0.04137   0.02595   0.03769  10.48201   1.56060   0.92767   1.45404   1.03602  
 16 19.8686   2135.766191  x:  0.21389   0.00972   0.24465   0.19094   0.03014   0.06224   0.22128   0.01902   0.07243   0.02402   0.08186   0.03235   0.01177   0.16091   0.11962   0.11572   0.07228   0.15593   0.03000   0.08560   0.04172   0.02738   0.03786  10.48198   1.57258   0.94083   1.46368   1.03506  
 17 15.2555   2135.736905  x:  0.21466   0.00984   0.24563   0.18971   0.03130   0.06224   0.22196   0.01957   0.07293   0.02471   0.08145   0.03076   0.01151   0.16144   0.12110   0.11662   0.07115   0.15453   0.02945   0.08463   0.04165   0.02625   0.03770  10.48195   1.58400   0.95398   1.47221   1.03418  
 18 41.0616   2135.717567  x:  0.21433   0.00961   0.24900   0.18981   0.03119   0.06225   0.21999   0.01941   0.07287   0.02466   0.08070   0.03110   0.01156   0.16157   0.12035   0.11350   0.07192   0.15726   0.02932   0.08553   0.04149   0.02641   0.03771  10.48193   1.59262   0.96380   1.47696   1.03381  
 19 10.1314   2135.715808  x:  0.21387   0.00953   0.24947   0.19039   0.03117   0.06225   0.21929   0.01951   0.07313   0.02464   0.08156   0.03099   0.01158   0.16147   0.11968   0.11409   0.07165   0.15757   0.02932   0.08535   0.04155   0.02640   0.03783  10.48193   1.59400   0.96452   1.47692   1.03404  
 20  2.1254   2135.715064  x:  0.21362   0.00950   0.24962   0.19079   0.03116   0.06224   0.21900   0.01950   0.07278   0.02466   0.08123   0.03101   0.01159   0.16142   0.11950   0.11449   0.07156   0.15747   0.02930   0.08531   0.04155   0.02643   0.03750  10.48193   1.59508   0.96460   1.47652   1.03438  
 21  1.4376   2135.714368  x:  0.21348   0.00948   0.24967   0.19108   0.03115   0.06224   0.21889   0.01952   0.07268   0.02465   0.08089   0.03100   0.01159   0.16138   0.11953   0.11464   0.07158   0.15728   0.02936   0.08534   0.04155   0.02639   0.03795  10.48194   1.59639   0.96451   1.47592   1.03487  
 22  2.2351   2135.712614  x:  0.21345   0.00948   0.24956   0.19119   0.03116   0.06224   0.21904   0.01943   0.07329   0.02462   0.08100   0.03111   0.01158   0.16136   0.11986   0.11416   0.07168   0.15668   0.02938   0.08546   0.04151   0.02639   0.03772  10.48196   1.60017   0.96398   1.47405   1.03642  
 23  2.7608   2135.711912  x:  0.21367   0.00952   0.24937   0.19069   0.03118   0.06224   0.21926   0.01958   0.07273   0.02463   0.08136   0.03097   0.01157   0.16142   0.11986   0.11405   0.07170   0.15699   0.02937   0.08531   0.04156   0.02637   0.03774  10.48198   1.60164   0.96376   1.47331   1.03719  
 24  1.6476   2135.711597  x:  0.21385   0.00955   0.24925   0.19026   0.03118   0.06224   0.21933   0.01952   0.07296   0.02462   0.08115   0.03103   0.01158   0.16146   0.11972   0.11434   0.07162   0.15744   0.02934   0.08532   0.04157   0.02637   0.03774  10.48199   1.60205   0.96371   1.47313   1.03767  
 25  0.6200   2135.705114  x:  0.21486   0.00950   0.24904   0.19038   0.03125   0.06224   0.21813   0.01967   0.07293   0.02438   0.08116   0.03118   0.01159   0.16124   0.11953   0.11413   0.07154   0.15688   0.02948   0.08529   0.04163   0.02612   0.03771  10.48271   1.60084   0.96536   1.47553   1.05034  
 26  0.2482   2135.702688  x:  0.21265   0.00951   0.24941   0.18992   0.03128   0.06224   0.21926   0.01967   0.07293   0.02429   0.08114   0.03125   0.01159   0.16159   0.11949   0.11408   0.07153   0.15694   0.02954   0.08529   0.04165   0.02602   0.03770  10.48302   1.60057   0.96572   1.47617   1.05288  
 27  1.1667   2135.668532  x:  0.21180   0.00957   0.24917   0.18697   0.03171   0.06222   0.21744   0.02025   0.07291   0.02293   0.08087   0.03214   0.01161   0.15675   0.11888   0.11383   0.07091   0.15583   0.03015   0.08486   0.04223   0.02461   0.03752  10.48819   1.60277   0.96474   1.47844   1.04318  
 28  0.2414   2135.654398  x:  0.21228   0.00949   0.24859   0.18657   0.03191   0.06221   0.21606   0.02051   0.07291   0.02234   0.08075   0.03252   0.01150   0.16128   0.11772   0.11362   0.07079   0.15503   0.03047   0.08485   0.04237   0.02401   0.03744  10.49038   1.60379   0.96415   1.47937   1.03869  
 29  4.4945   2135.644099  x:  0.21150   0.00981   0.24783   0.18423   0.03213   0.06215   0.21451   0.02050   0.07293   0.02309   0.08055   0.03260   0.01188   0.16137   0.11625   0.11314   0.07038   0.15340   0.03085   0.08451   0.04266   0.02479   0.03754  10.49272   1.60392   0.96361   1.47977   1.03774  
 30  0.0028   2135.642976  x:  0.21166   0.00983   0.24800   0.18404   0.03204   0.06209   0.21494   0.02039   0.07291   0.02297   0.08047   0.03242   0.01171   0.16118   0.11562   0.11288   0.06990   0.15300   0.03079   0.08453   0.04257   0.02471   0.03762  10.48975   1.60352   0.96362   1.47932   1.03857  
 31  0.0022   2135.639130  x:  0.21165   0.00979   0.24787   0.18388   0.03174   0.06168   0.21467   0.02039   0.07287   0.02302   0.08048   0.03237   0.01175   0.16130   0.11577   0.11285   0.07001   0.15303   0.03042   0.08454   0.04227   0.02467   0.03762  10.47305   1.60326   0.96350   1.47899   1.03774  
 32  0.0021   2135.626337  x:  0.21149   0.00970   0.24749   0.18346   0.03115   0.05894   0.21390   0.02061   0.07274   0.02318   0.08052   0.03243   0.01173   0.16159   0.11614   0.11288   0.07035   0.15311   0.02953   0.08457   0.04163   0.02470   0.03761  10.39500   1.60287   0.96302   1.47872   1.03541  
 33  0.0390   2135.613280  x:  0.21162   0.00990   0.24786   0.18391   0.03236   0.05680   0.21457   0.02081   0.07277   0.02313   0.08050   0.03247   0.01175   0.16124   0.11587   0.11298   0.07009   0.15313   0.03084   0.08451   0.04263   0.02468   0.03759  10.41696   1.60370   0.96333   1.47965   1.03755  
 34  0.0076   2135.612487  x:  0.21173   0.00987   0.24798   0.18411   0.03236   0.05693   0.21471   0.02081   0.07278   0.02309   0.08051   0.03245   0.01168   0.16126   0.11584   0.11299   0.07002   0.15320   0.03081   0.08452   0.04262   0.02476   0.03759  10.47676   1.60375   0.96332   1.47946   1.03817  
 35  0.0283   2135.612407  x:  0.21169   0.00987   0.24793   0.18399   0.03231   0.05677   0.21462   0.02081   0.07277   0.02312   0.08051   0.03245   0.01172   0.16127   0.11587   0.11299   0.07006   0.15317   0.03076   0.08452   0.04258   0.02471   0.03759  10.48250   1.60389   0.96333   1.47961   1.03820  
 36  0.0052   2135.612406  x:  0.21169   0.00987   0.24792   0.18399   0.03231   0.05677   0.21462   0.02081   0.07277   0.02312   0.08051   0.03245   0.01172   0.16127   0.11588   0.11299   0.07006   0.15317   0.03076   0.08452   0.04258   0.02471   0.03759  10.48248   1.60390   0.96333   1.47963   1.03819  
 37  0.0000   2135.612406  x:  0.21169   0.00987   0.24792   0.18399   0.03231   0.05677   0.21462   0.02081   0.07277   0.02312   0.08051   0.03245   0.01172   0.16127   0.11588   0.11299   0.07006   0.15317   0.03076   0.08452   0.04258   0.02471   0.03759  10.48249   1.60391   0.96333   1.47963   1.03819  
 38  0.0000   2135.612406  x:  0.21169   0.00987   0.24792   0.18399   0.03231   0.05677   0.21462   0.02081   0.07277   0.02312   0.08051   0.03245   0.01172   0.16127   0.11588   0.11299   0.07006   0.15317   0.03076   0.08452   0.04258   0.02471   0.03759  10.48249   1.60391   0.96333   1.47963   1.03819  