

TREE # 1

  0  0.0000   2211.906795  x:  0.00000   0.04912   0.05679   0.02825   0.08203   0.08964   0.04222   0.06708   0.10963   0.03689   0.11888   0.02846   0.05553   0.01243   0.03716   0.06985   0.08414   0.04131   0.06865   0.08706   0.08900   0.11075   0.09369   2.00000   1.48610   1.10532   1.38951   0.40000  
  1 99.0000   2194.114064  x:  0.17067   0.09649   0.03877   0.03362   0.07092   0.08499   0.03305   0.07434   0.11235   0.03893   0.13120   0.02802   0.09184   0.02319   0.04698   0.06382   0.08531   0.04892   0.05941   0.10617   0.07777   0.12784   0.11800   2.00372   1.48544   1.10384   1.39119   0.41581  
  2 1361.5642   2169.110950  x:  0.15123   0.13643   0.00000   0.04113   0.04426   0.07456   0.01657   0.08704   0.11740   0.02809   0.15100   0.01691   0.13859   0.01490   0.05748   0.04995   0.08767   0.05882   0.03822   0.14017   0.04699   0.15976   0.15684   2.01407   1.48354   1.10068   1.39514   0.45529  
  3 336.4694   2162.474416  x:  0.13845   0.16448   0.02408   0.04645   0.02772   0.06760   0.01453   0.09493   0.12125   0.02792   0.16571   0.01125   0.17035   0.01431   0.06381   0.04116   0.08927   0.06437   0.02580   0.16309   0.02363   0.18238   0.18382   2.02296   1.48197   1.09809   1.39839   0.48665  
  4 709.0469   2159.240991  x:  0.13158   0.17856   0.02362   0.04507   0.03511   0.06639   0.04030   0.09607   0.12205   0.03126   0.17331   0.01805   0.18613   0.02586   0.06483   0.04306   0.08987   0.06303   0.03809   0.17227   0.01686   0.19452   0.19785   2.03288   1.48030   1.09564   1.40148   0.51382  
  5 234.4270   2156.549022  x:  0.12767   0.18956   0.02618   0.03653   0.05025   0.07107   0.03134   0.08974   0.12034   0.03882   0.17933   0.01683   0.19733   0.02156   0.05982   0.05389   0.08926   0.05356   0.04939   0.17261   0.04110   0.20436   0.20838   2.05704   1.47635   1.09095   1.40777   0.56545  
  6 121.9020   2152.204515  x:  0.13240   0.18221   0.02409   0.03749   0.05082   0.07987   0.02502   0.07252   0.11488   0.03576   0.17560   0.01518   0.18096   0.02188   0.03990   0.05743   0.08517   0.04549   0.04576   0.14930   0.01946   0.20075   0.20152   2.12638   1.46591   1.08015   1.42349   0.67744  
  7 107.3529   2148.818190  x:  0.13662   0.16811   0.02255   0.04361   0.03718   0.07759   0.03281   0.07646   0.11295   0.03138   0.16871   0.01602   0.16079   0.02509   0.06329   0.04968   0.08418   0.05825   0.03469   0.13162   0.02970   0.19159   0.18889   2.20433   1.45560   1.06866   1.43978   0.78183  
  8 223.5952   2147.717510  x:  0.13908   0.15969   0.02251   0.04059   0.03965   0.06844   0.02943   0.09152   0.11621   0.03549   0.16503   0.01820   0.15509   0.01656   0.06760   0.04508   0.08730   0.06021   0.04435   0.13921   0.02419   0.18452   0.18133   2.24318   1.45249   1.06413   1.44576   0.80737  
  9 96.5216   2146.919223  x:  0.13950   0.15198   0.02200   0.03790   0.04108   0.06315   0.02506   0.10058   0.12090   0.03641   0.16263   0.01553   0.15482   0.02938   0.06389   0.04605   0.09019   0.05734   0.04156   0.15339   0.02507   0.17747   0.17470   2.28983   1.45037   1.05985   1.45113   0.81840  
 10 89.2283   2145.306964  x:  0.14159   0.14246   0.02176   0.04013   0.03819   0.06756   0.03558   0.10227   0.12782   0.03436   0.16116   0.01816   0.16041   0.02048   0.05266   0.05096   0.09183   0.05321   0.02945   0.17708   0.03135   0.16802   0.16698   2.39637   1.44733   1.05159   1.46131   0.82355  
 11 126.8651   2141.607691  x:  0.14117   0.13710   0.02340   0.04966   0.02615   0.08565   0.03114   0.07674   0.13048   0.02721   0.16313   0.01515   0.16941   0.02153   0.05619   0.04845   0.08531   0.06378   0.05233   0.20209   0.03271   0.16066   0.16268   2.68477   1.44177   1.03252   1.48532   0.81147  
 12 212.3736   2136.392555  x:  0.13723   0.14794   0.02295   0.04790   0.06106   0.08932   0.02414   0.05793   0.11992   0.03598   0.16753   0.02039   0.17189   0.02147   0.07526   0.03783   0.07748   0.07322   0.03760   0.19806   0.02200   0.16823   0.17086   3.13258   1.43508   1.00706   1.51886   0.78012  
 13 488.4579   2129.252320  x:  0.13284   0.17601   0.02270   0.03109   0.04826   0.07618   0.03007   0.08675   0.10040   0.03530   0.17487   0.00776   0.16788   0.02112   0.07225   0.05745   0.08109   0.05931   0.03778   0.14591   0.01970   0.19412   0.19267   3.69843   1.42902   0.98241   1.55516   0.73356  
 14 617.8715   2128.366983  x:  0.13152   0.18035   0.02257   0.03808   0.04419   0.07021   0.02666   0.09072   0.10300   0.03597   0.17537   0.02074   0.16783   0.02343   0.06649   0.05410   0.08400   0.05496   0.03878   0.13566   0.02323   0.19955   0.19690   3.77803   1.42902   0.98214   1.55782   0.72742  
 15 330.7079   2128.024495  x:  0.13147   0.18220   0.02226   0.04180   0.04536   0.06596   0.02884   0.08986   0.11054   0.03682   0.17439   0.01529   0.16708   0.02308   0.06136   0.04602   0.08713   0.05453   0.03988   0.13109   0.02635   0.20244   0.19856   3.80559   1.43055   0.98796   1.55419   0.72632  
 16 72.4160   2127.691311  x:  0.13146   0.18309   0.02242   0.03386   0.04443   0.06691   0.02857   0.08771   0.12185   0.03553   0.17120   0.01770   0.16470   0.02316   0.06099   0.04684   0.09098   0.05877   0.03928   0.12962   0.02600   0.20694   0.20025   3.83458   1.43649   1.00943   1.53828   0.72798  
 17 33.3951   2127.226564  x:  0.13135   0.18306   0.02192   0.04145   0.04584   0.07009   0.02783   0.08959   0.12575   0.03901   0.16739   0.01597   0.16138   0.02308   0.06553   0.05432   0.09074   0.05646   0.03933   0.13127   0.02390   0.21178   0.20161   3.87785   1.44841   1.04999   1.50718   0.73226  
 18 67.8306   2126.855691  x:  0.13155   0.18206   0.02233   0.03886   0.04486   0.06882   0.02866   0.09046   0.11450   0.03636   0.16851   0.01677   0.16245   0.02320   0.06454   0.04768   0.08532   0.05268   0.03964   0.13415   0.02556   0.21153   0.20117   3.91141   1.45993   1.08399   1.47970   0.73656  
 19 68.2098   2126.799154  x:  0.13136   0.18196   0.02235   0.03960   0.04540   0.06728   0.02859   0.09055   0.11143   0.03673   0.17090   0.01675   0.16442   0.02328   0.06240   0.04871   0.08698   0.05706   0.03964   0.13339   0.02590   0.20914   0.20057   3.91674   1.46318   1.08868   1.47481   0.73750  
 20 20.5092   2126.763970  x:  0.13109   0.18237   0.02224   0.03931   0.04536   0.06784   0.02849   0.09024   0.11210   0.03698   0.17492   0.01675   0.16718   0.02324   0.06396   0.04847   0.08965   0.05538   0.03960   0.13139   0.02519   0.20441   0.19966   3.92012   1.46832   1.08928   1.47118   0.73836  
 21  7.9673   2126.720130  x:  0.13073   0.18373   0.02219   0.03932   0.04556   0.06749   0.02839   0.09138   0.11474   0.03690   0.17643   0.01682   0.16766   0.02328   0.06356   0.04899   0.08461   0.05608   0.03954   0.13039   0.02516   0.20138   0.19986   3.92434   1.47946   1.08565   1.46663   0.73986  
 22  5.7530   2126.594987  x:  0.13030   0.18572   0.02198   0.03940   0.04463   0.06781   0.02853   0.09046   0.11256   0.03759   0.17194   0.01681   0.16358   0.02320   0.06306   0.04826   0.08813   0.05596   0.03939   0.13347   0.02555   0.20281   0.20155   3.93658   1.51417   1.07195   1.45510   0.74446  
 23 12.7660   2126.559976  x:  0.13057   0.18317   0.02246   0.04007   0.04611   0.06716   0.02830   0.09077   0.11271   0.03391   0.17173   0.01662   0.16564   0.02295   0.06360   0.04880   0.08857   0.05577   0.03963   0.13300   0.02534   0.20565   0.20037   3.93986   1.51969   1.07069   1.45492   0.74549  
 24  6.0260   2126.454270  x:  0.13084   0.17452   0.02179   0.03913   0.04472   0.06760   0.02823   0.09089   0.11306   0.03816   0.17225   0.01614   0.17291   0.02309   0.06397   0.04816   0.08737   0.05595   0.03931   0.13105   0.02457   0.21369   0.19614   3.95009   1.53072   1.07078   1.45866   0.74820  
 25 10.7739   2123.868663  x:  0.11977   0.16488   0.01690   0.04040   0.03907   0.06514   0.02709   0.09270   0.12071   0.03961   0.22804   0.01515   0.15431   0.02036   0.06091   0.04591   0.08877   0.05728   0.03712   0.16095   0.02596   0.23154   0.20096   4.21092   1.67020   1.16541   1.64067   0.81270  
 26  9.7970   2120.822446  x:  0.09944   0.18766   0.01490   0.04186   0.03730   0.07295   0.02482   0.10295   0.12156   0.03643   0.17861   0.01398   0.19915   0.01861   0.05966   0.04007   0.09115   0.06047   0.03660   0.17109   0.02385   0.20232   0.20821   4.50535   1.80817   1.27164   1.83866   0.88652  
 27 115.6401   2120.642747  x:  0.09836   0.18930   0.01457   0.04132   0.03528   0.06375   0.02539   0.09715   0.12185   0.03722   0.17512   0.01381   0.20188   0.01756   0.06158   0.04327   0.09026   0.05833   0.03642   0.17250   0.02339   0.20032   0.20747   4.52219   1.81310   1.27582   1.84658   0.89063  
 28 44.4021   2118.899843  x:  0.08521   0.22236   0.01209   0.04281   0.03248   0.06535   0.02463   0.09954   0.12784   0.03701   0.18251   0.01444   0.20848   0.01632   0.06085   0.04206   0.09122   0.05980   0.03575   0.18627   0.02278   0.21482   0.16418   4.69503   1.68090   1.19057   1.71320   0.92922  
 29  8.1404   2115.900795  x:  0.07167   0.19960   0.00851   0.04382   0.02851   0.06525   0.02295   0.10280   0.13801   0.03737   0.19078   0.01239   0.22202   0.01404   0.06118   0.04067   0.09308   0.06164   0.03449   0.20380   0.02075   0.21161   0.20464   4.99418   1.44019   1.03398   1.46813   0.99498  
 30 134.8087   2110.739126  x:  0.03119   0.19166   0.00000   0.04426   0.03607   0.06834   0.02126   0.09677   0.12564   0.03587   0.18587   0.00927   0.22033   0.01953   0.06270   0.04852   0.08909   0.05977   0.03351   0.19683   0.02238   0.21398   0.21795   5.64724   1.53807   1.08456   1.57047   1.08088  
 31  0.5116   2110.739126  x:  0.03119   0.19166   0.00000   0.04426   0.03607   0.06834   0.02126   0.09677   0.12564   0.03587   0.18587   0.00927   0.22033   0.01953   0.06270   0.04852   0.08909   0.05977   0.03351   0.19683   0.02238   0.21398   0.21795   5.64724   1.53807   1.08456   1.57047   1.08088  
 32  0.6238   2109.002073  x:  0.00977   0.18684   0.01167   0.04292   0.03896   0.06901   0.02763   0.09399   0.12461   0.03909   0.18519   0.01607   0.21454   0.01567   0.06133   0.04741   0.08862   0.05838   0.03764   0.19128   0.02293   0.21310   0.21477   5.64730   1.53805   1.08475   1.57003   1.07939  
 33 120.7322   2108.461720  x:  0.00000   0.18373   0.00681   0.04167   0.03926   0.06930   0.02778   0.09243   0.12373   0.03863   0.18492   0.01687   0.21059   0.01583   0.06074   0.04692   0.08838   0.05775   0.03867   0.18770   0.02335   0.21239   0.21277   5.64734   1.53802   1.08486   1.56972   1.07828  
 34 123.5329   2107.889203  x:  0.00275   0.17339   0.00256   0.03864   0.04114   0.07033   0.02964   0.08670   0.12075   0.04065   0.18619   0.02361   0.19424   0.01498   0.05853   0.04540   0.08751   0.05568   0.04190   0.17321   0.02445   0.20991   0.20487   5.64753   1.53795   1.08520   1.56846   1.07346  
 35 52.1901   2107.576866  x:  0.00324   0.16598   0.00538   0.03894   0.04039   0.07048   0.02589   0.08445   0.11937   0.04075   0.18710   0.02007   0.18143   0.01870   0.05813   0.04556   0.08723   0.05565   0.04029   0.16311   0.02485   0.20781   0.19909   5.64769   1.53789   1.08543   1.56739   1.06903  
 36 77.0106   2107.508643  x:  0.00339   0.16431   0.00541   0.04014   0.03971   0.07019   0.02667   0.08555   0.11960   0.04021   0.18733   0.01810   0.17780   0.01571   0.05853   0.04623   0.08741   0.05646   0.03897   0.16113   0.02443   0.20726   0.19765   5.64776   1.53787   1.08545   1.56695   1.06679  
 37 31.9620   2107.477133  x:  0.00338   0.16377   0.00516   0.04122   0.03935   0.06968   0.02839   0.08820   0.12055   0.03965   0.18744   0.01889   0.17541   0.01685   0.05970   0.04691   0.08781   0.05745   0.03850   0.16113   0.02473   0.20704   0.19687   5.64786   1.53784   1.08535   1.56633   1.06317  
 38 14.4906   2107.440832  x:  0.00324   0.16392   0.00523   0.04070   0.03955   0.06929   0.02612   0.09123   0.12203   0.03968   0.18753   0.02032   0.17277   0.01618   0.06036   0.04671   0.08824   0.05765   0.03941   0.16255   0.02477   0.20690   0.19621   5.64808   1.53776   1.08511   1.56498   1.05508  
 39 14.3318   2107.354112  x:  0.00333   0.16536   0.00508   0.03815   0.04061   0.06988   0.02767   0.09204   0.12409   0.04118   0.18766   0.01796   0.16875   0.01668   0.05872   0.04500   0.08833   0.05581   0.04013   0.16683   0.02488   0.20659   0.19568   5.64878   1.53734   1.08427   1.56072   1.02911  
 40 22.5608   2107.224234  x:  0.00298   0.16686   0.00504   0.04108   0.03927   0.07067   0.02703   0.08730   0.12419   0.04067   0.18783   0.02003   0.16735   0.01647   0.05664   0.04650   0.08783   0.05606   0.03763   0.17052   0.02625   0.20657   0.19586   5.64992   1.53634   1.08283   1.55385   0.98646  
 41 48.5947   2107.160860  x:  0.00314   0.16647   0.00540   0.04079   0.03972   0.06980   0.02725   0.08647   0.12170   0.03880   0.18790   0.01921   0.17031   0.01658   0.05893   0.04716   0.08768   0.05809   0.04049   0.16834   0.02471   0.20668   0.19663   5.65050   1.53529   1.08189   1.55041   0.96406  
 42 33.1383   2107.131678  x:  0.00308   0.16575   0.00536   0.04013   0.03990   0.06951   0.02716   0.08828   0.12026   0.03996   0.18785   0.01930   0.17351   0.01647   0.05997   0.04601   0.08784   0.05747   0.03884   0.16522   0.02513   0.20686   0.19724   5.65076   1.53428   1.08126   1.54889   0.95349  
 43 21.4609   2107.127563  x:  0.00309   0.16553   0.00533   0.04049   0.03963   0.06989   0.02715   0.08891   0.12079   0.04001   0.18778   0.01929   0.17426   0.01661   0.05912   0.04634   0.08799   0.05688   0.03912   0.16432   0.02457   0.20694   0.19733   5.65079   1.53366   1.08100   1.54876   0.95200  
 44  5.3458   2107.126259  x:  0.00312   0.16544   0.00536   0.04038   0.03972   0.07002   0.02715   0.08894   0.12143   0.03978   0.18771   0.01918   0.17456   0.01656   0.05892   0.04645   0.08803   0.05696   0.03926   0.16395   0.02510   0.20700   0.19732   5.65078   1.53292   1.08071   1.54880   0.95157  
 45  2.4738   2107.124079  x:  0.00312   0.16532   0.00533   0.04015   0.03988   0.06993   0.02714   0.08857   0.12259   0.03982   0.18753   0.01926   0.17479   0.01660   0.05908   0.04622   0.08799   0.05739   0.03895   0.16364   0.02467   0.20715   0.19726   5.65074   1.53062   1.07984   1.54901   0.95100  
 46  2.5198   2107.119598  x:  0.00314   0.16522   0.00519   0.04059   0.03943   0.06963   0.02710   0.08826   0.12297   0.04050   0.18730   0.01906   0.17479   0.01657   0.05984   0.04625   0.08790   0.05694   0.03937   0.16373   0.02483   0.20734   0.19712   5.65061   1.52464   1.07757   1.54948   0.95003  
 47  4.2539   2107.111475  x:  0.00319   0.16519   0.00533   0.04024   0.03973   0.06975   0.02709   0.08862   0.12174   0.03958   0.18718   0.01916   0.17444   0.01658   0.05954   0.04658   0.08790   0.05650   0.03896   0.16430   0.02476   0.20750   0.19696   5.65035   1.51338   1.07328   1.55005   0.94845  
 48 10.9376   2107.109891  x:  0.00317   0.16529   0.00527   0.04040   0.03969   0.06994   0.02705   0.08881   0.12137   0.03988   0.18734   0.01910   0.17436   0.01661   0.05906   0.04629   0.08796   0.05721   0.03909   0.16436   0.02485   0.20739   0.19705   5.65029   1.51130   1.07240   1.54978   0.94824  
 49  4.7191   2107.105387  x:  0.00305   0.16626   0.00528   0.04005   0.03904   0.06983   0.02707   0.08871   0.12155   0.03972   0.18910   0.01919   0.17414   0.01662   0.05917   0.04631   0.08836   0.05716   0.03904   0.16387   0.02483   0.20600   0.19820   5.64993   1.50739   1.06979   1.54470   0.94868  
 50  1.3274   2107.101512  x:  0.00301   0.16666   0.00512   0.04067   0.04009   0.06983   0.02692   0.08871   0.12170   0.03977   0.18986   0.01905   0.17411   0.01667   0.05934   0.04640   0.08825   0.05697   0.03900   0.16367   0.02479   0.20536   0.19872   5.64959   1.50432   1.06755   1.53985   0.94916  
 51  8.7332   2107.085696  x:  0.00324   0.16587   0.00501   0.04054   0.03947   0.07018   0.02676   0.08909   0.12168   0.03951   0.18828   0.01878   0.17491   0.01676   0.05943   0.04638   0.08653   0.05716   0.03889   0.16430   0.02472   0.20642   0.19786   5.64815   1.49312   1.05861   1.51882   0.95146  
 52  8.6060   2107.082579  x:  0.00329   0.16570   0.00495   0.04047   0.03955   0.06978   0.02671   0.08891   0.12157   0.03963   0.18772   0.01868   0.17506   0.01679   0.05932   0.04656   0.08810   0.05721   0.03883   0.16444   0.02472   0.20703   0.19756   5.64784   1.49116   1.05694   1.51494   0.95190  
 53  6.8277   2107.081846  x:  0.00330   0.16583   0.00496   0.04069   0.03948   0.07000   0.02671   0.08887   0.12157   0.03934   0.18772   0.01867   0.17499   0.01678   0.05944   0.04608   0.08833   0.05710   0.03887   0.16437   0.02471   0.20735   0.19759   5.64772   1.49113   1.05677   1.51476   0.95195  
 54  0.6513   2107.074328  x:  0.00323   0.16743   0.00472   0.04047   0.03947   0.07099   0.02651   0.08892   0.12139   0.03960   0.18827   0.01840   0.17426   0.01685   0.05989   0.04675   0.08824   0.05729   0.03868   0.16352   0.02466   0.21021   0.19825   5.64633   1.49253   1.05606   1.51593   0.95220  
 55  0.8466   2107.058925  x:  0.00329   0.16822   0.00440   0.04078   0.03928   0.06828   0.02622   0.08909   0.12133   0.03905   0.18900   0.01794   0.17409   0.01705   0.05881   0.04636   0.08737   0.05720   0.03855   0.16310   0.02481   0.21217   0.19882   5.64345   1.49578   1.05535   1.51922   0.95262  
 56  3.5210   2106.999976  x:  0.00402   0.16513   0.00314   0.04087   0.03864   0.06967   0.02488   0.08933   0.12139   0.03838   0.18945   0.01633   0.17652   0.01756   0.05965   0.04672   0.08808   0.05752   0.03756   0.16555   0.02458   0.20854   0.19846   5.63246   1.50824   1.05488   1.53290   0.95408  
 57  6.6962   2106.993761  x:  0.00412   0.16737   0.00299   0.04095   0.03857   0.06960   0.02474   0.08939   0.12124   0.03822   0.18704   0.01625   0.17636   0.01763   0.05969   0.04675   0.08806   0.05756   0.03747   0.16474   0.02457   0.20702   0.19816   5.63127   1.50855   1.05771   1.53393   0.95426  
 58  2.4643   2106.987726  x:  0.00419   0.16676   0.00285   0.04096   0.03852   0.06960   0.02461   0.08945   0.12137   0.03817   0.18784   0.01605   0.17656   0.01769   0.05973   0.04679   0.08809   0.05761   0.03739   0.16511   0.02458   0.20791   0.19869   5.63009   1.50674   1.06621   1.53392   0.95448  
 59  1.6730   2106.987685  x:  0.00418   0.16686   0.00285   0.04097   0.03852   0.06960   0.02461   0.08945   0.12137   0.03817   0.18798   0.01605   0.17664   0.01769   0.05973   0.04679   0.08810   0.05761   0.03739   0.16511   0.02457   0.20791   0.19841   5.63007   1.50673   1.06626   1.53392   0.95449  
 60  0.1292   2106.982127  x:  0.00496   0.16713   0.00316   0.04104   0.03848   0.06962   0.02481   0.08963   0.12141   0.03813   0.18786   0.01631   0.17769   0.01757   0.05986   0.04686   0.08816   0.05770   0.03735   0.16573   0.02450   0.20768   0.19884   5.62458   1.50833   1.06792   1.53618   0.95564  
 61  0.0164   2106.981857  x:  0.00505   0.16701   0.00304   0.04099   0.03850   0.06962   0.02487   0.08957   0.12136   0.03814   0.18787   0.01641   0.17762   0.01754   0.05984   0.04685   0.08814   0.05768   0.03742   0.16562   0.02451   0.20766   0.19880   5.62742   1.50843   1.06780   1.53625   0.95560  
 62  0.0038   2106.981848  x:  0.00507   0.16698   0.00304   0.04098   0.03851   0.06962   0.02485   0.08955   0.12135   0.03813   0.18787   0.01639   0.17759   0.01754   0.05984   0.04684   0.08814   0.05767   0.03743   0.16558   0.02451   0.20764   0.19878   5.62681   1.50842   1.06779   1.53622   0.95548  
 63  0.0007   2106.981848  x:  0.00507   0.16698   0.00304   0.04098   0.03851   0.06962   0.02485   0.08955   0.12135   0.03813   0.18787   0.01639   0.17759   0.01754   0.05984   0.04684   0.08814   0.05767   0.03743   0.16558   0.02451   0.20765   0.19877   5.62701   1.50841   1.06779   1.53622   0.95549  
 64  0.0003   2106.981848  x:  0.00507   0.16698   0.00304   0.04098   0.03851   0.06962   0.02485   0.08955   0.12135   0.03813   0.18787   0.01639   0.17759   0.01754   0.05984   0.04684   0.08814   0.05767   0.03743   0.16558   0.02451   0.20765   0.19877   5.62698   1.50841   1.06779   1.53622   0.95549  

TREE # 2

  0  0.0000   2128.898229  x:  0.19432   0.02388   0.19701   0.07387   0.04456   0.00000   0.14439   0.04328   0.06242   0.03223   0.07489   0.06387   0.01779   0.18256   0.07712   0.04249   0.00737   0.09847   0.04048   0.07256   0.05829   0.06362   0.04071   5.62698   1.39364   1.03620   1.39883   0.95549  
  1 99.0000   2123.148651  x:  0.19437   0.02377   0.19710   0.07535   0.04444   0.02286   0.14472   0.04395   0.06192   0.03276   0.07513   0.06376   0.01737   0.18261   0.07834   0.04240   0.00695   0.09878   0.04045   0.07286   0.05786   0.06374   0.04020   5.62698   1.39368   1.03616   1.39889   0.95550  
  2 2748.8776   2115.155764  x:  0.19529   0.02159   0.19862   0.09945   0.03933   0.02257   0.14862   0.04902   0.05301   0.04170   0.07935   0.06187   0.01009   0.18338   0.09977   0.04087   0.00000   0.10423   0.03991   0.07814   0.05032   0.06585   0.03136   5.62694   1.39428   1.03549   1.39988   0.95544  
  3 268.0669   2111.510661  x:  0.19649   0.01883   0.20080   0.12851   0.03136   0.02229   0.15420   0.05501   0.04059   0.04914   0.08459   0.05923   0.00363   0.18453   0.12661   0.04014   0.02486   0.11243   0.04049   0.08481   0.04109   0.06854   0.02122   5.62689   1.39532   1.03440   1.40152   0.95538  
  4 555.2276   2110.987953  x:  0.19708   0.01922   0.20166   0.13432   0.02826   0.02225   0.15630   0.05564   0.03865   0.04556   0.08533   0.05861   0.01331   0.18510   0.13228   0.03855   0.02599   0.11466   0.04070   0.08598   0.03989   0.06895   0.02649   5.62687   1.39605   1.03363   1.40262   0.95528  
  5 95.4760   2110.841006  x:  0.19766   0.01815   0.20249   0.13667   0.02654   0.02225   0.15843   0.05533   0.03967   0.03935   0.08524   0.05850   0.01068   0.18498   0.13378   0.03639   0.02593   0.11625   0.04106   0.08607   0.04070   0.06878   0.02974   5.62683   1.39720   1.03248   1.40433   0.95514  
  6 35.3346   2110.798123  x:  0.19873   0.01944   0.20396   0.13765   0.02764   0.02223   0.16157   0.05484   0.04145   0.03791   0.08498   0.05910   0.01134   0.18478   0.13369   0.03606   0.02587   0.11773   0.04142   0.08542   0.04176   0.06825   0.02753   5.62674   1.39983   1.02993   1.40822   0.95482  
  7 12.3525   2110.719725  x:  0.20120   0.01736   0.20727   0.13755   0.02799   0.02221   0.16843   0.05370   0.04156   0.04049   0.08460   0.05991   0.01125   0.18413   0.13221   0.03670   0.02589   0.11999   0.04127   0.08416   0.04217   0.06764   0.02895   5.62649   1.40776   1.02261   1.41991   0.95382  
  8 20.4584   2110.659490  x:  0.20217   0.01968   0.20880   0.13606   0.02700   0.02221   0.17040   0.05405   0.03868   0.03979   0.08464   0.05873   0.01065   0.18377   0.13115   0.03708   0.02563   0.11932   0.04042   0.08473   0.04021   0.06837   0.02882   5.62623   1.41575   1.01618   1.43163   0.95281  
  9 24.3299   2110.579761  x:  0.20157   0.01693   0.20840   0.13497   0.02759   0.02220   0.16733   0.05567   0.03950   0.03864   0.08535   0.05727   0.01141   0.18388   0.13240   0.03667   0.02558   0.11642   0.04080   0.08687   0.03984   0.06948   0.02742   5.62581   1.42829   1.00796   1.44990   0.95125  
 10 27.4390   2110.527542  x:  0.20028   0.01890   0.20705   0.13578   0.02753   0.02221   0.16343   0.05535   0.04104   0.03992   0.08557   0.05815   0.01079   0.18413   0.13391   0.03625   0.02586   0.11509   0.04153   0.08710   0.04136   0.06906   0.02895   5.62549   1.43743   1.00356   1.46306   0.95014  
 11 37.1212   2110.499965  x:  0.19890   0.01830   0.20517   0.13664   0.02697   0.02225   0.16092   0.05373   0.03980   0.03938   0.08478   0.05963   0.01101   0.18432   0.13384   0.03648   0.02574   0.11608   0.04111   0.08498   0.04129   0.06766   0.02826   5.62528   1.44290   1.00367   1.47063   0.94952  
 12 16.1473   2110.471468  x:  0.19722   0.01848   0.20256   0.13776   0.02842   0.02221   0.16029   0.05526   0.04023   0.03938   0.08420   0.05844   0.01093   0.18436   0.13259   0.03672   0.02576   0.11882   0.04064   0.08357   0.04001   0.06808   0.02888   5.62498   1.44984   1.00886   1.47952   0.94884  
 13 10.5917   2110.423483  x:  0.19545   0.01850   0.19955   0.13785   0.02552   0.02221   0.16134   0.05577   0.04074   0.03997   0.08451   0.05736   0.01121   0.18419   0.13100   0.03682   0.02552   0.12110   0.04095   0.08469   0.04148   0.06922   0.02801   5.62440   1.46212   1.02144   1.49471   0.94779  
 14 22.8437   2110.330125  x:  0.19470   0.01847   0.19783   0.13757   0.02859   0.02220   0.16435   0.05408   0.03871   0.03942   0.08603   0.05970   0.01104   0.18371   0.13170   0.03684   0.02539   0.11951   0.04083   0.08857   0.04226   0.06878   0.02846   5.62316   1.48775   1.05067   1.52546   0.94591  
 15 39.4595   2110.274521  x:  0.19617   0.01857   0.20010   0.13677   0.02754   0.02221   0.16500   0.05347   0.04095   0.03961   0.08555   0.05957   0.01094   0.18359   0.13376   0.03681   0.02546   0.11656   0.04049   0.08664   0.03948   0.06760   0.02844   5.62239   1.50306   1.06858   1.54305   0.94509  
 16 42.6176   2110.253486  x:  0.19769   0.01847   0.20278   0.13668   0.02770   0.02220   0.16401   0.05453   0.03989   0.03964   0.08475   0.05852   0.01089   0.18377   0.13452   0.03668   0.02540   0.11584   0.04113   0.08453   0.04112   0.06795   0.02840   5.62206   1.50914   1.07544   1.54935   0.94508  
 17 20.9753   2110.244751  x:  0.19897   0.01837   0.20539   0.13708   0.02762   0.02221   0.16203   0.05439   0.04007   0.03967   0.08482   0.05907   0.01090   0.18417   0.13367   0.03662   0.02538   0.11721   0.04061   0.08531   0.04091   0.06868   0.02837   5.62187   1.51208   1.07787   1.55108   0.94572  
 18  5.2350   2110.241342  x:  0.19908   0.01835   0.20592   0.13728   0.02756   0.02221   0.16167   0.05448   0.04004   0.03957   0.08515   0.05871   0.01087   0.18434   0.13336   0.03724   0.02529   0.11752   0.04129   0.08570   0.04077   0.06772   0.02842   5.62174   1.51351   1.07828   1.55092   0.94655  
 19  2.1771   2110.222546  x:  0.19824   0.01829   0.20633   0.13776   0.02750   0.02219   0.16182   0.05491   0.03986   0.03996   0.08598   0.05797   0.01093   0.18502   0.13289   0.03559   0.02533   0.11729   0.04011   0.08585   0.04109   0.06597   0.02826   5.62087   1.52186   1.07895   1.54784   0.95269  
 20  3.5847   2110.171274  x:  0.19619   0.01820   0.20593   0.13880   0.02737   0.02217   0.16296   0.05469   0.04000   0.03963   0.08578   0.05900   0.01072   0.18598   0.13369   0.03733   0.02494   0.11625   0.04052   0.08504   0.04095   0.06848   0.02826   5.61842   1.54438   1.08025   1.53895   0.96989  
 21 21.7253   2110.158533  x:  0.19742   0.01828   0.20493   0.13783   0.02757   0.02218   0.16279   0.05420   0.03976   0.03999   0.08428   0.05884   0.01068   0.18485   0.13477   0.03608   0.02483   0.11725   0.04187   0.08560   0.04039   0.06855   0.02814   5.61782   1.54766   1.08042   1.53774   0.97325  
 22  5.7978   2110.139036  x:  0.20035   0.01839   0.20311   0.13700   0.02756   0.02217   0.16232   0.05453   0.03996   0.03986   0.08381   0.05847   0.01058   0.18249   0.13659   0.03732   0.02467   0.11836   0.04016   0.08613   0.04106   0.06787   0.02819   5.61689   1.54952   1.08053   1.53737   0.97701  
 23  5.1388   2110.070978  x:  0.20634   0.01832   0.19977   0.13919   0.02709   0.02213   0.16160   0.05555   0.03964   0.03985   0.08932   0.05975   0.01064   0.17852   0.13567   0.03627   0.02429   0.11781   0.04146   0.08401   0.04037   0.06869   0.02791   5.61367   1.54816   1.08070   1.53978   0.98635  
 24  4.6076   2109.709374  x:  0.21101   0.01742   0.19792   0.15451   0.02681   0.02198   0.16232   0.05181   0.03927   0.04129   0.08285   0.05448   0.01006   0.17912   0.13275   0.03688   0.02242   0.11174   0.04065   0.08711   0.04023   0.06961   0.02714   5.59679   1.52980   1.08133   1.55717   1.02653  
 25 11.0355   2109.214955  x:  0.20397   0.01698   0.20286   0.15709   0.02401   0.02162   0.16505   0.06274   0.03781   0.04234   0.08034   0.06239   0.00812   0.18587   0.14161   0.03715   0.01870   0.11548   0.04108   0.08925   0.03878   0.06713   0.02574   5.57347   1.50362   1.08184   1.58060   1.07584  
 26 44.2840   2108.963634  x:  0.19712   0.01706   0.20729   0.15454   0.02551   0.02163   0.16548   0.05682   0.03741   0.04308   0.08748   0.05716   0.00681   0.18867   0.15079   0.03753   0.01658   0.12159   0.04068   0.08767   0.03864   0.06934   0.02511   5.56213   1.49235   1.08180   1.59013   1.09424  
 27 37.5034   2107.967025  x:  0.18471   0.01590   0.21689   0.17356   0.02322   0.02123   0.16614   0.06003   0.03559   0.04566   0.08706   0.05688   0.00492   0.16153   0.16034   0.03736   0.01043   0.12198   0.04073   0.09057   0.03712   0.06981   0.02250   5.52497   1.50576   1.07450   1.56737   1.01422  
 28  5.4515   2107.309682  x:  0.19908   0.01574   0.20804   0.18200   0.02224   0.02099   0.16862   0.06109   0.03432   0.04730   0.08861   0.05617   0.00168   0.18462   0.16925   0.03761   0.00601   0.12383   0.04075   0.09182   0.03610   0.07048   0.02082   5.50024   1.51792   1.06884   1.54918   0.95236  
 29 39.0124   2107.057189  x:  0.19846   0.01583   0.20821   0.18300   0.02371   0.02081   0.16690   0.06077   0.03648   0.04792   0.08877   0.05714   0.00476   0.18711   0.17101   0.03798   0.00247   0.12287   0.04099   0.09096   0.03763   0.07012   0.02357   5.66838   1.51208   1.06819   1.54172   0.95686  
 30  0.2148   2107.026823  x:  0.19884   0.01618   0.20768   0.18063   0.02424   0.02076   0.16584   0.06012   0.03738   0.04741   0.08842   0.05758   0.00518   0.18794   0.16919   0.03803   0.00363   0.12184   0.04102   0.09006   0.03843   0.06978   0.02493   5.64056   1.50909   1.06770   1.53626   0.95391  
 31  0.0470   2107.014971  x:  0.19869   0.01645   0.20773   0.17847   0.02436   0.02060   0.16522   0.05961   0.03760   0.04682   0.08812   0.05781   0.00494   0.18798   0.16762   0.03820   0.00295   0.12119   0.04102   0.08937   0.03868   0.06954   0.02525   5.60564   1.50711   1.06813   1.53506   0.95711  
 32  0.0403   2107.008355  x:  0.19884   0.01648   0.20760   0.17654   0.02439   0.02024   0.16532   0.05947   0.03742   0.04656   0.08799   0.05772   0.00525   0.18789   0.16606   0.03816   0.00297   0.12108   0.04095   0.08926   0.03851   0.06955   0.02459   5.64852   1.50796   1.06785   1.53555   0.95533  
 33  0.0250   2106.993294  x:  0.19891   0.01613   0.20736   0.17599   0.02442   0.01874   0.16624   0.06011   0.03726   0.04700   0.08829   0.05731   0.00508   0.18765   0.16559   0.03792   0.00298   0.12186   0.04089   0.09021   0.03824   0.06988   0.02480   5.59646   1.51089   1.06674   1.53733   0.94834  
 34  0.0123   2106.983093  x:  0.19883   0.01635   0.20759   0.17694   0.02449   0.01762   0.16583   0.06004   0.03742   0.04709   0.08828   0.05756   0.00484   0.18798   0.16649   0.03809   0.00307   0.12164   0.04096   0.08991   0.03851   0.06974   0.02496   5.63542   1.50970   1.06775   1.53781   0.95703  
 35  0.0267   2106.981909  x:  0.19877   0.01641   0.20765   0.17748   0.02453   0.01753   0.16554   0.05985   0.03744   0.04698   0.08816   0.05768   0.00509   0.18793   0.16691   0.03814   0.00305   0.12136   0.04098   0.08958   0.03854   0.06963   0.02480   5.62421   1.50839   1.06781   1.53627   0.95565  
 36  0.0132   2106.981852  x:  0.19877   0.01639   0.20765   0.17758   0.02451   0.01754   0.16556   0.05983   0.03743   0.04688   0.08814   0.05768   0.00506   0.18787   0.16698   0.03814   0.00304   0.12134   0.04098   0.08954   0.03851   0.06962   0.02486   5.62741   1.50834   1.06779   1.53615   0.95539  
 37  0.0035   2106.981848  x:  0.19878   0.01638   0.20764   0.17759   0.02451   0.01754   0.16558   0.05983   0.03742   0.04684   0.08814   0.05767   0.00507   0.18787   0.16698   0.03813   0.00304   0.12135   0.04097   0.08955   0.03851   0.06962   0.02485   5.62698   1.50841   1.06779   1.53622   0.95551  
 38  0.0004   2106.981848  x:  0.19877   0.01639   0.20765   0.17759   0.02451   0.01754   0.16558   0.05984   0.03743   0.04684   0.08814   0.05767   0.00507   0.18787   0.16698   0.03813   0.00304   0.12135   0.04098   0.08955   0.03851   0.06962   0.02485   5.62698   1.50841   1.06779   1.53622   0.95549  
 39  0.0000   2106.981848  x:  0.19877   0.01639   0.20765   0.17759   0.02451   0.01754   0.16558   0.05984   0.03743   0.04684   0.08814   0.05767   0.00507   0.18787   0.16698   0.03813   0.00304   0.12135   0.04098   0.08955   0.03851   0.06962   0.02485   5.62698   1.50841   1.06779   1.53622   0.95549  