

TREE # 1

  0  0.0000   2344.822332  x:  0.05291   0.00000   0.09155   0.02756   0.07364   0.09567   0.05359   0.04628   0.08806   0.05373   0.08722   0.10929   0.01326   0.03827   0.02588   0.05993   0.06482   0.05906   0.07908   0.06437   0.10955   0.07213   0.08928   0.07153   2.00000   1.65049   0.92888   1.42982   0.40000  
  1 99.0000   2344.819099  x:  0.05291   0.00000   0.09155   0.02756   0.07364   0.09567   0.05359   0.04628   0.08806   0.05373   0.08722   0.10930   0.01325   0.03827   0.02588   0.05992   0.06482   0.05906   0.07908   0.06437   0.10955   0.07213   0.08928   0.07153   2.00000   1.65049   0.92888   1.42982   0.40000  
  2 738.9462   2331.136097  x:  0.06282   0.00000   0.10321   0.02941   0.06097   0.09541   0.05636   0.03635   0.08182   0.06216   0.08686   0.11870   0.00000   0.02752   0.02791   0.04894   0.05711   0.07081   0.07545   0.07034   0.10827   0.07577   0.09866   0.08145   2.00385   1.64923   0.92918   1.43010   0.41173  
  3 563.7002   2320.006476  x:  0.06677   0.00000   0.11533   0.01093   0.02637   0.09519   0.05982   0.01375   0.06695   0.05529   0.08581   0.13472   0.00000   0.03283   0.01667   0.01963   0.03729   0.06031   0.06626   0.07925   0.10420   0.08014   0.10950   0.08542   2.01511   1.64555   0.93018   1.43068   0.44085  
  4 427.9804   2317.021954  x:  0.06475   0.00000   0.11732   0.01916   0.01210   0.09531   0.06061   0.00822   0.06126   0.05043   0.08582   0.13946   0.00000   0.03280   0.01792   0.00903   0.02997   0.05307   0.06279   0.08159   0.10251   0.08084   0.11131   0.08341   2.02058   1.64379   0.93065   1.43094   0.45334  
  5 526.3040   2315.791619  x:  0.06233   0.00000   0.11751   0.01758   0.00545   0.09577   0.06121   0.01355   0.05700   0.04899   0.08572   0.14257   0.00000   0.03264   0.02391   0.01048   0.02579   0.05234   0.06037   0.08306   0.10106   0.08093   0.11171   0.08100   2.02656   1.64195   0.93109   1.43122   0.46546  
  6 193.8895   2313.196294  x:  0.05457   0.00000   0.11728   0.01876   0.01611   0.09762   0.06234   0.01838   0.04413   0.04659   0.08547   0.15240   0.00000   0.03306   0.02736   0.01247   0.01398   0.05221   0.05279   0.08798   0.09557   0.08072   0.11219   0.07329   2.04920   1.63505   0.93273   1.43225   0.50937  
  7 252.6254   2309.981423  x:  0.04746   0.00000   0.10973   0.02224   0.01336   0.10013   0.06070   0.01825   0.03802   0.05071   0.08539   0.15858   0.00000   0.03404   0.01830   0.01937   0.03206   0.05742   0.04920   0.09187   0.08762   0.07715   0.10632   0.06627   2.08997   1.62300   0.93561   1.43379   0.57721  
  8 255.6287   2307.019987  x:  0.05312   0.00000   0.09842   0.01848   0.01760   0.10191   0.05703   0.01166   0.05152   0.05069   0.08546   0.15369   0.00000   0.03334   0.03133   0.01437   0.04232   0.05359   0.05547   0.08774   0.08532   0.07224   0.09668   0.07204   2.13889   1.60910   0.93918   1.43504   0.64305  
  9 278.4965   2304.707893  x:  0.06200   0.00000   0.09410   0.02164   0.01603   0.10167   0.05635   0.02277   0.06692   0.04924   0.08543   0.14038   0.00000   0.03404   0.02122   0.01257   0.03453   0.05390   0.06481   0.07838   0.09007   0.07127   0.09295   0.08102   2.18628   1.59644   0.94262   1.43555   0.68937  
 10 249.2104   2302.941174  x:  0.05660   0.00000   0.10057   0.02191   0.01270   0.09820   0.05718   0.01300   0.07431   0.05167   0.08517   0.12093   0.00000   0.03435   0.02038   0.02238   0.02719   0.05665   0.07047   0.06898   0.10136   0.07568   0.09866   0.07573   2.23784   1.58392   0.94646   1.43496   0.71198  
 11 139.6280   2300.567563  x:  0.05124   0.00000   0.11499   0.02009   0.01637   0.09258   0.06144   0.02069   0.07211   0.05279   0.08497   0.10371   0.00000   0.03480   0.02291   0.00986   0.03758   0.05582   0.07062   0.06930   0.11566   0.08212   0.10730   0.07057   2.32767   1.56377   0.95290   1.43265   0.72148  
 12 146.9700   2294.509541  x:  0.06618   0.00000   0.13086   0.02373   0.01980   0.08339   0.06232   0.02054   0.05771   0.03945   0.08623   0.10542   0.00000   0.03649   0.02410   0.02598   0.04889   0.04047   0.06359   0.08207   0.13899   0.08680   0.10728   0.08616   2.60631   1.50368   0.97184   1.42367   0.71708  
 13 297.6688   2277.393521  x:  0.06371   0.00000   0.10892   0.02069   0.01464   0.07932   0.04889   0.01458   0.03855   0.04792   0.09093   0.14015   0.00000   0.03892   0.02390   0.01347   0.03428   0.06988   0.05584   0.08982   0.17260   0.07362   0.06798   0.08558   3.41229   1.33405   1.02251   1.39564   0.67382  
 14 994.0766   2269.170793  x:  0.05791   0.00000   0.09050   0.02155   0.01405   0.10019   0.05868   0.01802   0.05969   0.07486   0.09019   0.17223   0.00000   0.03933   0.02262   0.01451   0.02965   0.05484   0.05835   0.08802   0.14720   0.06827   0.10762   0.08078   3.82649   1.25574   1.03921   1.37988   0.64841  
 15 837.0836   2265.371923  x:  0.05601   0.00000   0.09475   0.02211   0.01430   0.11218   0.06249   0.01682   0.06805   0.05114   0.08761   0.17781   0.00000   0.04008   0.02445   0.01418   0.03216   0.06934   0.06504   0.07923   0.10705   0.07678   0.12207   0.07931   3.99486   1.23525   1.03543   1.37195   0.63735  
 16 400.5738   2263.492713  x:  0.05779   0.00000   0.10561   0.02197   0.01395   0.11399   0.05908   0.01701   0.06294   0.05979   0.08615   0.16801   0.00000   0.04122   0.02502   0.01464   0.02933   0.06465   0.06572   0.07424   0.07374   0.08198   0.11349   0.08134   4.07783   1.23938   1.02085   1.36619   0.63232  
 17 183.9027   2259.653156  x:  0.06087   0.00000   0.09448   0.02213   0.01191   0.12064   0.06942   0.01318   0.06162   0.05848   0.08601   0.14392   0.00000   0.04339   0.02572   0.01495   0.02235   0.07204   0.05357   0.10308   0.05970   0.06052   0.11932   0.08513   4.25790   1.32572   0.91891   1.34333   0.63065  
 18 80.9444   2255.146072  x:  0.05874   0.00000   0.09707   0.02255   0.01231   0.13037   0.05752   0.01455   0.06631   0.06117   0.08401   0.16603   0.00000   0.04433   0.02606   0.01415   0.02439   0.07090   0.05801   0.09674   0.07358   0.08285   0.11851   0.08390   4.46875   1.44732   0.78266   1.31290   0.63380  
 19 256.9458   2254.534109  x:  0.05924   0.00000   0.10154   0.02245   0.01290   0.12326   0.06405   0.01457   0.06223   0.06090   0.08438   0.17300   0.00000   0.04456   0.02653   0.01386   0.02662   0.07050   0.05976   0.08177   0.07511   0.07090   0.11995   0.08456   4.49378   1.46683   0.77076   1.30767   0.63484  
 20 66.5865   2253.839274  x:  0.05998   0.00000   0.09352   0.02260   0.01330   0.09821   0.05889   0.01529   0.06217   0.06104   0.08484   0.17591   0.00000   0.04467   0.02686   0.01332   0.02695   0.07180   0.05760   0.07855   0.07141   0.07441   0.12770   0.08562   4.50996   1.49880   0.78727   1.29863   0.63741  
 21 19.9900   2251.897679  x:  0.05595   0.00000   0.10867   0.02373   0.01328   0.09334   0.06881   0.01568   0.07641   0.06321   0.08269   0.18668   0.00000   0.04762   0.02698   0.01515   0.02540   0.07288   0.06920   0.09320   0.07165   0.07374   0.11984   0.08275   4.54380   1.60045   0.86575   1.27589   0.64636  
 22 45.7212   2249.773193  x:  0.06190   0.00000   0.10699   0.02395   0.01346   0.12552   0.06147   0.01515   0.06499   0.06478   0.08507   0.18041   0.00000   0.04960   0.02827   0.01433   0.02816   0.07522   0.05511   0.08000   0.07891   0.07560   0.12592   0.09002   4.57327   1.70254   0.94956   1.26524   0.65491  
 23 109.3070   2248.446502  x:  0.06511   0.00000   0.09819   0.02397   0.01378   0.12989   0.06706   0.01390   0.04548   0.06728   0.08748   0.17799   0.00000   0.05071   0.02965   0.01399   0.02845   0.07549   0.07923   0.08206   0.08083   0.08079   0.13130   0.09418   4.57771   1.73477   0.97355   1.30808   0.65793  
 24 26.8487   2232.986419  x:  0.07687   0.00000   0.14489   0.03037   0.01493   0.10924   0.04235   0.01619   0.06034   0.08122   0.09334   0.19912   0.00000   0.07561   0.03716   0.01624   0.02957   0.09667   0.05786   0.09418   0.09259   0.07091   0.15760   0.11877   4.59264   2.05461   1.19839   2.02272   0.69261  
 25 97.0520   2231.726464  x:  0.07914   0.00000   0.14087   0.03090   0.01489   0.10623   0.06310   0.01483   0.06288   0.08377   0.08842   0.20015   0.00000   0.07724   0.03792   0.01668   0.03020   0.09837   0.04613   0.09057   0.09376   0.08325   0.15232   0.12204   4.59267   2.07626   1.21382   2.07442   0.69512  
 26 179.0518   2231.414417  x:  0.07975   0.00000   0.14065   0.03137   0.01493   0.10577   0.06202   0.01480   0.06162   0.08418   0.07147   0.19963   0.00000   0.07769   0.03819   0.01670   0.03024   0.09878   0.04636   0.09102   0.09454   0.08224   0.15310   0.12289   4.58773   2.06744   1.20936   2.06627   0.69617  
 27 12.3722   2216.633631  x:  0.09831   0.00000   0.16742   0.03823   0.01631   0.07999   0.06346   0.01367   0.04862   0.10012   0.08328   0.18097   0.00000   0.10240   0.04720   0.02078   0.02929   0.12016   0.04475   0.12658   0.09892   0.08199   0.17342   0.15326   4.27908   1.43767   0.86347   1.36058   0.75776  
 28 33.2779   2207.097850  x:  0.10592   0.00000   0.18583   0.04395   0.00860   0.12231   0.07521   0.00728   0.05365   0.11421   0.08551   0.20302   0.00000   0.12574   0.05204   0.00766   0.01273   0.14423   0.06982   0.11749   0.08570   0.09919   0.17980   0.17272   5.34529   1.55360   0.93594   1.38562   0.90249  
 29  0.7461   2203.400815  x:  0.11053   0.00000   0.19829   0.05259   0.01133   0.10786   0.07429   0.01561   0.04986   0.12566   0.08402   0.20271   0.00000   0.14476   0.05872   0.01636   0.03245   0.16179   0.05171   0.10488   0.09006   0.09717   0.18397   0.18622   6.16543   1.53866   0.95558   1.40424   0.97191  
 30  0.5170   2202.062361  x:  0.10695   0.00000   0.20003   0.05478   0.00793   0.08988   0.07060   0.01143   0.05032   0.12938   0.08278   0.19333   0.00000   0.15368   0.05909   0.01095   0.02372   0.16955   0.04335   0.10453   0.09611   0.08979   0.17553   0.18551   6.70710   1.48830   0.93430   1.39093   0.99949  
 31  0.3644   2201.422834  x:  0.10126   0.00000   0.19671   0.05629   0.00871   0.09838   0.07016   0.01093   0.05126   0.12734   0.08312   0.18663   0.00000   0.15764   0.05900   0.00958   0.01898   0.17149   0.05770   0.10927   0.09556   0.08794   0.16426   0.18029   7.08793   1.49491   0.92783   1.39186   1.00277  
 32  0.2785   2201.197085  x:  0.09753   0.00000   0.19405   0.05721   0.01014   0.10303   0.06820   0.01134   0.04970   0.12398   0.08399   0.18396   0.00000   0.16005   0.05886   0.01166   0.02169   0.17160   0.05262   0.11066   0.09349   0.08921   0.15922   0.17666   7.31911   1.53233   0.94131   1.41550   0.99343  
 33  0.1571   2201.120150  x:  0.09588   0.00000   0.19345   0.05758   0.01016   0.09946   0.06860   0.01185   0.04924   0.12119   0.08390   0.18549   0.00000   0.16311   0.05801   0.01077   0.02215   0.17199   0.05096   0.11142   0.09339   0.09012   0.15812   0.17558   7.45016   1.49950   0.93081   1.38623   0.98791  
 34  0.0874   2201.087393  x:  0.09533   0.00000   0.19301   0.05732   0.00969   0.09709   0.06974   0.01125   0.04944   0.11889   0.08365   0.18788   0.00000   0.16462   0.05699   0.01096   0.02183   0.17116   0.05170   0.11068   0.09423   0.09069   0.15912   0.17525   7.49150   1.51045   0.93873   1.40793   0.98320  
 35  0.0372   2201.057419  x:  0.09607   0.00000   0.19368   0.05685   0.00950   0.10030   0.07041   0.01137   0.04964   0.11636   0.08353   0.18900   0.00000   0.16698   0.05581   0.01148   0.02150   0.16953   0.05208   0.11078   0.09477   0.09087   0.16204   0.17642   7.47670   1.50803   0.93376   1.39718   0.97827  
 36  0.0102   2201.038895  x:  0.09670   0.00000   0.19477   0.05643   0.01007   0.10009   0.06974   0.01178   0.04954   0.11606   0.08377   0.18638   0.00000   0.16985   0.05540   0.01050   0.02156   0.16790   0.05162   0.11060   0.09470   0.09029   0.16237   0.17770   7.47577   1.51400   0.93664   1.40511   0.97919  
 37  0.0048   2201.028183  x:  0.09701   0.00000   0.19546   0.05624   0.01023   0.09920   0.06942   0.01117   0.04982   0.11654   0.08385   0.18433   0.00000   0.17208   0.05546   0.01115   0.02160   0.16665   0.05195   0.11052   0.09461   0.09016   0.16154   0.17852   7.46945   1.50965   0.93522   1.40144   0.98104  
 38  0.0074   2201.022615  x:  0.09676   0.00000   0.19529   0.05606   0.00989   0.09920   0.06961   0.01162   0.04985   0.11727   0.08363   0.18497   0.00000   0.17354   0.05557   0.01120   0.02163   0.16542   0.05200   0.11047   0.09427   0.09062   0.15981   0.17857   7.45826   1.51147   0.93623   1.40311   0.98133  
 39  0.0048   2201.021577  x:  0.09655   0.00000   0.19508   0.05596   0.00982   0.09950   0.06962   0.01135   0.04962   0.11746   0.08372   0.18542   0.00000   0.17378   0.05575   0.01107   0.02165   0.16523   0.05183   0.11067   0.09439   0.09042   0.15972   0.17841   7.44930   1.51131   0.93570   1.40208   0.98109  
 40  0.0063   2201.021070  x:  0.09633   0.00000   0.19477   0.05594   0.00993   0.09937   0.06961   0.01143   0.04975   0.11753   0.08381   0.18580   0.00000   0.17397   0.05597   0.01110   0.02157   0.16529   0.05187   0.11082   0.09451   0.09017   0.16003   0.17825   7.43955   1.51067   0.93545   1.40190   0.98075  
 41  0.0046   2201.020882  x:  0.09614   0.00000   0.19461   0.05595   0.00992   0.09940   0.06957   0.01144   0.04963   0.11745   0.08372   0.18562   0.00000   0.17421   0.05608   0.01111   0.02157   0.16543   0.05188   0.11066   0.09441   0.09028   0.16018   0.17813   7.43993   1.51109   0.93594   1.40243   0.98085  
 42  0.0005   2201.020842  x:  0.09611   0.00000   0.19462   0.05594   0.00989   0.09940   0.06959   0.01143   0.04973   0.11743   0.08375   0.18553   0.00000   0.17424   0.05610   0.01109   0.02158   0.16552   0.05188   0.11066   0.09440   0.09031   0.16020   0.17811   7.43791   1.51101   0.93571   1.40208   0.98099  
 43  0.0013   2201.020825  x:  0.09610   0.00000   0.19469   0.05593   0.00989   0.09939   0.06962   0.01144   0.04968   0.11741   0.08377   0.18548   0.00000   0.17426   0.05609   0.01110   0.02159   0.16558   0.05188   0.11067   0.09445   0.09028   0.16016   0.17811   7.43529   1.51095   0.93567   1.40210   0.98090  
 44  0.0010   2201.020817  x:  0.09608   0.00000   0.19473   0.05592   0.00990   0.09939   0.06960   0.01144   0.04970   0.11738   0.08375   0.18550   0.00000   0.17430   0.05607   0.01110   0.02158   0.16562   0.05187   0.11067   0.09443   0.09029   0.16010   0.17810   7.43485   1.51105   0.93575   1.40222   0.98082  
 45  0.0002   2201.020815  x:  0.09610   0.00000   0.19473   0.05592   0.00990   0.09939   0.06959   0.01144   0.04969   0.11740   0.08375   0.18553   0.00000   0.17430   0.05606   0.01110   0.02158   0.16565   0.05188   0.11067   0.09442   0.09029   0.16011   0.17812   7.43453   1.51101   0.93572   1.40211   0.98085  
 46  0.0002   2201.020814  x:  0.09610   0.00000   0.19470   0.05591   0.00990   0.09939   0.06959   0.01144   0.04970   0.11740   0.08375   0.18552   0.00000   0.17431   0.05605   0.01110   0.02158   0.16566   0.05187   0.11067   0.09442   0.09029   0.16011   0.17812   7.43468   1.51101   0.93572   1.40215   0.98084  
 47  0.0001   2201.020814  x:  0.09610   0.00000   0.19470   0.05591   0.00990   0.09939   0.06959   0.01144   0.04970   0.11741   0.08375   0.18552   0.00000   0.17431   0.05605   0.01110   0.02159   0.16566   0.05188   0.11067   0.09442   0.09029   0.16011   0.17812   7.43466   1.51102   0.93572   1.40215   0.98083  
 48  0.0000   2201.020814  x:  0.09610   0.00000   0.19470   0.05591   0.00990   0.09939   0.06959   0.01144   0.04970   0.11741   0.08375   0.18552   0.00000   0.17431   0.05605   0.01110   0.02158   0.16566   0.05188   0.11067   0.09442   0.09029   0.16011   0.17812   7.43462   1.51101   0.93572   1.40215   0.98083  
 49  0.0000   2201.020814  x:  0.09609   0.00000   0.19470   0.05591   0.00990   0.09939   0.06959   0.01144   0.04970   0.11741   0.08375   0.18552   0.00000   0.17431   0.05605   0.01110   0.02158   0.16566   0.05188   0.11067   0.09442   0.09029   0.16011   0.17812   7.43464   1.51101   0.93572   1.40215   0.98083  
 50  0.0000   2201.020814  x:  0.09609   0.00000   0.19470   0.05591   0.00990   0.09939   0.06959   0.01144   0.04970   0.11741   0.08375   0.18552   0.00000   0.17431   0.05605   0.01110   0.02158   0.16566   0.05188   0.11067   0.09442   0.09029   0.16011   0.17812   7.43467   1.51101   0.93572   1.40215   0.98083  
 51  0.0000   2201.020814  x:  0.09609   0.00000   0.19470   0.05591   0.00990   0.09939   0.06959   0.01144   0.04970   0.11741   0.08375   0.18552   0.00000   0.17431   0.05605   0.01110   0.02158   0.16566   0.05188   0.11067   0.09442   0.09029   0.16011   0.17812   7.43467   1.51101   0.93572   1.40215   0.98083  
 52  0.0000   2201.020814  x:  0.09609   0.00000   0.19470   0.05591   0.00990   0.09939   0.06959   0.01144   0.04970   0.11741   0.08375   0.18552   0.00000   0.17431   0.05605   0.01110   0.02158   0.16566   0.05188   0.11067   0.09442   0.09029   0.16011   0.17812   7.43467   1.51101   0.93572   1.40215   0.98083  
 53  0.0000   2201.020814  x:  0.09609   0.00000   0.19470   0.05591   0.00990   0.09939   0.06959   0.01144   0.04970   0.11741   0.08375   0.18552   0.00000   0.17431   0.05605   0.01110   0.02158   0.16566   0.05188   0.11067   0.09442   0.09029   0.16011   0.17812   7.43467   1.51101   0.93572   1.40215   0.98083  
 54  0.0000   2201.020814  x:  0.09609   0.00000   0.19470   0.05591   0.00990   0.09939   0.06959   0.01144   0.04970   0.11741   0.08375   0.18552   0.00000   0.17431   0.05605   0.01110   0.02158   0.16566   0.05188   0.11067   0.09442   0.09029   0.16011   0.17812   7.43467   1.51101   0.93572   1.40215   0.98083  
 55  0.0000   2201.020814  x:  0.09609   0.00000   0.19470   0.05591   0.00990   0.09939   0.06959   0.01144   0.04970   0.11741   0.08375   0.18552   0.00000   0.17431   0.05605   0.01110   0.02158   0.16566   0.05188   0.11067   0.09442   0.09029   0.16011   0.17812   7.43467   1.51101   0.93572   1.40215   0.98083  