

TREE # 1

  0  0.0000   2146.465556  x:  0.07416   0.00000   0.09770   0.01085   0.07571   0.08648   0.03959   0.05002   0.09188   0.05339   0.07441   0.09593   0.01904   0.07045   0.02474   0.06995   0.05965   0.04152   0.05740   0.05543   0.10743   0.04822   0.10732   0.09278   2.00000   1.55477   1.18836   1.59418   0.40000  
  1 99.0000   2130.885683  x:  0.09906   0.14399   0.12697   0.00000   0.06321   0.08263   0.03493   0.03709   0.08605   0.06864   0.07046   0.10725   0.01833   0.11572   0.04191   0.05575   0.04505   0.05486   0.03836   0.05771   0.11243   0.03542   0.13016   0.11768   2.00789   1.55425   1.18802   1.59414   0.42454  
  2 865.8843   2126.570452  x:  0.11115   0.15994   0.14211   0.04657   0.05495   0.08033   0.03362   0.02999   0.08216   0.07630   0.06850   0.11196   0.01419   0.13635   0.04513   0.04608   0.03582   0.05958   0.02607   0.05891   0.11567   0.02648   0.14200   0.12977   2.01425   1.55390   1.18801   1.59384   0.44219  
  3 578.3805   2114.517440  x:  0.13266   0.13693   0.16943   0.03501   0.03537   0.07592   0.03448   0.02080   0.07359   0.08752   0.05947   0.11916   0.00413   0.17141   0.04442   0.02673   0.02003   0.06449   0.00647   0.06084   0.12260   0.01036   0.16422   0.15128   2.03168   1.55290   1.18841   1.59269   0.48548  
  4 287.4097   2107.891228  x:  0.15496   0.11729   0.19822   0.02793   0.01897   0.07197   0.03537   0.01709   0.06533   0.09909   0.05083   0.12641   0.00192   0.20845   0.04609   0.01565   0.01474   0.06952   0.03037   0.06247   0.12945   0.01110   0.18741   0.17358   2.05198   1.55172   1.18893   1.59139   0.53331  
  5 659.2276   2100.894531  x:  0.18095   0.09596   0.23336   0.02139   0.02829   0.06960   0.03645   0.02755   0.05888   0.11179   0.04432   0.13376   0.00750   0.25371   0.05070   0.03573   0.03610   0.07226   0.02744   0.06514   0.13680   0.02888   0.21518   0.19957   2.08294   1.54972   1.19020   1.58939   0.59910  
  6 463.2037   2097.864506  x:  0.18187   0.09370   0.24068   0.01963   0.04904   0.07563   0.03472   0.02453   0.07020   0.10676   0.05743   0.12981   0.00000   0.26315   0.04786   0.03931   0.03154   0.06609   0.03291   0.06103   0.13420   0.02119   0.21819   0.20049   2.11057   1.54762   1.19280   1.58710   0.63716  
  7 129.7471   2092.463970  x:  0.16198   0.09937   0.23762   0.02133   0.03602   0.08595   0.03627   0.03492   0.08716   0.07379   0.06951   0.10827   0.02869   0.26498   0.04249   0.03275   0.02537   0.04993   0.02823   0.05453   0.11710   0.02425   0.20742   0.18060   2.22083   1.53942   1.20440   1.57734   0.75629  
  8 149.7385   2086.468789  x:  0.13200   0.10784   0.22038   0.02338   0.02339   0.08180   0.03042   0.01897   0.08130   0.06752   0.05880   0.09276   0.01164   0.24643   0.05152   0.03681   0.04616   0.06620   0.02837   0.06462   0.10794   0.01951   0.18179   0.15062   2.36273   1.52976   1.21846   1.56548   0.88293  
  9 254.3492   2083.026427  x:  0.11754   0.11470   0.20374   0.02519   0.03210   0.07447   0.03849   0.03639   0.06775   0.08316   0.04528   0.09573   0.00189   0.22535   0.05301   0.03116   0.03620   0.07312   0.02864   0.06725   0.11065   0.02223   0.16425   0.13616   2.46307   1.52363   1.22746   1.55780   0.95604  
 10 331.4889   2080.465663  x:  0.11877   0.11746   0.18651   0.02529   0.03681   0.06928   0.03530   0.02201   0.05806   0.10038   0.04553   0.11123   0.01564   0.19962   0.04918   0.03705   0.02491   0.07205   0.02767   0.06554   0.12100   0.02571   0.15571   0.13739   2.55032   1.51927   1.23383   1.55216   0.99800  
 11 214.1542   2077.895462  x:  0.13431   0.12159   0.16937   0.02606   0.02541   0.07205   0.03524   0.02855   0.06439   0.11003   0.05652   0.13191   0.01092   0.16660   0.04568   0.03479   0.03817   0.06351   0.02775   0.06045   0.13362   0.01908   0.15654   0.15293   2.66067   1.51512   1.23971   1.54657   1.02225  
 12 172.2848   2075.273201  x:  0.14882   0.12200   0.16179   0.02643   0.02876   0.07739   0.03660   0.02284   0.07278   0.09621   0.04825   0.13680   0.00000   0.14958   0.05180   0.02621   0.03508   0.06434   0.02477   0.06307   0.13428   0.03808   0.16932   0.16744   2.78836   1.51215   1.24371   1.54178   1.01793  
 13 144.7374   2069.270387  x:  0.16759   0.11866   0.16053   0.02638   0.03665   0.07606   0.03409   0.03291   0.06680   0.06796   0.03288   0.13051   0.00644   0.14378   0.05518   0.04153   0.02533   0.08368   0.03025   0.07621   0.12622   0.01570   0.20111   0.18621   3.12794   1.50593   1.25102   1.53120   0.97315  
 14 293.7839   2058.313465  x:  0.16832   0.10805   0.18400   0.02186   0.03566   0.06125   0.04446   0.03400   0.04052   0.08254   0.08531   0.10425   0.00314   0.18849   0.04972   0.03510   0.02719   0.09858   0.02858   0.07802   0.10326   0.02630   0.23752   0.18694   3.85698   1.49480   1.26195   1.51112   0.85039  
 15 598.2609   2050.397719  x:  0.14987   0.09935   0.21570   0.01984   0.03001   0.06802   0.03372   0.03057   0.08756   0.12304   0.05979   0.10244   0.00684   0.24560   0.04505   0.03656   0.03153   0.08224   0.02839   0.06186   0.11243   0.02555   0.23805   0.16849   4.39809   1.48895   1.26360   1.50039   0.75167  
 16 679.5741   2048.568455  x:  0.14608   0.09884   0.22816   0.02011   0.03122   0.07963   0.03974   0.02540   0.07267   0.11296   0.05068   0.11384   0.00293   0.26266   0.04898   0.03749   0.03623   0.05763   0.02972   0.05791   0.12463   0.02182   0.22188   0.16470   4.50642   1.49033   1.25698   1.50289   0.73156  
 17 181.5068   2048.099138  x:  0.14754   0.09791   0.23378   0.01986   0.03172   0.07903   0.03034   0.02868   0.07163   0.10553   0.05321   0.12077   0.00206   0.26876   0.04799   0.03561   0.03518   0.05991   0.02937   0.06102   0.13102   0.02397   0.20638   0.16616   4.53499   1.49296   1.24876   1.50796   0.72700  
 18 61.4860   2047.825364  x:  0.15043   0.09727   0.23743   0.01975   0.03209   0.07636   0.03697   0.02781   0.07530   0.10098   0.05478   0.12421   0.00335   0.27234   0.04720   0.03561   0.03518   0.06545   0.02926   0.06239   0.13413   0.02400   0.19275   0.16905   4.55307   1.49627   1.23893   1.51439   0.72484  
 19 58.9796   2047.543352  x:  0.15715   0.09677   0.23835   0.01966   0.03249   0.07345   0.03538   0.02759   0.07453   0.10304   0.05245   0.11664   0.00362   0.27189   0.05038   0.03578   0.03524   0.06336   0.02924   0.05630   0.12713   0.02315   0.18074   0.17577   4.57186   1.50452   1.21533   1.53059   0.72500  
 20 24.6291   2047.321481  x:  0.15793   0.09718   0.23825   0.01962   0.03198   0.07892   0.03560   0.02743   0.07448   0.10689   0.05224   0.11264   0.00383   0.27029   0.04706   0.03595   0.03479   0.06104   0.02927   0.06459   0.12505   0.02329   0.17996   0.17655   4.58747   1.51366   1.18939   1.54935   0.72656  
 21 32.5506   2047.039458  x:  0.15146   0.09710   0.23755   0.01953   0.03186   0.07897   0.03547   0.02767   0.07417   0.10516   0.05387   0.11605   0.00405   0.26779   0.04861   0.03534   0.03503   0.06431   0.02894   0.05921   0.12987   0.02334   0.19079   0.17008   4.60720   1.52657   1.15353   1.57752   0.72979  
 22 34.9913   2047.007447  x:  0.15085   0.09736   0.23695   0.01957   0.03161   0.07478   0.03548   0.02753   0.07477   0.10421   0.05358   0.11718   0.00307   0.26807   0.04717   0.03599   0.03494   0.06218   0.02904   0.06006   0.12941   0.02356   0.19213   0.16947   4.60947   1.52774   1.15152   1.58126   0.73032  
 23  9.6177   2046.914371  x:  0.15073   0.09665   0.23271   0.01937   0.03408   0.07372   0.03513   0.02701   0.07493   0.10417   0.05297   0.12069   0.00497   0.27088   0.04780   0.03217   0.03758   0.06181   0.02911   0.06132   0.12615   0.02230   0.19265   0.16935   4.61634   1.52958   1.15699   1.59419   0.73231  
 24  4.7191   2046.473212  x:  0.15108   0.09376   0.21511   0.01843   0.03096   0.07766   0.03538   0.02785   0.07579   0.10452   0.05459   0.13112   0.00188   0.28298   0.05166   0.03715   0.03401   0.06252   0.02902   0.06118   0.11687   0.02280   0.19244   0.16970   4.64917   1.53831   1.18791   1.65561   0.74209  
 25 46.8479   2045.694141  x:  0.15396   0.09229   0.20414   0.01715   0.03191   0.07828   0.03496   0.02659   0.07269   0.10269   0.05213   0.11645   0.00000   0.28856   0.03854   0.03588   0.03623   0.06439   0.02871   0.05559   0.13395   0.02399   0.19246   0.17258   4.71209   1.55965   1.25139   1.76525   0.76106  
 26 57.9938   2045.087141  x:  0.15356   0.08912   0.21267   0.01564   0.03223   0.07363   0.03523   0.02708   0.07494   0.10467   0.05592   0.10738   0.00000   0.28146   0.05248   0.03493   0.03418   0.06006   0.02851   0.06184   0.14547   0.02240   0.19237   0.17218   4.75731   1.57964   1.29647   1.83726   0.77467  
 27 100.1876   2044.088300  x:  0.14961   0.08671   0.25577   0.01348   0.03187   0.07582   0.03518   0.02578   0.07294   0.10713   0.05406   0.11452   0.00000   0.25383   0.04617   0.03552   0.03391   0.06231   0.02785   0.05885   0.13226   0.02285   0.19161   0.16823   4.83331   1.62733   1.36764   1.93770   0.79809  
 28 70.1328   2039.707007  x:  0.14981   0.06810   0.23437   0.00333   0.03348   0.07564   0.03475   0.02449   0.07281   0.10762   0.05731   0.11967   0.00000   0.26072   0.04654   0.03638   0.03282   0.06189   0.02618   0.05859   0.13805   0.01988   0.19329   0.16843   5.19319   2.09986   1.56991   2.03433   0.92083  
 29 19.7165   2036.993941  x:  0.15097   0.06146   0.23323   0.00000   0.03417   0.07594   0.03472   0.02391   0.07225   0.10781   0.05771   0.12145   0.00000   0.25961   0.04654   0.03638   0.03232   0.06172   0.02560   0.05869   0.13833   0.01916   0.19238   0.16959   5.30589   2.01744   1.51914   1.97345   0.95590  
 30  6.1429   2025.823330  x:  0.15259   0.03002   0.21912   0.00399   0.04006   0.07867   0.03596   0.02353   0.06994   0.10038   0.06395   0.12755   0.00000   0.23217   0.04474   0.03447   0.02866   0.05801   0.02194   0.05883   0.13414   0.01763   0.18652   0.17121   6.18893   1.39051   1.11491   1.46860   1.15724  
 31  2.2425   2025.820118  x:  0.15260   0.02999   0.21911   0.00399   0.04006   0.07867   0.03596   0.02353   0.06994   0.10037   0.06395   0.12756   0.00100   0.23214   0.04473   0.03447   0.02865   0.05801   0.02193   0.05883   0.13414   0.01763   0.18652   0.17121   6.18981   1.39010   1.11466   1.46827   1.15741  
 32  6.3050   2021.923528  x:  0.15508   0.00000   0.21929   0.00088   0.03992   0.07838   0.03683   0.02504   0.07005   0.09409   0.06447   0.12497   0.00197   0.21952   0.04334   0.03202   0.02667   0.05927   0.01860   0.05910   0.12879   0.01964   0.19923   0.17369   6.87550   1.51373   1.20685   1.58447   1.22633  
 33  1.6712   2020.770641  x:  0.14759   0.01117   0.21907   0.00297   0.03813   0.07756   0.03726   0.02538   0.07058   0.08920   0.06167   0.12557   0.00301   0.19936   0.03957   0.03223   0.02828   0.05897   0.01891   0.05988   0.12531   0.01936   0.19911   0.16619   7.25490   1.63167   1.28180   1.69406   1.21324  
 34  0.4614   2018.969690  x:  0.14232   0.00176   0.20059   0.00537   0.03523   0.07725   0.03683   0.02453   0.07337   0.08558   0.05278   0.13088   0.00427   0.19204   0.04155   0.03603   0.03238   0.06369   0.02064   0.06262   0.12615   0.01587   0.19753   0.16092   8.66333   1.61428   1.26897   1.69991   1.20303  
 35  0.7375   2018.239922  x:  0.14982   0.00525   0.20512   0.00468   0.03477   0.07929   0.03679   0.02664   0.07356   0.08870   0.05359   0.12732   0.00241   0.20076   0.04269   0.03409   0.02858   0.06013   0.02031   0.06099   0.12882   0.02509   0.19462   0.16842   9.24923   1.55276   1.23028   1.64157   1.14571  
 36  0.4333   2017.997945  x:  0.15300   0.00527   0.21208   0.00339   0.03792   0.07868   0.03648   0.02594   0.07149   0.09253   0.05885   0.12598   0.00282   0.20276   0.04281   0.03486   0.03002   0.06050   0.02212   0.06053   0.12857   0.02001   0.19728   0.17160   9.63225   1.55613   1.23153   1.63094   1.11869  
 37  0.3301   2017.937901  x:  0.14952   0.00421   0.21198   0.00281   0.03787   0.07769   0.03699   0.02585   0.07111   0.09027   0.05884   0.12868   0.00280   0.20373   0.04234   0.03375   0.02949   0.06055   0.02104   0.06074   0.12852   0.01989   0.19829   0.16812   9.93132   1.57367   1.24220   1.64987   1.12806  
 38  0.1873   2017.916056  x:  0.15062   0.00503   0.21139   0.00277   0.03749   0.07775   0.03685   0.02535   0.07151   0.09196   0.05800   0.12765   0.00240   0.20360   0.04266   0.03415   0.02920   0.06144   0.02035   0.06090   0.12805   0.01949   0.19871   0.16922  10.07401   1.56483   1.23677   1.64494   1.14335  
 39  0.0709   2017.910107  x:  0.15154   0.00518   0.21180   0.00280   0.03757   0.07815   0.03682   0.02558   0.07122   0.09096   0.05828   0.12748   0.00222   0.20563   0.04276   0.03405   0.02932   0.06082   0.02039   0.06076   0.12842   0.01959   0.19861   0.17014  10.09300   1.56867   1.23934   1.64465   1.15191  
 40  0.0149   2017.909132  x:  0.15146   0.00508   0.21263   0.00278   0.03756   0.07802   0.03680   0.02560   0.07135   0.09116   0.05839   0.12746   0.00215   0.20553   0.04266   0.03406   0.02930   0.06094   0.02056   0.06079   0.12828   0.01970   0.19933   0.17005  10.08911   1.56894   1.24060   1.64692   1.15498  
 41  0.0045   2017.909043  x:  0.15136   0.00509   0.21249   0.00279   0.03754   0.07799   0.03681   0.02558   0.07135   0.09124   0.05838   0.12756   0.00214   0.20575   0.04271   0.03405   0.02932   0.06099   0.02064   0.06081   0.12829   0.01968   0.19932   0.16996  10.08913   1.56903   1.24032   1.64653   1.15526  
 42  0.0006   2017.909030  x:  0.15137   0.00509   0.21249   0.00279   0.03752   0.07799   0.03682   0.02558   0.07131   0.09122   0.05837   0.12753   0.00214   0.20568   0.04270   0.03402   0.02931   0.06097   0.02067   0.06081   0.12828   0.01969   0.19927   0.16996  10.09089   1.56890   1.24017   1.64641   1.15534  
 43  0.0013   2017.909029  x:  0.15137   0.00509   0.21248   0.00279   0.03751   0.07799   0.03682   0.02558   0.07131   0.09122   0.05837   0.12753   0.00214   0.20568   0.04270   0.03402   0.02931   0.06097   0.02068   0.06081   0.12829   0.01969   0.19927   0.16997  10.09117   1.56895   1.24024   1.64650   1.15531  
 44  0.0003   2017.909029  x:  0.15137   0.00509   0.21248   0.00279   0.03751   0.07800   0.03682   0.02558   0.07132   0.09122   0.05837   0.12753   0.00214   0.20568   0.04270   0.03402   0.02931   0.06097   0.02068   0.06081   0.12829   0.01969   0.19927   0.16997  10.09114   1.56894   1.24024   1.64649   1.15531  
 45  0.0000   2017.909029  x:  0.15137   0.00509   0.21248   0.00279   0.03751   0.07800   0.03682   0.02558   0.07132   0.09122   0.05837   0.12753   0.00214   0.20568   0.04270   0.03402   0.02931   0.06097   0.02068   0.06081   0.12829   0.01969   0.19927   0.16997  10.09113   1.56894   1.24024   1.64649   1.15531  
 46  0.0000   2017.909029  x:  0.15137   0.00509   0.21248   0.00279   0.03751   0.07800   0.03682   0.02558   0.07132   0.09122   0.05837   0.12753   0.00214   0.20568   0.04270   0.03402   0.02931   0.06097   0.02068   0.06081   0.12829   0.01969   0.19927   0.16997  10.09112   1.56894   1.24024   1.64649   1.15531  
 47  0.0000   2017.909029  x:  0.15137   0.00509   0.21248   0.00279   0.03751   0.07800   0.03682   0.02558   0.07132   0.09122   0.05837   0.12753   0.00214   0.20568   0.04270   0.03402   0.02931   0.06097   0.02068   0.06081   0.12829   0.01969   0.19927   0.16997  10.09112   1.56894   1.24024   1.64649   1.15531  