

TREE # 1

  0  0.0000   2142.662204  x:  0.00106   0.06270   0.05388   0.04596   0.05276   0.07825   0.04198   0.05330   0.09841   0.02990   0.17818   0.00406   0.08995   0.00000   0.03954   0.07043   0.07229   0.03417   0.08445   0.09941   0.08915   0.15872   0.12222   2.00000   1.47975   1.10452   1.39617   0.40000  
  1 99.0000   2130.690866  x:  0.00709   0.06729   0.05294   0.04630   0.05090   0.07790   0.04097   0.05286   0.09894   0.02984   0.17871   0.00459   0.09314   0.05329   0.04146   0.06967   0.07201   0.03396   0.08499   0.10101   0.08839   0.15948   0.12311   2.00068   1.47981   1.10413   1.39645   0.40169  
  2 3079.0901   2105.205057  x:  0.03261   0.16204   0.03112   0.05386   0.00692   0.06984   0.01749   0.04256   0.11142   0.02715   0.18922   0.00856   0.15196   0.04833   0.07131   0.05418   0.06536   0.02930   0.09528   0.12921   0.05782   0.17721   0.14300   2.01687   1.48106   1.09556   1.40297   0.43987  
  3 356.6364   2100.612844  x:  0.02432   0.17684   0.02933   0.05457   0.02085   0.06871   0.02466   0.04208   0.11518   0.02546   0.19209   0.00000   0.16626   0.04877   0.07410   0.04989   0.06415   0.03036   0.09797   0.13547   0.04444   0.18249   0.14764   2.02459   1.48158   1.09186   1.40587   0.45471  
  4 266.7189   2096.610044  x:  0.00000   0.18096   0.03166   0.05234   0.01370   0.06902   0.02892   0.04359   0.11912   0.02758   0.19575   0.00000   0.18027   0.05097   0.07069   0.04654   0.06398   0.03272   0.10051   0.14012   0.02455   0.18894   0.15233   2.03871   1.48254   1.08555   1.41087   0.47753  
  5 264.4683   2094.259327  x:  0.00916   0.17118   0.03602   0.04857   0.01235   0.07103   0.02796   0.04692   0.12188   0.02926   0.20249   0.00000   0.19208   0.05034   0.06069   0.04614   0.06520   0.03348   0.10229   0.14128   0.00888   0.19574   0.15604   2.06328   1.48413   1.07528   1.41923   0.51000  
  6 141.3642   2089.519145  x:  0.01398   0.14720   0.03932   0.04291   0.01210   0.07470   0.01901   0.05113   0.12885   0.02825   0.22093   0.00000   0.23038   0.04953   0.04368   0.04408   0.06731   0.03170   0.10782   0.14553   0.03128   0.21558   0.16669   2.14502   1.48945   1.04178   1.44653   0.61185  
  7 307.9860   2086.802741  x:  0.01768   0.13400   0.02995   0.05331   0.00605   0.07243   0.03088   0.04307   0.12490   0.02372   0.22436   0.00000   0.23166   0.04909   0.06539   0.05099   0.06595   0.02854   0.10502   0.14269   0.03275   0.21749   0.16479   2.20513   1.49298   1.02093   1.46424   0.66461  
  8 176.1013   2084.615909  x:  0.01526   0.13213   0.02522   0.05976   0.01135   0.06942   0.01543   0.03817   0.11861   0.02991   0.22255   0.00000   0.22295   0.04935   0.08175   0.05491   0.06420   0.02866   0.10026   0.13792   0.02932   0.21381   0.16010   2.26081   1.49603   1.00402   1.47919   0.70210  
  9 260.3685   2080.354354  x:  0.01846   0.16861   0.03902   0.05460   0.00936   0.06341   0.02228   0.04991   0.10259   0.04645   0.20659   0.00000   0.18307   0.04924   0.08817   0.04557   0.06079   0.03647   0.08815   0.12454   0.03589   0.19182   0.14521   2.41485   1.50381   0.96556   1.51577   0.77223  
 10 203.3147   2077.428520  x:  0.01611   0.19003   0.02538   0.04801   0.00868   0.06792   0.01950   0.04659   0.10342   0.02654   0.19322   0.00000   0.15685   0.04991   0.07230   0.04490   0.06360   0.02459   0.09121   0.12195   0.03390   0.17667   0.14036   2.52478   1.50874   0.94643   1.53750   0.79818  
 11 210.0731   2075.318130  x:  0.01660   0.19982   0.02929   0.05643   0.00777   0.07228   0.01868   0.03195   0.11737   0.02141   0.18389   0.00000   0.15073   0.05000   0.06315   0.05580   0.06576   0.04142   0.10162   0.13076   0.03478   0.17034   0.14502   2.63711   1.51325   0.93802   1.55385   0.79457  
 12 150.8990   2069.234224  x:  0.01631   0.20714   0.02814   0.07164   0.00781   0.07620   0.02163   0.04904   0.15356   0.04488   0.16763   0.00000   0.16360   0.04984   0.06356   0.07156   0.06576   0.02075   0.12333   0.16132   0.03490   0.16861   0.16474   2.99482   1.52663   0.92802   1.59723   0.74515  
 13 296.5114   2061.475243  x:  0.01549   0.20184   0.01086   0.05151   0.00616   0.06409   0.01741   0.06306   0.15677   0.03253   0.17612   0.00000   0.19884   0.04964   0.07634   0.04256   0.06070   0.04247   0.11653   0.17608   0.03081   0.18495   0.17728   3.43423   1.54221   0.93064   1.64277   0.66778  
 14 483.8113   2057.935811  x:  0.01353   0.20223   0.03163   0.04449   0.00592   0.06059   0.01336   0.05274   0.14900   0.01729   0.18756   0.00000   0.22033   0.04962   0.08428   0.02823   0.05982   0.03345   0.10896   0.17752   0.02797   0.19642   0.18024   3.66270   1.55023   0.93641   1.66398   0.62704  
 15 918.1393   2054.977299  x:  0.01120   0.20982   0.02892   0.03742   0.00675   0.06557   0.01837   0.03234   0.12640   0.02779   0.20664   0.00000   0.24170   0.04977   0.07446   0.03696   0.06318   0.02641   0.09861   0.16543   0.02736   0.20991   0.17517   3.83707   1.55619   0.94957   1.67521   0.59754  
 16 397.1804   2053.611506  x:  0.00879   0.21523   0.02918   0.05380   0.00671   0.07069   0.01782   0.04109   0.11084   0.02202   0.22018   0.00000   0.25240   0.05000   0.06671   0.04634   0.06518   0.02782   0.09611   0.15219   0.02642   0.21710   0.16817   3.92612   1.55923   0.96391   1.67632   0.58591  
 17 231.8660   2051.974746  x:  0.00825   0.20872   0.02889   0.05503   0.00728   0.07121   0.01912   0.04059   0.12411   0.02514   0.23544   0.00000   0.24873   0.05003   0.06933   0.03820   0.06235   0.02836   0.12073   0.12430   0.02628   0.21657   0.14875   4.03679   1.56305   1.01959   1.65367   0.59310  
 18 59.4839   2050.384759  x:  0.00766   0.19693   0.03344   0.04055   0.00883   0.06709   0.01944   0.04794   0.12722   0.01994   0.23894   0.00000   0.23671   0.04989   0.07438   0.05505   0.06710   0.03106   0.11350   0.13195   0.02737   0.21166   0.14779   4.14995   1.56867   1.08981   1.61917   0.61097  
 19 91.5416   2048.977691  x:  0.00844   0.18017   0.03150   0.05113   0.00944   0.06802   0.02165   0.04440   0.12423   0.02359   0.23415   0.00000   0.22218   0.04977   0.06648   0.04360   0.06696   0.03058   0.09557   0.14694   0.02816   0.20708   0.15600   4.24948   1.57500   1.15209   1.58608   0.62832  
 20 170.4014   2048.774784  x:  0.00889   0.17532   0.03214   0.04948   0.00980   0.07254   0.02201   0.04455   0.11536   0.02338   0.22479   0.00000   0.22081   0.04969   0.06705   0.04310   0.06126   0.03130   0.10150   0.14590   0.02804   0.20958   0.16228   4.26434   1.57908   1.15466   1.58125   0.62934  
 21 21.3592   2048.625665  x:  0.00921   0.17043   0.03242   0.04973   0.01019   0.06790   0.02256   0.04446   0.11267   0.02340   0.21522   0.00000   0.22086   0.04964   0.06631   0.04246   0.06827   0.03147   0.10330   0.14115   0.02778   0.21315   0.16438   4.27590   1.58537   1.14901   1.57821   0.62804  
 22 16.2279   2048.390114  x:  0.00923   0.16191   0.03290   0.04903   0.01087   0.06917   0.02340   0.04502   0.11902   0.02238   0.20809   0.00000   0.22022   0.04958   0.06444   0.04407   0.06351   0.03179   0.09562   0.13499   0.02744   0.21672   0.15889   4.29450   1.59873   1.13026   1.57469   0.62317  
 23 17.8023   2048.205102  x:  0.00866   0.15391   0.03307   0.04833   0.01153   0.07279   0.02420   0.04604   0.11707   0.02308   0.21721   0.00000   0.21457   0.04949   0.06466   0.04212   0.06678   0.03267   0.09880   0.14076   0.02727   0.21307   0.15386   4.30984   1.60972   1.11051   1.57305   0.61797  
 24 17.7812   2048.163786  x:  0.00839   0.15232   0.03303   0.04870   0.01165   0.06853   0.02446   0.04589   0.11641   0.02310   0.22100   0.00000   0.21262   0.04952   0.06324   0.04274   0.06439   0.03238   0.09999   0.14096   0.02722   0.21131   0.15566   4.31348   1.61131   1.10612   1.57293   0.61688  
 25 12.9443   2048.131804  x:  0.00811   0.15205   0.03300   0.04849   0.01183   0.06980   0.02458   0.04620   0.11776   0.02318   0.22432   0.00000   0.21084   0.04955   0.06399   0.04271   0.06523   0.03255   0.09893   0.13761   0.02723   0.20961   0.16164   4.31706   1.60988   1.10356   1.57336   0.61656  
 26  4.7341   2046.776796  x:  0.00616   0.14348   0.03425   0.04873   0.01313   0.06959   0.02594   0.04684   0.11759   0.02383   0.22191   0.00000   0.20160   0.04938   0.06319   0.04368   0.06489   0.03330   0.09885   0.13672   0.02629   0.21811   0.15662   4.49193   1.44565   1.05459   1.59976   0.63790  
 27  3.0285   2045.681443  x:  0.00498   0.14320   0.03459   0.04878   0.01341   0.07020   0.02603   0.04561   0.11279   0.02383   0.21439   0.00000   0.22749   0.04906   0.06340   0.04422   0.06512   0.03316   0.09782   0.13136   0.02440   0.17701   0.15204   4.63727   1.41442   1.01581   1.55732   0.66355  
 28 16.9339   2041.703365  x:  0.00000   0.17039   0.03494   0.05154   0.01411   0.07006   0.02549   0.04404   0.11579   0.02613   0.22503   0.00000   0.21460   0.04889   0.06850   0.04715   0.06464   0.03195   0.10126   0.13195   0.02239   0.20666   0.15177   5.14786   1.38034   0.88302   1.37614   0.75761  
 29 80.0435   2041.703365  x:  0.00000   0.17039   0.03494   0.05154   0.01411   0.07006   0.02549   0.04404   0.11579   0.02613   0.22503   0.00000   0.21460   0.04889   0.06850   0.04715   0.06464   0.03195   0.10126   0.13195   0.02239   0.20666   0.15177   5.14786   1.38034   0.88302   1.37614   0.75761  
 30 10.6145   2041.072628  x:  0.01094   0.17339   0.03199   0.05167   0.01342   0.06996   0.02559   0.04437   0.11803   0.02648   0.22349   0.00000   0.21418   0.03580   0.06839   0.04633   0.06438   0.03120   0.10200   0.13513   0.02037   0.20627   0.15386   5.14906   1.38123   0.88414   1.37830   0.75831  
 31 77.8671   2040.711904  x:  0.00680   0.17565   0.03025   0.05188   0.01385   0.06989   0.02562   0.04458   0.12039   0.02689   0.22080   0.00000   0.21367   0.02432   0.06854   0.04547   0.06418   0.03096   0.10290   0.13884   0.02019   0.20574   0.15601   5.15062   1.38246   0.88555   1.38109   0.75933  
 32 69.4340   2040.479691  x:  0.00657   0.18307   0.03018   0.05226   0.01174   0.06977   0.02543   0.04455   0.12621   0.02785   0.21327   0.00000   0.21224   0.02564   0.07002   0.04397   0.06390   0.03140   0.10537   0.14995   0.02484   0.20407   0.16216   5.15637   1.38712   0.89048   1.39124   0.76295  
 33 25.1887   2040.394170  x:  0.00662   0.18595   0.03042   0.05234   0.01534   0.06980   0.02564   0.04458   0.12787   0.02730   0.21011   0.00000   0.21147   0.02676   0.06996   0.04406   0.06392   0.03132   0.10602   0.15374   0.02338   0.20334   0.16432   5.15966   1.38979   0.89326   1.39689   0.76493  
 34 50.6975   2040.285252  x:  0.00595   0.18843   0.03105   0.05179   0.01359   0.06990   0.02556   0.04437   0.12805   0.02582   0.20679   0.00000   0.21048   0.02781   0.06880   0.04511   0.06413   0.03098   0.10595   0.15592   0.01830   0.20256   0.16566   5.16528   1.39438   0.89794   1.40626   0.76811  
 35 40.6286   2039.556971  x:  0.00699   0.19528   0.03531   0.04800   0.01389   0.07090   0.02549   0.04397   0.11555   0.02491   0.19244   0.00000   0.20749   0.02595   0.06008   0.05081   0.06581   0.03081   0.09948   0.14856   0.02394   0.19922   0.16249   5.21920   1.43885   0.94153   1.49319   0.79635  
 36 44.4726   2038.839042  x:  0.00658   0.19315   0.02577   0.05500   0.01361   0.06962   0.02601   0.04543   0.11449   0.02838   0.19192   0.00000   0.20695   0.02764   0.07014   0.04254   0.06330   0.03165   0.09934   0.14048   0.02161   0.19932   0.15703   5.27641   1.48694   0.98525   1.58072   0.82318  
 37 124.5349   2038.435224  x:  0.00712   0.18617   0.03541   0.05523   0.01373   0.06894   0.02493   0.04441   0.12236   0.02908   0.20181   0.00000   0.20882   0.02612   0.07561   0.04197   0.06265   0.03054   0.10449   0.13942   0.02063   0.20142   0.15547   5.31397   1.51948   1.01096   1.63307   0.83713  
 38 117.5660   2038.210126  x:  0.00692   0.18063   0.03219   0.05162   0.01372   0.06928   0.02638   0.04412   0.12738   0.02373   0.21041   0.00000   0.21089   0.02632   0.07382   0.04465   0.06355   0.03124   0.10739   0.14170   0.02210   0.20339   0.15623   5.33558   1.53868   1.02363   1.65922   0.84233  
 39 95.8379   2038.102245  x:  0.00655   0.17785   0.02987   0.05018   0.01394   0.06985   0.02468   0.04455   0.12842   0.02824   0.21576   0.00000   0.21227   0.02696   0.06902   0.04501   0.06419   0.03099   0.10700   0.14475   0.02144   0.20474   0.15793   5.34871   1.55068   1.02909   1.67069   0.84243  
 40 48.0337   2038.005352  x:  0.00634   0.17670   0.03085   0.05382   0.01361   0.06980   0.02784   0.04474   0.12596   0.02806   0.21996   0.00000   0.21307   0.02690   0.06576   0.04273   0.06369   0.03079   0.10418   0.14823   0.02141   0.20563   0.16061   5.36433   1.56518   1.03255   1.67825   0.83839  
 41 30.6102   2037.880008  x:  0.00618   0.17688   0.03115   0.05582   0.01378   0.06925   0.02336   0.04459   0.12183   0.02571   0.22296   0.00000   0.21325   0.02654   0.06699   0.04252   0.06293   0.03129   0.10145   0.15113   0.02166   0.20607   0.16327   5.38675   1.58566   1.03578   1.68538   0.83026  
 42 50.2161   2037.617679  x:  0.00567   0.17957   0.03067   0.05144   0.01381   0.06861   0.02645   0.04383   0.11591   0.02840   0.22446   0.00000   0.21221   0.02615   0.07464   0.04670   0.06281   0.03099   0.10032   0.15272   0.02092   0.20582   0.16581   5.44057   1.63334   1.04176   1.69808   0.80851  
 43 80.5108   2037.277101  x:  0.00548   0.18333   0.03082   0.04962   0.01378   0.07010   0.02573   0.04594   0.12179   0.02697   0.21789   0.00000   0.20946   0.02662   0.07040   0.04087   0.06509   0.02953   0.10656   0.14504   0.02097   0.20355   0.16158   5.51473   1.69375   1.04895   1.71074   0.77825  
 44 75.5933   2037.219492  x:  0.00564   0.18299   0.03052   0.05224   0.01374   0.06962   0.02574   0.04415   0.12427   0.02756   0.21576   0.00000   0.20938   0.02659   0.06908   0.04325   0.06389   0.03228   0.10704   0.14386   0.02094   0.20320   0.15996   5.52926   1.70288   1.05038   1.71226   0.77349  
 45 45.4788   2037.189119  x:  0.00574   0.18149   0.03007   0.05335   0.01369   0.06897   0.02565   0.04373   0.12577   0.02752   0.21398   0.00000   0.20990   0.02671   0.06890   0.04477   0.06264   0.02968   0.10584   0.14417   0.02124   0.20320   0.15871   5.53914   1.70543   1.05145   1.71220   0.77205  
 46 19.2243   2037.093933  x:  0.00651   0.17486   0.03096   0.05129   0.01371   0.06824   0.02585   0.04627   0.12834   0.02724   0.20832   0.00000   0.21249   0.02659   0.06994   0.04393   0.06224   0.03131   0.10031   0.14713   0.02092   0.20372   0.15550   5.57711   1.70745   1.05555   1.70984   0.77056  
 47 24.4248   2036.879558  x:  0.00723   0.16797   0.03086   0.05138   0.01391   0.07143   0.02570   0.03922   0.12579   0.02720   0.20289   0.00000   0.21653   0.02644   0.07105   0.04158   0.06741   0.03082   0.10225   0.15026   0.02063   0.20513   0.15496   5.66922   1.70447   1.06434   1.70263   0.77171  
 48 46.4633   2036.227136  x:  0.00755   0.16166   0.03144   0.05708   0.01338   0.07426   0.02580   0.04928   0.11691   0.02765   0.19762   0.00000   0.22458   0.02642   0.07116   0.04615   0.06868   0.03066   0.11724   0.15274   0.02048   0.20864   0.15931   5.97273   1.68916   1.09010   1.67877   0.77942  
 49 183.7223   2035.154188  x:  0.00563   0.17374   0.03190   0.04941   0.01388   0.06396   0.02597   0.04394   0.11708   0.02691   0.20558   0.00000   0.22670   0.02718   0.06773   0.04117   0.05423   0.03188   0.11788   0.14761   0.02043   0.21041   0.16558   6.44709   1.66161   1.12252   1.64379   0.79500  
 50 322.2563   2034.299235  x:  0.00315   0.19183   0.03162   0.05301   0.01366   0.06823   0.02593   0.04552   0.12791   0.02687   0.21948   0.00000   0.22016   0.02750   0.07032   0.04561   0.06747   0.03123   0.10249   0.14216   0.02127   0.20854   0.16599   6.84686   1.63741   1.13869   1.61862   0.81027  
 51 395.4376   2033.857682  x:  0.00295   0.19226   0.03167   0.05221   0.01362   0.08205   0.02584   0.04531   0.12660   0.02673   0.22403   0.00000   0.20637   0.02720   0.07028   0.04540   0.05989   0.03140   0.10233   0.14859   0.02187   0.20313   0.15586   7.05417   1.62411   1.11542   1.61879   0.82194  
 52 91.7534   2033.083684  x:  0.00323   0.18700   0.03113   0.05298   0.01359   0.06669   0.02584   0.04536   0.12271   0.02736   0.22518   0.00000   0.18968   0.02680   0.06833   0.04482   0.06635   0.03116   0.10668   0.15576   0.02259   0.19679   0.14687   7.40485   1.60111   1.05497   1.62832   0.84349  
 53 203.9803   2032.412453  x:  0.00327   0.18362   0.03092   0.05241   0.01352   0.07043   0.02577   0.04510   0.12658   0.02729   0.21790   0.00000   0.20184   0.02695   0.06932   0.04478   0.06429   0.03102   0.10318   0.14472   0.02197   0.20148   0.16377   7.71789   1.57994   0.98745   1.64370   0.86242  
 54 169.4057   2032.381576  x:  0.00297   0.18751   0.03108   0.05243   0.01353   0.07034   0.02575   0.04511   0.12600   0.02707   0.21841   0.00000   0.20801   0.02693   0.06925   0.04466   0.06446   0.03102   0.10365   0.14643   0.02165   0.20369   0.15922   7.73297   1.57781   0.98401   1.64591   0.86135  
 55 11.7510   2032.358758  x:  0.00279   0.18736   0.03106   0.05244   0.01355   0.07034   0.02574   0.04511   0.12588   0.02709   0.21926   0.00000   0.20829   0.02701   0.06935   0.04464   0.06445   0.03102   0.10361   0.14656   0.02160   0.20196   0.15973   7.74872   1.56678   0.98535   1.65642   0.84503  
 56  2.1294   2032.356220  x:  0.00278   0.18743   0.03109   0.05244   0.01355   0.07035   0.02574   0.04510   0.12590   0.02706   0.21902   0.00000   0.20724   0.02701   0.06934   0.04465   0.06444   0.03102   0.10357   0.14656   0.02165   0.20442   0.15973   7.75132   1.56606   0.98559   1.65734   0.84370  
 57  1.6554   2031.872181  x:  0.00105   0.18400   0.03141   0.05179   0.01353   0.06935   0.02548   0.04428   0.12483   0.02645   0.21314   0.00000   0.21562   0.02760   0.06875   0.04398   0.06418   0.03117   0.10535   0.14553   0.02125   0.20635   0.16226   8.53160   1.65078   1.04765   1.70334   0.83666  
 58  0.9742   2031.820258  x:  0.00295   0.18339   0.03155   0.05210   0.01356   0.06997   0.02563   0.04458   0.12364   0.02669   0.21354   0.00000   0.21318   0.02758   0.06896   0.04423   0.06388   0.03110   0.10515   0.14686   0.02136   0.20560   0.16072   8.79018   1.63321   1.03275   1.69028   0.84509  
 59  0.2193   2031.816464  x:  0.00219   0.18369   0.03144   0.05216   0.01354   0.06996   0.02565   0.04467   0.12397   0.02674   0.21385   0.00000   0.21281   0.02725   0.06905   0.04426   0.06395   0.03110   0.10512   0.14700   0.02138   0.20550   0.16067   8.84297   1.62901   1.03057   1.68771   0.84548  
 60  0.0588   2031.816300  x:  0.00218   0.18383   0.03143   0.05215   0.01353   0.06991   0.02564   0.04467   0.12412   0.02672   0.21401   0.00000   0.21297   0.02733   0.06903   0.04426   0.06401   0.03111   0.10512   0.14679   0.02136   0.20558   0.16078   8.85284   1.62938   1.03137   1.68784   0.84483  
 61  0.0093   2031.816299  x:  0.00218   0.18382   0.03144   0.05215   0.01353   0.06992   0.02564   0.04467   0.12412   0.02672   0.21402   0.00000   0.21298   0.02733   0.06904   0.04425   0.06400   0.03111   0.10514   0.14681   0.02136   0.20559   0.16079   8.85364   1.62938   1.03132   1.68768   0.84485  
 62  0.0007   2031.816299  x:  0.00218   0.18382   0.03144   0.05215   0.01353   0.06992   0.02564   0.04467   0.12412   0.02672   0.21402   0.00000   0.21298   0.02733   0.06904   0.04425   0.06400   0.03111   0.10514   0.14681   0.02136   0.20559   0.16078   8.85358   1.62937   1.03131   1.68767   0.84485  
 63  0.0001   2031.816299  x:  0.00218   0.18382   0.03144   0.05215   0.01353   0.06992   0.02564   0.04467   0.12412   0.02672   0.21402   0.00000   0.21298   0.02733   0.06904   0.04425   0.06400   0.03111   0.10514   0.14681   0.02136   0.20559   0.16078   8.85357   1.62937   1.03131   1.68767   0.84485  

TREE # 2

  0  0.0000   2073.121436  x:  0.14393   0.01017   0.18772   0.08374   0.05328   0.00000   0.11933   0.03447   0.08120   0.04842   0.05614   0.05887   0.03947   0.19639   0.05819   0.02481   0.03246   0.06648   0.06206   0.04620   0.04804   0.05759   0.04962   8.85357   1.50013   0.99943   1.53041   0.84485  
  1 99.0000   2063.371046  x:  0.14414   0.00959   0.18790   0.08542   0.05333   0.03974   0.11982   0.03582   0.08156   0.04842   0.05633   0.05826   0.03877   0.19654   0.06023   0.02523   0.03251   0.06746   0.06192   0.04620   0.04717   0.05781   0.04904   8.85356   1.50018   0.99936   1.53047   0.84488  
  2 4625.3937   2047.850162  x:  0.14747   0.00000   0.19073   0.10837   0.04816   0.03935   0.12523   0.04943   0.08683   0.04871   0.05930   0.04851   0.02752   0.19890   0.09196   0.03137   0.03318   0.08276   0.05963   0.04625   0.03321   0.06142   0.03968   8.85354   1.50088   0.99842   1.53140   0.84510  
  3 376.4309   2044.869511  x:  0.15120   0.00000   0.19300   0.12239   0.03652   0.03945   0.12894   0.04160   0.09062   0.04701   0.05991   0.03886   0.01117   0.20005   0.08552   0.01816   0.02543   0.08633   0.05653   0.04473   0.01581   0.06405   0.03103   8.85350   1.50216   0.99686   1.53301   0.84552  
  4 154.4963   2044.578096  x:  0.15343   0.00000   0.19434   0.12698   0.03080   0.03950   0.13098   0.03894   0.09210   0.04639   0.05973   0.03653   0.01075   0.20078   0.08106   0.02397   0.02801   0.08653   0.05554   0.04419   0.01511   0.06499   0.02999   8.85347   1.50328   0.99549   1.53438   0.84582  
  5 56.6052   2044.453841  x:  0.15632   0.00000   0.19611   0.13158   0.02684   0.03948   0.13350   0.04032   0.09364   0.04607   0.05957   0.03599   0.01383   0.20191   0.07918   0.02228   0.02815   0.08606   0.05548   0.04426   0.01794   0.06549   0.03091   8.85342   1.50509   0.99333   1.53657   0.84627  
  6 33.8255   2044.376571  x:  0.16018   0.00000   0.19891   0.13388   0.02832   0.03942   0.13589   0.04203   0.09459   0.04568   0.05916   0.03909   0.01261   0.20351   0.07779   0.02274   0.02834   0.08371   0.05585   0.04444   0.01675   0.06480   0.03284   8.85332   1.50914   0.98871   1.54144   0.84721  
  7 16.9823   2044.255696  x:  0.16583   0.00000   0.20371   0.13256   0.02994   0.03944   0.13796   0.03797   0.09453   0.04512   0.05907   0.03888   0.01329   0.20646   0.08029   0.02310   0.02704   0.08216   0.05684   0.04491   0.01730   0.06359   0.03126   8.85305   1.51923   0.97785   1.55352   0.84945  
  8 23.1334   2044.106041  x:  0.16898   0.00000   0.20741   0.12698   0.02941   0.03944   0.13825   0.04109   0.09339   0.04591   0.05944   0.03525   0.01170   0.20904   0.07931   0.02259   0.02850   0.08464   0.05676   0.04426   0.01764   0.06406   0.03021   8.85265   1.53430   0.96289   1.57142   0.85263  
  9 40.9962   2044.008093  x:  0.16642   0.00000   0.20659   0.12661   0.02774   0.03945   0.13592   0.04116   0.09296   0.04597   0.05957   0.03688   0.01399   0.20907   0.07928   0.02304   0.02683   0.08720   0.05509   0.04382   0.01512   0.06549   0.03197   8.85234   1.54576   0.95371   1.58488   0.85477  
 10 33.6695   2043.893226  x:  0.16061   0.00000   0.20313   0.13005   0.02736   0.03945   0.13228   0.04025   0.09321   0.04531   0.05933   0.03887   0.01158   0.20754   0.07952   0.02290   0.02693   0.08793   0.05410   0.04425   0.01807   0.06617   0.03223   8.85194   1.56035   0.94436   1.60187   0.85722  
 11 49.1564   2043.817345  x:  0.15653   0.00000   0.19949   0.13281   0.02844   0.03942   0.13093   0.04100   0.09377   0.04491   0.05890   0.03729   0.01320   0.20541   0.07932   0.02246   0.02869   0.08496   0.05509   0.04434   0.01682   0.06464   0.03041   8.85164   1.57051   0.94062   1.61354   0.85861  
 12 37.7667   2043.760536  x:  0.15552   0.00000   0.19637   0.13277   0.02711   0.03941   0.13268   0.04176   0.09411   0.04538   0.05906   0.03554   0.01245   0.20265   0.08014   0.02369   0.02615   0.08271   0.05671   0.04392   0.01691   0.06322   0.03188   8.85138   1.57871   0.94273   1.62268   0.85918  
 13 17.9761   2043.580248  x:  0.15785   0.00000   0.18867   0.13131   0.02535   0.03942   0.14039   0.04010   0.09450   0.04563   0.05998   0.03791   0.01202   0.19457   0.08204   0.02217   0.02950   0.08464   0.05858   0.04457   0.01605   0.06371   0.03231   8.85043   1.60625   0.95970   1.65274   0.85997  
 14 28.6750   2043.367077  x:  0.16077   0.00000   0.18485   0.13260   0.02999   0.03934   0.14443   0.04122   0.09459   0.04423   0.05930   0.03744   0.01314   0.18947   0.08020   0.02354   0.02631   0.08809   0.05519   0.04433   0.01731   0.06590   0.02902   8.84926   1.63871   0.98397   1.68799   0.86036  
 15 74.6551   2042.821880  x:  0.16259   0.00000   0.19178   0.13599   0.03016   0.03934   0.13520   0.04067   0.09339   0.04339   0.05657   0.03250   0.01233   0.19375   0.08380   0.02224   0.02960   0.08639   0.04854   0.04248   0.01692   0.06528   0.03553   8.84618   1.72162   1.05462   1.77774   0.86020  
 16 81.5111   2042.474929  x:  0.16071   0.00000   0.19868   0.13677   0.02514   0.03936   0.12811   0.04375   0.09346   0.04537   0.05881   0.03678   0.01198   0.20017   0.08410   0.02333   0.02800   0.08562   0.05358   0.04477   0.01653   0.06382   0.03001   8.84424   1.77259   1.09927   1.83310   0.85985  
 17 169.2810   2042.427377  x:  0.15776   0.00000   0.20005   0.13738   0.02665   0.03934   0.12976   0.04305   0.09461   0.04448   0.05992   0.03595   0.01214   0.20324   0.08340   0.02343   0.02796   0.08751   0.05733   0.04404   0.01643   0.06479   0.03125   8.84396   1.77819   1.10449   1.83962   0.85957  
 18 19.5603   2042.379597  x:  0.15281   0.00000   0.20082   0.13631   0.02633   0.03933   0.13494   0.04303   0.09559   0.04441   0.05836   0.03638   0.01196   0.20777   0.08399   0.02333   0.02801   0.08692   0.05528   0.04440   0.01647   0.06481   0.03057   8.84366   1.78024   1.10711   1.84322   0.85883  
 19  7.5189   2042.175689  x:  0.15232   0.00000   0.19748   0.13915   0.02708   0.03929   0.13792   0.04299   0.09105   0.04662   0.06836   0.03615   0.01192   0.21349   0.08465   0.02328   0.02838   0.08706   0.05122   0.04380   0.01678   0.06182   0.03063   8.84227   1.77326   1.10592   1.84552   0.85373  
 20  2.7098   2040.011066  x:  0.16688   0.00000   0.16989   0.15666   0.02390   0.03901   0.13780   0.04950   0.07533   0.04240   0.05725   0.03370   0.00885   0.24081   0.09851   0.02495   0.02789   0.09450   0.05757   0.04873   0.01479   0.06897   0.02942   8.82796   1.69045   1.08412   1.85660   0.80198  
 21 22.5056   2037.993604  x:  0.17321   0.00000   0.16823   0.16589   0.02383   0.03877   0.13388   0.05325   0.10922   0.05140   0.05835   0.03421   0.00713   0.23967   0.11308   0.02505   0.02915   0.10365   0.05401   0.03708   0.01501   0.06772   0.02579   8.81368   1.61039   1.06092   1.86152   0.75576  
 22 91.3430   2036.823572  x:  0.16746   0.00000   0.18687   0.17186   0.02254   0.03859   0.13647   0.05723   0.11660   0.04138   0.06510   0.03018   0.00642   0.22122   0.12055   0.02567   0.02961   0.10831   0.05084   0.05452   0.01325   0.06731   0.02784   8.80543   1.56912   1.04721   1.85768   0.73648  
 23 76.0835   2035.887499  x:  0.15829   0.00000   0.21013   0.18118   0.02022   0.03845   0.14330   0.05986   0.10283   0.03948   0.06374   0.03239   0.00605   0.20015   0.12753   0.02510   0.03075   0.11038   0.05236   0.04196   0.01356   0.06868   0.02449   8.79925   1.54562   1.03706   1.84629   0.73219  
 24 56.4890   2035.577160  x:  0.15636   0.00000   0.21505   0.18646   0.02234   0.03838   0.14548   0.05890   0.09955   0.05244   0.06070   0.03080   0.00620   0.19611   0.12856   0.02522   0.03091   0.11299   0.05336   0.04570   0.01325   0.07004   0.02538   8.79694   1.54513   1.03357   1.83321   0.74116  
 25 27.0946   2032.870162  x:  0.16116   0.00000   0.20992   0.20371   0.01983   0.03791   0.14823   0.06662   0.10852   0.04415   0.06234   0.02949   0.00394   0.20215   0.14689   0.02634   0.03157   0.12642   0.05132   0.04507   0.01184   0.06411   0.02294   8.77704   1.59754   1.00709   1.65841   0.88787  
 26 36.9181   2032.811820  x:  0.16132   0.00000   0.20975   0.20356   0.01985   0.03790   0.14817   0.06692   0.10912   0.04439   0.06439   0.02921   0.00375   0.20228   0.14807   0.02638   0.03171   0.12321   0.05113   0.04491   0.01174   0.07030   0.02253   8.77664   1.59948   1.00637   1.65405   0.89010  
 27 18.2326   2032.760536  x:  0.16137   0.00000   0.20993   0.20405   0.01979   0.03789   0.14843   0.06701   0.10903   0.04453   0.06426   0.02921   0.00368   0.20231   0.14850   0.02644   0.03166   0.12358   0.05119   0.04491   0.01177   0.07001   0.02259   8.77702   1.61835   1.00249   1.63797   0.86684  
 28  2.6856   2032.232606  x:  0.15956   0.00000   0.20835   0.21152   0.02128   0.03736   0.14649   0.07040   0.10658   0.04375   0.06468   0.03301   0.00538   0.21248   0.16476   0.02783   0.03239   0.12498   0.05222   0.04392   0.01572   0.07160   0.02860   8.81190   1.64085   1.03419   1.68387   0.85427  
 29  0.0767   2032.021112  x:  0.16041   0.00000   0.20505   0.21825   0.02046   0.03673   0.14560   0.07109   0.10485   0.04424   0.06388   0.03090   0.00206   0.21682   0.17799   0.02704   0.03155   0.12599   0.05254   0.04440   0.01322   0.07037   0.02539   8.84293   1.63842   1.04246   1.70404   0.83677  
 30  0.0347   2031.972162  x:  0.16127   0.00000   0.20457   0.21644   0.02106   0.03616   0.14613   0.07001   0.10508   0.04413   0.06416   0.03110   0.00205   0.21320   0.18434   0.02670   0.03149   0.12452   0.05167   0.04491   0.01366   0.07010   0.02556   8.85888   1.61488   1.02449   1.67423   0.84628  
 31  0.0290   2031.944307  x:  0.16090   0.00000   0.20630   0.21240   0.02030   0.03530   0.14616   0.06811   0.10519   0.04440   0.06402   0.03104   0.00244   0.21321   0.18727   0.02652   0.03133   0.12289   0.05238   0.04464   0.01339   0.06966   0.02564   8.86527   1.63405   1.03245   1.69129   0.84375  
 32  0.0132   2031.913590  x:  0.16021   0.00000   0.20605   0.20902   0.02195   0.03352   0.14635   0.06654   0.10505   0.04444   0.06359   0.03141   0.00086   0.21586   0.18719   0.02666   0.03137   0.12379   0.05234   0.04459   0.01386   0.06931   0.02575   8.84610   1.63295   1.03635   1.69065   0.84349  
 33  0.0058   2031.849971  x:  0.15990   0.00000   0.20495   0.20883   0.02138   0.02928   0.14624   0.06685   0.10473   0.04444   0.06382   0.03078   0.00256   0.21819   0.18483   0.02695   0.03156   0.12672   0.05172   0.04475   0.01338   0.07010   0.02553   8.81896   1.61917   1.03138   1.67832   0.84601  
 34  0.0113   2031.820808  x:  0.16082   0.00000   0.20524   0.21204   0.02095   0.02743   0.14655   0.06857   0.10500   0.04411   0.06436   0.03111   0.00208   0.21341   0.18391   0.02696   0.03151   0.12601   0.05202   0.04474   0.01347   0.07057   0.02579   8.83277   1.62892   1.03024   1.68819   0.84402  
 35  0.0146   2031.816864  x:  0.16104   0.00000   0.20568   0.21289   0.02156   0.02745   0.14689   0.06898   0.10505   0.04425   0.06405   0.03112   0.00225   0.21365   0.18398   0.02679   0.03144   0.12459   0.05224   0.04461   0.01355   0.07011   0.02548   8.85080   1.63029   1.03130   1.68868   0.84449  
 36  0.0143   2031.816313  x:  0.16081   0.00000   0.20559   0.21302   0.02137   0.02734   0.14683   0.06905   0.10515   0.04428   0.06397   0.03109   0.00217   0.21399   0.18390   0.02672   0.03142   0.12415   0.05216   0.04464   0.01353   0.06994   0.02567   8.85448   1.62946   1.03141   1.68766   0.84494  
 37  0.0039   2031.816299  x:  0.16078   0.00000   0.20558   0.21298   0.02136   0.02733   0.14681   0.06904   0.10515   0.04426   0.06400   0.03111   0.00218   0.21402   0.18383   0.02672   0.03143   0.12413   0.05215   0.04467   0.01354   0.06992   0.02563   8.85400   1.62940   1.03134   1.68767   0.84486  
 38  0.0005   2031.816299  x:  0.16078   0.00000   0.20559   0.21298   0.02136   0.02733   0.14681   0.06904   0.10514   0.04425   0.06400   0.03111   0.00218   0.21402   0.18382   0.02672   0.03144   0.12412   0.05215   0.04467   0.01353   0.06992   0.02564   8.85375   1.62937   1.03131   1.68767   0.84485  
 39  0.0003   2031.816299  x:  0.16078   0.00000   0.20559   0.21298   0.02136   0.02733   0.14681   0.06904   0.10514   0.04425   0.06400   0.03111   0.00218   0.21402   0.18382   0.02672   0.03144   0.12412   0.05215   0.04467   0.01353   0.06992   0.02564   8.85363   1.62937   1.03131   1.68767   0.84485  
 40  0.0001   2031.816299  x:  0.16078   0.00000   0.20559   0.21298   0.02136   0.02733   0.14681   0.06904   0.10514   0.04425   0.06400   0.03111   0.00218   0.21402   0.18382   0.02672   0.03144   0.12412   0.05215   0.04467   0.01353   0.06992   0.02564   8.85357   1.62937   1.03131   1.68767   0.84485  
 41  0.0001   2031.816299  x:  0.16078   0.00000   0.20559   0.21298   0.02136   0.02733   0.14681   0.06904   0.10514   0.04425   0.06400   0.03111   0.00218   0.21402   0.18382   0.02672   0.03144   0.12412   0.05215   0.04467   0.01353   0.06992   0.02564   8.85356   1.62937   1.03131   1.68767   0.84485  
 42  0.0000   2031.816299  x:  0.16078   0.00000   0.20559   0.21298   0.02136   0.02733   0.14681   0.06904   0.10514   0.04425   0.06400   0.03111   0.00218   0.21402   0.18382   0.02672   0.03144   0.12412   0.05215   0.04467   0.01353   0.06992   0.02564   8.85356   1.62937   1.03131   1.68767   0.84485  
 43  0.0000   2031.816299  x:  0.16078   0.00000   0.20559   0.21298   0.02136   0.02733   0.14681   0.06904   0.10514   0.04425   0.06400   0.03111   0.00218   0.21402   0.18382   0.02672   0.03144   0.12412   0.05215   0.04467   0.01353   0.06992   0.02564   8.85357   1.62937   1.03131   1.68767   0.84485  