

TREE # 1

  0  0.0000   2033.125155  x:  0.20925   0.02571   0.03211   0.02495   0.05815   0.02188   0.05666   0.08536   0.02661   0.17168   0.20925   0.02571   0.03211   0.02495   0.05815   0.02188   0.05666   0.08536   0.02661   0.17168   0.21568   8.40433   1.45107   1.08541   1.22134   1.00000  
  1 99.0000   2014.723471  x:  0.20694   0.01703   0.03145   0.08270   0.05058   0.03108   0.08046   0.07934   0.01160   0.17061   0.20721   0.00727   0.04309   0.08211   0.07960   0.02946   0.09887   0.08783   0.01016   0.17331   0.21695   8.40424   1.45150   1.08249   1.22411   0.99738  
  2 472.4861   2013.703181  x:  0.20481   0.02203   0.03106   0.08058   0.04558   0.02612   0.08852   0.07453   0.01695   0.16964   0.20528   0.00430   0.04214   0.08170   0.08769   0.02513   0.11023   0.09107   0.01988   0.17490   0.21822   8.40414   1.45202   1.07940   1.22711   0.99436  
  3 99.1097   2013.036107  x:  0.20159   0.02142   0.03032   0.07415   0.04167   0.02277   0.09645   0.06879   0.01386   0.16830   0.20242   0.01053   0.04024   0.07757   0.09592   0.02214   0.12176   0.09523   0.01575   0.17714   0.22007   8.40398   1.45281   1.07457   1.23187   0.98944  
  4 96.2277   2012.735344  x:  0.19946   0.02016   0.03034   0.06975   0.04172   0.02439   0.09942   0.06658   0.01350   0.16752   0.20048   0.00619   0.03912   0.07396   0.09912   0.02320   0.12688   0.09675   0.01220   0.17857   0.22128   8.40386   1.45340   1.07094   1.23547   0.98567  
  5 84.8184   2012.548790  x:  0.19658   0.01811   0.03098   0.06790   0.04465   0.02876   0.10047   0.06663   0.01354   0.16669   0.19789   0.00757   0.03992   0.07231   0.10027   0.02663   0.13074   0.09736   0.01460   0.18035   0.22286   8.40365   1.45437   1.06508   1.24130   0.97938  
  6 45.7584   2011.998118  x:  0.18562   0.02379   0.03232   0.06854   0.05131   0.02727   0.09730   0.07305   0.01497   0.16436   0.18790   0.00841   0.04411   0.07109   0.09662   0.02481   0.13668   0.09571   0.01201   0.18671   0.22882   8.40263   1.45891   1.03811   1.26836   0.94935  
  7 52.2497   2011.610321  x:  0.17969   0.01919   0.03086   0.06960   0.04927   0.02375   0.09439   0.07460   0.01123   0.16372   0.18252   0.00639   0.04327   0.07092   0.09350   0.02311   0.13668   0.09409   0.01463   0.19001   0.23206   8.40183   1.46227   1.01846   1.28838   0.92624  
  8 124.7232   2011.320236  x:  0.17717   0.01641   0.02965   0.07112   0.04351   0.02425   0.09291   0.07284   0.01592   0.16422   0.18012   0.00731   0.04040   0.07228   0.09199   0.02395   0.13383   0.09321   0.01353   0.19139   0.23361   8.40108   1.46519   1.00201   1.30556   0.90541  
  9 128.3583   2011.083990  x:  0.17798   0.02085   0.03003   0.07156   0.03955   0.02736   0.09332   0.06913   0.01341   0.16565   0.18073   0.00734   0.03785   0.07372   0.09245   0.02546   0.12901   0.09319   0.01392   0.19088   0.23342   8.40035   1.46772   0.98866   1.32017   0.88634  
 10 100.0562   2010.828711  x:  0.18440   0.01956   0.03205   0.07106   0.04465   0.02643   0.09697   0.06439   0.01382   0.16850   0.18626   0.00681   0.03999   0.07587   0.09644   0.02315   0.12258   0.09485   0.01380   0.18715   0.23024   8.39929   1.47067   0.97546   1.33655   0.86172  
 11 58.4075   2010.743254  x:  0.18857   0.01984   0.02962   0.07054   0.04446   0.02470   0.09803   0.06791   0.01378   0.16887   0.18998   0.00678   0.04100   0.07515   0.09755   0.02593   0.12336   0.09557   0.01364   0.18440   0.22748   8.39869   1.47169   0.97320   1.34191   0.85063  
 12 29.1409   2010.682864  x:  0.19181   0.01940   0.03005   0.07066   0.04334   0.02676   0.09787   0.07115   0.01368   0.16829   0.19298   0.00684   0.04071   0.07383   0.09704   0.02365   0.12586   0.09560   0.01369   0.18200   0.22480   8.39807   1.47238   0.97369   1.34533   0.84086  
 13 29.3335   2010.636444  x:  0.19321   0.01945   0.03263   0.07094   0.04365   0.02558   0.09612   0.06966   0.01372   0.16643   0.19445   0.00700   0.03947   0.07329   0.09499   0.02474   0.12884   0.09460   0.01371   0.18053   0.22264   8.39720   1.47291   0.97773   1.34730   0.83023  
 14 16.9237   2010.594712  x:  0.19312   0.01985   0.02994   0.07072   0.04444   0.02604   0.09474   0.06717   0.01381   0.16459   0.19457   0.00705   0.04007   0.07352   0.09371   0.02425   0.13010   0.09380   0.01374   0.18016   0.22150   8.39616   1.47347   0.98365   1.34851   0.81919  
 15 22.4419   2010.527571  x:  0.19017   0.01960   0.03115   0.07008   0.04313   0.02611   0.09613   0.06846   0.01377   0.16328   0.19218   0.00681   0.04203   0.07437   0.09576   0.02446   0.12704   0.09453   0.01372   0.18202   0.22242   8.39374   1.47489   0.99751   1.34969   0.79837  
 16 18.4284   2010.515013  x:  0.18974   0.01967   0.03076   0.07078   0.04410   0.02602   0.09676   0.06905   0.01383   0.16426   0.19174   0.00688   0.04003   0.07422   0.09613   0.02435   0.12660   0.09497   0.01376   0.18258   0.22327   8.39307   1.47549   1.00036   1.34996   0.79448  
 17 12.9830   2010.509665  x:  0.19011   0.01967   0.03080   0.07107   0.04393   0.02602   0.09674   0.06877   0.01382   0.16693   0.19182   0.00688   0.04052   0.07369   0.09547   0.02441   0.12710   0.09511   0.01375   0.18301   0.22482   8.39216   1.47666   1.00199   1.35037   0.79292  
 18  3.7697   2010.508030  x:  0.19038   0.01966   0.03084   0.07037   0.04395   0.02604   0.09634   0.06893   0.01381   0.16728   0.19195   0.00688   0.04033   0.07440   0.09571   0.02436   0.12731   0.09468   0.01376   0.18303   0.22543   8.39107   1.47822   1.00274   1.35100   0.79286  
 19  1.6588   2010.496919  x:  0.19144   0.01967   0.03081   0.07126   0.04389   0.02604   0.09587   0.06875   0.01379   0.16556   0.19254   0.00690   0.04047   0.07354   0.09656   0.02439   0.12701   0.09434   0.01374   0.18259   0.22765   8.37992   1.49363   1.00886   1.35756   0.79442  
 20  3.0966   2010.489388  x:  0.19100   0.01963   0.03080   0.07070   0.04389   0.02605   0.09708   0.06882   0.01379   0.16555   0.19245   0.00684   0.04038   0.07425   0.09493   0.02441   0.12690   0.09532   0.01374   0.18242   0.22660   8.37161   1.50396   1.01327   1.36259   0.79582  
 21 10.1843   2010.485029  x:  0.19009   0.01964   0.03080   0.07087   0.04390   0.02605   0.09656   0.06878   0.01379   0.16684   0.19201   0.00686   0.04041   0.07402   0.09569   0.02441   0.12692   0.09482   0.01373   0.18261   0.22419   8.36601   1.50913   1.01609   1.36611   0.79690  
 22  6.0216   2010.478357  x:  0.19173   0.01963   0.03080   0.07090   0.04388   0.02606   0.09641   0.06878   0.01378   0.16656   0.19160   0.00683   0.04039   0.07411   0.09567   0.02440   0.12679   0.09516   0.01374   0.18392   0.22405   8.35109   1.50878   1.02188   1.37563   0.80000  
 23  1.5455   2010.475442  x:  0.19063   0.01963   0.03078   0.07090   0.04390   0.02606   0.09693   0.06879   0.01380   0.16664   0.19233   0.00685   0.04040   0.07403   0.09559   0.02441   0.12670   0.09446   0.01373   0.18241   0.22466   8.34357   1.50827   1.02397   1.37901   0.80112  
 24  4.2835   2010.473852  x:  0.19007   0.01964   0.03080   0.07090   0.04390   0.02606   0.09622   0.06876   0.01380   0.16670   0.19271   0.00680   0.04040   0.07417   0.09579   0.02441   0.12673   0.09548   0.01374   0.18181   0.22486   8.33844   1.50808   1.02439   1.37960   0.80132  
 25  2.6450   2010.299791  x:  0.18816   0.01944   0.03075   0.07133   0.04429   0.02640   0.09599   0.06912   0.01358   0.16600   0.20043   0.00605   0.04049   0.07441   0.09499   0.02463   0.12548   0.09453   0.01347   0.18742   0.22390   7.73363   1.49814   1.02308   1.35891   0.79727  
 26  4.8995   2010.254728  x:  0.19130   0.01940   0.03075   0.07138   0.04442   0.02651   0.09585   0.06918   0.01349   0.16664   0.19323   0.00585   0.04053   0.07451   0.09500   0.02470   0.12513   0.09467   0.01342   0.18185   0.22375   7.57380   1.49550   1.02273   1.35315   0.79610  
 27 95.6297   2010.251347  x:  0.19116   0.01948   0.03077   0.07132   0.04435   0.02636   0.09592   0.06914   0.01355   0.16655   0.19271   0.00636   0.04055   0.07440   0.09500   0.02460   0.12545   0.09458   0.01343   0.18183   0.22374   7.56421   1.49513   1.02022   1.35460   0.79245  
 28  0.0119   2010.251238  x:  0.19109   0.01948   0.03077   0.07124   0.04432   0.02636   0.09597   0.06910   0.01359   0.16654   0.19261   0.00629   0.04053   0.07434   0.09505   0.02460   0.12552   0.09461   0.01347   0.18188   0.22378   7.56573   1.49501   1.01963   1.35477   0.79207  
 29  0.0019   2010.251235  x:  0.19108   0.01948   0.03077   0.07121   0.04431   0.02636   0.09598   0.06910   0.01358   0.16654   0.19262   0.00630   0.04052   0.07432   0.09505   0.02460   0.12550   0.09462   0.01348   0.18189   0.22379   7.56503   1.49498   1.01962   1.35469   0.79221  
 30  0.0005   2010.251234  x:  0.19109   0.01949   0.03077   0.07120   0.04431   0.02636   0.09597   0.06910   0.01358   0.16654   0.19262   0.00630   0.04052   0.07431   0.09504   0.02460   0.12548   0.09461   0.01348   0.18188   0.22378   7.56533   1.49500   1.01964   1.35472   0.79218  
 31  0.0002   2010.251234  x:  0.19108   0.01948   0.03077   0.07120   0.04431   0.02636   0.09597   0.06910   0.01358   0.16654   0.19262   0.00630   0.04052   0.07431   0.09504   0.02460   0.12548   0.09461   0.01348   0.18188   0.22378   7.56525   1.49500   1.01964   1.35472   0.79217  
 32  0.0001   2010.251234  x:  0.19108   0.01948   0.03077   0.07120   0.04431   0.02636   0.09597   0.06910   0.01358   0.16654   0.19262   0.00630   0.04052   0.07431   0.09504   0.02460   0.12548   0.09461   0.01348   0.18188   0.22378   7.56526   1.49500   1.01964   1.35471   0.79218  
 33  0.0000   2010.251234  x:  0.19108   0.01948   0.03077   0.07120   0.04431   0.02636   0.09597   0.06910   0.01358   0.16654   0.19262   0.00630   0.04052   0.07431   0.09504   0.02460   0.12548   0.09461   0.01348   0.18188   0.22378   7.56526   1.49500   1.01964   1.35472   0.79218  
 34  0.0000   2010.251234  x:  0.19108   0.01948   0.03077   0.07120   0.04431   0.02636   0.09597   0.06910   0.01358   0.16654   0.19262   0.00630   0.04052   0.07431   0.09504   0.02460   0.12548   0.09461   0.01348   0.18188   0.22378   7.56526   1.49500   1.01964   1.35472   0.79218  