

TREE # 1

  0  0.0000   2059.091729  x:  0.20925   0.02571   0.03211   0.02495   0.05815   0.02188   0.05666   0.08536   0.02661   0.17168   0.20925   0.02571   0.03211   0.02495   0.05815   0.02188   0.05666   0.08536   0.02661   0.17168   0.21568   8.40433   1.75904   1.19782   1.50973   1.00000  
  1 99.0000   2047.733858  x:  0.21875   0.01493   0.02623   0.04574   0.05405   0.05901   0.05667   0.10635   0.02609   0.16925   0.20714   0.01574   0.06221   0.02997   0.06379   0.04093   0.07024   0.09385   0.08060   0.17904   0.21159   8.40430   1.75821   1.19421   1.51342   0.99859  
  2 367.6286   2046.023538  x:  0.23049   0.00925   0.02570   0.04496   0.05075   0.05082   0.05374   0.12418   0.02705   0.16622   0.20352   0.00309   0.06464   0.02749   0.06511   0.03629   0.07524   0.10190   0.08186   0.18771   0.20617   8.40427   1.75691   1.18950   1.51841   0.99636  
  3 99.2273   2044.859032  x:  0.24631   0.01165   0.02630   0.04463   0.04796   0.04177   0.05048   0.14490   0.02829   0.16220   0.19910   0.01234   0.06693   0.02772   0.06659   0.03230   0.07989   0.11193   0.08413   0.19901   0.19871   8.40423   1.75495   1.18246   1.52584   0.99297  
  4 161.2542   2044.322429  x:  0.26079   0.01562   0.02738   0.04480   0.05300   0.04762   0.05298   0.15085   0.02441   0.15892   0.19440   0.01143   0.06010   0.03047   0.06610   0.03939   0.07758   0.11343   0.07877   0.20760   0.19131   8.40418   1.75200   1.17252   1.53642   0.98780  
  5 50.8654   2044.047364  x:  0.26930   0.00984   0.02515   0.04504   0.05354   0.05087   0.05436   0.14849   0.02670   0.15743   0.19166   0.01367   0.05802   0.02953   0.06521   0.03811   0.07454   0.11158   0.07754   0.21144   0.18697   8.40413   1.74915   1.16342   1.54617   0.98274  
  6 49.2706   2043.718734  x:  0.27998   0.01401   0.02578   0.04628   0.05118   0.05227   0.05408   0.14103   0.03069   0.15623   0.18835   0.01200   0.05942   0.02733   0.06441   0.03348   0.07174   0.10720   0.07937   0.21472   0.18198   8.40405   1.74393   1.14723   1.56362   0.97340  
  7 68.1639   2043.354239  x:  0.28810   0.01274   0.02767   0.04516   0.04861   0.04710   0.05220   0.13171   0.02431   0.15621   0.18651   0.01170   0.06297   0.02983   0.06504   0.03447   0.07321   0.10347   0.08205   0.21510   0.17928   8.40393   1.73679   1.12607   1.58664   0.96058  
  8 74.2891   2043.045243  x:  0.28783   0.01342   0.02368   0.04345   0.05191   0.04355   0.05179   0.12953   0.02856   0.15779   0.18826   0.01142   0.06359   0.02856   0.06612   0.03991   0.07814   0.10518   0.08206   0.21062   0.18197   8.40380   1.72839   1.10329   1.61196   0.94543  
  9 53.8410   2042.647413  x:  0.28065   0.01238   0.02890   0.04425   0.05390   0.04777   0.05351   0.13421   0.02727   0.16013   0.19255   0.01208   0.06165   0.02628   0.06571   0.03573   0.08094   0.11015   0.08025   0.20229   0.18838   8.40359   1.71582   1.07208   1.64767   0.92274  
 10 81.3913   2042.535131  x:  0.27621   0.01335   0.02510   0.04496   0.05133   0.04874   0.05310   0.13730   0.02600   0.16005   0.19339   0.01167   0.06036   0.02937   0.06531   0.03407   0.07837   0.11029   0.07985   0.20070   0.18969   8.40352   1.71166   1.06386   1.65801   0.91519  
 11 49.3434   2042.482820  x:  0.27163   0.01302   0.02625   0.04504   0.04941   0.04776   0.05240   0.13964   0.02663   0.15890   0.19288   0.01172   0.05988   0.02855   0.06527   0.03636   0.07452   0.10875   0.08054   0.20168   0.18904   8.40346   1.70882   1.06110   1.66315   0.90994  
 12 20.7270   2042.451351  x:  0.26700   0.01317   0.02593   0.04458   0.05218   0.04720   0.05263   0.14044   0.02609   0.15739   0.19138   0.01172   0.06105   0.02831   0.06502   0.03554   0.07412   0.10720   0.08106   0.20442   0.18713   8.40339   1.70595   1.06131   1.66638   0.90448  
 13 12.0648   2042.432254  x:  0.26429   0.01305   0.02639   0.04466   0.05105   0.04780   0.05294   0.13980   0.02682   0.15680   0.19018   0.01180   0.06092   0.02915   0.06509   0.03560   0.07637   0.10732   0.08016   0.20675   0.18572   8.40330   1.70331   1.06313   1.66831   0.89926  
 14 10.2204   2042.423009  x:  0.26383   0.01325   0.02577   0.04493   0.05048   0.04805   0.05278   0.13927   0.02609   0.15704   0.18986   0.01193   0.06055   0.02788   0.06530   0.03570   0.07684   0.10806   0.08004   0.20753   0.18550   8.40322   1.70161   1.06494   1.66916   0.89574  
 15  9.5794   2042.397984  x:  0.26523   0.01315   0.02614   0.04513   0.05129   0.04761   0.05225   0.13815   0.02645   0.15891   0.19003   0.01164   0.05978   0.02875   0.06580   0.03549   0.07537   0.11049   0.08108   0.20799   0.18655   8.40292   1.69591   1.07212   1.67129   0.88352  
 16 10.7485   2042.387649  x:  0.26680   0.01326   0.02604   0.04422   0.05092   0.04767   0.05346   0.13899   0.02639   0.15894   0.19057   0.01171   0.06065   0.02860   0.06490   0.03569   0.07551   0.10916   0.08081   0.20691   0.18737   8.40272   1.69344   1.07554   1.67198   0.87775  
 17  8.5275   2042.384896  x:  0.26735   0.01318   0.02606   0.04491   0.05108   0.04772   0.05280   0.13938   0.02642   0.15850   0.19088   0.01178   0.06077   0.02857   0.06512   0.03571   0.07581   0.10824   0.08036   0.20625   0.18749   8.40262   1.69285   1.07646   1.67205   0.87603  
 18  4.7442   2042.384497  x:  0.26741   0.01319   0.02606   0.04467   0.05107   0.04778   0.05276   0.13936   0.02642   0.15808   0.19107   0.01177   0.06063   0.02857   0.06545   0.03565   0.07584   0.10826   0.08047   0.20595   0.18725   8.40253   1.69294   1.07647   1.67189   0.87562  
 19  0.9514   2042.384166  x:  0.26742   0.01319   0.02606   0.04486   0.05107   0.04765   0.05293   0.13929   0.02641   0.15771   0.19125   0.01175   0.06055   0.02858   0.06529   0.03566   0.07584   0.10844   0.08054   0.20569   0.18693   8.40236   1.69320   1.07633   1.67159   0.87513  
 20  0.9131   2042.383658  x:  0.26742   0.01319   0.02607   0.04470   0.05108   0.04777   0.05263   0.13926   0.02642   0.15771   0.19136   0.01174   0.06077   0.02858   0.06499   0.03571   0.07577   0.10864   0.08040   0.20560   0.18665   8.40194   1.69388   1.07586   1.67086   0.87417  
 21  0.8992   2042.382315  x:  0.26743   0.01318   0.02605   0.04483   0.05106   0.04771   0.05289   0.13938   0.02641   0.15827   0.19136   0.01172   0.06094   0.02858   0.06544   0.03568   0.07570   0.10852   0.08019   0.20581   0.18651   8.40067   1.69585   1.07442   1.66880   0.87159  
 22  2.2512   2042.381749  x:  0.26746   0.01318   0.02607   0.04476   0.05107   0.04765   0.05280   0.13943   0.02641   0.15829   0.19121   0.01171   0.06049   0.02857   0.06525   0.03562   0.07589   0.10830   0.08048   0.20601   0.18683   8.40005   1.69654   1.07385   1.66799   0.87065  
 23  1.9444   2042.381100  x:  0.26754   0.01317   0.02606   0.04478   0.05105   0.04765   0.05281   0.13930   0.02641   0.15762   0.19080   0.01170   0.06066   0.02858   0.06529   0.03563   0.07580   0.10851   0.08034   0.20625   0.18763   8.39910   1.69670   1.07347   1.66745   0.87020  
 24  0.6211   2042.331974  x:  0.26989   0.01248   0.02617   0.04412   0.05072   0.04560   0.05243   0.14163   0.02638   0.15812   0.18712   0.01048   0.05980   0.02841   0.06540   0.03466   0.07602   0.10947   0.07794   0.20532   0.18588   8.31564   1.67337   1.06227   1.64856   0.87158  
 25  0.6600   2042.324023  x:  0.27039   0.01238   0.02618   0.04402   0.05063   0.04530   0.05237   0.14167   0.02637   0.15763   0.19074   0.01019   0.05985   0.02837   0.06540   0.03450   0.07601   0.10934   0.07739   0.20776   0.18627   8.30183   1.67018   1.06075   1.64616   0.87193  
 26  9.0765   2042.308781  x:  0.27040   0.01216   0.02620   0.04378   0.05049   0.04466   0.05224   0.14248   0.02634   0.15750   0.19034   0.00982   0.05955   0.02828   0.06534   0.03418   0.07600   0.10959   0.07652   0.20781   0.18612   8.27353   1.69449   1.07519   1.66716   0.87343  
 27  0.6933   2042.304299  x:  0.26890   0.01223   0.02607   0.04356   0.05074   0.04490   0.05245   0.14108   0.02652   0.15773   0.19063   0.00992   0.05898   0.02818   0.06520   0.03425   0.07558   0.10898   0.07543   0.20693   0.18658   8.25791   1.69449   1.07528   1.66765   0.87304  
 28  0.0119   2042.304060  x:  0.26897   0.01229   0.02614   0.04353   0.05074   0.04466   0.05242   0.14087   0.02644   0.15772   0.19061   0.01003   0.05895   0.02822   0.06521   0.03421   0.07560   0.10896   0.07537   0.20695   0.18654   8.26116   1.69461   1.07527   1.66754   0.87321  
 29  0.0026   2042.304050  x:  0.26901   0.01230   0.02613   0.04352   0.05073   0.04467   0.05241   0.14091   0.02646   0.15771   0.19060   0.01005   0.05894   0.02821   0.06521   0.03419   0.07559   0.10897   0.07532   0.20698   0.18652   8.26243   1.69459   1.07526   1.66755   0.87320  
 30  0.0011   2042.304050  x:  0.26901   0.01230   0.02613   0.04352   0.05073   0.04467   0.05241   0.14092   0.02646   0.15771   0.19060   0.01005   0.05894   0.02821   0.06521   0.03419   0.07559   0.10897   0.07532   0.20698   0.18653   8.26272   1.69459   1.07525   1.66756   0.87320  
 31  0.0003   2042.304050  x:  0.26901   0.01230   0.02613   0.04352   0.05073   0.04467   0.05241   0.14092   0.02646   0.15771   0.19060   0.01005   0.05894   0.02821   0.06521   0.03419   0.07559   0.10897   0.07532   0.20698   0.18653   8.26281   1.69459   1.07525   1.66756   0.87320  