

TREE # 1

  0  0.0000   2335.777540  x:  0.04158   0.01423   0.10207   0.02131   0.07670   0.08993   0.05268   0.05056   0.09519   0.04832   0.06411   0.09119   0.02116   0.06255   0.00000   0.10022   0.08293   0.03997   0.06751   0.06105   0.11983   0.06463   0.06385   0.06020   2.00000   1.34880   0.97109   1.33499   0.40000  
  1 99.0000   2299.327691  x:  0.06395   0.03314   0.12984   0.00000   0.06252   0.07774   0.05969   0.03830   0.09734   0.06682   0.05204   0.11271   0.02453   0.12141   0.14686   0.10044   0.07370   0.05504   0.05550   0.08914   0.14071   0.07090   0.08831   0.08257   2.00703   1.34791   0.96832   1.33693   0.41882  
  2 1159.6248   2263.057956  x:  0.09476   0.02582   0.19025   0.00000   0.01821   0.04139   0.07233   0.00808   0.10326   0.09366   0.01918   0.15723   0.01888   0.19978   0.10372   0.07990   0.04548   0.07241   0.02184   0.13286   0.18889   0.06561   0.12533   0.11338   2.03116   1.34448   0.96139   1.34204   0.47575  
  3 382.7280   2255.918985  x:  0.10743   0.02487   0.21992   0.00000   0.01394   0.03051   0.07643   0.05327   0.10633   0.10359   0.02343   0.17840   0.01692   0.24065   0.08524   0.06608   0.03530   0.07802   0.02289   0.15178   0.21518   0.05813   0.14129   0.12605   2.04866   1.34211   0.95672   1.34547   0.51105  
  4 522.1348   2250.424305  x:  0.11300   0.02627   0.24314   0.00000   0.05042   0.04352   0.07530   0.05033   0.10846   0.10561   0.03812   0.19340   0.01592   0.27697   0.07220   0.05184   0.04204   0.07694   0.04233   0.16258   0.23913   0.04600   0.14987   0.13162   2.07307   1.33883   0.95126   1.34956   0.55099  
  5 292.1927   2244.757599  x:  0.09521   0.02824   0.25025   0.00000   0.02741   0.05781   0.05948   0.04825   0.10503   0.08192   0.04224   0.18984   0.01468   0.30900   0.07296   0.04051   0.06884   0.05344   0.04728   0.14831   0.26096   0.03004   0.13420   0.11383   2.13647   1.33024   0.94130   1.35742   0.62304  
  6 124.1421   2239.601630  x:  0.07340   0.02685   0.24243   0.00000   0.03639   0.05139   0.06581   0.04891   0.10274   0.06910   0.03480   0.17105   0.02322   0.33098   0.07373   0.04764   0.05976   0.06133   0.04155   0.12244   0.27484   0.06588   0.10739   0.09202   2.24542   1.31646   0.92585   1.36923   0.71929  
  7 161.0073   2233.500336  x:  0.07993   0.03777   0.21380   0.00000   0.03682   0.04247   0.07229   0.04416   0.10334   0.09665   0.04481   0.13852   0.01478   0.31993   0.07700   0.06420   0.03542   0.07250   0.03904   0.10550   0.26348   0.03889   0.09245   0.09855   2.40968   1.29791   0.90586   1.38349   0.82434  
  8 177.4613   2227.530393  x:  0.10378   0.03219   0.18077   0.00000   0.03709   0.04697   0.07405   0.04791   0.10719   0.10763   0.03002   0.12537   0.03820   0.27851   0.07966   0.06466   0.06001   0.07665   0.03719   0.12584   0.22939   0.04288   0.11705   0.12240   2.62908   1.27672   0.88277   1.39800   0.92479  
  9 235.0289   2222.389746  x:  0.10830   0.02268   0.17955   0.00000   0.03345   0.04785   0.06941   0.04469   0.10799   0.09492   0.04311   0.14837   0.00894   0.23388   0.08790   0.05253   0.04866   0.06879   0.03919   0.14665   0.20040   0.06012   0.13552   0.12692   2.81546   1.26247   0.86912   1.40466   0.97500  
 10 243.1909   2219.488381  x:  0.10077   0.04139   0.19696   0.00000   0.03576   0.04411   0.06859   0.04388   0.10657   0.08303   0.03796   0.17780   0.02332   0.20564   0.09038   0.05685   0.03409   0.06433   0.04154   0.15059   0.19233   0.05135   0.14163   0.11939   2.95880   1.25574   0.86467   1.40365   0.98100  
 11 197.4914   2215.144066  x:  0.08843   0.03318   0.22702   0.00000   0.04258   0.03974   0.07778   0.04836   0.10518   0.09205   0.02421   0.20542   0.01141   0.18835   0.09354   0.07609   0.05634   0.07797   0.03688   0.14397   0.20248   0.03749   0.13729   0.10705   3.18731   1.25048   0.86491   1.39459   0.95151  
 12 226.2240   2208.856150  x:  0.08737   0.01105   0.25743   0.00000   0.02780   0.05254   0.07880   0.04414   0.10451   0.11362   0.05867   0.22027   0.03496   0.19733   0.09135   0.08362   0.06514   0.08456   0.03213   0.12727   0.22794   0.04400   0.12800   0.10599   3.56647   1.24665   0.87065   1.37356   0.87132  
 13 404.2432   2198.032925  x:  0.10435   0.04702   0.27143   0.00000   0.02535   0.06101   0.05979   0.04713   0.10743   0.12087   0.03878   0.19187   0.01877   0.25752   0.07566   0.05272   0.06498   0.06564   0.04832   0.11086   0.26762   0.06626   0.11399   0.12297   4.21076   1.24611   0.88575   1.33236   0.70695  
 14 543.8510   2194.132142  x:  0.10032   0.02677   0.26122   0.00000   0.03834   0.05208   0.06649   0.04899   0.10632   0.09357   0.03111   0.17004   0.02150   0.29058   0.07535   0.03973   0.05075   0.05691   0.03792   0.12741   0.27563   0.04587   0.11579   0.11894   4.42227   1.24942   0.89182   1.31762   0.64914  
 15 339.1665   2193.567025  x:  0.09701   0.02961   0.25475   0.00000   0.03487   0.04830   0.06791   0.04750   0.10576   0.08394   0.03569   0.16726   0.02024   0.30111   0.07258   0.04741   0.05202   0.06593   0.04471   0.13611   0.27408   0.04406   0.12065   0.11563   4.45570   1.25273   0.89316   1.31510   0.63999  
 16 85.8024   2193.420136  x:  0.09236   0.03214   0.24811   0.00000   0.03539   0.05212   0.06742   0.04813   0.10572   0.08781   0.03620   0.17194   0.01932   0.30829   0.07104   0.04957   0.05192   0.06545   0.04068   0.13874   0.26862   0.04411   0.12365   0.11098   4.46468   1.25860   0.89450   1.31423   0.63855  
 17 19.9100   2193.342575  x:  0.09124   0.02997   0.24373   0.00000   0.03503   0.04974   0.06738   0.04787   0.10556   0.09014   0.03490   0.17731   0.02000   0.31276   0.07087   0.04844   0.05179   0.06483   0.04434   0.13642   0.26340   0.04351   0.12338   0.10986   4.46983   1.26610   0.89627   1.31380   0.63878  
 18 15.3978   2193.259957  x:  0.09437   0.03082   0.24183   0.00000   0.03596   0.04871   0.06852   0.04795   0.10555   0.08672   0.03616   0.18170   0.01962   0.31571   0.07032   0.04849   0.05342   0.06596   0.04144   0.13245   0.25873   0.04287   0.12105   0.11299   4.47576   1.27986   0.89982   1.31399   0.64061  
 19 12.4914   2193.109171  x:  0.09644   0.02828   0.24446   0.00000   0.03503   0.05440   0.06748   0.04852   0.10572   0.08498   0.03308   0.18032   0.01919   0.31541   0.07023   0.05254   0.05031   0.06611   0.04295   0.13311   0.25697   0.04286   0.11937   0.11506   4.48741   1.31142   0.90890   1.31685   0.64608  
 20 15.7958   2192.792068  x:  0.09375   0.03034   0.25088   0.00000   0.03553   0.04884   0.06694   0.04761   0.10540   0.08850   0.03564   0.17117   0.01997   0.30976   0.07052   0.04961   0.05225   0.06386   0.04241   0.13873   0.25790   0.04430   0.12043   0.11237   4.51229   1.37774   0.92964   1.32668   0.65761  
 21 48.2807   2192.687569  x:  0.09258   0.03098   0.24807   0.00000   0.03429   0.05127   0.06935   0.04741   0.10568   0.08802   0.03509   0.17125   0.01972   0.30732   0.07088   0.04426   0.05138   0.06840   0.04256   0.13661   0.26215   0.04329   0.12386   0.11120   4.52066   1.39124   0.93777   1.33775   0.65982  
 22 14.7618   2192.323078  x:  0.09397   0.02991   0.23464   0.00000   0.03553   0.04821   0.06717   0.04686   0.10666   0.08605   0.03527   0.17658   0.01806   0.30311   0.07077   0.04883   0.04972   0.06385   0.04181   0.13201   0.27997   0.04369   0.13385   0.11259   4.55064   1.42470   0.96781   1.38892   0.66541  
 23 30.7242   2191.775697  x:  0.09538   0.03095   0.23158   0.00000   0.03449   0.04869   0.06833   0.04640   0.10306   0.08772   0.03500   0.18057   0.01922   0.30514   0.06907   0.04662   0.05056   0.06468   0.04230   0.14652   0.27844   0.04385   0.11504   0.11400   4.59564   1.45605   1.00935   1.47253   0.67121  
 24 33.6463   2191.262251  x:  0.09366   0.02928   0.24941   0.00000   0.03475   0.04829   0.06561   0.04628   0.10905   0.08684   0.03491   0.17002   0.01948   0.31532   0.06677   0.04775   0.05079   0.06550   0.04143   0.13958   0.25517   0.04306   0.12253   0.11228   4.63797   1.47507   1.03998   1.54505   0.67632  
 25 37.3289   2191.156514  x:  0.09397   0.02992   0.25126   0.00000   0.03393   0.04925   0.07228   0.04611   0.10281   0.08689   0.03507   0.16861   0.01889   0.31668   0.06612   0.04877   0.05102   0.06214   0.04253   0.13835   0.25292   0.04365   0.12482   0.11258   4.64669   1.47594   1.03945   1.55085   0.67789  
 26 10.3858   2190.441063  x:  0.09468   0.02832   0.25148   0.00000   0.03538   0.04797   0.06193   0.04576   0.08146   0.08674   0.03405   0.16747   0.01839   0.31898   0.06398   0.04776   0.04965   0.06699   0.04005   0.13714   0.25121   0.04298   0.12844   0.11330   4.70182   1.47141   1.01396   1.55459   0.68973  
 27 13.5474   2184.797547  x:  0.09571   0.02791   0.23815   0.00000   0.03025   0.04473   0.06674   0.03896   0.10151   0.08206   0.03258   0.16943   0.01258   0.33072   0.04835   0.04747   0.04514   0.06351   0.03740   0.14685   0.25284   0.04169   0.12771   0.11433   5.13989   1.42444   0.80165   1.54988   0.78695  
 28 107.4681   2177.111374  x:  0.10105   0.02663   0.21598   0.00000   0.02586   0.04013   0.07014   0.03070   0.10683   0.07803   0.03105   0.17139   0.00535   0.34074   0.02696   0.04942   0.03861   0.06390   0.03438   0.16360   0.23837   0.04248   0.13992   0.11966   5.77624   1.22405   0.87755   1.33804   1.00460  
 29 53.3729   2172.102525  x:  0.10603   0.02281   0.25261   0.00000   0.02206   0.04500   0.07126   0.02029   0.10907   0.09653   0.03014   0.17970   0.01182   0.31380   0.00460   0.05565   0.04565   0.06833   0.03232   0.15231   0.25956   0.05135   0.13601   0.12464   6.71909   1.34442   0.90580   1.42458   1.05271  
 30  0.8441   2170.214652  x:  0.10008   0.01701   0.26288   0.00000   0.02387   0.04748   0.07011   0.01919   0.10859   0.09776   0.02948   0.18049   0.01463   0.26765   0.02093   0.05799   0.04879   0.06667   0.03126   0.13709   0.27193   0.05289   0.12595   0.11868   7.22414   1.37176   0.90720   1.42655   1.03141  
 31  0.6519   2167.768664  x:  0.08963   0.02703   0.24622   0.00000   0.03008   0.04786   0.06870   0.02495   0.10435   0.08551   0.02640   0.18218   0.01024   0.26746   0.01312   0.06049   0.05056   0.06358   0.03229   0.13015   0.25059   0.04761   0.11859   0.10823   8.58201   1.29364   0.86526   1.36822   0.99758  
 32  0.6494   2167.143091  x:  0.09383   0.02098   0.23839   0.00000   0.02651   0.04607   0.06961   0.02389   0.10607   0.08601   0.03317   0.17795   0.01487   0.26550   0.01034   0.05877   0.04662   0.06439   0.03634   0.13671   0.25059   0.04611   0.12403   0.11243   9.12595   1.32079   0.89170   1.40045   0.98139  
 33  0.4314   2166.961801  x:  0.09752   0.02211   0.23934   0.00000   0.02665   0.04666   0.06989   0.02540   0.10747   0.08994   0.03069   0.17662   0.01268   0.26369   0.01111   0.05824   0.04688   0.06672   0.03408   0.13891   0.25341   0.05163   0.12671   0.11612   9.44889   1.33305   0.90093   1.41042   0.97095  
 34  0.2279   2166.858558  x:  0.09693   0.02177   0.24276   0.00000   0.02570   0.04582   0.07033   0.02440   0.10725   0.08989   0.02986   0.17786   0.01295   0.27256   0.01277   0.05861   0.04679   0.06567   0.03276   0.13952   0.25205   0.04870   0.12596   0.11553   9.81055   1.31559   0.88812   1.39612   0.97095  
 35  0.1775   2166.840138  x:  0.09727   0.02250   0.24414   0.00000   0.02609   0.04599   0.07016   0.02385   0.10713   0.08958   0.03020   0.17950   0.01235   0.27465   0.01281   0.05839   0.04689   0.06607   0.03439   0.13964   0.25412   0.04894   0.12666   0.11587   9.89268   1.32104   0.89150   1.39879   0.97977  
 36  0.0594   2166.836449  x:  0.09735   0.02213   0.24449   0.00000   0.02646   0.04636   0.07011   0.02414   0.10706   0.08952   0.03037   0.17954   0.01260   0.27545   0.01278   0.05828   0.04689   0.06618   0.03375   0.13979   0.25464   0.04891   0.12679   0.11595   9.91257   1.32300   0.89260   1.40099   0.98496  
 37  0.0197   2166.835729  x:  0.09733   0.02215   0.24438   0.00000   0.02618   0.04634   0.07008   0.02431   0.10701   0.08961   0.03037   0.17918   0.01261   0.27541   0.01286   0.05816   0.04700   0.06607   0.03388   0.13974   0.25451   0.04898   0.12662   0.11593   9.91726   1.32242   0.89182   1.40091   0.98725  
 38  0.0045   2166.835682  x:  0.09731   0.02217   0.24431   0.00000   0.02625   0.04623   0.07009   0.02434   0.10702   0.08963   0.03039   0.17915   0.01257   0.27535   0.01286   0.05816   0.04697   0.06606   0.03388   0.13968   0.25448   0.04896   0.12658   0.11591   9.91867   1.32243   0.89169   1.40074   0.98754  
 39  0.0014   2166.835679  x:  0.09731   0.02218   0.24428   0.00000   0.02624   0.04625   0.07009   0.02434   0.10702   0.08962   0.03039   0.17916   0.01258   0.27532   0.01286   0.05818   0.04695   0.06607   0.03388   0.13967   0.25446   0.04895   0.12658   0.11591   9.91946   1.32247   0.89171   1.40074   0.98756  
 40  0.0008   2166.835679  x:  0.09731   0.02218   0.24428   0.00000   0.02624   0.04625   0.07009   0.02434   0.10702   0.08962   0.03039   0.17916   0.01258   0.27531   0.01286   0.05818   0.04695   0.06607   0.03388   0.13967   0.25446   0.04895   0.12658   0.11591   9.91979   1.32247   0.89172   1.40076   0.98756  
 41  0.0003   2166.835679  x:  0.09731   0.02218   0.24428   0.00000   0.02624   0.04625   0.07009   0.02434   0.10702   0.08962   0.03039   0.17916   0.01258   0.27531   0.01286   0.05818   0.04695   0.06607   0.03388   0.13967   0.25446   0.04895   0.12658   0.11591   9.91983   1.32247   0.89172   1.40076   0.98756  
 42  0.0000   2166.835679  x:  0.09731   0.02218   0.24428   0.00000   0.02624   0.04625   0.07009   0.02434   0.10702   0.08962   0.03039   0.17916   0.01258   0.27531   0.01286   0.05818   0.04695   0.06607   0.03388   0.13967   0.25446   0.04895   0.12658   0.11591   9.91984   1.32247   0.89172   1.40076   0.98756  