

TREE # 1

  0  0.0000   2267.825620  x:  0.04327   0.01853   0.11376   0.00000   0.05248   0.08527   0.05464   0.06887   0.15519   0.09040   0.09990   0.09216   0.01550   0.05782   0.02069   0.06947   0.06346   0.04034   0.06459   0.06039   0.09594   0.05229   0.08373   0.06189   2.00000   1.69924   0.99806   1.40214   0.40000  
  1 99.0000   2218.148434  x:  0.07472   0.04757   0.15981   0.02310   0.02947   0.14253   0.08798   0.06288   0.14437   0.10022   0.08229   0.11168   0.00324   0.12573   0.00000   0.06000   0.03768   0.03505   0.06228   0.08047   0.08911   0.04474   0.11548   0.09334   2.00993   1.69966   0.99938   1.40333   0.42318  
  2 599.2032   2209.923834  x:  0.08193   0.05266   0.17214   0.02520   0.02117   0.15719   0.09562   0.06110   0.14052   0.10279   0.07580   0.11682   0.00000   0.14113   0.01675   0.05749   0.03001   0.03402   0.06163   0.08524   0.08748   0.04300   0.12359   0.10055   2.01330   1.69976   0.99991   1.40369   0.43057  
  3 1415.3438   2200.122279  x:  0.08222   0.04383   0.18424   0.00683   0.00000   0.16787   0.09576   0.05863   0.13125   0.10494   0.05895   0.12112   0.00000   0.14152   0.01607   0.05360   0.01642   0.03571   0.06093   0.08762   0.08453   0.04133   0.12913   0.10084   2.02108   1.69982   1.00170   1.40430   0.44452  
  4 334.1649   2194.096765  x:  0.07565   0.02382   0.20785   0.02976   0.00000   0.17957   0.08563   0.06018   0.10990   0.11407   0.01740   0.12641   0.00000   0.12729   0.01586   0.05086   0.01542   0.03714   0.06016   0.09086   0.07640   0.04330   0.13362   0.09427   2.04810   1.70026   1.00782   1.40650   0.48306  
  5 201.0323   2190.343963  x:  0.06882   0.05057   0.23214   0.02956   0.00000   0.18620   0.07339   0.06551   0.07989   0.11787   0.02403   0.13021   0.00000   0.10680   0.01542   0.05408   0.02603   0.03547   0.06013   0.09084   0.07077   0.04485   0.13275   0.08744   2.10288   1.70201   1.01891   1.41105   0.54419  
  6 125.7802   2182.965772  x:  0.08001   0.02654   0.23434   0.03605   0.00000   0.16520   0.09955   0.07224   0.09407   0.10299   0.05232   0.10935   0.00000   0.11708   0.01399   0.06584   0.02250   0.03247   0.06300   0.07464   0.09567   0.04273   0.11661   0.09863   2.30784   1.71181   1.05602   1.42715   0.70080  
  7 116.9582   2181.767873  x:  0.08098   0.02920   0.22747   0.03535   0.00000   0.15989   0.10030   0.07042   0.10242   0.10063   0.04974   0.10807   0.02059   0.12216   0.01386   0.06473   0.02436   0.03376   0.06301   0.07543   0.09748   0.04283   0.11541   0.09960   2.36045   1.71477   1.06501   1.43121   0.72988  
  8 322.9473   2175.924072  x:  0.07815   0.05340   0.18430   0.02867   0.00000   0.14662   0.09008   0.05563   0.14171   0.09817   0.02487   0.11108   0.00651   0.14580   0.01392   0.05058   0.03601   0.03824   0.06076   0.09127   0.09145   0.04367   0.11798   0.09677   2.57033   1.72826   1.09836   1.44734   0.81128  
  9 281.5320   2170.314634  x:  0.07392   0.04236   0.15081   0.03477   0.00000   0.17753   0.07382   0.06534   0.15592   0.12187   0.04555   0.13031   0.00716   0.14372   0.01415   0.04995   0.02015   0.02498   0.05710   0.09346   0.06582   0.03988   0.13983   0.09254   2.81635   1.74925   1.12904   1.46688   0.81645  
 10 163.8344   2161.574081  x:  0.07997   0.04200   0.15863   0.04035   0.00000   0.21397   0.09231   0.07379   0.15399   0.14004   0.05148   0.15043   0.00402   0.12434   0.01346   0.06872   0.01517   0.10113   0.06668   0.08942   0.06226   0.05271   0.15718   0.09859   3.37492   1.80204   1.18913   1.51283   0.75268  
 11 351.1436   2140.021752  x:  0.09114   0.04537   0.24746   0.03563   0.00000   0.22263   0.10805   0.05906   0.10118   0.11944   0.02192   0.14136   0.00384   0.12267   0.01161   0.05395   0.03516   0.03926   0.05503   0.08923   0.10866   0.03153   0.14369   0.10976   4.40620   1.90600   1.28515   1.59982   0.57688  
 12 598.6493   2138.337998  x:  0.08743   0.04478   0.25923   0.03757   0.00000   0.21287   0.10121   0.05943   0.08951   0.11080   0.02328   0.13390   0.00395   0.13844   0.01173   0.05253   0.02370   0.03423   0.06318   0.08962   0.09633   0.05586   0.13845   0.10605   4.49749   1.91813   1.28437   1.60942   0.56124  
 13 191.7157   2137.577163  x:  0.08482   0.04432   0.26722   0.03981   0.00000   0.20262   0.09522   0.06200   0.08485   0.10544   0.02486   0.12748   0.00392   0.14894   0.01226   0.05547   0.01672   0.03920   0.06332   0.09103   0.08027   0.04413   0.13485   0.10344   4.53402   1.92630   1.27323   1.61553   0.55609  
 14 79.9880   2137.089716  x:  0.08678   0.04117   0.27529   0.03540   0.00000   0.19821   0.09842   0.06635   0.08992   0.10927   0.02471   0.12657   0.00394   0.15023   0.01207   0.05696   0.02562   0.03730   0.06073   0.09307   0.06914   0.04600   0.13721   0.10540   4.55898   1.93971   1.23910   1.62546   0.55686  
 15 31.5485   2136.029638  x:  0.08645   0.04620   0.28317   0.03842   0.00000   0.19208   0.09678   0.06494   0.09753   0.11694   0.02414   0.12958   0.00364   0.14573   0.01182   0.05318   0.01523   0.03606   0.05949   0.09285   0.07544   0.04639   0.14050   0.10507   4.61029   1.97255   1.15025   1.64917   0.56163  
 16 78.6317   2135.607596  x:  0.08518   0.04277   0.27585   0.03860   0.00000   0.20115   0.09518   0.05921   0.08817   0.11047   0.02479   0.13029   0.00410   0.15068   0.01154   0.05328   0.02110   0.03776   0.06343   0.09192   0.07971   0.04454   0.13954   0.10380   4.63094   1.98659   1.11026   1.65846   0.56460  
 17 55.8813   2135.518523  x:  0.08565   0.04460   0.27177   0.03899   0.00000   0.20454   0.09797   0.06194   0.08560   0.10673   0.02221   0.12887   0.00409   0.14994   0.01154   0.05447   0.01992   0.03710   0.05994   0.09041   0.07866   0.04517   0.13693   0.10427   4.63491   1.98896   1.10279   1.65933   0.56533  
 18 20.0572   2135.445667  x:  0.08692   0.04489   0.27136   0.03986   0.00000   0.20764   0.10007   0.06023   0.08582   0.10568   0.02298   0.12534   0.00429   0.14723   0.01161   0.04998   0.01901   0.03733   0.06093   0.09330   0.07609   0.04498   0.13412   0.10554   4.63677   1.98872   1.10066   1.65656   0.56645  
 19  4.7842   2134.943739  x:  0.08894   0.04752   0.27540   0.03990   0.00000   0.21835   0.09868   0.05349   0.09075   0.10898   0.02116   0.11545   0.00407   0.14945   0.01108   0.06273   0.01651   0.03418   0.06349   0.10189   0.07563   0.04524   0.13125   0.10756   4.64777   1.98136   1.09570   1.62910   0.57566  
 20  7.7009   2132.096857  x:  0.09127   0.05260   0.30414   0.04154   0.00000   0.25071   0.09455   0.07157   0.09818   0.11785   0.02180   0.11423   0.00000   0.19839   0.00781   0.04415   0.02028   0.03994   0.05142   0.10235   0.08698   0.04356   0.14524   0.10989   4.72261   1.92329   1.07092   1.43876   0.64125  
 21 52.3564   2131.221301  x:  0.09578   0.05596   0.30681   0.04419   0.00000   0.24716   0.10747   0.06436   0.09459   0.11481   0.01918   0.13263   0.00000   0.20341   0.00704   0.04493   0.01789   0.03419   0.06152   0.09643   0.07892   0.04007   0.15220   0.11440   4.74263   1.90421   1.06570   1.39567   0.65884  
 22 72.1159   2131.040497  x:  0.09755   0.05455   0.30701   0.04549   0.00000   0.24462   0.10900   0.05798   0.09150   0.11342   0.02134   0.13702   0.00000   0.20404   0.00687   0.04565   0.01698   0.03487   0.05400   0.09983   0.07769   0.04152   0.15480   0.11617   4.74658   1.89709   1.06556   1.39451   0.66221  
 23 23.3220   2130.529337  x:  0.10343   0.05397   0.30503   0.04565   0.00000   0.24216   0.10929   0.06663   0.08512   0.11199   0.02077   0.13858   0.00000   0.20730   0.00648   0.04623   0.01516   0.03422   0.05720   0.11510   0.08146   0.04058   0.16191   0.12205   4.75945   1.85699   1.06937   1.43351   0.67092  
 24 15.3290   2129.754044  x:  0.10236   0.05705   0.31213   0.04601   0.00000   0.25319   0.10973   0.05922   0.09073   0.11413   0.01936   0.13485   0.00000   0.21625   0.00586   0.04328   0.01549   0.03383   0.05591   0.10053   0.07769   0.03969   0.16199   0.12098   4.77909   1.79408   1.07744   1.50446   0.68330  
 25 49.6991   2129.690899  x:  0.09838   0.05647   0.31386   0.04591   0.00000   0.25494   0.11243   0.05993   0.09276   0.11367   0.02014   0.13941   0.00000   0.21770   0.00585   0.04369   0.01532   0.03351   0.05571   0.10365   0.07804   0.03952   0.15673   0.11700   4.78183   1.79453   1.07956   1.51022   0.68435  
 26  7.4311   2129.044642  x:  0.10840   0.05363   0.31235   0.04245   0.00000   0.25440   0.10197   0.06032   0.09042   0.12180   0.01873   0.15061   0.00000   0.22106   0.00590   0.04312   0.01538   0.03456   0.05542   0.10139   0.07765   0.03984   0.13511   0.12702   4.82732   1.86355   1.11675   1.55606   0.69855  
 27  5.6794   2125.442354  x:  0.09333   0.04760   0.30822   0.03287   0.00000   0.25094   0.10800   0.05262   0.08845   0.10285   0.01509   0.13888   0.00000   0.21575   0.00650   0.04032   0.01208   0.03097   0.05619   0.10113   0.07725   0.03878   0.16136   0.11195   5.10553   2.29338   1.34291   1.82716   0.78218  
 28 89.0635   2125.312817  x:  0.09092   0.04776   0.30476   0.03178   0.00000   0.24780   0.11304   0.05145   0.08317   0.11215   0.01451   0.13543   0.00000   0.21758   0.00659   0.03977   0.01200   0.03083   0.05595   0.10119   0.07750   0.03830   0.16019   0.10954   5.12163   2.29134   1.34201   1.82623   0.78425  
 29  6.4712   2120.104883  x:  0.08442   0.03015   0.29769   0.00932   0.00000   0.22373   0.09545   0.05032   0.08333   0.10320   0.01194   0.13585   0.00000   0.19266   0.00907   0.04232   0.01012   0.02964   0.05739   0.10238   0.07525   0.04102   0.14988   0.10304   5.76180   2.04551   1.22065   1.67662   0.86203  
 30 21.0140   2116.222610  x:  0.08951   0.02337   0.29530   0.01988   0.00000   0.23439   0.10056   0.05242   0.08432   0.10838   0.03188   0.13665   0.00000   0.17738   0.01061   0.05261   0.00511   0.04041   0.06322   0.09749   0.07209   0.04225   0.15188   0.10814   6.61370   1.86718   1.13333   1.58116   0.94382  
 31  0.9283   2114.015410  x:  0.09936   0.03262   0.30326   0.01680   0.00000   0.25871   0.11168   0.05759   0.09248   0.11695   0.03246   0.14341   0.00000   0.18062   0.01026   0.05274   0.02379   0.04010   0.06080   0.09885   0.07609   0.03979   0.16133   0.11798   7.46435   1.92397   1.17019   1.62173   0.99743  
 32  0.8545   2111.823785  x:  0.09763   0.04190   0.30614   0.02020   0.00000   0.27201   0.10821   0.05705   0.09363   0.11425   0.01869   0.14883   0.00000   0.18270   0.01186   0.04264   0.01001   0.03380   0.05388   0.10361   0.07653   0.03508   0.16156   0.11623   8.57340   2.00882   1.19094   1.64882   1.03375  
 33  0.7290   2111.040932  x:  0.09219   0.03526   0.29372   0.01574   0.00000   0.26576   0.10711   0.05339   0.08754   0.11524   0.01880   0.14351   0.00000   0.17860   0.01368   0.04963   0.00757   0.03668   0.06034   0.10221   0.07203   0.04298   0.16084   0.11079   9.29404   2.01389   1.20606   1.65190   1.04530  
 34  0.4651   2110.780847  x:  0.09257   0.03095   0.29293   0.01761   0.00000   0.25850   0.10358   0.05389   0.08603   0.11358   0.02041   0.14184   0.00000   0.18084   0.01435   0.04799   0.01114   0.03376   0.05963   0.10219   0.07253   0.03930   0.15900   0.11118   9.68928   1.97290   1.18436   1.63203   1.03162  
 35  0.3592   2110.561752  x:  0.09514   0.03365   0.29492   0.01849   0.00000   0.25670   0.10474   0.05676   0.09020   0.11500   0.01958   0.14298   0.00000   0.18712   0.01466   0.04744   0.00866   0.03669   0.05856   0.10277   0.07258   0.03776   0.15953   0.11374  10.16071   1.98406   1.18382   1.64975   1.00322  
 36  0.3572   2110.525986  x:  0.09465   0.03381   0.29521   0.01772   0.00000   0.25730   0.10662   0.05523   0.09049   0.11426   0.02078   0.14324   0.00000   0.18668   0.01437   0.04757   0.00927   0.03587   0.05867   0.10206   0.07329   0.03993   0.15965   0.11325  10.25116   1.99980   1.19393   1.65800   0.98995  
 37  0.0803   2110.518839  x:  0.09437   0.03389   0.29509   0.01788   0.00000   0.25765   0.10646   0.05467   0.08984   0.11338   0.02016   0.14330   0.00000   0.18529   0.01401   0.04794   0.00926   0.03602   0.05884   0.10238   0.07304   0.03964   0.15953   0.11297  10.26641   1.99194   1.19089   1.65117   0.98298  
 38  0.0143   2110.516184  x:  0.09450   0.03371   0.29526   0.01751   0.00000   0.25812   0.10618   0.05523   0.08951   0.11381   0.02043   0.14320   0.00000   0.18485   0.01356   0.04783   0.00929   0.03591   0.05885   0.10217   0.07314   0.03934   0.15953   0.11310  10.24767   1.99344   1.19071   1.65242   0.98099  
 39  0.0129   2110.514814  x:  0.09442   0.03369   0.29536   0.01778   0.00000   0.25829   0.10614   0.05522   0.08969   0.11403   0.02029   0.14347   0.00000   0.18480   0.01314   0.04769   0.00950   0.03606   0.05879   0.10205   0.07327   0.03967   0.15959   0.11303  10.23454   1.99316   1.19027   1.65337   0.98147  
 40  0.0091   2110.514267  x:  0.09437   0.03371   0.29505   0.01780   0.00000   0.25786   0.10619   0.05504   0.08979   0.11393   0.02034   0.14338   0.00000   0.18504   0.01295   0.04783   0.00946   0.03591   0.05877   0.10192   0.07330   0.03960   0.15953   0.11297  10.25099   1.99408   1.19121   1.65402   0.98278  
 41  0.0105   2110.514186  x:  0.09440   0.03373   0.29491   0.01775   0.00000   0.25772   0.10621   0.05511   0.08980   0.11387   0.02035   0.14333   0.00000   0.18506   0.01293   0.04780   0.00950   0.03599   0.05880   0.10199   0.07331   0.03962   0.15953   0.11301  10.25850   1.99362   1.19094   1.65344   0.98320  
 42  0.0071   2110.514182  x:  0.09441   0.03375   0.29493   0.01775   0.00000   0.25775   0.10619   0.05512   0.08979   0.11386   0.02034   0.14331   0.00000   0.18507   0.01293   0.04780   0.00950   0.03597   0.05880   0.10198   0.07331   0.03963   0.15952   0.11301  10.25966   1.99361   1.19081   1.65334   0.98325  
 43  0.0011   2110.514182  x:  0.09441   0.03375   0.29495   0.01775   0.00000   0.25776   0.10619   0.05511   0.08978   0.11386   0.02034   0.14331   0.00000   0.18506   0.01293   0.04780   0.00950   0.03598   0.05880   0.10198   0.07331   0.03962   0.15952   0.11301  10.25993   1.99369   1.19083   1.65337   0.98327  
 44  0.0003   2110.514182  x:  0.09441   0.03375   0.29495   0.01775   0.00000   0.25776   0.10619   0.05511   0.08978   0.11386   0.02034   0.14331   0.00000   0.18506   0.01293   0.04780   0.00950   0.03598   0.05880   0.10198   0.07331   0.03962   0.15951   0.11301  10.26009   1.99368   1.19084   1.65336   0.98328  
 45  0.0001   2110.514182  x:  0.09441   0.03375   0.29495   0.01775   0.00000   0.25776   0.10619   0.05511   0.08978   0.11386   0.02034   0.14331   0.00000   0.18506   0.01293   0.04780   0.00950   0.03598   0.05880   0.10198   0.07331   0.03962   0.15951   0.11301  10.26011   1.99367   1.19084   1.65336   0.98328  
 46  0.0000   2110.514182  x:  0.09441   0.03375   0.29495   0.01775   0.00000   0.25776   0.10619   0.05511   0.08978   0.11386   0.02034   0.14331   0.00000   0.18506   0.01293   0.04780   0.00950   0.03598   0.05880   0.10198   0.07331   0.03962   0.15951   0.11301  10.26011   1.99368   1.19084   1.65336   0.98328  
 47  0.0000   2110.514182  x:  0.09441   0.03375   0.29495   0.01775   0.00000   0.25776   0.10619   0.05511   0.08978   0.11386   0.02034   0.14331   0.00000   0.18506   0.01293   0.04780   0.00950   0.03598   0.05880   0.10198   0.07331   0.03962   0.15951   0.11301  10.26011   1.99368   1.19084   1.65336   0.98328  
 48  0.0000   2110.514182  x:  0.09441   0.03375   0.29495   0.01775   0.00000   0.25776   0.10619   0.05511   0.08978   0.11386   0.02034   0.14331   0.00000   0.18506   0.01293   0.04780   0.00950   0.03598   0.05880   0.10198   0.07331   0.03962   0.15951   0.11301  10.26011   1.99368   1.19084   1.65336   0.98328  