

TREE # 1

  0  0.0000   2039.281642  x:  0.08167   0.00000   0.08771   0.03344   0.07679   0.07031   0.05325   0.04269   0.08199   0.05705   0.04960   0.12712   0.01029   0.06560   0.03545   0.06380   0.06014   0.05284   0.04777   0.04603   0.10751   0.03507   0.09826   0.10029   2.00000   1.60189   1.12110   1.51976   0.40000  
  1 99.0000   2039.279987  x:  0.08167   0.00000   0.08771   0.03344   0.07679   0.07031   0.05325   0.04269   0.08199   0.05705   0.04960   0.12712   0.01029   0.06560   0.03545   0.06380   0.06014   0.05284   0.04777   0.04603   0.10751   0.03507   0.09826   0.10029   2.00000   1.60189   1.12110   1.51976   0.40000  
  2 444.6738   2033.817181  x:  0.08372   0.00000   0.08872   0.03172   0.07526   0.06256   0.05344   0.03804   0.08017   0.05499   0.03794   0.13221   0.00000   0.05768   0.03377   0.05888   0.05578   0.05307   0.04309   0.04631   0.10765   0.03018   0.10091   0.10234   2.00355   1.60130   1.12132   1.51997   0.40501  
  3 356.7142   2029.308486  x:  0.07738   0.00000   0.08102   0.03796   0.07603   0.04495   0.05205   0.03589   0.07952   0.04947   0.00508   0.13506   0.00000   0.06451   0.03205   0.05096   0.05084   0.05173   0.03864   0.04967   0.10769   0.03469   0.09605   0.09602   2.01583   1.59968   1.12115   1.52109   0.41826  
  4 219.3078   2027.837685  x:  0.07455   0.00000   0.07762   0.04093   0.07914   0.02205   0.05203   0.03523   0.08099   0.04725   0.01287   0.13632   0.00000   0.06637   0.03451   0.04275   0.04662   0.05241   0.03511   0.05245   0.10771   0.04078   0.09286   0.09322   2.03768   1.59705   1.12040   1.52332   0.43858  
  5 89.8525   2024.158551  x:  0.08443   0.00000   0.08745   0.03381   0.09445   0.02397   0.05684   0.04642   0.10081   0.05987   0.00714   0.12489   0.00000   0.05874   0.04025   0.03705   0.05072   0.05926   0.04007   0.05481   0.10714   0.06652   0.09508   0.10327   2.16071   1.58319   1.11500   1.53658   0.52978  
  6 90.2475   2021.053805  x:  0.08249   0.00000   0.08961   0.04159   0.09384   0.04332   0.05250   0.04153   0.10305   0.04163   0.01325   0.13074   0.00000   0.06335   0.02711   0.04442   0.05044   0.05219   0.03615   0.05050   0.10688   0.06973   0.10224   0.10151   2.28168   1.56993   1.11126   1.54832   0.59781  
  7 214.5414   2018.071821  x:  0.07009   0.00000   0.08134   0.03629   0.07906   0.05471   0.04806   0.03100   0.08870   0.05492   0.01589   0.13904   0.00000   0.06581   0.04297   0.06299   0.05204   0.04589   0.03678   0.04378   0.10692   0.05496   0.09665   0.08932   2.42304   1.55568   1.10852   1.56026   0.64250  
  8 212.9571   2014.622055  x:  0.07421   0.00000   0.07169   0.03207   0.06308   0.05076   0.05733   0.03949   0.06537   0.05658   0.01684   0.13132   0.00000   0.07055   0.02967   0.07389   0.05786   0.05960   0.05048   0.04759   0.10638   0.03208   0.08126   0.09371   2.59750   1.54045   1.10655   1.57262   0.65426  
  9 213.9338   2008.297355  x:  0.07566   0.00000   0.08437   0.04960   0.06694   0.03427   0.05096   0.05694   0.05443   0.04753   0.01216   0.10959   0.00000   0.06527   0.04224   0.07626   0.06480   0.04680   0.06449   0.05400   0.10654   0.01088   0.10005   0.09571   2.94152   1.51466   1.10444   1.59303   0.61787  
 10 289.3942   1994.894342  x:  0.08107   0.00000   0.09787   0.03435   0.07100   0.01072   0.04505   0.05257   0.06691   0.05011   0.00686   0.13329   0.00000   0.06369   0.02963   0.06778   0.05834   0.03971   0.06259   0.04441   0.10750   0.05587   0.11872   0.10249   3.77405   1.45688   1.10190   1.63782   0.48395  
 11 783.5435   1990.308747  x:  0.08108   0.00000   0.09045   0.04765   0.08339   0.02555   0.05604   0.04385   0.08177   0.04786   0.00843   0.14013   0.00000   0.05910   0.04171   0.04057   0.04510   0.05776   0.04701   0.05112   0.10843   0.05746   0.10919   0.10299   4.06337   1.44053   1.10146   1.65049   0.43569  
 12 794.7022   1989.521771  x:  0.08229   0.00000   0.08675   0.03981   0.09099   0.02706   0.05238   0.03981   0.09104   0.05088   0.00925   0.13345   0.00000   0.06385   0.03728   0.03453   0.04640   0.05121   0.03565   0.05403   0.10868   0.04844   0.10342   0.10430   4.10797   1.44394   1.10130   1.64839   0.42909  
 13 109.8274   1989.240186  x:  0.08156   0.00000   0.08734   0.04058   0.09547   0.02364   0.05334   0.03649   0.09910   0.05023   0.00854   0.13294   0.00000   0.06408   0.03630   0.04279   0.04976   0.05657   0.03131   0.05216   0.10883   0.04416   0.10259   0.10364   4.12431   1.45594   1.10096   1.64040   0.42783  
 14 30.9365   1988.372493  x:  0.08107   0.00000   0.08577   0.04278   0.09821   0.02152   0.05737   0.03424   0.11287   0.05178   0.00838   0.14308   0.00000   0.06426   0.03366   0.04094   0.04880   0.05201   0.04715   0.04759   0.10844   0.03551   0.10012   0.10353   4.17379   1.52076   1.09969   1.59675   0.42950  
 15 39.0805   1987.333775  x:  0.08323   0.00000   0.08340   0.03594   0.09110   0.02391   0.05030   0.04031   0.10809   0.04531   0.00823   0.14376   0.00000   0.06612   0.04055   0.03925   0.04531   0.05649   0.04236   0.05230   0.10834   0.03963   0.10400   0.10617   4.22900   1.60091   1.09869   1.54286   0.43258  
 16 103.2598   1986.775235  x:  0.08272   0.00000   0.08453   0.04219   0.08685   0.02545   0.05096   0.04150   0.09982   0.05236   0.00870   0.14018   0.00000   0.06305   0.03652   0.03797   0.04517   0.05519   0.03353   0.05433   0.10852   0.04532   0.10611   0.10594   4.25815   1.64409   1.09843   1.51428   0.43441  
 17 153.6924   1986.627504  x:  0.08240   0.00000   0.08760   0.04066   0.08879   0.02574   0.05686   0.03709   0.09440   0.05049   0.00845   0.13736   0.00000   0.06398   0.03778   0.03671   0.04702   0.05361   0.03234   0.05254   0.10890   0.04751   0.10559   0.10571   4.26442   1.65319   1.09884   1.50945   0.43498  
 18 27.7039   1986.437547  x:  0.08282   0.00000   0.08991   0.04109   0.09488   0.02625   0.05165   0.03080   0.08814   0.05102   0.00832   0.13605   0.00000   0.06414   0.03704   0.03530   0.04720   0.05645   0.03495   0.05096   0.10950   0.04863   0.10383   0.10633   4.26909   1.65880   1.10042   1.50987   0.43591  
 19 12.2191   1984.706352  x:  0.08497   0.00000   0.08436   0.03751   0.12822   0.02827   0.05526   0.04008   0.06732   0.05471   0.00778   0.15489   0.00000   0.06504   0.03545   0.04478   0.03401   0.05351   0.02967   0.05322   0.11191   0.04534   0.10493   0.11050   4.29964   1.68533   1.11999   1.54239   0.44492  
 20 13.9528   1975.855819  x:  0.08580   0.00000   0.06251   0.03532   0.12126   0.02834   0.05747   0.03188   0.05788   0.06042   0.00669   0.19986   0.00000   0.07024   0.03473   0.01658   0.08004   0.06654   0.01175   0.05257   0.10882   0.03057   0.13466   0.12154   4.44317   1.79616   1.22093   1.72033   0.49074  
 21 75.4747   1968.645577  x:  0.09480   0.00000   0.07085   0.03987   0.09205   0.02665   0.06004   0.00778   0.06838   0.06080   0.00540   0.20507   0.00000   0.07569   0.03790   0.02123   0.06058   0.06313   0.00698   0.06854   0.10895   0.02699   0.13114   0.13725   4.53650   1.86517   1.28749   1.83586   0.51972  
 22 322.0391   1967.415326  x:  0.09208   0.00000   0.08047   0.03879   0.08473   0.02648   0.05945   0.01063   0.07119   0.06156   0.00497   0.20369   0.00000   0.07906   0.03675   0.01781   0.05079   0.06641   0.00363   0.05863   0.11073   0.02303   0.12886   0.13586   4.55490   1.87760   1.30124   1.85737   0.52573  
 23 200.0274   1966.706889  x:  0.08672   0.00000   0.08040   0.03472   0.08124   0.02678   0.06175   0.00893   0.07365   0.06398   0.00518   0.19715   0.00000   0.08171   0.03292   0.01548   0.03927   0.07186   0.00495   0.05397   0.11383   0.02025   0.13807   0.13132   4.56628   1.88377   1.31111   1.86871   0.52962  
 24 123.6736   1966.516215  x:  0.08954   0.00000   0.07423   0.03610   0.08026   0.02642   0.06159   0.00861   0.07418   0.06326   0.00509   0.19392   0.00000   0.08056   0.03404   0.01619   0.03707   0.07078   0.00477   0.04630   0.11687   0.02106   0.13854   0.13437   4.56936   1.88044   1.31722   1.86526   0.53081  
 25 18.2150   1964.287674  x:  0.09257   0.00000   0.08439   0.03760   0.07503   0.02758   0.06104   0.01169   0.07813   0.06460   0.00545   0.20429   0.00000   0.08532   0.03575   0.01730   0.04233   0.07039   0.00671   0.04802   0.15278   0.01807   0.13378   0.14027   4.60866   1.78435   1.42846   1.75064   0.55047  
 26 21.1302   1962.922736  x:  0.09407   0.00000   0.08722   0.03789   0.07492   0.02816   0.06118   0.01225   0.07870   0.06564   0.00557   0.20607   0.00000   0.08778   0.03657   0.01850   0.03928   0.07102   0.00731   0.04281   0.11063   0.01629   0.13331   0.14337   4.63019   1.72845   1.47330   1.68486   0.56043  
 27 62.8593   1956.074742  x:  0.10365   0.00000   0.09675   0.04095   0.06166   0.02721   0.05992   0.01393   0.08034   0.06753   0.00455   0.22930   0.00000   0.09443   0.04018   0.01744   0.03776   0.07082   0.00955   0.03150   0.11576   0.00473   0.12958   0.16066   4.72942   1.49124   1.10264   1.44836   0.58531  
 28 13.2490   1952.143114  x:  0.11403   0.00000   0.10863   0.04720   0.04260   0.02712   0.05968   0.02008   0.07932   0.06890   0.00486   0.23410   0.00000   0.10008   0.04473   0.02153   0.02735   0.06939   0.01330   0.02827   0.10654   0.01608   0.13166   0.17711   4.90457   1.61538   1.09040   1.62998   0.61161  
 29  1.9944   1948.126889  x:  0.11962   0.00000   0.10027   0.04585   0.05876   0.02685   0.06686   0.02118   0.07727   0.07675   0.00658   0.24013   0.00000   0.10867   0.04264   0.03125   0.02094   0.07544   0.01247   0.04904   0.11122   0.02069   0.16304   0.19071   5.18196   1.43725   0.96428   1.43326   0.64692  
 30  1.9341   1944.082977  x:  0.13099   0.00000   0.10391   0.04820   0.07228   0.02466   0.06946   0.02512   0.07621   0.08396   0.00837   0.24806   0.00000   0.11840   0.04323   0.04064   0.02586   0.07621   0.01475   0.05357   0.10332   0.01203   0.18584   0.21235   5.59979   1.69809   1.20445   1.75407   0.68031  
 31  2.1935   1941.612660  x:  0.14109   0.00000   0.11177   0.05066   0.07170   0.02405   0.06825   0.02088   0.06158   0.08723   0.00609   0.26358   0.00000   0.12598   0.04514   0.03244   0.04641   0.07614   0.01526   0.04693   0.11250   0.01856   0.20086   0.23118   6.07579   1.57266   1.17116   1.59527   0.70366  
 32  0.8925   1939.942020  x:  0.15218   0.00000   0.11390   0.05699   0.06431   0.01787   0.06490   0.02022   0.06682   0.08528   0.00185   0.26547   0.00000   0.13096   0.04859   0.02339   0.03244   0.07031   0.01719   0.04877   0.11324   0.01387   0.20444   0.24860   6.64737   1.58529   1.19102   1.59917   0.72076  
 33  0.6056   1939.088323  x:  0.15758   0.00000   0.11568   0.05345   0.05944   0.02007   0.06227   0.01926   0.06861   0.08692   0.00803   0.26358   0.00000   0.13338   0.04673   0.02469   0.02729   0.06713   0.01794   0.04253   0.11358   0.00977   0.21280   0.25743   7.08661   1.59304   1.17091   1.60039   0.72555  
 34  0.9377   1938.499439  x:  0.15654   0.00000   0.11435   0.04897   0.06675   0.02302   0.06114   0.01961   0.07026   0.08584   0.00613   0.25720   0.00000   0.13221   0.04324   0.02937   0.03268   0.06652   0.01869   0.03653   0.10983   0.00986   0.21836   0.25517   7.43263   1.59306   1.11962   1.60736   0.72368  
 35  0.3925   1937.734196  x:  0.15298   0.00000   0.10719   0.04604   0.06233   0.02282   0.06314   0.01819   0.06725   0.08022   0.00471   0.24162   0.00000   0.12672   0.04200   0.03071   0.03420   0.06849   0.01916   0.04755   0.10853   0.01139   0.21926   0.24716   8.07405   1.54980   1.12513   1.59079   0.71074  
 36  0.3638   1937.489004  x:  0.15184   0.00000   0.11018   0.04917   0.07033   0.02046   0.06316   0.01793   0.06611   0.07726   0.00499   0.23894   0.00000   0.12460   0.04455   0.02736   0.03105   0.06894   0.02006   0.04551   0.11204   0.01237   0.21291   0.24465   8.39391   1.56180   1.13337   1.60519   0.71039  
 37  0.3972   1937.314668  x:  0.14905   0.00000   0.11356   0.05037   0.06454   0.02160   0.06336   0.01806   0.06897   0.07846   0.00522   0.24289   0.00000   0.12318   0.04494   0.02843   0.03090   0.06936   0.02093   0.04290   0.11313   0.01043   0.21045   0.24164   8.81312   1.58837   1.14850   1.61861   0.71872  
 38  0.2431   1937.281239  x:  0.14789   0.00000   0.11288   0.05079   0.06467   0.02152   0.06358   0.01856   0.06776   0.07961   0.00554   0.24551   0.00000   0.12227   0.04514   0.02800   0.03257   0.06919   0.02113   0.04317   0.11011   0.01129   0.20847   0.23999   8.92056   1.58109   1.14159   1.61577   0.72194  
 39  0.0835   1937.271642  x:  0.14701   0.00000   0.11222   0.05023   0.06510   0.02171   0.06357   0.01889   0.06683   0.08070   0.00532   0.24654   0.00000   0.12220   0.04466   0.02884   0.03188   0.06906   0.02108   0.04301   0.11129   0.01142   0.20794   0.23892   8.95513   1.57914   1.14271   1.61731   0.72388  
 40  0.0321   1937.269014  x:  0.14699   0.00000   0.11137   0.05015   0.06505   0.02138   0.06346   0.01898   0.06759   0.08118   0.00539   0.24724   0.00000   0.12234   0.04470   0.02860   0.03183   0.06879   0.02097   0.04339   0.11164   0.01130   0.20758   0.23894   8.95745   1.58014   1.14170   1.61738   0.72500  
 41  0.0029   1937.268196  x:  0.14694   0.00000   0.11129   0.04994   0.06503   0.02142   0.06334   0.01882   0.06737   0.08140   0.00540   0.24751   0.00000   0.12266   0.04470   0.02842   0.03173   0.06880   0.02081   0.04326   0.11128   0.01126   0.20744   0.23900   8.95593   1.57974   1.14221   1.61551   0.72534  
 42  0.0017   1937.267552  x:  0.14676   0.00000   0.11134   0.04987   0.06511   0.02143   0.06340   0.01872   0.06733   0.08131   0.00537   0.24725   0.00000   0.12301   0.04475   0.02841   0.03192   0.06898   0.02057   0.04329   0.11150   0.01126   0.20719   0.23882   8.96265   1.58090   1.14225   1.61762   0.72515  
 43  0.0025   1937.267176  x:  0.14677   0.00000   0.11141   0.05003   0.06510   0.02145   0.06345   0.01883   0.06754   0.08121   0.00538   0.24702   0.00000   0.12321   0.04476   0.02848   0.03182   0.06893   0.02043   0.04326   0.11128   0.01128   0.20706   0.23886   8.97149   1.58026   1.14253   1.61754   0.72528  
 44  0.0042   1937.267066  x:  0.14687   0.00000   0.11147   0.05008   0.06501   0.02143   0.06341   0.01888   0.06738   0.08120   0.00539   0.24706   0.00000   0.12322   0.04476   0.02847   0.03183   0.06887   0.02037   0.04329   0.11139   0.01127   0.20709   0.23900   8.97268   1.58041   1.14215   1.61705   0.72519  
 45  0.0010   1937.267021  x:  0.14692   0.00000   0.11150   0.05003   0.06507   0.02143   0.06338   0.01890   0.06742   0.08120   0.00538   0.24712   0.00000   0.12307   0.04475   0.02844   0.03186   0.06888   0.02033   0.04328   0.11143   0.01128   0.20719   0.23904   8.97236   1.57999   1.14209   1.61657   0.72508  
 46  0.0003   1937.267007  x:  0.14692   0.00000   0.11150   0.05003   0.06507   0.02143   0.06339   0.01890   0.06741   0.08121   0.00537   0.24715   0.00000   0.12299   0.04475   0.02844   0.03184   0.06889   0.02032   0.04329   0.11137   0.01126   0.20722   0.23903   8.97318   1.58025   1.14215   1.61695   0.72507  
 47  0.0007   1937.267004  x:  0.14692   0.00000   0.11149   0.05003   0.06505   0.02143   0.06341   0.01889   0.06741   0.08121   0.00538   0.24716   0.00000   0.12296   0.04475   0.02844   0.03184   0.06889   0.02031   0.04329   0.11139   0.01127   0.20723   0.23903   8.97322   1.58029   1.14220   1.61699   0.72512  
 48  0.0001   1937.267003  x:  0.14693   0.00000   0.11148   0.05004   0.06505   0.02143   0.06340   0.01889   0.06741   0.08121   0.00538   0.24716   0.00000   0.12295   0.04475   0.02845   0.03184   0.06889   0.02031   0.04329   0.11138   0.01127   0.20723   0.23903   8.97299   1.58029   1.14217   1.61699   0.72515  
 49  0.0002   1937.267003  x:  0.14693   0.00000   0.11148   0.05004   0.06505   0.02143   0.06340   0.01889   0.06741   0.08121   0.00538   0.24715   0.00000   0.12295   0.04475   0.02845   0.03184   0.06889   0.02031   0.04329   0.11138   0.01127   0.20723   0.23903   8.97305   1.58029   1.14218   1.61699   0.72516  
 50  0.0000   1937.267003  x:  0.14693   0.00000   0.11148   0.05004   0.06505   0.02143   0.06340   0.01889   0.06741   0.08121   0.00538   0.24715   0.00000   0.12295   0.04475   0.02845   0.03184   0.06889   0.02031   0.04329   0.11138   0.01127   0.20723   0.23903   8.97304   1.58029   1.14218   1.61699   0.72516  
 51  0.0000   1937.267003  x:  0.14693   0.00000   0.11148   0.05004   0.06505   0.02143   0.06340   0.01889   0.06741   0.08121   0.00538   0.24715   0.00000   0.12295   0.04475   0.02845   0.03184   0.06889   0.02031   0.04329   0.11138   0.01127   0.20723   0.23903   8.97303   1.58029   1.14218   1.61699   0.72516  
 52  0.0000   1937.267003  x:  0.14693   0.00000   0.11148   0.05004   0.06505   0.02143   0.06340   0.01889   0.06741   0.08121   0.00538   0.24715   0.00000   0.12295   0.04475   0.02845   0.03184   0.06889   0.02031   0.04329   0.11138   0.01127   0.20723   0.23903   8.97303   1.58029   1.14218   1.61699   0.72516  
 53  0.0000   1937.267003  x:  0.14693   0.00000   0.11148   0.05004   0.06505   0.02143   0.06340   0.01889   0.06741   0.08121   0.00538   0.24715   0.00000   0.12295   0.04475   0.02845   0.03184   0.06889   0.02031   0.04329   0.11138   0.01127   0.20723   0.23903   8.97303   1.58029   1.14218   1.61699   0.72516  
 54  0.0000   1937.267003  x:  0.14693   0.00000   0.11148   0.05004   0.06505   0.02143   0.06340   0.01889   0.06741   0.08121   0.00538   0.24715   0.00000   0.12295   0.04475   0.02845   0.03184   0.06889   0.02031   0.04329   0.11138   0.01127   0.20723   0.23903   8.97303   1.58029   1.14218   1.61699   0.72516  