

TREE # 1

  0  0.0000   2255.386860  x:  0.20925   0.02571   0.03211   0.02495   0.05815   0.02188   0.05666   0.08536   0.02661   0.17168   0.20925   0.02571   0.03211   0.02495   0.05815   0.02188   0.05666   0.08536   0.02661   0.17168   0.21568   8.40433   1.34887   1.17083   1.46307   1.00000  
  1 99.0000   2216.871155  x:  0.21298   0.00000   0.05428   0.05343   0.07268   0.03648   0.07540   0.15220   0.06080   0.17461   0.21168   0.01718   0.13724   0.02143   0.05361   0.01675   0.06094   0.09623   0.03179   0.17545   0.21620   8.40391   1.34911   1.17002   1.46631   1.00194  
  2 650.9545   2213.931553  x:  0.21664   0.00000   0.05309   0.04398   0.08076   0.02353   0.08189   0.18945   0.05522   0.17899   0.21715   0.00946   0.12785   0.01336   0.05002   0.02488   0.06362   0.10061   0.02044   0.18105   0.21715   8.40311   1.35003   1.16880   1.47191   1.00537  
  3 120.0568   2212.523880  x:  0.22082   0.00000   0.05051   0.03847   0.08551   0.02645   0.08615   0.21970   0.04923   0.18318   0.22316   0.02174   0.11669   0.02068   0.04870   0.01998   0.06561   0.10439   0.02242   0.18641   0.21811   8.40215   1.35113   1.16750   1.47849   1.00941  
  4 145.3189   2212.188056  x:  0.22347   0.00000   0.04911   0.04179   0.08405   0.03228   0.08593   0.22748   0.04830   0.18472   0.22608   0.01681   0.11112   0.01946   0.05030   0.01626   0.06452   0.10420   0.02573   0.18845   0.21856   8.40146   1.35194   1.16673   1.48307   1.01228  
  5 59.8889   2212.074708  x:  0.22588   0.00000   0.04877   0.04426   0.08134   0.03258   0.08465   0.22983   0.04948   0.18560   0.22831   0.01653   0.10954   0.02078   0.05162   0.02014   0.06327   0.10360   0.02798   0.18970   0.21889   8.40067   1.35291   1.16601   1.48811   1.01547  
  6 34.0111   2211.890555  x:  0.23128   0.00000   0.04907   0.04581   0.07579   0.02807   0.08144   0.23116   0.05221   0.18708   0.23295   0.01768   0.10927   0.02057   0.05272   0.01752   0.06110   0.10215   0.02780   0.19195   0.21956   8.39845   1.35571   1.16425   1.50188   1.02427  
  7 37.3957   2211.539370  x:  0.24134   0.00000   0.04999   0.04142   0.07322   0.03326   0.07821   0.22839   0.05130   0.18891   0.24157   0.01833   0.11219   0.01996   0.05052   0.01851   0.06143   0.10001   0.02160   0.19513   0.22065   8.39245   1.36355   1.16039   1.53782   1.04732  
  8 50.6934   2211.145718  x:  0.24869   0.00000   0.04926   0.04001   0.08054   0.03042   0.08199   0.22285   0.04652   0.18894   0.24831   0.01640   0.11510   0.01975   0.04890   0.01839   0.06466   0.09940   0.02803   0.19599   0.22103   8.38423   1.37475   1.15683   1.58465   1.07749  
  9 84.6466   2210.895171  x:  0.24545   0.00000   0.04787   0.04526   0.08514   0.03025   0.08775   0.22122   0.04971   0.18645   0.24558   0.01749   0.11259   0.02084   0.05228   0.01807   0.06405   0.10225   0.02364   0.19278   0.21987   8.37776   1.38446   1.15742   1.61688   1.09854  
 10 54.8737   2210.616375  x:  0.23299   0.00000   0.04992   0.04165   0.08177   0.03149   0.08740   0.22411   0.05244   0.18216   0.23512   0.01850   0.11104   0.01764   0.05119   0.01859   0.06085   0.10507   0.02692   0.18652   0.21749   8.36899   1.39878   1.16295   1.65389   1.12300  
 11 52.3766   2210.513132  x:  0.22737   0.00000   0.05010   0.04128   0.07968   0.03088   0.08542   0.22574   0.05096   0.18104   0.23026   0.01611   0.11144   0.02152   0.05028   0.01803   0.06130   0.10490   0.02664   0.18467   0.21673   8.36514   1.40541   1.16681   1.66800   1.13234  
 12 72.6397   2210.446777  x:  0.22388   0.00000   0.04867   0.04382   0.07902   0.03065   0.08276   0.22679   0.04785   0.18174   0.22700   0.01740   0.11234   0.02007   0.05044   0.01825   0.06334   0.10290   0.02606   0.18523   0.21679   8.36188   1.41160   1.17242   1.67641   1.13787  
 13 29.9462   2210.325976  x:  0.22062   0.00000   0.04720   0.04208   0.08195   0.03088   0.08114   0.22682   0.05172   0.18647   0.22295   0.01715   0.11220   0.02024   0.05216   0.01814   0.06492   0.09727   0.02663   0.19085   0.21861   8.35317   1.42923   1.19259   1.69027   1.14653  
 14 21.2630   2210.148876  x:  0.21971   0.00000   0.05280   0.04386   0.08193   0.03078   0.08449   0.22525   0.04977   0.19165   0.22083   0.01726   0.11154   0.02050   0.04955   0.01819   0.06091   0.09787   0.02640   0.19754   0.22143   8.33833   1.45941   1.22823   1.70967   1.15769  
 15 45.3961   2209.972556  x:  0.22233   0.00000   0.04728   0.04228   0.07836   0.03080   0.08639   0.22434   0.04897   0.19103   0.22313   0.01653   0.11340   0.02026   0.05090   0.01828   0.06182   0.10603   0.02682   0.19760   0.22250   8.32196   1.49190   1.26625   1.72836   1.16672  
 16 52.6905   2209.859759  x:  0.22639   0.00000   0.05036   0.04313   0.08042   0.03077   0.08267   0.22560   0.05029   0.18490   0.22774   0.01661   0.11198   0.02017   0.05093   0.01823   0.06509   0.10609   0.02684   0.19052   0.22057   8.30966   1.51450   1.29109   1.74067   1.17008  
 17 35.1056   2209.827205  x:  0.22750   0.00000   0.04868   0.04303   0.08100   0.03076   0.08327   0.22639   0.04960   0.18266   0.22938   0.01680   0.11256   0.02033   0.05034   0.01823   0.06220   0.10276   0.02655   0.18742   0.21902   8.30505   1.52153   1.29742   1.74470   1.16941  
 18 18.3512   2209.811413  x:  0.22747   0.00000   0.04939   0.04252   0.07944   0.03080   0.08542   0.22655   0.04913   0.18278   0.22986   0.01684   0.11270   0.02025   0.05164   0.01823   0.06329   0.10105   0.02650   0.18668   0.21742   8.30044   1.52590   1.29846   1.74805   1.16575  
 19  6.1093   2209.749444  x:  0.22661   0.00000   0.04842   0.04355   0.07885   0.03081   0.08589   0.22631   0.05067   0.18524   0.23038   0.01684   0.11229   0.02013   0.04805   0.01824   0.06466   0.10125   0.02658   0.18682   0.21244   8.27793   1.54405   1.29858   1.76368   1.14545  
 20 13.1888   2209.683713  x:  0.22579   0.00000   0.04918   0.04297   0.08075   0.03073   0.08324   0.22631   0.04954   0.18670   0.23025   0.01665   0.11317   0.02022   0.05105   0.01822   0.06246   0.10314   0.02653   0.18762   0.21015   8.25249   1.56305   1.29822   1.78089   1.12274  
 21 51.3573   2209.636500  x:  0.22625   0.00000   0.04900   0.04306   0.08023   0.03074   0.08390   0.22678   0.04972   0.18241   0.22836   0.01669   0.11316   0.02017   0.05061   0.01822   0.06287   0.10233   0.02656   0.18842   0.21905   8.23087   1.57364   1.29854   1.79354   1.10620  
 22 16.1080   2209.501279  x:  0.22678   0.00000   0.04903   0.04315   0.08030   0.03068   0.08387   0.22755   0.04976   0.18977   0.22805   0.01661   0.11389   0.02004   0.05055   0.01822   0.06288   0.10246   0.02644   0.18131   0.22147   8.12527   1.54929   1.32051   1.82111   1.07963  
 23  4.1480   2209.408387  x:  0.22615   0.00000   0.04908   0.04321   0.08023   0.03065   0.08395   0.22799   0.04979   0.18161   0.22826   0.01654   0.11447   0.01995   0.05049   0.01822   0.06291   0.10243   0.02637   0.18956   0.21551   8.04877   1.53474   1.33271   1.83526   1.06620  
 24 31.2661   2207.440207  x:  0.21167   0.00000   0.05064   0.04489   0.08078   0.03024   0.08435   0.23838   0.05257   0.18380   0.24680   0.01470   0.12667   0.01851   0.05013   0.01825   0.06282   0.10160   0.02519   0.19100   0.22118   6.40719   1.53634   1.31021   1.80765   1.08242  
 25 14.0608   2207.247865  x:  0.22772   0.00000   0.05051   0.04476   0.08080   0.03024   0.08470   0.24059   0.05216   0.18427   0.23000   0.01457   0.12746   0.01838   0.05013   0.01825   0.06288   0.10176   0.02550   0.18989   0.21705   6.23058   1.53711   1.30721   1.80410   1.08463  
 26 98.7725   2206.780851  x:  0.23141   0.00000   0.05183   0.04576   0.08239   0.03044   0.08675   0.25604   0.05429   0.18545   0.22631   0.01446   0.14155   0.01800   0.04991   0.01863   0.06339   0.10327   0.02513   0.18852   0.21720   6.71141   1.52613   1.26740   1.73604   1.11060  
 27  0.2427   2206.649574  x:  0.22793   0.00000   0.05233   0.04646   0.08302   0.03060   0.08746   0.26522   0.05519   0.18465   0.23109   0.01387   0.15075   0.01782   0.04979   0.01853   0.06366   0.10380   0.02522   0.18939   0.21777   6.49787   1.52338   1.28346   1.75410   1.09653  
 28  0.1707   2206.645048  x:  0.22898   0.00000   0.05218   0.04641   0.08289   0.03064   0.08737   0.26551   0.05494   0.18479   0.22942   0.01386   0.15170   0.01784   0.04982   0.01843   0.06367   0.10371   0.02540   0.18962   0.21745   6.54057   1.52658   1.28836   1.76288   1.09489  
 29  0.0446   2206.644891  x:  0.22902   0.00000   0.05216   0.04641   0.08288   0.03068   0.08737   0.26541   0.05488   0.18487   0.22954   0.01388   0.15211   0.01785   0.04982   0.01842   0.06369   0.10368   0.02541   0.18963   0.21748   6.54005   1.52735   1.28786   1.76263   1.09557  
 30  0.0011   2206.644883  x:  0.22899   0.00000   0.05216   0.04641   0.08288   0.03068   0.08737   0.26528   0.05488   0.18484   0.22953   0.01387   0.15215   0.01785   0.04982   0.01842   0.06369   0.10368   0.02542   0.18961   0.21747   6.53984   1.52714   1.28791   1.76260   1.09562  
 31  0.0003   2206.644883  x:  0.22899   0.00000   0.05216   0.04641   0.08288   0.03068   0.08737   0.26527   0.05489   0.18484   0.22953   0.01387   0.15215   0.01785   0.04982   0.01842   0.06369   0.10368   0.02542   0.18961   0.21747   6.53980   1.52715   1.28790   1.76260   1.09557  
 32  0.0001   2206.644883  x:  0.22899   0.00000   0.05216   0.04641   0.08288   0.03068   0.08737   0.26527   0.05489   0.18484   0.22953   0.01387   0.15215   0.01785   0.04982   0.01842   0.06369   0.10368   0.02542   0.18961   0.21747   6.53981   1.52715   1.28790   1.76260   1.09557  
 33  0.0000   2206.644883  x:  0.22899   0.00000   0.05216   0.04641   0.08288   0.03068   0.08737   0.26527   0.05489   0.18484   0.22953   0.01387   0.15215   0.01785   0.04982   0.01842   0.06369   0.10368   0.02542   0.18961   0.21747   6.53980   1.52715   1.28790   1.76260   1.09557  