

TREE # 1

  0  0.0000   2146.051718  x:  0.20925   0.02571   0.03211   0.02495   0.05815   0.02188   0.05666   0.08536   0.02661   0.17168   0.20925   0.02571   0.03211   0.02495   0.05815   0.02188   0.05666   0.08536   0.02661   0.17168   0.21568   8.40433   1.44761   1.02661   1.31396   1.00000  
  1 99.0000   2132.624326  x:  0.20412   0.01654   0.03596   0.02996   0.06796   0.08204   0.08719   0.06170   0.04490   0.18786   0.22769   0.01354   0.03292   0.03035   0.10474   0.04279   0.06309   0.09857   0.06063   0.17899   0.24572   8.40441   1.44607   1.02397   1.31779   0.99561  
  2 338.9278   2127.370534  x:  0.19570   0.02159   0.02924   0.02134   0.06798   0.06885   0.10211   0.03141   0.03835   0.21049   0.25597   0.01654   0.03463   0.02167   0.12499   0.02686   0.06640   0.11037   0.05455   0.18961   0.28968   8.40460   1.44307   1.01979   1.32476   0.98681  
  3 144.0194   2124.939661  x:  0.18744   0.01603   0.03432   0.03119   0.06752   0.05217   0.10698   0.04342   0.03582   0.22938   0.28184   0.01236   0.03301   0.03205   0.13381   0.03348   0.06631   0.11618   0.04699   0.19854   0.32984   8.40485   1.43947   1.01502   1.33305   0.97587  
  4 138.1048   2124.366617  x:  0.18462   0.02179   0.03467   0.02848   0.06730   0.05309   0.10223   0.05074   0.04130   0.23393   0.29097   0.01862   0.03224   0.02818   0.12983   0.03588   0.06455   0.11414   0.05031   0.20060   0.34441   8.40504   1.43714   1.01230   1.33821   0.96834  
  5 71.8749   2123.904490  x:  0.18250   0.01717   0.03330   0.02490   0.06722   0.05760   0.09393   0.05244   0.04267   0.23563   0.29844   0.01331   0.03199   0.02381   0.12082   0.03490   0.06274   0.10933   0.05268   0.20120   0.35724   8.40532   1.43393   1.00891   1.34509   0.95763  
  6 67.9939   2123.629622  x:  0.18204   0.01848   0.03350   0.02826   0.06760   0.06171   0.08863   0.04789   0.04070   0.23397   0.30255   0.01417   0.03368   0.02933   0.11268   0.03413   0.06295   0.10518   0.05437   0.20019   0.36519   8.40566   1.43039   1.00530   1.35265   0.94523  
  7 51.5791   2123.154072  x:  0.18572   0.01907   0.03787   0.02854   0.06757   0.06141   0.09593   0.04507   0.03839   0.22072   0.30346   0.01448   0.02875   0.02575   0.10725   0.03963   0.06734   0.10344   0.05241   0.19345   0.37246   8.40688   1.41887   0.99405   1.37710   0.90219  
  8 31.2247   2122.690469  x:  0.18975   0.01751   0.03330   0.02613   0.06743   0.06008   0.10102   0.04852   0.04148   0.20846   0.30255   0.01470   0.03573   0.02817   0.10933   0.03660   0.06711   0.10508   0.05206   0.18745   0.37644   8.40827   1.40642   0.98210   1.40351   0.85388  
  9 101.9817   2122.499095  x:  0.19083   0.01970   0.03276   0.02915   0.06732   0.05978   0.09760   0.04944   0.04162   0.20779   0.30103   0.01279   0.03203   0.02778   0.11414   0.03274   0.06341   0.10698   0.05320   0.18736   0.37477   8.40897   1.40115   0.97740   1.41471   0.83117  
 10 56.0333   2122.386722  x:  0.19075   0.01704   0.03383   0.02850   0.06705   0.05928   0.09352   0.04853   0.04010   0.21071   0.29968   0.01563   0.03123   0.02767   0.11744   0.03371   0.06175   0.10813   0.05382   0.18904   0.37170   8.40947   1.39807   0.97495   1.42131   0.81607  
 11 51.4628   2122.304262  x:  0.18988   0.01888   0.03477   0.02681   0.06698   0.05887   0.09093   0.04754   0.03985   0.21566   0.29845   0.01397   0.03295   0.02782   0.11877   0.03643   0.06269   0.10833   0.05278   0.19173   0.36784   8.40993   1.39594   0.97360   1.42593   0.80372  
 12 41.8418   2122.240148  x:  0.18779   0.01825   0.03366   0.02865   0.06762   0.05941   0.09272   0.04786   0.04118   0.22246   0.29757   0.01445   0.03305   0.02692   0.11685   0.03550   0.06575   0.10725   0.05215   0.19530   0.36329   8.41042   1.39460   0.97347   1.42890   0.79273  
 13 23.3208   2122.225007  x:  0.18681   0.01835   0.03389   0.02745   0.06745   0.05966   0.09446   0.04821   0.04077   0.22425   0.29753   0.01436   0.03226   0.02801   0.11571   0.03489   0.06494   0.10692   0.05268   0.19623   0.36205   8.41061   1.39451   0.97401   1.42916   0.78970  
 14 12.2722   2122.220853  x:  0.18622   0.01843   0.03398   0.02785   0.06727   0.05963   0.09512   0.04812   0.04044   0.22449   0.29772   0.01431   0.03282   0.02758   0.11526   0.03512   0.06382   0.10698   0.05295   0.19636   0.36173   8.41075   1.39472   0.97476   1.42875   0.78847  
 15  4.9864   2122.214880  x:  0.18488   0.01834   0.03339   0.02789   0.06709   0.05938   0.09495   0.04769   0.04111   0.22368   0.29861   0.01429   0.03241   0.02780   0.11513   0.03561   0.06366   0.10743   0.05278   0.19601   0.36162   8.41128   1.39591   0.97786   1.42655   0.78545  
 16  3.0993   2122.209711  x:  0.18416   0.01839   0.03416   0.02781   0.06722   0.05961   0.09469   0.04801   0.04077   0.22292   0.29941   0.01433   0.03267   0.02769   0.11540   0.03505   0.06428   0.10762   0.05275   0.19572   0.36174   8.41184   1.39719   0.98090   1.42432   0.78259  
 17  8.8251   2122.207902  x:  0.18493   0.01850   0.03368   0.02778   0.06746   0.05964   0.09471   0.04821   0.04023   0.22288   0.29948   0.01435   0.03261   0.02763   0.11559   0.03520   0.06438   0.10720   0.05285   0.19582   0.36205   8.41217   1.39788   0.98200   1.42343   0.78153  
 18  2.9753   2122.206034  x:  0.18639   0.01840   0.03396   0.02780   0.06746   0.05945   0.09479   0.04803   0.04067   0.22305   0.29929   0.01434   0.03264   0.02768   0.11560   0.03514   0.06416   0.10672   0.05280   0.19600   0.36254   8.41264   1.39881   0.98303   1.42249   0.78046  
 19  3.3507   2122.204840  x:  0.18698   0.01841   0.03389   0.02782   0.06700   0.05967   0.09475   0.04809   0.04060   0.22335   0.29880   0.01436   0.03263   0.02768   0.11522   0.03514   0.06425   0.10756   0.05273   0.19590   0.36300   8.41325   1.39974   0.98316   1.42214   0.78002  
 20  1.0531   2122.201144  x:  0.18653   0.01840   0.03395   0.02774   0.06826   0.05932   0.09470   0.04798   0.04063   0.22386   0.29725   0.01433   0.03264   0.02768   0.11497   0.03512   0.06417   0.10801   0.05288   0.19521   0.36407   8.41580   1.40301   0.98243   1.42185   0.77938  
 21  1.2776   2122.194136  x:  0.18521   0.01843   0.03385   0.02778   0.06699   0.05925   0.09478   0.04790   0.04049   0.22416   0.29569   0.01443   0.03265   0.02763   0.11569   0.03499   0.06421   0.10666   0.05251   0.19468   0.36534   8.42092   1.40876   0.98092   1.42188   0.77868  
 22  4.4740   2122.171714  x:  0.18552   0.01843   0.03374   0.02765   0.06728   0.05861   0.09476   0.04747   0.04030   0.22213   0.30033   0.01438   0.03266   0.02756   0.11548   0.03467   0.06416   0.10752   0.05224   0.19884   0.36407   8.43852   1.42221   0.97838   1.42501   0.77900  
 23  3.4723   2122.133302  x:  0.18722   0.01845   0.03353   0.02751   0.06689   0.05697   0.09475   0.04678   0.03994   0.22642   0.30685   0.01423   0.03276   0.02743   0.11576   0.03405   0.06438   0.10773   0.05246   0.19259   0.36239   8.46957   1.43222   0.98365   1.43383   0.78257  
 24  5.1132   2122.098520  x:  0.18662   0.01858   0.03330   0.02717   0.06783   0.05793   0.09488   0.04650   0.03961   0.22775   0.30666   0.01493   0.03266   0.02732   0.11614   0.03341   0.06305   0.10799   0.04833   0.19343   0.36437   8.49759   1.43616   0.99157   1.44198   0.78655  
 25 12.7915   2122.028683  x:  0.18440   0.01862   0.03299   0.02700   0.06687   0.05418   0.09484   0.04510   0.03894   0.22882   0.30305   0.01465   0.03297   0.02709   0.11635   0.03238   0.06407   0.10873   0.05002   0.19865   0.36985   8.55478   1.44175   1.00872   1.45814   0.79488  
 26 44.6294   2121.962360  x:  0.18419   0.01875   0.03272   0.02670   0.06684   0.05212   0.09491   0.04393   0.03825   0.23067   0.30536   0.01480   0.03308   0.02683   0.11638   0.03133   0.06408   0.10932   0.04885   0.19916   0.37310   8.61306   1.40729   0.98514   1.41813   0.79325  
 27  1.6665   2121.957110  x:  0.18444   0.01898   0.03272   0.02651   0.06667   0.05225   0.09432   0.04395   0.03812   0.23005   0.30477   0.01492   0.03283   0.02634   0.11498   0.03154   0.06413   0.10908   0.04861   0.19896   0.37264   8.66766   1.40504   0.98461   1.42080   0.79093  
 28  0.0447   2121.956787  x:  0.18449   0.01896   0.03273   0.02653   0.06669   0.05210   0.09427   0.04400   0.03815   0.22987   0.30453   0.01494   0.03287   0.02645   0.11488   0.03146   0.06412   0.10900   0.04861   0.19886   0.37206   8.68264   1.40580   0.98485   1.42036   0.79186  
 29  0.0122   2121.956782  x:  0.18448   0.01895   0.03273   0.02654   0.06669   0.05209   0.09427   0.04401   0.03813   0.22985   0.30452   0.01493   0.03287   0.02645   0.11489   0.03148   0.06411   0.10900   0.04859   0.19886   0.37203   8.68233   1.40575   0.98481   1.42039   0.79180  
 30  0.0003   2121.956782  x:  0.18448   0.01895   0.03273   0.02655   0.06669   0.05208   0.09427   0.04401   0.03813   0.22985   0.30452   0.01493   0.03287   0.02645   0.11488   0.03147   0.06411   0.10900   0.04859   0.19886   0.37203   8.68199   1.40574   0.98480   1.42039   0.79180  
 31  0.0003   2121.956782  x:  0.18448   0.01895   0.03273   0.02655   0.06669   0.05208   0.09426   0.04401   0.03813   0.22985   0.30452   0.01493   0.03287   0.02645   0.11488   0.03147   0.06411   0.10900   0.04859   0.19886   0.37203   8.68189   1.40574   0.98481   1.42038   0.79180  
 32  0.0001   2121.956782  x:  0.18448   0.01895   0.03273   0.02655   0.06669   0.05208   0.09426   0.04401   0.03813   0.22985   0.30452   0.01493   0.03287   0.02645   0.11488   0.03147   0.06411   0.10900   0.04859   0.19886   0.37203   8.68188   1.40574   0.98481   1.42038   0.79180  