

TREE # 1

  0  0.0000   2316.779036  x:  0.00000   0.02814   0.08331   0.02858   0.09788   0.09363   0.04857   0.06632   0.10218   0.03662   0.12419   0.01544   0.05495   0.02278   0.02388   0.08257   0.07485   0.03725   0.06695   0.05804   0.09255   0.10537   0.08686   2.00000   1.37113   1.12856   1.30470   0.40000  
  1 99.0000   2316.771873  x:  0.00000   0.02814   0.08331   0.02858   0.09788   0.09363   0.04857   0.06632   0.10218   0.03662   0.12420   0.01544   0.05496   0.02278   0.02388   0.08256   0.07485   0.03725   0.06695   0.05804   0.09255   0.10537   0.08686   2.00000   1.37113   1.12856   1.30470   0.40000  
  2 917.1645   2300.944761  x:  0.00000   0.01598   0.08194   0.03525   0.10184   0.09117   0.04737   0.06675   0.10197   0.04262   0.13329   0.00000   0.08379   0.02797   0.02482   0.07567   0.06900   0.03733   0.06723   0.06521   0.08178   0.11719   0.10973   2.00497   1.37137   1.12721   1.30580   0.41192  
  3 621.7011   2288.759637  x:  0.00000   0.01413   0.07657   0.02949   0.11381   0.08261   0.04419   0.06726   0.09926   0.04397   0.15948   0.00000   0.06493   0.00824   0.01850   0.04863   0.04780   0.03960   0.07030   0.07961   0.03488   0.14429   0.13705   2.02686   1.37209   1.12198   1.31028   0.45739  
  4 265.9972   2284.523931  x:  0.00000   0.01307   0.07433   0.02728   0.11895   0.07890   0.04306   0.06742   0.09797   0.04328   0.17165   0.00000   0.05258   0.01829   0.01670   0.03689   0.03901   0.04077   0.07188   0.08480   0.01340   0.15613   0.14624   2.03811   1.37247   1.11938   1.31251   0.47915  
  5 981.7815   2279.616464  x:  0.00000   0.01100   0.07319   0.04390   0.12671   0.07417   0.04505   0.06729   0.09478   0.03493   0.20919   0.00000   0.03473   0.02251   0.02983   0.03035   0.03917   0.04583   0.07915   0.07989   0.03506   0.18677   0.14930   2.08132   1.37427   1.11041   1.32000   0.54300  
  6 168.4124   2274.913371  x:  0.00000   0.00977   0.07606   0.02770   0.12641   0.07619   0.04791   0.06441   0.09072   0.04248   0.24672   0.00000   0.03495   0.02497   0.01901   0.05255   0.05671   0.04343   0.08067   0.06365   0.03919   0.21220   0.13870   2.14052   1.37726   1.09954   1.32863   0.60897  
  7 240.3654   2272.544847  x:  0.00000   0.01005   0.08339   0.04562   0.11317   0.08564   0.04612   0.06445   0.09189   0.03481   0.25186   0.00000   0.03692   0.02290   0.01573   0.06405   0.06276   0.03342   0.06993   0.06341   0.02767   0.20445   0.13172   2.20230   1.38106   1.09133   1.33472   0.64059  
  8 119.1227   2267.781600  x:  0.00000   0.01109   0.09335   0.03744   0.08312   0.10128   0.04193   0.06451   0.09479   0.04617   0.24174   0.00000   0.03854   0.02221   0.04043   0.06850   0.06135   0.03174   0.05000   0.07704   0.02699   0.17011   0.13494   2.36426   1.39152   1.07219   1.34863   0.69836  
  9 237.9507   2259.691409  x:  0.00000   0.01508   0.09419   0.02553   0.07419   0.10700   0.04515   0.07005   0.09813   0.03162   0.20258   0.00000   0.05438   0.02452   0.01411   0.05174   0.04878   0.04487   0.05815   0.08110   0.04175   0.12344   0.13783   2.63249   1.40926   1.04419   1.36929   0.76513  
 10 368.6230   2251.050012  x:  0.00000   0.01752   0.08209   0.03839   0.10499   0.09694   0.04968   0.07275   0.10291   0.05942   0.13620   0.00000   0.06924   0.02218   0.01735   0.03906   0.04447   0.04562   0.08342   0.06792   0.03430   0.10037   0.11394   2.97369   1.43164   1.01367   1.39298   0.81948  
 11 573.5622   2246.583622  x:  0.00000   0.01990   0.07374   0.02782   0.11688   0.08378   0.04435   0.06865   0.10103   0.03621   0.11077   0.00000   0.07797   0.02088   0.03408   0.04377   0.04804   0.04062   0.08401   0.06871   0.02817   0.11834   0.10880   3.15660   1.44287   1.00356   1.40286   0.82016  
 12 384.7266   2234.208784  x:  0.00000   0.01618   0.05803   0.03713   0.13064   0.04726   0.03182   0.05032   0.09446   0.04725   0.13725   0.00000   0.05251   0.02480   0.01302   0.05351   0.05916   0.03572   0.05214   0.08559   0.04193   0.17038   0.13453   3.69066   1.47230   0.99518   1.42288   0.73480  
 13 355.6034   2220.289062  x:  0.00000   0.01196   0.07200   0.03678   0.15102   0.08345   0.07572   0.06566   0.08606   0.04192   0.22910   0.00000   0.03543   0.02372   0.02587   0.04836   0.05548   0.04453   0.07079   0.07319   0.03064   0.22600   0.15539   4.39421   1.50917   0.99663   1.44477   0.59010  
 14 829.1868   2218.713105  x:  0.00000   0.01181   0.08078   0.03433   0.14432   0.08215   0.05049   0.06794   0.09089   0.04288   0.24446   0.00000   0.03852   0.02354   0.02776   0.03924   0.04672   0.03727   0.08365   0.06360   0.03077   0.22990   0.14899   4.46310   1.50891   1.00867   1.44326   0.57620  
 15 135.6754   2218.362965  x:  0.00000   0.01173   0.08050   0.03618   0.14171   0.08200   0.04321   0.06900   0.09304   0.04280   0.24632   0.00000   0.03792   0.02329   0.02858   0.04360   0.04967   0.04613   0.09184   0.06613   0.02822   0.22997   0.14963   4.47994   1.50514   1.02252   1.43951   0.57541  
 16 45.1757   2217.241745  x:  0.00000   0.01181   0.07280   0.03636   0.13134   0.08065   0.05122   0.06663   0.09726   0.04390   0.24491   0.00000   0.03631   0.02369   0.02826   0.04537   0.05285   0.03589   0.10654   0.07217   0.02884   0.23188   0.15347   4.53347   1.47968   1.10413   1.41599   0.58338  
 17 46.3533   2216.452590  x:  0.00000   0.01211   0.07607   0.03696   0.13276   0.08067   0.05449   0.06709   0.09427   0.04417   0.24227   0.00000   0.03919   0.02336   0.02845   0.04096   0.04932   0.04565   0.09304   0.06283   0.02767   0.23477   0.15040   4.57077   1.45874   1.16705   1.39790   0.59068  
 18 88.4744   2216.236730  x:  0.00000   0.01225   0.08134   0.03573   0.14433   0.08540   0.05064   0.07152   0.09198   0.04388   0.24196   0.00000   0.03866   0.02384   0.02772   0.04367   0.04821   0.04336   0.08907   0.06670   0.02977   0.23315   0.15133   4.58018   1.45226   1.18284   1.39415   0.59325  
 19 31.6799   2216.107547  x:  0.00000   0.01254   0.08048   0.03501   0.15094   0.08580   0.04884   0.06639   0.09305   0.04194   0.24514   0.00000   0.03901   0.02372   0.02926   0.04197   0.05303   0.04236   0.08786   0.06467   0.02905   0.22699   0.15399   4.58393   1.44821   1.18645   1.39529   0.59402  
 20  8.8580   2215.606589  x:  0.00000   0.01353   0.07581   0.03466   0.15715   0.07964   0.05130   0.06004   0.09630   0.04000   0.25375   0.00000   0.04393   0.02350   0.03131   0.04688   0.04421   0.04367   0.08661   0.06997   0.02820   0.21862   0.14766   4.59462   1.43346   1.18765   1.40611   0.59568  
 21  9.3083   2210.056084  x:  0.00000   0.01739   0.06997   0.03602   0.14922   0.05486   0.05533   0.10152   0.10415   0.04104   0.25747   0.00000   0.05415   0.02365   0.03437   0.04840   0.05148   0.04023   0.08432   0.06352   0.02439   0.21108   0.16652   4.70802   1.27752   1.17440   1.53484   0.61551  
 22 35.8549   2205.612849  x:  0.00000   0.02030   0.06734   0.03969   0.13821   0.09148   0.04682   0.07637   0.10080   0.04857   0.24276   0.00000   0.06268   0.02499   0.02594   0.03670   0.05056   0.04428   0.08822   0.07410   0.02807   0.23465   0.17071   4.79924   1.17063   1.16212   1.62637   0.63341  
 23 170.4338   2203.470060  x:  0.00000   0.02100   0.09298   0.04325   0.13458   0.08665   0.05025   0.05580   0.08827   0.05040   0.23403   0.00000   0.06056   0.02554   0.02594   0.05017   0.03813   0.04371   0.09934   0.06492   0.02777   0.23663   0.19039   4.84007   1.16978   1.15924   1.63731   0.64543  
 24 45.3344   2190.809305  x:  0.00000   0.02937   0.13317   0.04910   0.12244   0.06254   0.05837   0.04961   0.05161   0.05887   0.24015   0.00000   0.09401   0.02630   0.02335   0.01963   0.06762   0.04598   0.10993   0.10529   0.02400   0.23800   0.19182   5.07029   1.32940   1.15416   1.59118   0.72329  
 25 65.5764   2167.839914  x:  0.00000   0.04617   0.09174   0.05881   0.11578   0.09563   0.04338   0.07253   0.14985   0.07034   0.23657   0.00000   0.13629   0.03167   0.01597   0.03354   0.04425   0.04312   0.08899   0.09476   0.02930   0.25779   0.26737   5.56998   1.71475   1.14153   1.45992   0.89916  
 26 396.0184   2166.571983  x:  0.00000   0.04682   0.06741   0.06118   0.11298   0.10259   0.03494   0.07783   0.12329   0.07065   0.23916   0.00000   0.13810   0.03182   0.01739   0.03916   0.03698   0.04044   0.08970   0.08665   0.02907   0.25206   0.27366   5.59247   1.73194   1.14083   1.45256   0.90660  
 27 68.2477   2165.121964  x:  0.00000   0.04930   0.06944   0.06190   0.11524   0.09618   0.03751   0.07783   0.11777   0.07074   0.24425   0.00000   0.14342   0.03207   0.01929   0.03998   0.03979   0.04021   0.09002   0.08909   0.02664   0.24775   0.27673   5.72967   1.58773   1.03490   1.24406   0.91284  
 28  1.7450   2154.050146  x:  0.00000   0.07298   0.07467   0.06506   0.14626   0.07479   0.05149   0.07175   0.07936   0.07378   0.25390   0.00000   0.18965   0.03439   0.02793   0.04903   0.04885   0.04336   0.05409   0.09822   0.01100   0.21365   0.30475   6.88011   1.50749   1.16674   1.40827   0.94551  
 29  3.8672   2148.946893  x:  0.00000   0.09465   0.07918   0.06146   0.12705   0.06145   0.04190   0.05422   0.10182   0.07413   0.23740   0.00000   0.22879   0.04029   0.02342   0.03767   0.04556   0.04031   0.08007   0.10554   0.02697   0.20408   0.32081   7.80341   1.41689   1.14302   1.44420   0.96574  
 30  0.7399   2146.383634  x:  0.00000   0.11384   0.06225   0.05982   0.11915   0.08238   0.04153   0.06533   0.09600   0.07087   0.20809   0.00000   0.26166   0.04197   0.01479   0.03268   0.04001   0.04161   0.07697   0.09662   0.02091   0.19943   0.32729   8.53202   1.46202   1.10088   1.45891   0.98708  
 31  0.4953   2144.960664  x:  0.00000   0.12890   0.07586   0.05452   0.12865   0.08170   0.04180   0.07025   0.10141   0.06717   0.19866   0.00000   0.28437   0.04294   0.02474   0.03965   0.04277   0.04294   0.07362   0.09187   0.01266   0.19316   0.32228   9.22822   1.47271   1.12249   1.44306   0.99083  
 32  0.4611   2144.365550  x:  0.00000   0.13739   0.07336   0.05071   0.13262   0.07933   0.04473   0.06452   0.09677   0.06373   0.20011   0.00000   0.29181   0.04475   0.02413   0.04200   0.04325   0.04216   0.07088   0.08865   0.02092   0.19374   0.30643   9.66639   1.46414   1.13275   1.41701   0.96418  
 33  0.2546   2143.956926  x:  0.00000   0.14270   0.07249   0.04925   0.12844   0.07673   0.04307   0.06172   0.10057   0.06167   0.20593   0.00000   0.29134   0.04398   0.02126   0.03917   0.04236   0.04173   0.08079   0.08744   0.01690   0.19910   0.28480   9.96909   1.46429   1.11998   1.41375   0.94364  
 34  0.2070   2143.717023  x:  0.00000   0.14272   0.07395   0.05197   0.12872   0.07776   0.04249   0.06905   0.10102   0.06396   0.20724   0.00000   0.28079   0.04289   0.02161   0.03844   0.04287   0.04233   0.07470   0.08875   0.01666   0.20151   0.27014   9.98704   1.49598   1.12010   1.45261   0.94187  
 35  0.0249   2143.465165  x:  0.00000   0.14450   0.07026   0.05694   0.13068   0.08124   0.04416   0.06506   0.09479   0.06644   0.20515   0.00000   0.26508   0.04197   0.02288   0.04054   0.04326   0.04286   0.07500   0.08964   0.01649   0.19790   0.26403  10.08293   1.47318   1.13334   1.44303   0.96047  
 36  0.0360   2143.240793  x:  0.00000   0.15093   0.07455   0.05762   0.13019   0.07948   0.04259   0.06260   0.10363   0.06644   0.20117   0.00000   0.25307   0.04217   0.02315   0.03848   0.04114   0.04162   0.07409   0.08930   0.01860   0.19675   0.26903  10.35769   1.46399   1.12276   1.42642   0.98321  
 37  0.1157   2143.123095  x:  0.00000   0.15559   0.07373   0.05666   0.12872   0.07786   0.04297   0.06591   0.10024   0.06481   0.20252   0.00000   0.24763   0.04254   0.02259   0.04028   0.04334   0.04142   0.07874   0.08878   0.01864   0.19720   0.27580  10.56537   1.47979   1.11605   1.43465   0.98847  
 38  0.1474   2143.070800  x:  0.00000   0.15849   0.07189   0.05456   0.12951   0.07835   0.04312   0.06529   0.09991   0.06334   0.20537   0.00000   0.24509   0.04255   0.02215   0.03885   0.04303   0.04268   0.07543   0.08907   0.01743   0.19859   0.27914  10.66445   1.48425   1.12346   1.43749   0.98113  
 39  0.0603   2143.052086  x:  0.00000   0.15909   0.07395   0.05348   0.12891   0.07857   0.04271   0.06510   0.09868   0.06374   0.20504   0.00000   0.24336   0.04257   0.02201   0.03942   0.04325   0.04158   0.07488   0.09094   0.01783   0.19811   0.28083  10.60895   1.47913   1.12576   1.43885   0.97284  
 40  0.0244   2143.027320  x:  0.00000   0.16046   0.07273   0.05251   0.12826   0.07932   0.04399   0.06486   0.10084   0.06467   0.20359   0.00000   0.24258   0.04249   0.02263   0.03955   0.04279   0.04216   0.07625   0.09154   0.01763   0.19740   0.28061  10.46185   1.48051   1.12099   1.43913   0.96132  
 41  0.0388   2142.987288  x:  0.00000   0.16503   0.07178   0.05286   0.12970   0.07933   0.04162   0.06664   0.09993   0.06547   0.20233   0.00000   0.24378   0.04259   0.02261   0.03898   0.04281   0.04203   0.07644   0.08924   0.01748   0.19538   0.27903  10.27056   1.47433   1.11905   1.42745   0.95663  
 42  0.0543   2142.952874  x:  0.00000   0.16978   0.07278   0.05424   0.12986   0.07845   0.04353   0.06524   0.09973   0.06513   0.20315   0.00000   0.24481   0.04295   0.02204   0.03963   0.04313   0.04215   0.07544   0.08853   0.01786   0.19721   0.27986  10.12976   1.47847   1.12519   1.43505   0.96307  
 43  0.0615   2142.947191  x:  0.00000   0.17085   0.07296   0.05405   0.12916   0.07844   0.04297   0.06490   0.09967   0.06424   0.20385   0.00000   0.24592   0.04297   0.02231   0.03913   0.04307   0.04201   0.07588   0.08967   0.01756   0.19744   0.27911  10.11375   1.47789   1.12364   1.43665   0.96581  
 44  0.0105   2142.946485  x:  0.00000   0.17092   0.07288   0.05397   0.12932   0.07865   0.04310   0.06523   0.09970   0.06391   0.20361   0.00000   0.24571   0.04293   0.02239   0.03924   0.04302   0.04203   0.07577   0.08991   0.01767   0.19733   0.27865  10.10514   1.47790   1.12405   1.43550   0.96714  
 45  0.0060   2142.946417  x:  0.00000   0.17083   0.07290   0.05388   0.12930   0.07867   0.04307   0.06512   0.09969   0.06381   0.20355   0.00000   0.24565   0.04290   0.02233   0.03928   0.04306   0.04203   0.07575   0.08984   0.01767   0.19730   0.27864  10.10082   1.47803   1.12384   1.43544   0.96729  
 46  0.0026   2142.946407  x:  0.00000   0.17078   0.07291   0.05386   0.12928   0.07863   0.04308   0.06515   0.09969   0.06380   0.20358   0.00000   0.24559   0.04288   0.02234   0.03927   0.04303   0.04203   0.07576   0.08981   0.01767   0.19732   0.27863  10.09913   1.47798   1.12392   1.43556   0.96735  
 47  0.0013   2142.946404  x:  0.00000   0.17079   0.07290   0.05385   0.12930   0.07863   0.04308   0.06514   0.09969   0.06382   0.20357   0.00000   0.24560   0.04287   0.02235   0.03926   0.04305   0.04203   0.07576   0.08981   0.01767   0.19732   0.27862  10.09923   1.47802   1.12396   1.43567   0.96741  
 48  0.0001   2142.946402  x:  0.00000   0.17081   0.07291   0.05384   0.12930   0.07863   0.04308   0.06514   0.09968   0.06382   0.20356   0.00000   0.24562   0.04284   0.02234   0.03927   0.04304   0.04203   0.07576   0.08981   0.01767   0.19733   0.27862  10.09994   1.47798   1.12392   1.43558   0.96744  
 49  0.0003   2142.946402  x:  0.00000   0.17081   0.07291   0.05385   0.12929   0.07863   0.04308   0.06514   0.09969   0.06382   0.20357   0.00000   0.24561   0.04283   0.02234   0.03927   0.04304   0.04203   0.07576   0.08982   0.01768   0.19733   0.27863  10.09959   1.47801   1.12394   1.43558   0.96741  
 50  0.0002   2142.946401  x:  0.00000   0.17081   0.07291   0.05385   0.12929   0.07863   0.04308   0.06514   0.09969   0.06382   0.20357   0.00000   0.24562   0.04283   0.02234   0.03927   0.04304   0.04203   0.07576   0.08982   0.01768   0.19732   0.27864  10.09968   1.47799   1.12393   1.43559   0.96740  
 51  0.0001   2142.946401  x:  0.00000   0.17081   0.07291   0.05385   0.12929   0.07863   0.04308   0.06514   0.09969   0.06382   0.20357   0.00000   0.24562   0.04283   0.02234   0.03927   0.04304   0.04203   0.07576   0.08982   0.01768   0.19732   0.27864  10.09970   1.47800   1.12393   1.43559   0.96739  
 52  0.0000   2142.946401  x:  0.00000   0.17081   0.07291   0.05385   0.12929   0.07863   0.04308   0.06514   0.09969   0.06382   0.20357   0.00000   0.24562   0.04283   0.02234   0.03927   0.04304   0.04203   0.07576   0.08982   0.01768   0.19732   0.27864  10.09969   1.47800   1.12393   1.43559   0.96739  
 53  0.0000   2142.946401  x:  0.00000   0.17081   0.07291   0.05385   0.12929   0.07863   0.04308   0.06514   0.09969   0.06382   0.20357   0.00000   0.24562   0.04283   0.02234   0.03927   0.04304   0.04203   0.07576   0.08982   0.01768   0.19732   0.27864  10.09969   1.47800   1.12393   1.43559   0.96739  
 54  0.0000   2142.946401  x:  0.00000   0.17081   0.07291   0.05385   0.12929   0.07863   0.04308   0.06514   0.09969   0.06382   0.20357   0.00000   0.24562   0.04283   0.02234   0.03927   0.04304   0.04203   0.07576   0.08982   0.01768   0.19732   0.27864  10.09969   1.47800   1.12393   1.43559   0.96739  
 55  0.0000   2142.946401  x:  0.00000   0.17081   0.07291   0.05385   0.12929   0.07863   0.04308   0.06514   0.09969   0.06382   0.20357   0.00000   0.24562   0.04283   0.02234   0.03927   0.04304   0.04203   0.07576   0.08982   0.01768   0.19732   0.27864  10.09969   1.47800   1.12393   1.43559   0.96739  
 56  0.0000   2142.946401  x:  0.00000   0.17081   0.07291   0.05385   0.12929   0.07863   0.04308   0.06514   0.09969   0.06382   0.20357   0.00000   0.24562   0.04283   0.02234   0.03927   0.04304   0.04203   0.07576   0.08982   0.01768   0.19732   0.27864  10.09969   1.47800   1.12393   1.43559   0.96739  

TREE # 2

  0  0.0000   2186.210507  x:  0.18644   0.00000   0.19627   0.06847   0.03583   0.02236   0.09095   0.01255   0.05733   0.04945   0.04773   0.06689   0.03636   0.19972   0.02948   0.03920   0.05439   0.06732   0.04862   0.06730   0.09046   0.06279   0.05796  10.09969   1.36707   1.09115   1.30891   0.96739  
  1 99.0000   2186.209052  x:  0.18644   0.00000   0.19627   0.06847   0.03583   0.02236   0.09095   0.01255   0.05733   0.04945   0.04773   0.06689   0.03636   0.19972   0.02948   0.03920   0.05439   0.06732   0.04862   0.06730   0.09046   0.06280   0.05796  10.09969   1.36707   1.09115   1.30891   0.96739  
  2 500.3494   2180.022372  x:  0.19679   0.00000   0.19893   0.10204   0.02897   0.01656   0.09081   0.00000   0.06211   0.04574   0.04608   0.05825   0.01429   0.20256   0.03293   0.04232   0.06004   0.07544   0.05052   0.06741   0.09793   0.06707   0.05321  10.09973   1.36847   1.08994   1.31045   0.96756  
  3 404.6871   2174.634072  x:  0.20268   0.00000   0.20001   0.12277   0.02479   0.01169   0.09072   0.00153   0.06510   0.04359   0.04506   0.05295   0.00000   0.20374   0.03133   0.04298   0.06319   0.08027   0.05144   0.06742   0.10248   0.06959   0.05031  10.09975   1.36937   1.08919   1.31146   0.96768  
  4 2188.0911   2173.196433  x:  0.20634   0.00000   0.19870   0.13722   0.02296   0.02175   0.09024   0.00159   0.06697   0.04231   0.04429   0.04925   0.00000   0.20248   0.02612   0.03965   0.06398   0.08288   0.05111   0.06720   0.10583   0.07094   0.04832  10.09978   1.37044   1.08839   1.31271   0.96785  
  5 307.2393   2172.300915  x:  0.20857   0.00000   0.18983   0.14661   0.02557   0.02177   0.08896   0.00165   0.06746   0.04277   0.04356   0.04759   0.00000   0.19361   0.03282   0.02793   0.05888   0.08132   0.04727   0.06615   0.10910   0.07009   0.04746  10.09989   1.37341   1.08643   1.31641   0.96839  
  6 75.9019   2170.780422  x:  0.20937   0.00000   0.16188   0.16450   0.02975   0.02273   0.08612   0.00175   0.06705   0.04500   0.04292   0.04720   0.00000   0.16575   0.03985   0.03712   0.04808   0.07744   0.03843   0.06305   0.11579   0.06719   0.04732  10.10019   1.38231   1.08064   1.32782   0.97009  
  7 103.8045   2169.853400  x:  0.20432   0.00000   0.14223   0.17227   0.02453   0.02365   0.08652   0.00179   0.06645   0.04497   0.04398   0.05003   0.00000   0.14620   0.04535   0.03727   0.05706   0.07882   0.04962   0.06428   0.11680   0.06750   0.04876  10.10047   1.39086   1.07528   1.33919   0.97187  
  8 78.1507   2167.884716  x:  0.17595   0.00000   0.14449   0.18188   0.02525   0.02577   0.09588   0.00191   0.07322   0.03537   0.04022   0.04918   0.00000   0.14769   0.05368   0.03856   0.06490   0.08937   0.03698   0.06722   0.10363   0.07850   0.04634  10.10149   1.42455   1.05670   1.38574   0.97936  
  9 26.4929   2164.457505  x:  0.16050   0.00000   0.16702   0.19514   0.02373   0.02882   0.09823   0.00170   0.06964   0.06004   0.04788   0.04474   0.00000   0.17000   0.06132   0.04334   0.05032   0.09275   0.05490   0.06890   0.09860   0.07623   0.04446  10.10360   1.49330   1.02398   1.48006   0.99431  
 10 104.1072   2159.115524  x:  0.21406   0.00000   0.19861   0.18313   0.02294   0.03196   0.08625   0.00228   0.06439   0.04127   0.03797   0.04907   0.00000   0.20297   0.06430   0.05018   0.07234   0.07978   0.05682   0.06544   0.11805   0.05901   0.05154  10.10698   1.59804   0.99012   1.61997   1.01579  
 11 140.5170   2157.942834  x:  0.23517   0.00000   0.20097   0.17167   0.01567   0.03252   0.08835   0.00215   0.07056   0.04116   0.04917   0.04475   0.00000   0.20589   0.06451   0.05112   0.07111   0.08477   0.05535   0.06386   0.12048   0.07713   0.04398  10.10781   1.61806   0.99918   1.64333   1.01854  
 12 72.6059   2157.410740  x:  0.24533   0.00000   0.20178   0.16886   0.02710   0.03260   0.09210   0.00210   0.07302   0.04295   0.04795   0.04314   0.00000   0.20700   0.06432   0.05253   0.07248   0.09189   0.05963   0.06498   0.11910   0.08416   0.04084  10.10829   1.62600   1.01456   1.64999   1.01854  
 13 63.1295   2155.769600  x:  0.26096   0.00000   0.20529   0.16883   0.01947   0.03419   0.10401   0.00205   0.06962   0.04823   0.03060   0.04305   0.00000   0.21082   0.06752   0.05406   0.06790   0.10697   0.06034   0.06920   0.10858   0.08275   0.04530  10.10976   1.64066   1.08428   1.65284   1.01458  
 14 63.1862   2153.708670  x:  0.26812   0.00000   0.21429   0.18005   0.01953   0.03668   0.10846   0.00236   0.06812   0.04206   0.05138   0.05038   0.00000   0.21992   0.07393   0.05655   0.07131   0.11393   0.05817   0.07314   0.09919   0.06723   0.05018  10.11196   1.65733   1.19671   1.64830   1.00644  
 15 139.3210   2152.026202  x:  0.25260   0.00000   0.22294   0.18509   0.01918   0.03831   0.09096   0.00253   0.07291   0.04043   0.04623   0.04144   0.00000   0.22859   0.07976   0.06008   0.07958   0.09258   0.06301   0.06818   0.11539   0.07431   0.04137  10.11374   1.66527   1.28650   1.63689   0.99784  
 16 92.9454   2151.923954  x:  0.25142   0.00000   0.22403   0.18648   0.01944   0.03848   0.09070   0.00251   0.07347   0.04240   0.04589   0.04653   0.00000   0.22977   0.08007   0.05996   0.08041   0.09197   0.06227   0.06652   0.11955   0.07808   0.04511  10.11387   1.66426   1.29053   1.63412   0.99658  
 17 23.9216   2151.791853  x:  0.24885   0.00000   0.22439   0.18488   0.01930   0.03870   0.09706   0.00252   0.07101   0.04129   0.04649   0.04603   0.00000   0.23082   0.08072   0.05991   0.08012   0.09684   0.06221   0.06356   0.12963   0.07593   0.04362  10.11422   1.65259   1.28344   1.61686   0.99019  
 18  8.8073   2151.011974  x:  0.25191   0.00000   0.22540   0.18560   0.01924   0.03968   0.09600   0.00240   0.07953   0.04504   0.04749   0.03858   0.00000   0.23450   0.08372   0.06149   0.08180   0.10174   0.06058   0.07532   0.13229   0.07428   0.05256  10.11651   1.56558   1.21942   1.49329   0.94635  
 19 28.9488   2150.344421  x:  0.25700   0.00000   0.22764   0.19051   0.01828   0.04068   0.09345   0.00253   0.07787   0.04361   0.04511   0.04781   0.00000   0.23770   0.08643   0.06284   0.08035   0.10204   0.06271   0.07436   0.12452   0.07604   0.04278  10.11845   1.48955   1.16395   1.38777   0.91031  
 20 201.6360   2150.235915  x:  0.25818   0.00000   0.22854   0.19197   0.01889   0.04085   0.09454   0.00262   0.07402   0.04219   0.04571   0.04495   0.00000   0.23760   0.08699   0.06310   0.08067   0.10049   0.06385   0.06805   0.12075   0.07838   0.04584  10.11874   1.47522   1.15506   1.37131   0.90647  
 21 45.8240   2150.185070  x:  0.25913   0.00000   0.23042   0.19266   0.01884   0.04094   0.09793   0.00253   0.07561   0.04527   0.04576   0.04464   0.00000   0.23572   0.08719   0.06313   0.08330   0.09800   0.06253   0.06647   0.11993   0.07733   0.04477  10.11878   1.46085   1.15191   1.36746   0.91343  
 22  7.8398   2150.065810  x:  0.25962   0.00000   0.23409   0.19385   0.01880   0.04118   0.09892   0.00260   0.07585   0.04186   0.04550   0.04523   0.00000   0.23240   0.08795   0.06357   0.08026   0.09752   0.06456   0.06942   0.12099   0.07848   0.04560  10.11877   1.42308   1.14558   1.36137   0.93558  
 23 22.8724   2150.027861  x:  0.25945   0.00000   0.23278   0.19364   0.01875   0.04120   0.09491   0.00263   0.07424   0.04318   0.04560   0.04492   0.00000   0.23352   0.08830   0.06342   0.08134   0.10116   0.06324   0.06859   0.12114   0.07817   0.04528  10.11875   1.41124   1.14370   1.35959   0.94359  
 24 17.2577   2150.013418  x:  0.25945   0.00000   0.22914   0.19373   0.01865   0.04124   0.09512   0.00261   0.07606   0.04279   0.04538   0.04509   0.00000   0.23715   0.08840   0.06345   0.08081   0.10117   0.06380   0.06738   0.12086   0.07764   0.04549  10.11870   1.40862   1.14307   1.35853   0.94717  
 25  4.2027   2150.001628  x:  0.25966   0.00000   0.22669   0.19418   0.01878   0.04127   0.09614   0.00263   0.07434   0.04303   0.04558   0.04493   0.00000   0.23963   0.08848   0.06350   0.08123   0.10001   0.06335   0.06888   0.12095   0.07837   0.04526  10.11864   1.40835   1.14260   1.35725   0.95010  
 26  3.8283   2149.747417  x:  0.26136   0.00000   0.22920   0.19711   0.01860   0.04183   0.09501   0.00275   0.07507   0.04287   0.04528   0.04480   0.00000   0.23596   0.09070   0.06399   0.08035   0.10111   0.06307   0.06817   0.12170   0.07812   0.04524  10.11679   1.44257   1.13344   1.32287   1.00738  
 27  2.3928   2145.901521  x:  0.29432   0.00000   0.21299   0.25417   0.01560   0.05047   0.08844   0.00490   0.07468   0.04058   0.03934   0.04214   0.00000   0.21961   0.12646   0.06983   0.06898   0.09866   0.05405   0.06186   0.12951   0.07953   0.04009  10.09368   1.51348   1.10271   1.49600   0.98750  
 28  0.9611   2144.465061  x:  0.28435   0.00000   0.19786   0.25272   0.01804   0.05688   0.09042   0.00763   0.07946   0.04178   0.04298   0.04263   0.00000   0.20441   0.15426   0.07134   0.07418   0.09558   0.05005   0.06876   0.13628   0.07617   0.04708  10.12695   1.45774   1.14018   1.41591   0.94974  
 29  0.0563   2143.937656  x:  0.27938   0.00000   0.19050   0.24324   0.01641   0.05817   0.09025   0.00981   0.07516   0.03827   0.04184   0.04400   0.00000   0.19603   0.16938   0.06890   0.06984   0.10013   0.05568   0.06316   0.12703   0.07867   0.04153  10.14371   1.47758   1.12145   1.42588   0.97587  
 30  0.0265   2143.650792  x:  0.27510   0.00000   0.19424   0.24036   0.01628   0.05529   0.09094   0.01165   0.07721   0.04361   0.04226   0.04193   0.00000   0.20143   0.18086   0.06376   0.07551   0.10076   0.05220   0.06672   0.12804   0.07939   0.04445  10.11667   1.48860   1.11916   1.45537   0.96583  
 31  0.0168   2143.405496  x:  0.27185   0.00000   0.20126   0.24478   0.01802   0.04827   0.09013   0.01344   0.07607   0.03909   0.04248   0.04239   0.00000   0.20616   0.18653   0.05860   0.07301   0.09857   0.05511   0.06505   0.12995   0.07888   0.04264  10.07391   1.47813   1.13641   1.44647   0.96340  
 32  0.0200   2143.274930  x:  0.27877   0.00000   0.19742   0.24684   0.01773   0.04199   0.09016   0.01412   0.07639   0.03987   0.04284   0.04289   0.00000   0.20440   0.18278   0.05800   0.07221   0.10046   0.05283   0.06498   0.12823   0.07788   0.04302  10.07975   1.47186   1.11298   1.42211   0.97085  
 33  0.0164   2143.198688  x:  0.28244   0.00000   0.19420   0.24396   0.01785   0.04040   0.09023   0.01457   0.07566   0.04046   0.04237   0.04237   0.00000   0.19989   0.17833   0.06268   0.07368   0.09885   0.05347   0.06487   0.12893   0.07895   0.04343  10.11590   1.48551   1.13306   1.44334   0.96826  
 34  0.0204   2143.133214  x:  0.27771   0.00000   0.19511   0.24198   0.01843   0.04009   0.09001   0.01651   0.07604   0.03918   0.04272   0.04267   0.00000   0.20186   0.18159   0.06607   0.07285   0.09976   0.05537   0.06587   0.13094   0.07840   0.04289  10.12079   1.46863   1.11788   1.43446   0.96107  
 35  0.0077   2143.064605  x:  0.27589   0.00000   0.19800   0.24582   0.01726   0.04068   0.08995   0.01836   0.07552   0.04030   0.04318   0.04254   0.00000   0.20352   0.17965   0.06841   0.07232   0.09954   0.05279   0.06399   0.12849   0.07823   0.04329  10.10012   1.48440   1.12700   1.43882   0.97704  
 36  0.0104   2142.988661  x:  0.27725   0.00000   0.19747   0.24739   0.01863   0.04203   0.09094   0.02039   0.07595   0.03947   0.04311   0.04178   0.00000   0.20461   0.17136   0.06750   0.07045   0.10002   0.05300   0.06665   0.12691   0.07913   0.04322  10.07510   1.47745   1.12172   1.43223   0.96041  
 37  0.0093   2142.949694  x:  0.27653   0.00000   0.19799   0.24520   0.01766   0.04258   0.08962   0.02186   0.07593   0.03924   0.04271   0.04197   0.00000   0.20383   0.17017   0.06357   0.07271   0.10011   0.05360   0.06497   0.12917   0.07883   0.04287  10.07370   1.47660   1.12543   1.43629   0.96538  
 38  0.0051   2142.946682  x:  0.27814   0.00000   0.19719   0.24539   0.01767   0.04287   0.09000   0.02222   0.07578   0.03927   0.04308   0.04206   0.00000   0.20355   0.17050   0.06380   0.07298   0.09966   0.05382   0.06515   0.12927   0.07869   0.04312  10.08935   1.47839   1.12334   1.43583   0.96827  
 39  0.0117   2142.946410  x:  0.27862   0.00000   0.19732   0.24565   0.01767   0.04281   0.08978   0.02234   0.07576   0.03926   0.04306   0.04204   0.00000   0.20355   0.17079   0.06382   0.07293   0.09968   0.05388   0.06516   0.12929   0.07863   0.04307  10.09570   1.47801   1.12389   1.43556   0.96731  
 40  0.0050   2142.946402  x:  0.27864   0.00000   0.19732   0.24563   0.01768   0.04284   0.08982   0.02235   0.07576   0.03927   0.04304   0.04203   0.00000   0.20357   0.17082   0.06382   0.07291   0.09969   0.05386   0.06514   0.12930   0.07863   0.04308  10.09811   1.47798   1.12395   1.43559   0.96736  
 41  0.0018   2142.946402  x:  0.27864   0.00000   0.19732   0.24561   0.01768   0.04283   0.08982   0.02235   0.07576   0.03927   0.04304   0.04203   0.00000   0.20357   0.17081   0.06382   0.07291   0.09969   0.05385   0.06515   0.12929   0.07863   0.04308  10.09932   1.47800   1.12393   1.43559   0.96740  
 42  0.0009   2142.946401  x:  0.27864   0.00000   0.19732   0.24561   0.01768   0.04283   0.08982   0.02234   0.07576   0.03927   0.04304   0.04203   0.00000   0.20357   0.17081   0.06382   0.07291   0.09969   0.05385   0.06514   0.12929   0.07863   0.04308  10.09965   1.47800   1.12393   1.43559   0.96739  
 43  0.0002   2142.946401  x:  0.27864   0.00000   0.19732   0.24562   0.01768   0.04283   0.08982   0.02234   0.07576   0.03927   0.04304   0.04203   0.00000   0.20357   0.17081   0.06382   0.07291   0.09969   0.05385   0.06514   0.12929   0.07863   0.04308  10.09969   1.47800   1.12393   1.43559   0.96739  
 44  0.0000   2142.946401  x:  0.27864   0.00000   0.19732   0.24562   0.01768   0.04283   0.08982   0.02234   0.07576   0.03927   0.04304   0.04203   0.00000   0.20357   0.17081   0.06382   0.07291   0.09969   0.05385   0.06514   0.12929   0.07863   0.04308  10.09969   1.47800   1.12393   1.43559   0.96739  