

TREE # 1

  0  0.0000   1980.126857  x:  0.20925   0.02571   0.03211   0.02495   0.05815   0.02188   0.05666   0.08536   0.02661   0.17168   0.20925   0.02571   0.03211   0.02495   0.05815   0.02188   0.05666   0.08536   0.02661   0.17168   0.21568   8.40433   1.66306   1.04352   1.45264   1.00000  
  1 99.0000   1956.595958  x:  0.20728   0.02473   0.00000   0.00481   0.15394   0.04079   0.04301   0.08423   0.02623   0.17991   0.21262   0.01641   0.01708   0.03573   0.05622   0.07986   0.02553   0.09593   0.05180   0.16626   0.22037   8.40432   1.66166   1.04029   1.45639   1.00177  
  2 486.3066   1955.274123  x:  0.20701   0.02498   0.00584   0.00420   0.16520   0.04269   0.04130   0.08419   0.02620   0.18106   0.21309   0.01546   0.01538   0.03675   0.05592   0.08593   0.02143   0.09732   0.05446   0.16549   0.22104   8.40432   1.66146   1.03982   1.45694   1.00203  
  3 1048.1248   1954.291432  x:  0.20644   0.02539   0.00573   0.01604   0.17372   0.04180   0.03957   0.08413   0.02614   0.18322   0.21400   0.01618   0.01545   0.03576   0.05525   0.08553   0.01650   0.09931   0.05427   0.16397   0.22237   8.40431   1.66097   1.03886   1.45812   1.00261  
  4 225.1387   1952.676613  x:  0.20410   0.02679   0.00557   0.01380   0.19147   0.03043   0.03559   0.08391   0.02564   0.19188   0.21773   0.02040   0.02054   0.02906   0.05317   0.06913   0.00831   0.10608   0.04712   0.15774   0.22791   8.40431   1.65874   1.03469   1.46334   1.00519  
  5 110.0481   1951.979507  x:  0.20229   0.02701   0.00565   0.01415   0.20490   0.02665   0.03434   0.08378   0.02552   0.19828   0.22052   0.02023   0.02132   0.02759   0.05287   0.05812   0.01599   0.11043   0.04341   0.15311   0.23214   8.40430   1.65689   1.03121   1.46773   1.00736  
  6 180.2625   1951.603982  x:  0.20067   0.02602   0.00556   0.01367   0.20942   0.03120   0.03746   0.08377   0.02582   0.20325   0.22282   0.01748   0.01775   0.03099   0.05392   0.04850   0.01451   0.11199   0.04191   0.14953   0.23581   8.40430   1.65483   1.02745   1.47253   1.00976  
  7 73.2534   1951.385500  x:  0.19801   0.02579   0.00564   0.01358   0.20847   0.03404   0.03953   0.08385   0.02603   0.21002   0.22628   0.02136   0.02176   0.03235   0.05603   0.04813   0.01465   0.11115   0.04597   0.14512   0.24167   8.40431   1.65025   1.01935   1.48305   1.01510  
  8 30.6182   1950.966393  x:  0.19258   0.02643   0.00554   0.01373   0.20283   0.03097   0.03815   0.08392   0.02572   0.22280   0.23294   0.01648   0.01915   0.02990   0.05807   0.05289   0.01436   0.10809   0.04841   0.13773   0.25360   8.40435   1.63889   0.99993   1.50864   1.02824  
  9 68.7553   1950.758900  x:  0.19142   0.02536   0.00557   0.01357   0.20141   0.03215   0.03548   0.08366   0.02580   0.22444   0.23390   0.02021   0.01665   0.03233   0.05358   0.05544   0.01478   0.10751   0.04285   0.13970   0.25674   8.40441   1.63071   0.98735   1.52612   1.03761  
 10 42.9020   1950.536854  x:  0.19210   0.02638   0.00558   0.01363   0.20244   0.03356   0.03810   0.08325   0.02597   0.22066   0.23191   0.01697   0.02085   0.03163   0.05007   0.05570   0.01465   0.10837   0.04061   0.14642   0.25619   8.40453   1.61970   0.97196   1.54865   1.05022  
 11 53.0915   1950.307354  x:  0.19390   0.02610   0.00556   0.01364   0.20412   0.03154   0.03903   0.08305   0.02556   0.21351   0.22787   0.01877   0.01797   0.02999   0.05287   0.05267   0.01457   0.10947   0.04507   0.15368   0.25269   8.40471   1.60714   0.95598   1.57343   1.06465  
 12 77.2650   1950.265981  x:  0.19447   0.02573   0.00557   0.01366   0.20426   0.03145   0.03645   0.08328   0.02590   0.21152   0.22640   0.01800   0.01915   0.03163   0.05525   0.05205   0.01434   0.10935   0.04482   0.15239   0.25046   8.40479   1.60423   0.95394   1.57830   1.06811  
 13 22.2361   1950.227627  x:  0.19522   0.02640   0.00555   0.01362   0.20463   0.03229   0.03721   0.08364   0.02554   0.20930   0.22436   0.01854   0.01893   0.03033   0.05592   0.05246   0.01440   0.10875   0.04340   0.14686   0.24615   8.40496   1.60047   0.95394   1.58327   1.07286  
 14 14.2072   1950.215914  x:  0.19549   0.02568   0.00558   0.01367   0.20462   0.03142   0.03774   0.08357   0.02586   0.20889   0.22398   0.01841   0.01892   0.03109   0.05455   0.05242   0.01439   0.10867   0.04407   0.14503   0.24456   8.40506   1.59893   0.95487   1.58487   1.07502  
 15 11.4424   1950.208275  x:  0.19567   0.02640   0.00555   0.01363   0.20436   0.03190   0.03691   0.08326   0.02564   0.20928   0.22446   0.01830   0.01885   0.03096   0.05357   0.05203   0.01443   0.10892   0.04489   0.14486   0.24366   8.40523   1.59735   0.95716   1.58599   1.07770  
 16  5.9010   1950.185130  x:  0.19614   0.02527   0.00560   0.01363   0.20415   0.03210   0.03712   0.08271   0.02568   0.21129   0.22685   0.01829   0.01893   0.03051   0.05445   0.05244   0.01443   0.10983   0.04445   0.14641   0.24186   8.40590   1.59181   0.96670   1.58937   1.08792  
 17 11.2973   1950.180048  x:  0.19616   0.02619   0.00557   0.01365   0.20423   0.03167   0.03752   0.08298   0.02588   0.21150   0.22715   0.01841   0.01884   0.03111   0.05478   0.05257   0.01442   0.10970   0.04423   0.14677   0.24196   8.40609   1.59065   0.96901   1.59007   1.09051  
 18 13.5066   1950.174559  x:  0.19589   0.02603   0.00556   0.01366   0.20451   0.03165   0.03747   0.08419   0.02533   0.21070   0.22644   0.01838   0.01894   0.03109   0.05463   0.05235   0.01441   0.10857   0.04428   0.14692   0.24375   8.40643   1.58987   0.97171   1.59059   1.09412  
 19  5.1943   1950.172741  x:  0.19577   0.02599   0.00556   0.01365   0.20455   0.03176   0.03738   0.08416   0.02599   0.21030   0.22601   0.01840   0.01891   0.03088   0.05457   0.05229   0.01442   0.10839   0.04431   0.14687   0.24458   8.40659   1.58981   0.97258   1.59070   1.09555  
 20  6.2574   1950.170589  x:  0.19561   0.02601   0.00557   0.01365   0.20445   0.03172   0.03743   0.08313   0.02575   0.20972   0.22526   0.01840   0.01891   0.03098   0.05464   0.05237   0.01441   0.10887   0.04428   0.14663   0.24572   8.40689   1.59027   0.97341   1.59066   1.09774  
 21  3.8074   1950.167785  x:  0.19573   0.02602   0.00556   0.01364   0.20413   0.03179   0.03743   0.08398   0.02577   0.20988   0.22478   0.01839   0.01884   0.03100   0.05461   0.05255   0.01442   0.11020   0.04434   0.14649   0.24581   8.40775   1.59316   0.97339   1.59006   1.10242  
 22  1.6820   1950.162597  x:  0.19593   0.02602   0.00556   0.01363   0.20434   0.03175   0.03743   0.08348   0.02576   0.21046   0.22485   0.01841   0.01888   0.03098   0.05462   0.05239   0.01441   0.10892   0.04428   0.14670   0.24487   8.40969   1.59959   0.97286   1.58876   1.11179  
 23  5.0658   1950.162219  x:  0.19554   0.02602   0.00556   0.01362   0.20434   0.03175   0.03743   0.08349   0.02576   0.20984   0.22563   0.01841   0.01888   0.03098   0.05462   0.05238   0.01441   0.10898   0.04428   0.14659   0.24484   8.41017   1.60019   0.97293   1.58891   1.11226  
 24  0.6163   1950.159892  x:  0.19757   0.02601   0.00555   0.01356   0.20415   0.03177   0.03744   0.08348   0.02576   0.20937   0.22643   0.01840   0.01886   0.03099   0.05463   0.05239   0.01439   0.10893   0.04428   0.14629   0.24538   8.41809   1.60484   0.97539   1.59363   1.11161  
 25  0.3300   1950.152921  x:  0.19558   0.02598   0.00555   0.01336   0.20357   0.03185   0.03748   0.08346   0.02576   0.20980   0.22514   0.01836   0.01882   0.03103   0.05467   0.05236   0.01431   0.10879   0.04432   0.14670   0.24474   8.44278   1.61828   0.98303   1.60773   1.10920  
 26  4.9337   1950.106216  x:  0.19569   0.02585   0.00553   0.01166   0.19845   0.03264   0.03789   0.08351   0.02577   0.20969   0.22544   0.01810   0.01838   0.03144   0.05484   0.05262   0.01387   0.10796   0.04452   0.14682   0.24507   8.64990   1.60543   0.97464   1.59851   1.11620  
 27  0.6185   1950.104811  x:  0.19576   0.02589   0.00554   0.01153   0.19842   0.03235   0.03784   0.08352   0.02578   0.20965   0.22539   0.01826   0.01863   0.03130   0.05481   0.05222   0.01407   0.10817   0.04432   0.14685   0.24498   8.66301   1.60516   0.97468   1.59714   1.11583  
 28  0.0121   1950.104720  x:  0.19578   0.02589   0.00556   0.01156   0.19832   0.03236   0.03785   0.08352   0.02578   0.20957   0.22536   0.01821   0.01860   0.03131   0.05482   0.05228   0.01418   0.10812   0.04434   0.14689   0.24492   8.66228   1.60516   0.97471   1.59695   1.11569  
 29  0.0006   1950.104688  x:  0.19575   0.02588   0.00559   0.01155   0.19822   0.03237   0.03785   0.08352   0.02578   0.20965   0.22540   0.01822   0.01858   0.03132   0.05482   0.05221   0.01418   0.10813   0.04432   0.14684   0.24499   8.66091   1.60525   0.97470   1.59728   1.11579  
 30  0.0005   1950.104669  x:  0.19577   0.02589   0.00562   0.01156   0.19822   0.03237   0.03786   0.08352   0.02578   0.20959   0.22537   0.01822   0.01860   0.03131   0.05482   0.05224   0.01416   0.10813   0.04433   0.14688   0.24494   8.65990   1.60516   0.97469   1.59706   1.11572  
 31  0.0005   1950.104667  x:  0.19576   0.02589   0.00562   0.01155   0.19825   0.03236   0.03785   0.08352   0.02578   0.20960   0.22537   0.01822   0.01859   0.03131   0.05482   0.05224   0.01416   0.10813   0.04433   0.14687   0.24495   8.66104   1.60519   0.97470   1.59707   1.11572  
 32  0.0007   1950.104667  x:  0.19576   0.02589   0.00562   0.01155   0.19826   0.03236   0.03785   0.08352   0.02578   0.20960   0.22537   0.01822   0.01859   0.03131   0.05482   0.05224   0.01416   0.10813   0.04433   0.14687   0.24495   8.66127   1.60519   0.97470   1.59708   1.11573  
 33  0.0002   1950.104667  x:  0.19576   0.02589   0.00562   0.01155   0.19826   0.03236   0.03785   0.08352   0.02578   0.20960   0.22537   0.01822   0.01859   0.03131   0.05482   0.05224   0.01416   0.10813   0.04433   0.14687   0.24495   8.66126   1.60519   0.97470   1.59708   1.11574  
 34  0.0000   1950.104667  x:  0.19576   0.02589   0.00562   0.01155   0.19826   0.03236   0.03785   0.08352   0.02578   0.20960   0.22537   0.01822   0.01859   0.03131   0.05482   0.05224   0.01416   0.10813   0.04433   0.14687   0.24495   8.66125   1.60519   0.97470   1.59708   1.11574  
 35  0.0000   1950.104667  x:  0.19576   0.02589   0.00562   0.01155   0.19826   0.03236   0.03785   0.08352   0.02578   0.20960   0.22537   0.01822   0.01859   0.03131   0.05482   0.05224   0.01416   0.10813   0.04433   0.14687   0.24495   8.66125   1.60519   0.97470   1.59708   1.11574  