

TREE # 1

  0  0.0000   2155.612272  x:  0.20925   0.02571   0.03211   0.02495   0.05815   0.02188   0.05666   0.08536   0.02661   0.17168   0.20925   0.02571   0.03211   0.02495   0.05815   0.02188   0.05666   0.08536   0.02661   0.17168   0.21568   8.40433   1.93152   1.29805   1.57349   1.00000  
  1 99.0000   2129.447409  x:  0.21377   0.04434   0.11230   0.02859   0.06598   0.10608   0.07019   0.09496   0.03769   0.18795   0.20812   0.06626   0.01217   0.02440   0.09468   0.04192   0.09194   0.06697   0.03257   0.17281   0.21416   8.40422   1.93006   1.29513   1.57696   0.99940  
  2 578.0105   2125.314776  x:  0.22071   0.03751   0.11921   0.02198   0.06678   0.09693   0.07364   0.10047   0.02657   0.20728   0.20656   0.06962   0.00840   0.00804   0.11071   0.03050   0.11162   0.03944   0.02354   0.17412   0.21211   8.40404   1.92771   1.29165   1.58142   0.99812  
  3 141.1353   2124.409339  x:  0.22422   0.03584   0.12141   0.02203   0.06702   0.09155   0.07475   0.10241   0.02459   0.21633   0.20580   0.07155   0.01442   0.01473   0.11661   0.02889   0.11923   0.02884   0.02239   0.17475   0.21107   8.40395   1.92638   1.28965   1.58393   0.99740  
  4 181.9368   2123.725986  x:  0.23098   0.03749   0.12213   0.02791   0.06701   0.07989   0.07511   0.10395   0.03061   0.23199   0.20428   0.07383   0.01091   0.01536   0.12195   0.03474   0.12720   0.02851   0.02862   0.17591   0.20903   8.40372   1.92325   1.28500   1.58968   0.99570  
  5 72.2959   2123.511442  x:  0.23467   0.03862   0.12326   0.02639   0.06709   0.07784   0.07494   0.10419   0.03111   0.24053   0.20315   0.07453   0.01482   0.01368   0.12326   0.03523   0.12947   0.03426   0.02831   0.17664   0.20772   8.40354   1.92081   1.28149   1.59404   0.99432  
  6 54.4243   2123.323695  x:  0.23881   0.03918   0.12329   0.02362   0.06706   0.07854   0.07415   0.10339   0.02935   0.24988   0.20153   0.07379   0.01135   0.01704   0.12181   0.03400   0.12842   0.03785   0.02611   0.17755   0.20605   8.40325   1.91681   1.27594   1.60097   0.99198  
  7 44.4410   2123.032876  x:  0.24553   0.03937   0.12197   0.02806   0.06693   0.08473   0.07274   0.10031   0.02789   0.26460   0.19844   0.07131   0.01258   0.01545   0.11480   0.03292   0.12054   0.03497   0.02655   0.17904   0.20297   8.40250   1.90659   1.26221   1.61817   0.98593  
  8 44.5124   2122.917119  x:  0.24605   0.03882   0.12138   0.02335   0.06656   0.08548   0.07309   0.09990   0.03003   0.26609   0.19762   0.07139   0.01314   0.01473   0.11337   0.03492   0.11796   0.03254   0.02865   0.17915   0.20239   8.40201   1.90013   1.25410   1.62838   0.98203  
  9 31.7161   2122.347980  x:  0.23822   0.03456   0.12201   0.02569   0.06605   0.08243   0.07884   0.10382   0.03062   0.25440   0.19555   0.07479   0.01264   0.01512   0.11791   0.03404   0.11659   0.03422   0.02599   0.17754   0.20249   8.39865   1.85707   1.20237   1.69381   0.95578  
 10 42.2667   2122.249841  x:  0.23669   0.04026   0.12199   0.02544   0.06654   0.08191   0.07505   0.10314   0.02856   0.25134   0.19625   0.07314   0.01268   0.01502   0.11802   0.03317   0.11949   0.03362   0.02754   0.17708   0.20278   8.39788   1.84828   1.19342   1.70547   0.95033  
 11 41.2893   2122.229466  x:  0.23674   0.03895   0.12210   0.02556   0.06663   0.08240   0.07272   0.10159   0.02884   0.25060   0.19718   0.07175   0.01272   0.01500   0.11749   0.03429   0.12179   0.03365   0.02684   0.17696   0.20294   8.39753   1.84539   1.19223   1.70749   0.94845  
 12 11.5479   2122.222942  x:  0.23715   0.03837   0.12214   0.02552   0.06643   0.08263   0.07282   0.10084   0.02919   0.25040   0.19802   0.07174   0.01268   0.01510   0.11699   0.03323   0.12269   0.03386   0.02768   0.17692   0.20304   8.39720   1.84330   1.19260   1.70764   0.94703  
 13  5.6481   2122.204680  x:  0.23897   0.03922   0.12188   0.02552   0.06594   0.08247   0.07501   0.09988   0.02883   0.25002   0.20087   0.07219   0.01269   0.01501   0.11555   0.03390   0.12362   0.03371   0.02692   0.17685   0.20338   8.39563   1.83438   1.19557   1.70657   0.94092  
 14  7.2893   2122.179883  x:  0.24070   0.03874   0.12202   0.02554   0.06735   0.08228   0.07321   0.10181   0.02861   0.25000   0.20237   0.07297   0.01268   0.01499   0.11678   0.03385   0.12179   0.03377   0.02712   0.17675   0.20372   8.39291   1.82023   1.20049   1.70364   0.93130  
 15 11.7882   2122.172607  x:  0.24015   0.03911   0.12214   0.02559   0.06628   0.08240   0.07312   0.10186   0.02958   0.25025   0.20096   0.07206   0.01270   0.01502   0.11749   0.03345   0.12154   0.03367   0.02670   0.17680   0.20370   8.39180   1.81563   1.20160   1.70202   0.92832  
 16  8.0549   2122.166840  x:  0.23908   0.03884   0.12212   0.02558   0.06573   0.08254   0.07347   0.10155   0.02875   0.25060   0.19904   0.07154   0.01271   0.01505   0.11777   0.03384   0.12174   0.03383   0.02739   0.17692   0.20361   8.39070   1.81179   1.20205   1.70021   0.92598  
 17  9.5798   2122.162776  x:  0.23787   0.03894   0.12196   0.02555   0.06694   0.08242   0.07369   0.10109   0.02901   0.25097   0.19756   0.07199   0.01270   0.01502   0.11711   0.03374   0.12219   0.03376   0.02721   0.17719   0.20344   8.38955   1.80893   1.20149   1.69816   0.92451  
 18  5.0976   2122.155213  x:  0.23624   0.03885   0.12184   0.02559   0.06577   0.08229   0.07290   0.10192   0.02899   0.25176   0.19791   0.07341   0.01269   0.01495   0.11588   0.03371   0.12254   0.03368   0.02698   0.17793   0.20307   8.38599   1.80330   1.19669   1.69159   0.92286  
 19  3.1023   2122.131787  x:  0.23427   0.03873   0.12181   0.02551   0.06675   0.08255   0.07390   0.10266   0.02911   0.25339   0.20078   0.07125   0.01270   0.01499   0.11660   0.03373   0.12222   0.03373   0.02728   0.17893   0.20253   8.37391   1.78568   1.17935   1.66962   0.91893  
 20 12.6694   2122.117642  x:  0.23679   0.03887   0.12160   0.02551   0.06648   0.08215   0.07353   0.10029   0.02885   0.25256   0.20004   0.07258   0.01268   0.01489   0.11797   0.03368   0.12147   0.03362   0.02698   0.17765   0.20311   8.36593   1.77470   1.16852   1.65617   0.91758  
 21 13.0948   2122.112499  x:  0.23898   0.03876   0.12174   0.02548   0.06653   0.08219   0.07368   0.10158   0.02887   0.25164   0.19871   0.07221   0.01269   0.01488   0.11702   0.03367   0.12214   0.03359   0.02702   0.17689   0.20367   8.36251   1.77039   1.16480   1.65154   0.91793  
 22  6.7298   2122.105956  x:  0.23940   0.03875   0.12171   0.02546   0.06652   0.08205   0.07367   0.10144   0.02881   0.25126   0.19847   0.07217   0.01268   0.01485   0.11721   0.03362   0.12213   0.03353   0.02702   0.17951   0.20388   8.35349   1.76243   1.16389   1.64930   0.92555  
 23  1.2232   2122.100973  x:  0.23848   0.03873   0.12157   0.02544   0.06652   0.08202   0.07368   0.10153   0.02882   0.25195   0.19887   0.07219   0.01268   0.01482   0.11714   0.03359   0.12214   0.03351   0.02696   0.17711   0.20330   8.34571   1.75684   1.16369   1.64807   0.93128  
 24  4.5512   2122.068851  x:  0.23716   0.03845   0.12242   0.02530   0.06651   0.08035   0.07361   0.10130   0.02851   0.25454   0.19916   0.07176   0.01264   0.01454   0.11669   0.03326   0.12185   0.03312   0.02674   0.17632   0.21163   8.26446   1.75911   1.16524   1.64896   0.93047  
 25  0.9809   2121.937230  x:  0.23863   0.03798   0.11279   0.02483   0.06664   0.08033   0.07403   0.10305   0.02819   0.25684   0.19861   0.07204   0.01244   0.01348   0.12031   0.03241   0.12593   0.03189   0.02613   0.17700   0.20888   7.94008   1.77097   1.17188   1.65260   0.92409  
 26 48.9166   2121.887889  x:  0.23938   0.03742   0.11688   0.02458   0.06659   0.07617   0.07387   0.10228   0.02742   0.25638   0.19833   0.07079   0.01239   0.01302   0.11920   0.03180   0.12532   0.03118   0.02595   0.17739   0.20375   7.81725   1.77561   1.17450   1.65389   0.92147  
 27 108.1449   2121.853545  x:  0.23840   0.03762   0.11381   0.02483   0.06647   0.07496   0.07342   0.10167   0.02805   0.25281   0.19840   0.06956   0.01216   0.01380   0.11665   0.03225   0.12233   0.03287   0.02640   0.17730   0.20298   7.74253   1.77611   1.17445   1.65449   0.91896  
 28  0.0554   2121.847007  x:  0.23846   0.03751   0.11239   0.02490   0.06643   0.07402   0.07339   0.10160   0.02795   0.25283   0.19843   0.06932   0.01255   0.01351   0.11609   0.03206   0.12180   0.03244   0.02640   0.17732   0.20321   7.81922   1.77628   1.17397   1.65554   0.91996  
 29  0.0536   2121.846820  x:  0.23851   0.03746   0.11230   0.02482   0.06643   0.07387   0.07340   0.10164   0.02790   0.25305   0.19843   0.06926   0.01247   0.01358   0.11621   0.03200   0.12195   0.03245   0.02633   0.17731   0.20327   7.82106   1.77639   1.17406   1.65537   0.92036  
 30  0.0020   2121.846820  x:  0.23851   0.03745   0.11229   0.02483   0.06643   0.07387   0.07340   0.10164   0.02790   0.25306   0.19843   0.06925   0.01246   0.01358   0.11621   0.03200   0.12196   0.03245   0.02633   0.17731   0.20327   7.82095   1.77638   1.17407   1.65536   0.92037  
 31  0.0001   2121.846820  x:  0.23851   0.03745   0.11229   0.02483   0.06643   0.07387   0.07340   0.10164   0.02790   0.25306   0.19843   0.06925   0.01246   0.01358   0.11621   0.03200   0.12196   0.03245   0.02633   0.17731   0.20327   7.82095   1.77638   1.17407   1.65536   0.92037  
 32  0.0000   2121.846820  x:  0.23851   0.03745   0.11229   0.02483   0.06643   0.07387   0.07340   0.10164   0.02790   0.25306   0.19843   0.06925   0.01246   0.01358   0.11621   0.03200   0.12196   0.03245   0.02633   0.17731   0.20327   7.82095   1.77638   1.17407   1.65536   0.92037  