

TREE # 1

  0  0.0000   2150.566593  x:  0.20925   0.02571   0.03211   0.02495   0.05815   0.02188   0.05666   0.08536   0.02661   0.17168   0.20925   0.02571   0.03211   0.02495   0.05815   0.02188   0.05666   0.08536   0.02661   0.17168   0.21568   8.40433   1.47701   1.15171   1.46082   1.00000  
  1 99.0000   2106.949099  x:  0.20174   0.04801   0.02774   0.00000   0.18073   0.04627   0.06797   0.08550   0.01793   0.18120   0.20597   0.02031   0.08176   0.02960   0.07415   0.02115   0.06332   0.13707   0.03539   0.17535   0.21047   8.40468   1.47610   1.14917   1.46605   0.99961  
  2 659.2747   2105.905324  x:  0.19954   0.04797   0.02801   0.01428   0.18774   0.04530   0.06938   0.08544   0.01739   0.18357   0.20485   0.01906   0.08296   0.02900   0.07612   0.02040   0.06379   0.14353   0.03626   0.17635   0.20902   8.40480   1.47579   1.14851   1.46765   0.99947  
  3 281.5510   2103.502433  x:  0.18628   0.03938   0.02859   0.01364   0.19039   0.02382   0.07303   0.08506   0.01735   0.19698   0.19791   0.01354   0.07280   0.02374   0.08328   0.01683   0.06435   0.16897   0.03827   0.18216   0.20046   8.40556   1.47383   1.14447   1.47766   0.99844  
  4 113.5769   2102.325223  x:  0.17003   0.03750   0.03248   0.01275   0.18518   0.03137   0.07267   0.08464   0.02075   0.21137   0.18995   0.02031   0.06318   0.02816   0.08687   0.02436   0.06413   0.19021   0.03661   0.18867   0.19050   8.40667   1.47112   1.13878   1.49191   0.99690  
  5 97.7761   2101.862859  x:  0.16099   0.04231   0.03016   0.01242   0.18039   0.03621   0.07083   0.08452   0.01770   0.21823   0.18587   0.01781   0.06442   0.02741   0.08453   0.01754   0.06412   0.19563   0.03236   0.19171   0.18526   8.40766   1.46899   1.13422   1.50372   0.99555  
  6 64.3499   2101.529708  x:  0.15347   0.04557   0.02611   0.01279   0.17736   0.03358   0.06967   0.08461   0.01825   0.22335   0.18267   0.01635   0.07263   0.02648   0.07988   0.02262   0.06382   0.19423   0.03328   0.19385   0.18115   8.40931   1.46576   1.12720   1.52251   0.99332  
  7 47.0412   2101.088723  x:  0.14724   0.04170   0.03223   0.01274   0.17800   0.03226   0.07063   0.08480   0.01940   0.22772   0.17942   0.01930   0.07899   0.02831   0.07649   0.01845   0.06392   0.18667   0.03995   0.19553   0.17803   8.41266   1.45984   1.11422   1.55865   0.98886  
  8 59.6615   2100.521141  x:  0.14665   0.03678   0.03275   0.01260   0.18297   0.03506   0.07177   0.08451   0.01729   0.22924   0.17669   0.01249   0.07413   0.02746   0.08055   0.02097   0.06373   0.17618   0.03859   0.19585   0.17807   8.41785   1.45180   1.09648   1.61133   0.98203  
  9 85.6518   2100.119269  x:  0.15004   0.04071   0.02794   0.01290   0.18678   0.03313   0.07186   0.08418   0.01992   0.22783   0.17615   0.01803   0.06824   0.02572   0.08468   0.01964   0.06369   0.17180   0.03557   0.19510   0.18024   8.42232   1.44595   1.08342   1.65371   0.97624  
 10 126.8538   2099.929929  x:  0.15596   0.04398   0.02988   0.01296   0.18492   0.03120   0.07060   0.08398   0.01610   0.22335   0.17878   0.01804   0.06789   0.02938   0.08341   0.02054   0.06372   0.17755   0.03526   0.19312   0.18344   8.42539   1.44432   1.07931   1.67621   0.97259  
 11 43.5113   2099.798792  x:  0.16093   0.04352   0.03054   0.01283   0.18258   0.03261   0.06957   0.08390   0.01962   0.21871   0.18175   0.01593   0.06928   0.02788   0.08127   0.02011   0.06370   0.18424   0.03568   0.19115   0.18601   8.42816   1.44409   1.07805   1.69321   0.96945  
 12 57.2506   2099.760893  x:  0.16169   0.04138   0.02915   0.01280   0.18178   0.03352   0.06981   0.08391   0.01825   0.21692   0.18289   0.01707   0.07018   0.02641   0.08084   0.02011   0.06365   0.18618   0.03590   0.19048   0.18642   8.42940   1.44487   1.07919   1.69844   0.96820  
 13 26.0492   2099.697287  x:  0.15922   0.04005   0.02726   0.01280   0.18112   0.03348   0.07267   0.08426   0.01905   0.21284   0.18520   0.01682   0.07112   0.02925   0.08210   0.01944   0.06363   0.18695   0.03475   0.18925   0.18506   8.43387   1.45061   1.08869   1.70938   0.96425  
 14 12.7713   2099.560801  x:  0.15370   0.04273   0.02991   0.01265   0.18090   0.03346   0.07547   0.08465   0.01848   0.20575   0.18902   0.01677   0.07052   0.02630   0.08406   0.02026   0.06337   0.18702   0.03501   0.18734   0.18188   8.44470   1.46543   1.11268   1.73353   0.95508  
 15 50.0645   2099.367201  x:  0.15208   0.04224   0.02827   0.01282   0.18384   0.03309   0.06697   0.08357   0.01848   0.20419   0.18950   0.01630   0.06728   0.02744   0.08175   0.01989   0.06367   0.18613   0.03812   0.18750   0.18005   8.46183   1.49034   1.14999   1.76824   0.94197  
 16 50.0742   2099.195908  x:  0.15684   0.04048   0.03060   0.01285   0.18499   0.03196   0.06651   0.08301   0.01882   0.20987   0.18581   0.01753   0.06921   0.02700   0.07995   0.02027   0.06374   0.18523   0.03244   0.18965   0.18199   8.47838   1.51548   1.18347   1.79926   0.93115  
 17 63.1660   2099.086646  x:  0.16187   0.04203   0.02905   0.01267   0.18353   0.03324   0.07107   0.08342   0.01842   0.21598   0.18221   0.01679   0.06961   0.02706   0.08094   0.02000   0.06346   0.18493   0.03615   0.19128   0.18491   8.49022   1.53409   1.20462   1.81965   0.92518  
 18 63.5698   2099.038345  x:  0.16064   0.04197   0.02938   0.01265   0.18238   0.03322   0.06860   0.08523   0.01845   0.21694   0.18153   0.01673   0.07176   0.02703   0.08559   0.01982   0.06359   0.18510   0.03645   0.18935   0.18817   8.49956   1.55058   1.20735   1.82792   0.92897  
 19  8.3933   2098.896566  x:  0.15635   0.04192   0.02912   0.01258   0.18432   0.03305   0.07047   0.08370   0.01846   0.21643   0.18101   0.01681   0.06928   0.02700   0.08071   0.02004   0.06278   0.18568   0.03584   0.18500   0.19343   8.53073   1.60446   1.21000   1.85119   0.94555  
 20 26.9259   2098.832445  x:  0.16027   0.04201   0.02913   0.01252   0.18421   0.03306   0.07033   0.08270   0.01840   0.21424   0.18235   0.01682   0.06966   0.02690   0.08158   0.02009   0.06530   0.18550   0.03589   0.18999   0.18598   8.54749   1.62783   1.21039   1.86117   0.95498  
 21 18.9257   2098.822070  x:  0.16105   0.04198   0.02914   0.01252   0.18439   0.03303   0.07016   0.08361   0.01838   0.21398   0.18255   0.01683   0.06971   0.02695   0.08164   0.02001   0.06271   0.18552   0.03586   0.19067   0.18456   8.55121   1.63041   1.21069   1.86253   0.95684  
 22  8.9032   2098.720140  x:  0.16251   0.04195   0.02897   0.01238   0.18582   0.03303   0.07050   0.09123   0.01829   0.21581   0.18232   0.01693   0.06880   0.02687   0.07973   0.02015   0.06534   0.18581   0.03555   0.18607   0.18144   8.61407   1.62669   1.22066   1.87069   0.98223  
 23  4.2606   2098.482488  x:  0.16309   0.04215   0.02912   0.01200   0.18710   0.03312   0.07023   0.08140   0.01833   0.21811   0.18201   0.01687   0.07071   0.02686   0.08238   0.01986   0.06316   0.18654   0.03586   0.18146   0.18036   8.76094   1.61594   1.24274   1.88782   1.03763  
 24 76.0648   2098.350888  x:  0.15912   0.04217   0.02907   0.01181   0.18844   0.03311   0.07035   0.08328   0.01832   0.21389   0.18194   0.01661   0.07079   0.02683   0.08192   0.01983   0.06339   0.18722   0.03599   0.19521   0.18923   8.84751   1.61121   1.25048   1.89410   1.05746  
 25 36.9358   2094.930579  x:  0.15504   0.04351   0.02921   0.00702   0.22151   0.03292   0.07173   0.08395   0.01729   0.20041   0.14257   0.01402   0.08100   0.02648   0.08450   0.01867   0.06436   0.20465   0.03851   0.18933   0.17907  11.32489   1.60339   1.20352   1.89223   0.98547  
 26 23.9808   2093.813768  x:  0.15128   0.04431   0.02907   0.00540   0.23343   0.03305   0.07222   0.08439   0.01687   0.22531   0.18239   0.01303   0.08250   0.02619   0.08515   0.01844   0.06464   0.20753   0.03780   0.19177   0.17940  12.14361   1.60138   1.18665   1.89183   0.95949  
 27 527.1447   2093.358135  x:  0.15848   0.04535   0.02925   0.00276   0.25611   0.03563   0.07202   0.08339   0.01734   0.21949   0.18204   0.01369   0.08587   0.02725   0.08489   0.02006   0.06436   0.21220   0.03799   0.19357   0.18603  12.40761   1.59336   1.21004   1.88153   1.01969  
 28  0.1675   2093.170862  x:  0.15733   0.04621   0.02914   0.00428   0.27250   0.03706   0.07193   0.08426   0.01722   0.21865   0.17940   0.01367   0.08735   0.02711   0.08517   0.01947   0.06468   0.21374   0.03765   0.19204   0.18350  12.02906   1.58851   1.19569   1.84919   0.98464  
 29  0.1859   2093.126840  x:  0.15542   0.04597   0.02922   0.00343   0.27632   0.03593   0.07235   0.08387   0.01709   0.22142   0.17989   0.01321   0.08736   0.02685   0.08591   0.01927   0.06475   0.21619   0.03793   0.19286   0.18281  11.73650   1.58929   1.19752   1.86074   0.98711  
 30  0.1873   2093.123060  x:  0.15630   0.04587   0.02924   0.00351   0.27564   0.03590   0.07226   0.08388   0.01710   0.22088   0.18086   0.01325   0.08752   0.02702   0.08561   0.01943   0.06468   0.21585   0.03802   0.19263   0.18346  11.62101   1.58827   1.19756   1.86252   0.98795  
 31  0.0971   2093.122853  x:  0.15627   0.04592   0.02921   0.00346   0.27514   0.03603   0.07224   0.08390   0.01711   0.22085   0.18101   0.01326   0.08761   0.02700   0.08560   0.01941   0.06469   0.21571   0.03797   0.19263   0.18338  11.61716   1.58812   1.19706   1.86137   0.98711  
 32  0.0032   2093.122850  x:  0.15625   0.04593   0.02921   0.00346   0.27513   0.03604   0.07224   0.08390   0.01711   0.22088   0.18098   0.01326   0.08763   0.02700   0.08561   0.01941   0.06469   0.21570   0.03798   0.19264   0.18338  11.61663   1.58816   1.19720   1.86135   0.98725  
 33  0.0005   2093.122850  x:  0.15625   0.04593   0.02921   0.00346   0.27514   0.03604   0.07224   0.08390   0.01711   0.22088   0.18098   0.01326   0.08764   0.02700   0.08561   0.01941   0.06469   0.21571   0.03798   0.19264   0.18338  11.61657   1.58817   1.19720   1.86136   0.98724  
 34  0.0000   2093.122850  x:  0.15625   0.04593   0.02921   0.00346   0.27514   0.03604   0.07224   0.08390   0.01711   0.22088   0.18098   0.01326   0.08764   0.02700   0.08561   0.01941   0.06469   0.21571   0.03798   0.19264   0.18338  11.61660   1.58817   1.19720   1.86136   0.98724  