

TREE # 1

  0  0.0000   2229.416390  x:  0.06122   0.00363   0.07728   0.01731   0.08528   0.05890   0.05938   0.05750   0.10747   0.07195   0.07769   0.14257   0.00000   0.07988   0.02391   0.05104   0.06370   0.06615   0.06276   0.09999   0.10709   0.05082   0.12296   0.07984   2.00000   1.86516   1.08141   1.58920   0.40000  
  1 99.0000   2210.121983  x:  0.07350   0.02437   0.09363   0.10265   0.08224   0.05799   0.08419   0.04083   0.09997   0.08828   0.07517   0.15266   0.02978   0.13400   0.05829   0.02565   0.05996   0.10160   0.03983   0.11790   0.11173   0.04250   0.13905   0.09212   2.00957   1.86434   1.07973   1.59164   0.43794  
  2 451.9622   2201.169949  x:  0.07879   0.00000   0.10314   0.10126   0.07935   0.05850   0.09491   0.02971   0.09170   0.09624   0.07055   0.15990   0.00336   0.15983   0.05643   0.00456   0.05874   0.11783   0.02205   0.12961   0.11566   0.03317   0.14908   0.09741   2.02147   1.86306   1.07892   1.59393   0.47609  
  3 243.4709   2200.063480  x:  0.07935   0.00117   0.10431   0.10010   0.07902   0.05857   0.09598   0.02887   0.09068   0.09708   0.06996   0.16085   0.00000   0.16275   0.05589   0.00572   0.05875   0.11948   0.02110   0.13098   0.11618   0.03226   0.15029   0.09797   2.02318   1.86288   1.07882   1.59425   0.48113  
  4 381.6919   2199.397033  x:  0.07973   0.00000   0.10504   0.09947   0.07880   0.05862   0.09667   0.02922   0.08996   0.09765   0.06954   0.16157   0.00000   0.16529   0.05576   0.00778   0.05884   0.12062   0.02261   0.13195   0.11660   0.03224   0.15142   0.09835   2.02496   1.86270   1.07873   1.59457   0.48568  
  5 361.1282   2196.539932  x:  0.08218   0.00336   0.11181   0.08289   0.07672   0.05901   0.10074   0.04346   0.08251   0.10207   0.06504   0.16992   0.00000   0.19328   0.05137   0.00000   0.05981   0.12921   0.05522   0.14041   0.12069   0.03939   0.16572   0.10080   2.05133   1.86021   1.07770   1.59906   0.54551  
  6 395.3016   2191.549433  x:  0.07169   0.00185   0.10251   0.05592   0.07734   0.05580   0.08207   0.05975   0.09277   0.09323   0.06935   0.17152   0.00000   0.20860   0.05437   0.00079   0.05713   0.11189   0.02790   0.13101   0.11765   0.06642   0.17994   0.09031   2.11650   1.85436   1.07844   1.60813   0.63782  
  7 109.5498   2189.747766  x:  0.07141   0.00146   0.09947   0.05253   0.07728   0.05611   0.08018   0.05162   0.09491   0.09140   0.07040   0.16938   0.00000   0.20260   0.04994   0.00000   0.05861   0.10662   0.02818   0.12733   0.11631   0.05832   0.17822   0.09003   2.14056   1.85238   1.07923   1.61118   0.65979  
  8 116.9068   2189.747766  x:  0.07141   0.00146   0.09947   0.05253   0.07728   0.05611   0.08018   0.05162   0.09491   0.09140   0.07040   0.16938   0.00000   0.20260   0.04994   0.00000   0.05861   0.10662   0.02818   0.12733   0.11631   0.05832   0.17822   0.09003   2.14056   1.85238   1.07923   1.61118   0.65979  
  9 86.9446   2187.057951  x:  0.07172   0.00386   0.09978   0.05248   0.07721   0.05619   0.08066   0.05049   0.09460   0.09163   0.07025   0.16941   0.00000   0.20223   0.04987   0.01707   0.05905   0.10691   0.02853   0.12782   0.11656   0.05690   0.17789   0.09034   2.14128   1.85232   1.07926   1.61127   0.66032  
 10 761.3445   2184.871551  x:  0.07693   0.01237   0.10424   0.05158   0.07621   0.05761   0.08905   0.03080   0.08903   0.09567   0.06763   0.16949   0.00000   0.19530   0.04228   0.01597   0.05939   0.11323   0.02855   0.13211   0.11779   0.03274   0.17201   0.09555   2.15406   1.85129   1.07973   1.61296   0.66948  
 11 101.5390   2184.224222  x:  0.07863   0.00362   0.10588   0.05137   0.07621   0.05812   0.09246   0.02757   0.08630   0.09740   0.06655   0.16932   0.00000   0.19150   0.04175   0.01688   0.05926   0.11585   0.02853   0.13423   0.11857   0.02716   0.16883   0.09725   2.16257   1.85064   1.08000   1.61411   0.67541  
 12 102.0793   2182.145095  x:  0.08662   0.00470   0.11679   0.05101   0.07782   0.06039   0.10990   0.03792   0.07068   0.10666   0.06133   0.16921   0.00000   0.16651   0.04935   0.01636   0.05723   0.12996   0.02761   0.14692   0.12377   0.03377   0.14797   0.10524   2.22975   1.84564   1.08185   1.62317   0.72097  
 13 87.5095   2177.609761  x:  0.07676   0.00339   0.11903   0.05449   0.07622   0.05330   0.09851   0.01956   0.09527   0.10308   0.06927   0.16904   0.00000   0.13868   0.04028   0.01622   0.06109   0.12884   0.03204   0.15204   0.12445   0.05137   0.13112   0.09538   2.42947   1.83159   1.08810   1.64906   0.84359  
 14 119.8074   2174.361690  x:  0.06887   0.00497   0.11511   0.05321   0.07480   0.05229   0.08499   0.03534   0.11123   0.09704   0.07284   0.16893   0.02254   0.13125   0.03315   0.01598   0.06257   0.12143   0.02919   0.15025   0.12181   0.03638   0.13056   0.08749   2.63272   1.81809   1.09446   1.67486   0.96216  
 15 537.5458   2169.568974  x:  0.06833   0.00726   0.10610   0.04885   0.07377   0.05694   0.07567   0.04638   0.11228   0.09122   0.07016   0.16849   0.00000   0.14773   0.04660   0.01544   0.05980   0.10999   0.02475   0.14139   0.11736   0.01844   0.14448   0.08695   2.83313   1.80609   1.10065   1.69948   1.07084  
 16 518.7616   2165.667157  x:  0.07948   0.00635   0.09428   0.04534   0.07236   0.06392   0.08154   0.03253   0.09274   0.09009   0.06139   0.16812   0.00866   0.19067   0.05285   0.01536   0.05545   0.10113   0.02908   0.12657   0.11272   0.02893   0.17492   0.09810   3.05884   1.79512   1.10752   1.72551   1.18050  
 17 456.9620   2164.578781  x:  0.07929   0.00540   0.09605   0.05285   0.07511   0.05884   0.08776   0.03690   0.08424   0.09296   0.06622   0.16843   0.00243   0.20550   0.03579   0.01571   0.05966   0.10535   0.02822   0.12402   0.11371   0.03173   0.18395   0.09791   3.11818   1.79516   1.10916   1.73039   1.19663  
 18 146.7935   2163.690287  x:  0.07085   0.00567   0.10651   0.05282   0.08017   0.04990   0.09093   0.03465   0.08401   0.09684   0.07514   0.16955   0.00445   0.21877   0.04475   0.01527   0.06185   0.11878   0.02773   0.13082   0.11992   0.02998   0.18857   0.08947   3.18925   1.80314   1.11068   1.73077   1.18281  
 19 57.7085   2161.038646  x:  0.06714   0.00428   0.12098   0.03683   0.08079   0.07373   0.08800   0.03667   0.09661   0.09792   0.06727   0.17111   0.00075   0.23394   0.03488   0.01541   0.05457   0.13539   0.02919   0.14947   0.12997   0.03364   0.18158   0.08576   3.42629   1.83949   1.11582   1.72480   1.09383  
 20 113.2607   2156.453310  x:  0.08044   0.00375   0.12280   0.07371   0.07017   0.07397   0.08128   0.03704   0.10559   0.09530   0.05337   0.17130   0.00209   0.23314   0.04172   0.01513   0.05465   0.13124   0.02595   0.16217   0.13175   0.03244   0.15923   0.09906   3.87071   1.90965   1.12558   1.71194   0.91260  
 21 389.1621   2153.566691  x:  0.08337   0.00398   0.11149   0.05269   0.06864   0.05563   0.08896   0.03816   0.09222   0.09627   0.06507   0.16989   0.00083   0.21193   0.04124   0.01502   0.06058   0.11402   0.03597   0.15108   0.12262   0.03177   0.15087   0.10199   4.12578   1.94989   1.13076   1.70484   0.80347  
 22 349.3638   2153.163918  x:  0.08082   0.00400   0.10901   0.05119   0.07341   0.05700   0.09050   0.03570   0.08854   0.09765   0.06560   0.16972   0.00131   0.20364   0.04119   0.01539   0.05912   0.11312   0.02537   0.14544   0.12082   0.03307   0.15482   0.09944   4.16068   1.95538   1.13064   1.70453   0.78837  
 23 105.5201   2152.998796  x:  0.07812   0.00422   0.10795   0.05404   0.07747   0.06080   0.09106   0.03540   0.08662   0.09840   0.06428   0.16988   0.00120   0.19597   0.04193   0.01541   0.05800   0.11595   0.02919   0.13980   0.12029   0.03259   0.16140   0.09674   4.17639   1.95797   1.12931   1.70528   0.78149  
 24 44.0986   2152.958643  x:  0.07950   0.00409   0.10882   0.05321   0.07450   0.05973   0.09074   0.03575   0.08759   0.09697   0.06351   0.17041   0.00092   0.19267   0.04200   0.01543   0.05901   0.11888   0.02869   0.13852   0.12133   0.03283   0.16641   0.09812   4.18031   1.95884   1.12683   1.70700   0.78003  
 25 10.3130   2152.919889  x:  0.08082   0.00400   0.10953   0.05343   0.07481   0.05960   0.09038   0.03583   0.08823   0.09897   0.06576   0.17156   0.00076   0.19127   0.04180   0.01545   0.05641   0.11690   0.02892   0.14096   0.12140   0.03281   0.16925   0.09944   4.18471   1.96030   1.11797   1.71356   0.77967  
 26  4.1525   2152.838233  x:  0.07952   0.00402   0.10868   0.05301   0.07566   0.05951   0.09073   0.03550   0.08708   0.09945   0.06276   0.17252   0.00061   0.19096   0.04187   0.01530   0.06058   0.11451   0.02887   0.14368   0.12106   0.03289   0.16963   0.09814   4.19439   1.96339   1.09780   1.72912   0.77955  
 27 15.3144   2152.763726  x:  0.07823   0.00409   0.10753   0.05317   0.07378   0.05898   0.09125   0.03530   0.08562   0.09611   0.06320   0.17079   0.00061   0.19240   0.04167   0.01547   0.05723   0.11720   0.02864   0.13980   0.12013   0.03278   0.16531   0.09685   4.20344   1.96566   1.08212   1.74277   0.78000  
 28 17.9229   2152.723699  x:  0.08008   0.00404   0.10819   0.05280   0.07557   0.06025   0.09036   0.03540   0.08703   0.09727   0.06524   0.16870   0.00075   0.19321   0.04230   0.01547   0.05930   0.11861   0.02836   0.13592   0.12032   0.03273   0.16327   0.09870   4.20868   1.96610   1.07897   1.74849   0.78092  
 29  7.7719   2152.483945  x:  0.08039   0.00402   0.11113   0.05112   0.07751   0.05461   0.08918   0.03586   0.08892   0.10339   0.05856   0.16288   0.00000   0.19331   0.04171   0.01556   0.05630   0.11731   0.02874   0.13138   0.12178   0.03280   0.16310   0.09901   4.23704   1.96499   1.08734   1.76948   0.78837  
 30  6.9200   2151.377333  x:  0.07567   0.00403   0.11686   0.05276   0.06419   0.06198   0.09339   0.03495   0.08033   0.10660   0.06445   0.15166   0.00000   0.18865   0.04512   0.01518   0.05957   0.10692   0.02833   0.12893   0.12274   0.03382   0.16773   0.09428   4.39694   1.95869   1.14607   1.87973   0.83250  
 31 61.0319   2150.351219  x:  0.08114   0.00400   0.10341   0.05076   0.08011   0.05794   0.09461   0.03470   0.07743   0.09143   0.06700   0.16539   0.00000   0.18505   0.04672   0.01497   0.05906   0.11302   0.02862   0.13498   0.11602   0.03454   0.17057   0.09976   4.54984   1.95676   1.20154   1.97762   0.87701  
 32 138.5931   2150.167940  x:  0.08031   0.00403   0.09613   0.05039   0.07600   0.05795   0.09539   0.03503   0.07871   0.09978   0.06707   0.17672   0.00000   0.18560   0.04745   0.01496   0.05912   0.11552   0.02822   0.13099   0.11715   0.03453   0.16894   0.09893   4.57773   1.96565   1.20600   1.98189   0.88948  
 33 21.1252   2149.584996  x:  0.08049   0.00346   0.10875   0.04930   0.07794   0.05700   0.09311   0.03423   0.07220   0.09533   0.06637   0.18994   0.00000   0.18451   0.04831   0.01490   0.05917   0.10744   0.02819   0.11988   0.11633   0.03476   0.16924   0.09911   4.66588   2.01919   1.20300   1.95537   0.94106  
 34 23.3742   2148.945637  x:  0.08085   0.00411   0.09690   0.04885   0.07969   0.05569   0.10268   0.03479   0.07562   0.09496   0.06805   0.17087   0.00000   0.18258   0.05008   0.01467   0.05932   0.10790   0.02776   0.12304   0.11098   0.03496   0.17649   0.09947   4.76483   2.07935   1.19600   1.91909   0.99956  
 35 68.5426   2148.902563  x:  0.08100   0.00423   0.09465   0.04860   0.07968   0.05543   0.09791   0.03443   0.07218   0.09562   0.06867   0.16864   0.00000   0.18209   0.04976   0.01462   0.05940   0.10909   0.02784   0.12441   0.11274   0.03504   0.17674   0.09961   4.77161   2.08135   1.19467   1.91528   1.00315  
 36 15.7765   2148.519647  x:  0.08136   0.00428   0.09233   0.04899   0.08189   0.05555   0.10255   0.03443   0.07329   0.09266   0.06928   0.16903   0.00000   0.18126   0.05034   0.01438   0.05864   0.10453   0.02794   0.12271   0.12893   0.03474   0.17683   0.09998   4.85896   1.96629   1.13705   1.82158   1.01539  
 37  4.1598   2148.120533  x:  0.08140   0.00396   0.09686   0.04873   0.07970   0.05551   0.09960   0.03447   0.07245   0.09735   0.06834   0.16966   0.00000   0.18111   0.05113   0.01442   0.05940   0.10775   0.02779   0.12383   0.11502   0.03542   0.17759   0.10002   4.94835   1.84810   1.07875   1.72673   1.02749  
 38 121.4707   2145.694657  x:  0.07988   0.00481   0.11321   0.05590   0.07585   0.05845   0.08676   0.03172   0.08821   0.10010   0.06385   0.17083   0.00000   0.18928   0.04694   0.01273   0.05942   0.12131   0.02729   0.14389   0.12321   0.03117   0.16078   0.09849   5.92785   1.95622   1.14438   1.83484   1.09761  
 39  0.6477   2145.257500  x:  0.07850   0.00216   0.10877   0.05011   0.07685   0.05773   0.09551   0.03272   0.08499   0.09826   0.06604   0.17019   0.00000   0.17757   0.04647   0.01270   0.05915   0.11730   0.02854   0.13949   0.11998   0.03117   0.15819   0.09711   6.31935   1.94224   1.13165   1.82383   1.09007  
 40  0.3021   2145.181155  x:  0.07891   0.00439   0.10790   0.05015   0.07705   0.05749   0.09502   0.03204   0.08355   0.09855   0.06626   0.17029   0.00000   0.17847   0.04573   0.01237   0.05922   0.11666   0.02825   0.13789   0.12024   0.03141   0.16066   0.09751   6.47873   1.93837   1.12479   1.81352   1.08159  
 41  0.1687   2145.154460  x:  0.07904   0.00356   0.10789   0.05147   0.07707   0.05767   0.09254   0.03253   0.08349   0.09859   0.06601   0.17050   0.00000   0.18113   0.04600   0.01243   0.05927   0.11668   0.02796   0.13781   0.12084   0.03208   0.16192   0.09764   6.56754   1.94094   1.12365   1.81120   1.07409  
 42  0.0967   2145.152636  x:  0.07926   0.00341   0.10802   0.05134   0.07692   0.05787   0.09308   0.03251   0.08359   0.09856   0.06579   0.17048   0.00000   0.18146   0.04616   0.01246   0.05927   0.11687   0.02806   0.13813   0.12071   0.03173   0.16160   0.09787   6.58180   1.94247   1.12553   1.81483   1.07099  
 43  0.0146   2145.152533  x:  0.07920   0.00342   0.10800   0.05130   0.07693   0.05784   0.09301   0.03255   0.08374   0.09851   0.06583   0.17045   0.00000   0.18118   0.04623   0.01251   0.05927   0.11686   0.02805   0.13817   0.12065   0.03171   0.16160   0.09780   6.58155   1.94245   1.12546   1.81460   1.07025  
 44  0.0007   2145.152483  x:  0.07919   0.00344   0.10803   0.05132   0.07695   0.05783   0.09307   0.03253   0.08373   0.09853   0.06584   0.17046   0.00000   0.18131   0.04622   0.01259   0.05926   0.11690   0.02804   0.13818   0.12070   0.03169   0.16162   0.09780   6.57994   1.94220   1.12517   1.81402   1.07000  
 45  0.0007   2145.152464  x:  0.07921   0.00343   0.10801   0.05131   0.07694   0.05784   0.09302   0.03253   0.08370   0.09853   0.06583   0.17046   0.00000   0.18127   0.04621   0.01263   0.05926   0.11689   0.02804   0.13815   0.12066   0.03171   0.16161   0.09781   6.58075   1.94232   1.12535   1.81443   1.07019  
 46  0.0006   2145.152463  x:  0.07921   0.00343   0.10801   0.05131   0.07694   0.05784   0.09304   0.03254   0.08371   0.09852   0.06583   0.17046   0.00000   0.18126   0.04621   0.01263   0.05926   0.11688   0.02804   0.13815   0.12067   0.03171   0.16161   0.09781   6.58128   1.94236   1.12536   1.81443   1.07032  
 47  0.0004   2145.152463  x:  0.07921   0.00343   0.10801   0.05131   0.07694   0.05784   0.09304   0.03254   0.08371   0.09853   0.06583   0.17046   0.00000   0.18126   0.04621   0.01263   0.05926   0.11688   0.02804   0.13815   0.12067   0.03171   0.16161   0.09781   6.58138   1.94235   1.12536   1.81443   1.07033  
 48  0.0001   2145.152463  x:  0.07921   0.00343   0.10801   0.05131   0.07694   0.05784   0.09304   0.03254   0.08371   0.09853   0.06583   0.17046   0.00000   0.18126   0.04621   0.01263   0.05926   0.11688   0.02804   0.13815   0.12067   0.03171   0.16161   0.09781   6.58138   1.94235   1.12536   1.81443   1.07033  