

TREE # 1

  0  0.0000   2243.011033  x:  0.20925   0.02571   0.03211   0.02495   0.05815   0.02188   0.05666   0.08536   0.02661   0.17168   0.20925   0.02571   0.03211   0.02495   0.05815   0.02188   0.05666   0.08536   0.02661   0.17168   0.21568   8.40433   1.52027   1.20610   1.50505   1.00000  
  1 99.0000   2202.954750  x:  0.21417   0.03529   0.02422   0.02546   0.15375   0.06351   0.05014   0.08180   0.03499   0.18663   0.21608   0.02217   0.04346   0.00663   0.14355   0.00000   0.05900   0.13960   0.03370   0.17790   0.21638   8.40442   1.52008   1.20215   1.50879   1.00030  
  2 617.8556   2198.832354  x:  0.21578   0.03818   0.02178   0.02556   0.18346   0.07609   0.04809   0.08066   0.03750   0.19149   0.21831   0.02105   0.04701   0.00239   0.17017   0.00890   0.05972   0.15674   0.03588   0.17992   0.21661   8.40445   1.52001   1.20086   1.51002   1.00039  
  3 5337.7530   2197.108908  x:  0.21681   0.03802   0.02160   0.02503   0.19176   0.07681   0.04757   0.08009   0.03721   0.19444   0.21972   0.02063   0.04787   0.01765   0.17773   0.00938   0.05999   0.16336   0.03616   0.18117   0.21677   8.40448   1.51996   1.19997   1.51088   1.00044  
  4 471.7312   2193.945859  x:  0.22493   0.02624   0.02881   0.01841   0.19811   0.04236   0.04800   0.07683   0.02498   0.21649   0.23093   0.01929   0.04206   0.01695   0.18452   0.00926   0.05704   0.18991   0.03113   0.19054   0.21812   8.40476   1.51956   1.19236   1.51816   1.00062  
  5 109.6294   2193.234887  x:  0.22895   0.03140   0.02993   0.02655   0.19763   0.03186   0.04545   0.07623   0.03137   0.22651   0.23642   0.02133   0.04136   0.01680   0.18387   0.00917   0.05670   0.19939   0.03194   0.19476   0.21875   8.40495   1.51931   1.18757   1.52276   1.00071  
  6 100.7486   2192.653209  x:  0.23653   0.03366   0.03078   0.02390   0.19083   0.04055   0.03831   0.07621   0.03286   0.24406   0.24679   0.02069   0.04244   0.01655   0.17597   0.00910   0.05767   0.21118   0.03361   0.20205   0.21973   8.40548   1.51864   1.17564   1.53436   1.00087  
  7 49.2477   2192.474103  x:  0.23920   0.03255   0.02618   0.02629   0.18974   0.04337   0.04596   0.07693   0.03202   0.24941   0.25050   0.01988   0.04376   0.01647   0.17394   0.00909   0.05831   0.21241   0.03344   0.20366   0.21986   8.40595   1.51809   1.16652   1.54337   1.00086  
  8 32.3560   2192.216123  x:  0.24112   0.03563   0.02668   0.02075   0.19150   0.04185   0.04885   0.07875   0.03442   0.25111   0.25324   0.02249   0.04336   0.01652   0.17576   0.00909   0.05784   0.20576   0.03359   0.20192   0.21930   8.40739   1.51661   1.14257   1.56746   1.00057  
  9 26.2106   2191.877029  x:  0.24248   0.03344   0.02956   0.02502   0.19406   0.04135   0.04434   0.07951   0.03173   0.25089   0.25513   0.02018   0.04163   0.01664   0.17883   0.00911   0.05705   0.19626   0.03200   0.19870   0.21831   8.40962   1.51437   1.10771   1.60301   0.99992  
 10 97.1821   2191.823704  x:  0.24144   0.03200   0.02684   0.02484   0.19391   0.04045   0.04245   0.07752   0.03181   0.24903   0.25368   0.02084   0.04306   0.01656   0.17849   0.00909   0.05753   0.19725   0.03345   0.19837   0.21809   8.41021   1.51383   1.10215   1.60961   0.99955  
 11 25.3554   2191.767653  x:  0.23859   0.03270   0.02821   0.02455   0.19289   0.04058   0.04347   0.07437   0.03245   0.24472   0.24958   0.01921   0.04380   0.01651   0.17697   0.00908   0.05808   0.20243   0.03327   0.19860   0.21780   8.41128   1.51295   1.09643   1.61830   0.99867  
 12 19.4114   2191.751154  x:  0.23736   0.03274   0.02843   0.02493   0.19249   0.04109   0.04367   0.07531   0.03186   0.24319   0.24784   0.02099   0.04280   0.01653   0.17644   0.00908   0.05765   0.20474   0.03305   0.19895   0.21776   8.41184   1.51257   1.09518   1.62151   0.99815  
 13 13.8008   2191.745270  x:  0.23687   0.03283   0.02774   0.02475   0.19233   0.04102   0.04344   0.07664   0.03212   0.24270   0.24707   0.02045   0.04220   0.01654   0.17631   0.00907   0.05739   0.20554   0.03268   0.19926   0.21778   8.41226   1.51238   1.09525   1.62308   0.99774  
 14  7.7469   2191.740867  x:  0.23658   0.03258   0.02816   0.02478   0.19222   0.04086   0.04348   0.07780   0.03213   0.24275   0.24649   0.02019   0.04301   0.01651   0.17643   0.00907   0.05754   0.20564   0.03342   0.19978   0.21786   8.41312   1.51213   1.09658   1.62533   0.99689  
 15  3.7692   2191.719438  x:  0.23591   0.03323   0.02790   0.02481   0.19206   0.04081   0.04326   0.07703   0.03159   0.24439   0.24455   0.02059   0.04348   0.01648   0.17740   0.00907   0.05815   0.20428   0.03220   0.20209   0.21843   8.41907   1.51096   1.10697   1.63924   0.99122  
 16  6.5455   2191.711267  x:  0.23595   0.03249   0.02807   0.02480   0.19224   0.04103   0.04349   0.07638   0.03232   0.24471   0.24448   0.02048   0.04235   0.01651   0.17743   0.00907   0.05749   0.20400   0.03305   0.20215   0.21847   8.42165   1.51094   1.11117   1.64471   0.98904  
 17 15.2216   2191.700971  x:  0.23683   0.03311   0.02796   0.02483   0.19306   0.04089   0.04337   0.07652   0.03169   0.24364   0.24661   0.02030   0.04268   0.01651   0.17631   0.00907   0.05676   0.20488   0.03323   0.19925   0.21790   8.42593   1.51290   1.11672   1.65174   0.98653  
 18  6.3478   2191.697419  x:  0.23714   0.03253   0.02813   0.02482   0.19319   0.04091   0.04333   0.07674   0.03223   0.24315   0.24742   0.02052   0.04277   0.01649   0.17612   0.00907   0.05756   0.20524   0.03266   0.19839   0.21771   8.42772   1.51428   1.11852   1.65408   0.98585  
 19  7.9843   2191.689027  x:  0.23750   0.03300   0.02797   0.02484   0.19231   0.04085   0.04337   0.07675   0.03172   0.24195   0.24858   0.02035   0.04192   0.01647   0.17724   0.00907   0.05893   0.20552   0.03336   0.19894   0.21754   8.43363   1.52144   1.12188   1.65891   0.98553  
 20  3.9123   2191.669726  x:  0.23786   0.03265   0.02797   0.02486   0.19080   0.04104   0.04338   0.07654   0.03213   0.24012   0.25002   0.02054   0.04278   0.01645   0.17922   0.00906   0.05709   0.20584   0.03264   0.20083   0.21739   8.44794   1.53922   1.12919   1.66963   0.98544  
 21 20.4292   2191.646636  x:  0.23676   0.03266   0.02808   0.02483   0.19427   0.04087   0.04323   0.07652   0.03205   0.24247   0.24700   0.02052   0.04255   0.01642   0.17634   0.00907   0.05744   0.20537   0.03276   0.20092   0.21768   8.46666   1.56126   1.13730   1.68169   0.98688  
 22 12.1297   2191.641573  x:  0.23655   0.03269   0.02800   0.02483   0.19301   0.04099   0.04330   0.07654   0.03207   0.24417   0.24545   0.02048   0.04257   0.01640   0.17762   0.00907   0.05741   0.20579   0.03283   0.19860   0.21772   8.47226   1.56399   1.13869   1.68363   0.98866  
 23  2.8450   2191.578629  x:  0.23912   0.03261   0.02807   0.02483   0.19512   0.04090   0.04311   0.07642   0.03202   0.24253   0.24575   0.02047   0.04262   0.01619   0.17839   0.00906   0.05741   0.20676   0.03277   0.19970   0.21844   8.56693   1.56348   1.15034   1.69738   1.02917  
 24  2.4764   2191.548481  x:  0.23112   0.03258   0.02811   0.02481   0.19582   0.04095   0.04309   0.07636   0.03210   0.24435   0.24966   0.02039   0.04267   0.01609   0.17921   0.00906   0.05741   0.20694   0.03280   0.19998   0.21460   8.61472   1.56233   1.15070   1.69797   1.03322  
 25  6.7547   2191.049371  x:  0.23484   0.03271   0.02833   0.02425   0.20991   0.04139   0.04292   0.07650   0.03201   0.24728   0.25194   0.02003   0.04296   0.01437   0.19083   0.00904   0.05745   0.21578   0.03320   0.20000   0.22899   9.46409   1.54096   1.12440   1.67301   1.00674  
 26 19.6860   2191.005078  x:  0.23992   0.03274   0.02833   0.02423   0.21115   0.04143   0.04289   0.07649   0.03197   0.24765   0.24901   0.02019   0.04298   0.01422   0.19180   0.00904   0.05746   0.21646   0.03307   0.20130   0.21881   9.53608   1.53909   1.12219   1.67065   1.00410  
 27 38.9514   2190.937165  x:  0.23690   0.03314   0.02807   0.02443   0.21774   0.04300   0.04277   0.07622   0.03239   0.24659   0.24847   0.02010   0.04333   0.01214   0.19602   0.00874   0.05765   0.21893   0.03338   0.20062   0.21793   9.37188   1.54308   1.13075   1.67216   1.01032  
 28  0.0714   2190.922263  x:  0.23911   0.03278   0.02839   0.02415   0.21715   0.04233   0.04267   0.07642   0.03201   0.24768   0.24898   0.02012   0.04310   0.01153   0.19570   0.00842   0.05747   0.21865   0.03316   0.20123   0.21865   9.25091   1.53802   1.12337   1.66724   1.00145  
 29  0.0675   2190.893292  x:  0.23939   0.03326   0.02790   0.02436   0.21303   0.04204   0.04330   0.07642   0.03249   0.24564   0.24747   0.02034   0.04334   0.01162   0.19320   0.00708   0.05751   0.21565   0.03328   0.20052   0.21771   9.29125   1.53848   1.12335   1.66980   1.00328  
 30  0.0060   2190.875203  x:  0.23799   0.03286   0.02837   0.02443   0.21520   0.04236   0.04265   0.07636   0.03212   0.24704   0.24878   0.02012   0.04321   0.01153   0.19444   0.00610   0.05737   0.21751   0.03317   0.20092   0.21832   9.35532   1.54146   1.12754   1.67138   1.00669  
 31  0.0341   2190.869896  x:  0.23832   0.03288   0.02831   0.02422   0.21686   0.04257   0.04276   0.07639   0.03212   0.24724   0.24890   0.02014   0.04328   0.01228   0.19545   0.00611   0.05740   0.21828   0.03321   0.20102   0.21858   9.33206   1.53983   1.12584   1.66933   1.00433  
 32  0.0137   2190.869521  x:  0.23851   0.03292   0.02827   0.02424   0.21665   0.04250   0.04279   0.07638   0.03216   0.24707   0.24868   0.02015   0.04330   0.01232   0.19544   0.00597   0.05740   0.21810   0.03321   0.20096   0.21838   9.31407   1.53965   1.12562   1.66958   1.00440  
 33  0.0185   2190.869514  x:  0.23850   0.03292   0.02827   0.02426   0.21662   0.04247   0.04278   0.07637   0.03216   0.24707   0.24866   0.02015   0.04330   0.01233   0.19547   0.00599   0.05740   0.21811   0.03321   0.20096   0.21835   9.31188   1.53971   1.12570   1.66969   1.00453  
 34  0.0022   2190.869513  x:  0.23850   0.03292   0.02827   0.02426   0.21662   0.04247   0.04278   0.07637   0.03216   0.24708   0.24867   0.02015   0.04330   0.01233   0.19548   0.00599   0.05740   0.21812   0.03321   0.20096   0.21835   9.31208   1.53971   1.12570   1.66967   1.00453  
 35  0.0002   2190.869513  x:  0.23850   0.03292   0.02827   0.02426   0.21662   0.04247   0.04278   0.07637   0.03216   0.24708   0.24867   0.02015   0.04330   0.01233   0.19548   0.00599   0.05740   0.21812   0.03321   0.20096   0.21835   9.31209   1.53971   1.12570   1.66967   1.00452  
 36  0.0000   2190.869513  x:  0.23850   0.03292   0.02827   0.02426   0.21662   0.04247   0.04278   0.07637   0.03216   0.24708   0.24867   0.02015   0.04330   0.01233   0.19548   0.00599   0.05740   0.21812   0.03321   0.20096   0.21835   9.31209   1.53971   1.12570   1.66967   1.00452  