

TREE # 1

  0  0.0000   2263.696888  x:  0.00000   0.06038   0.06355   0.03441   0.07892   0.10244   0.04805   0.06751   0.09647   0.03120   0.12618   0.02869   0.04906   0.02072   0.02038   0.07554   0.08024   0.04395   0.08110   0.06062   0.09719   0.10681   0.07303   2.00000   1.23714   0.89441   1.57151   0.40000  
  1 99.0000   2237.974660  x:  0.19651   0.09534   0.05576   0.04059   0.07411   0.10329   0.04799   0.06804   0.09495   0.02854   0.13521   0.03129   0.07299   0.03198   0.01589   0.07047   0.08577   0.03767   0.08457   0.06393   0.09137   0.11606   0.08898   2.00278   1.23726   0.89264   1.57271   0.40675  
  2 2994.6735   2202.449609  x:  0.18523   0.15647   0.02697   0.05378   0.05691   0.10638   0.04749   0.06933   0.09044   0.01670   0.15812   0.02752   0.12247   0.04687   0.00000   0.05248   0.10320   0.01604   0.09564   0.07463   0.06938   0.14602   0.12683   2.01316   1.23731   0.88684   1.57655   0.43064  
  3 462.0799   2192.516943  x:  0.17800   0.19664   0.00672   0.06148   0.04484   0.10858   0.04707   0.07005   0.08747   0.01081   0.17367   0.02397   0.15406   0.05528   0.02613   0.04076   0.11474   0.00458   0.10345   0.08183   0.05313   0.16628   0.15175   2.02123   1.23732   0.88247   1.57949   0.44844  
  4 1963.5795   2188.540167  x:  0.17462   0.21851   0.01399   0.06214   0.03850   0.11031   0.04643   0.07003   0.08707   0.02392   0.18306   0.01859   0.16812   0.05392   0.03202   0.03662   0.12173   0.03182   0.10643   0.08440   0.04093   0.17830   0.16476   2.03005   1.23718   0.87838   1.58235   0.46459  
  5 369.5305   2185.359406  x:  0.17484   0.22884   0.02348   0.04785   0.04375   0.11254   0.04620   0.06823   0.08827   0.02485   0.19058   0.00623   0.16214   0.03086   0.03219   0.04310   0.12229   0.02412   0.10465   0.07958   0.03205   0.18760   0.16833   2.05631   1.23656   0.86818   1.58982   0.50226  
  6 111.2231   2181.212896  x:  0.17437   0.23849   0.02228   0.03121   0.04868   0.11500   0.04704   0.06664   0.09008   0.02481   0.20215   0.03534   0.13939   0.02902   0.03192   0.04929   0.11969   0.02448   0.09793   0.07045   0.04407   0.20332   0.17001   2.13049   1.23487   0.84092   1.61028   0.59540  
  7 173.9965   2175.959115  x:  0.17564   0.23322   0.01712   0.06279   0.04928   0.11392   0.04853   0.06846   0.09143   0.02206   0.20858   0.02178   0.10524   0.04865   0.03018   0.04766   0.11314   0.02656   0.09131   0.06776   0.04750   0.21065   0.15945   2.24447   1.23255   0.80331   1.63976   0.71754  
  8 289.8023   2172.253795  x:  0.17774   0.20560   0.00657   0.05600   0.03467   0.10915   0.04187   0.06755   0.08734   0.02750   0.19737   0.01707   0.12284   0.04837   0.02757   0.03036   0.11108   0.02734   0.09899   0.08375   0.04379   0.19504   0.14749   2.34131   1.23109   0.78190   1.66067   0.78144  
  9 158.6800   2170.629089  x:  0.17791   0.19060   0.02270   0.05781   0.03232   0.10655   0.04165   0.06785   0.08474   0.02384   0.18898   0.02033   0.14236   0.05405   0.02858   0.02826   0.11225   0.02227   0.10525   0.09228   0.04175   0.18344   0.14458   2.40727   1.23043   0.77071   1.67368   0.81395  
 10 325.2517   2168.797980  x:  0.17776   0.17942   0.01706   0.06130   0.04388   0.10560   0.04852   0.06975   0.08195   0.01957   0.17859   0.02073   0.16462   0.05476   0.02852   0.04840   0.11641   0.02718   0.10957   0.09271   0.03925   0.16885   0.14727   2.48821   1.23037   0.76398   1.68700   0.83416  
 11 199.4632   2164.522913  x:  0.17630   0.18540   0.01528   0.07052   0.05261   0.11088   0.05123   0.06976   0.08856   0.04238   0.16136   0.01868   0.17877   0.04916   0.02972   0.03924   0.12284   0.01886   0.10020   0.05896   0.05297   0.14583   0.16556   2.71364   1.23289   0.77073   1.71440   0.82708  
 12 136.9917   2153.621346  x:  0.17524   0.20968   0.01688   0.06513   0.03960   0.11820   0.03734   0.06286   0.09296   0.00780   0.14889   0.01787   0.15795   0.03963   0.03040   0.03386   0.12275   0.03279   0.08039   0.06218   0.05073   0.13880   0.18487   3.21686   1.24226   0.80180   1.76810   0.77376  
 13 371.0255   2144.056725  x:  0.17378   0.23665   0.01869   0.05293   0.02979   0.12043   0.03810   0.06188   0.09090   0.03382   0.15248   0.02207   0.12003   0.05013   0.02927   0.05593   0.11539   0.01845   0.07995   0.10484   0.03316   0.15785   0.19107   3.85941   1.25745   0.84566   1.83340   0.69618  
 14 1234.6720   2139.691427  x:  0.17396   0.23770   0.01878   0.04648   0.05443   0.11265   0.05701   0.07159   0.08364   0.03048   0.17921   0.01774   0.11626   0.04826   0.02934   0.03811   0.11139   0.02239   0.10879   0.10911   0.04281   0.19062   0.17075   4.13343   1.26989   0.86752   1.85603   0.66051  
 15 456.7335   2137.852154  x:  0.17466   0.22639   0.01851   0.05416   0.04182   0.10486   0.04846   0.07202   0.08347   0.02995   0.20411   0.02292   0.12560   0.04290   0.02901   0.04681   0.11138   0.02181   0.11625   0.08817   0.03885   0.21471   0.14857   4.24034   1.28235   0.87970   1.85774   0.64713  
 16 162.7789   2137.543303  x:  0.17489   0.21913   0.01867   0.04826   0.04242   0.10805   0.04872   0.06845   0.08479   0.02962   0.21198   0.01837   0.12934   0.05070   0.02910   0.04735   0.11416   0.02161   0.10849   0.08504   0.03859   0.22005   0.14802   4.25938   1.29219   0.88478   1.85112   0.64705  
 17 38.6409   2137.250033  x:  0.17543   0.20929   0.01822   0.05279   0.04476   0.11180   0.05072   0.06856   0.08547   0.03053   0.21980   0.02104   0.13131   0.04639   0.02911   0.04490   0.11659   0.02117   0.09951   0.08961   0.03774   0.22386   0.15356   4.27841   1.31122   0.89313   1.83603   0.64997  
 18 34.7258   2136.904810  x:  0.17556   0.20576   0.01875   0.05238   0.04159   0.11055   0.04717   0.07204   0.08368   0.03047   0.22285   0.01824   0.12926   0.04636   0.02908   0.04760   0.11613   0.02124   0.10632   0.09077   0.04444   0.22148   0.16304   4.30239   1.34527   0.90660   1.80743   0.65758  
 19 34.1673   2136.659769  x:  0.17547   0.20761   0.01844   0.05120   0.04226   0.10818   0.04940   0.07107   0.08386   0.02982   0.22033   0.02055   0.12663   0.04843   0.02881   0.04575   0.11417   0.02142   0.11105   0.08751   0.03679   0.21705   0.16305   4.31922   1.37121   0.91619   1.78517   0.66360  
 20 54.6510   2136.514292  x:  0.17494   0.21583   0.01855   0.05188   0.04266   0.10754   0.05085   0.06841   0.08530   0.03019   0.21506   0.02051   0.12931   0.04751   0.02908   0.04626   0.11386   0.02145   0.10859   0.08987   0.03957   0.21550   0.15310   4.32989   1.38812   0.92114   1.77047   0.66770  
 21 26.6663   2136.493987  x:  0.17489   0.21674   0.01856   0.05160   0.04362   0.10854   0.04912   0.07136   0.08453   0.03029   0.21336   0.02062   0.12960   0.04784   0.02911   0.04608   0.11451   0.02139   0.10773   0.08982   0.03908   0.21617   0.15153   4.33163   1.39011   0.92087   1.76869   0.66802  
 22  7.8688   2136.448126  x:  0.17496   0.21612   0.01872   0.05136   0.04107   0.11069   0.05220   0.07278   0.08279   0.02996   0.20851   0.02030   0.12935   0.04748   0.02906   0.04621   0.11605   0.02134   0.10780   0.08868   0.03920   0.22021   0.15159   4.33647   1.39228   0.91632   1.76636   0.66756  
 23  3.6267   2136.283110  x:  0.17490   0.21424   0.01831   0.05235   0.04413   0.10950   0.04809   0.06748   0.08439   0.03033   0.19868   0.01997   0.12993   0.04726   0.02902   0.04577   0.11615   0.02134   0.10952   0.08812   0.03914   0.23072   0.15484   4.35449   1.39709   0.89836   1.75965   0.66535  
 24 12.0838   2135.672052  x:  0.17353   0.21814   0.01817   0.04988   0.04196   0.10045   0.05158   0.07545   0.09167   0.02962   0.20555   0.01816   0.13357   0.04693   0.02901   0.04567   0.10672   0.02135   0.10356   0.08771   0.03890   0.22745   0.15877   4.42221   1.40318   0.84077   1.73854   0.65992  
 25 19.1601   2134.940353  x:  0.17208   0.22388   0.01791   0.05120   0.04279   0.10977   0.04858   0.06840   0.07933   0.03016   0.22032   0.01877   0.13182   0.04530   0.02869   0.04478   0.11684   0.02057   0.10685   0.08733   0.03837   0.21376   0.15657   4.50337   1.40100   0.78923   1.71437   0.65880  
 26 60.6906   2131.718756  x:  0.16654   0.22950   0.01394   0.05329   0.03971   0.13727   0.04817   0.07513   0.12761   0.02651   0.22268   0.01623   0.14248   0.04400   0.02700   0.04310   0.13912   0.01904   0.12871   0.08951   0.03611   0.20885   0.15854   4.89830   1.29136   0.75454   1.60900   0.72318  
 27 34.7106   2125.786447  x:  0.15638   0.24286   0.01155   0.05626   0.04157   0.11462   0.04844   0.07188   0.08862   0.02661   0.21232   0.00716   0.17208   0.04322   0.02563   0.03730   0.12237   0.01692   0.11347   0.08126   0.03585   0.21630   0.17736   5.54079   1.10560   0.73089   1.44616   0.83720  
 28 304.3134   2124.068626  x:  0.15359   0.24697   0.01074   0.05484   0.04081   0.08525   0.05029   0.07450   0.08748   0.02595   0.20882   0.00501   0.17266   0.04265   0.02494   0.03456   0.15403   0.01512   0.10870   0.08129   0.03492   0.21269   0.18004   5.71352   1.16643   0.76381   1.54586   0.86923  
 29 18.5573   2119.709367  x:  0.14498   0.26087   0.00770   0.05930   0.04016   0.11194   0.04707   0.06928   0.07781   0.02453   0.20437   0.00000   0.19852   0.04138   0.02293   0.03139   0.11921   0.01473   0.11400   0.07511   0.03205   0.20604   0.18677   6.15882   1.34620   0.85587   1.83136   0.95196  
 30 187.8126   2116.918077  x:  0.13139   0.28125   0.00829   0.06055   0.03785   0.11799   0.04425   0.06712   0.07595   0.02058   0.20187   0.02609   0.21330   0.03964   0.01968   0.03212   0.11358   0.01266   0.11289   0.07615   0.03147   0.20405   0.19117   6.81779   1.45949   0.92825   1.98947   1.01414  
 31  1.2503   2112.610070  x:  0.10733   0.30352   0.01512   0.04932   0.03590   0.11308   0.04425   0.07025   0.10245   0.00990   0.20782   0.02351   0.19873   0.04818   0.01170   0.04462   0.14800   0.01055   0.10121   0.09111   0.04300   0.21397   0.19717   7.91905   1.45986   0.92963   1.89958   1.01561  
 32  0.7143   2108.504166  x:  0.07637   0.30900   0.01282   0.05118   0.04185   0.10410   0.04493   0.06907   0.08925   0.02102   0.21264   0.01956   0.18347   0.04508   0.00000   0.04253   0.13573   0.01574   0.09697   0.08523   0.04276   0.21639   0.19610   9.10716   1.41560   0.88372   1.78345   0.99212  
 33  0.6537   2105.953605  x:  0.04477   0.30522   0.01352   0.05718   0.04172   0.11286   0.04822   0.06907   0.08136   0.02133   0.21386   0.01491   0.18219   0.04721   0.00053   0.04104   0.10775   0.02642   0.12311   0.07842   0.03479   0.21330   0.19343   9.90471   1.39096   0.87826   1.85997   0.96420  
 34  0.4635   2104.469707  x:  0.02180   0.29106   0.01524   0.05951   0.03935   0.11903   0.04663   0.06994   0.08472   0.02308   0.21842   0.01193   0.18388   0.04554   0.00788   0.04009   0.12523   0.02343   0.11750   0.08117   0.03383   0.21092   0.18899  10.28896   1.43112   0.91018   1.92823   0.94519  
 35  0.2439   2103.804984  x:  0.01753   0.27222   0.01367   0.05496   0.03813   0.11475   0.04552   0.06891   0.08575   0.01989   0.22171   0.01419   0.18035   0.04305   0.00616   0.03854   0.12777   0.01594   0.10449   0.08412   0.03674   0.21096   0.18434  10.31649   1.47125   0.91903   1.93216   0.95665  
 36  0.0430   2103.692912  x:  0.02309   0.26863   0.01205   0.05370   0.03940   0.11211   0.04556   0.06873   0.08572   0.01838   0.21851   0.01559   0.17835   0.04368   0.00624   0.03912   0.12378   0.01607   0.10521   0.08241   0.03721   0.20872   0.18434  10.04562   1.46686   0.91485   1.91952   0.95410  
 37  0.2461   2103.617358  x:  0.01895   0.26651   0.01160   0.05396   0.04036   0.11119   0.04584   0.06888   0.08573   0.01774   0.21416   0.01597   0.17546   0.04433   0.00579   0.03947   0.12025   0.01675   0.10795   0.08056   0.03705   0.20616   0.18463   9.96901   1.45779   0.91048   1.91582   0.94804  
 38  0.0621   2103.503043  x:  0.01924   0.26304   0.01361   0.05630   0.03986   0.11303   0.04572   0.06898   0.08630   0.01882   0.21374   0.01691   0.17211   0.04375   0.00594   0.03945   0.12229   0.01524   0.10849   0.08104   0.03730   0.20355   0.18478   9.47956   1.44525   0.90980   1.91976   0.93960  
 39  0.1736   2103.419151  x:  0.01749   0.26590   0.01283   0.05588   0.03950   0.11311   0.04585   0.06869   0.08533   0.01864   0.21632   0.01710   0.17442   0.04375   0.00579   0.03981   0.12477   0.01759   0.10580   0.08226   0.03713   0.20625   0.18533   9.14448   1.45093   0.91170   1.91667   0.93907  
 40  0.1899   2103.397146  x:  0.01696   0.26859   0.01260   0.05444   0.03956   0.11236   0.04554   0.06875   0.08585   0.01865   0.21820   0.01639   0.17664   0.04392   0.00535   0.03921   0.12298   0.01672   0.10647   0.08183   0.03681   0.20819   0.18484   9.10874   1.45565   0.91034   1.91289   0.94320  
 41  0.0254   2103.395399  x:  0.01703   0.26956   0.01260   0.05456   0.03959   0.11243   0.04579   0.06887   0.08566   0.01874   0.21844   0.01602   0.17677   0.04375   0.00541   0.03929   0.12290   0.01671   0.10724   0.08194   0.03697   0.20800   0.18489   9.09529   1.45258   0.91003   1.91281   0.94244  
 42  0.0113   2103.395225  x:  0.01696   0.26953   0.01255   0.05458   0.03961   0.11244   0.04575   0.06886   0.08568   0.01865   0.21845   0.01590   0.17670   0.04377   0.00542   0.03931   0.12307   0.01664   0.10708   0.08187   0.03695   0.20808   0.18485   9.09362   1.45241   0.91033   1.91322   0.94201  
 43  0.0014   2103.395211  x:  0.01701   0.26955   0.01256   0.05460   0.03961   0.11245   0.04574   0.06885   0.08568   0.01864   0.21840   0.01588   0.17672   0.04379   0.00544   0.03930   0.12302   0.01665   0.10704   0.08188   0.03696   0.20808   0.18486   9.09319   1.45269   0.91042   1.91336   0.94189  
 44  0.0005   2103.395209  x:  0.01700   0.26954   0.01256   0.05460   0.03960   0.11245   0.04574   0.06885   0.08568   0.01864   0.21838   0.01587   0.17673   0.04379   0.00543   0.03929   0.12302   0.01665   0.10706   0.08189   0.03696   0.20805   0.18486   9.09333   1.45281   0.91044   1.91348   0.94182  
 45  0.0002   2103.395209  x:  0.01700   0.26953   0.01256   0.05460   0.03960   0.11244   0.04574   0.06885   0.08568   0.01864   0.21838   0.01587   0.17674   0.04379   0.00543   0.03930   0.12302   0.01665   0.10706   0.08189   0.03695   0.20806   0.18486   9.09316   1.45280   0.91044   1.91350   0.94180  
 46  0.0001   2103.395209  x:  0.01700   0.26953   0.01256   0.05460   0.03960   0.11244   0.04574   0.06885   0.08568   0.01864   0.21838   0.01587   0.17674   0.04379   0.00543   0.03930   0.12302   0.01665   0.10706   0.08189   0.03695   0.20806   0.18486   9.09320   1.45279   0.91044   1.91349   0.94179  
 47  0.0000   2103.395209  x:  0.01700   0.26953   0.01256   0.05460   0.03960   0.11244   0.04574   0.06885   0.08568   0.01864   0.21838   0.01587   0.17674   0.04379   0.00543   0.03930   0.12302   0.01665   0.10706   0.08189   0.03695   0.20806   0.18486   9.09320   1.45279   0.91044   1.91349   0.94178  
 48  0.0000   2103.395209  x:  0.01700   0.26953   0.01256   0.05460   0.03960   0.11244   0.04574   0.06885   0.08568   0.01864   0.21838   0.01587   0.17674   0.04379   0.00543   0.03930   0.12302   0.01665   0.10706   0.08189   0.03695   0.20806   0.18486   9.09319   1.45279   0.91044   1.91349   0.94178  

TREE # 2

  0  0.0000   2131.545218  x:  0.20353   0.01445   0.23988   0.07650   0.06129   0.01461   0.09600   0.00004   0.09949   0.03495   0.06806   0.07116   0.00000   0.25003   0.14350   0.03405   0.00186   0.07451   0.05742   0.08522   0.02991   0.09847   0.05103   9.09319   1.33898   0.88266   1.73736   0.94178  
  1 99.0000   2123.133194  x:  0.20364   0.01893   0.23946   0.08670   0.05794   0.03193   0.09485   0.02598   0.10101   0.03698   0.07566   0.06414   0.01887   0.25030   0.15127   0.03127   0.03288   0.07606   0.05765   0.08356   0.03320   0.09998   0.05024   9.09319   1.33930   0.88218   1.73794   0.94174  
  2 792.7028   2108.815218  x:  0.20271   0.02711   0.23597   0.13741   0.03772   0.06026   0.08643   0.00380   0.10609   0.03872   0.11587   0.01851   0.04048   0.24745   0.19004   0.01027   0.02239   0.08111   0.05625   0.07432   0.04313   0.10785   0.04709   9.09318   1.34110   0.87955   1.74104   0.94147  
  3 278.6007   2107.198020  x:  0.20109   0.02265   0.23339   0.15018   0.03418   0.05980   0.08424   0.00934   0.10748   0.03984   0.12356   0.01010   0.03798   0.24475   0.20401   0.02530   0.01692   0.08354   0.05516   0.07162   0.04248   0.11017   0.04627   9.09317   1.34189   0.87846   1.74250   0.94136  
  4 174.0432   2105.866607  x:  0.19740   0.01328   0.22791   0.16816   0.03389   0.05482   0.08140   0.01462   0.10839   0.04154   0.13237   0.02281   0.03021   0.23888   0.22718   0.02495   0.01584   0.08661   0.05461   0.06775   0.04086   0.11348   0.04544   9.09314   1.34347   0.87633   1.74538   0.94115  
  5 128.0040   2105.093122  x:  0.19283   0.01214   0.22159   0.17636   0.04057   0.04452   0.08129   0.01409   0.10784   0.03920   0.13008   0.01778   0.01953   0.23175   0.24572   0.02152   0.02460   0.08780   0.05527   0.06753   0.03837   0.11467   0.04588   9.09312   1.34527   0.87412   1.74871   0.94090  
  6 84.6777   2104.830740  x:  0.18881   0.01977   0.21589   0.17697   0.03994   0.04328   0.08279   0.01519   0.10658   0.03947   0.12280   0.01892   0.02041   0.22592   0.25846   0.02130   0.02275   0.08653   0.05536   0.07026   0.03788   0.11389   0.04674   9.09309   1.34731   0.87200   1.75235   0.94059  
  7 40.3936   2104.652817  x:  0.18518   0.01535   0.21024   0.17386   0.03854   0.04647   0.08402   0.01413   0.10555   0.03954   0.11559   0.01814   0.02273   0.22065   0.26791   0.02074   0.02197   0.08517   0.05513   0.07226   0.03853   0.11255   0.04698   9.09305   1.34970   0.86985   1.75650   0.94024  
  8 41.0071   2104.617106  x:  0.18447   0.01614   0.20822   0.17068   0.03852   0.04782   0.08309   0.01235   0.10616   0.03957   0.11698   0.01885   0.02252   0.21837   0.26943   0.02198   0.02313   0.08579   0.05455   0.07029   0.03856   0.11200   0.04606   9.09301   1.35215   0.86825   1.76064   0.93985  
  9 10.6866   2104.581622  x:  0.18413   0.01634   0.20624   0.16688   0.03833   0.04743   0.08227   0.01412   0.10715   0.03971   0.11936   0.01796   0.02221   0.21602   0.26998   0.02059   0.02195   0.08620   0.05467   0.06876   0.03871   0.11172   0.04607   9.09294   1.35618   0.86592   1.76744   0.93924  
 10 16.2283   2104.529516  x:  0.18481   0.01585   0.20519   0.16585   0.03876   0.04541   0.08295   0.01339   0.10682   0.03916   0.12224   0.01829   0.02450   0.21450   0.26914   0.02132   0.02231   0.08594   0.05593   0.07154   0.03931   0.11273   0.04753   9.09276   1.36547   0.86184   1.78305   0.93782  
 11 13.4892   2104.434472  x:  0.18625   0.01585   0.20589   0.16867   0.03855   0.04745   0.08416   0.01359   0.10517   0.04003   0.12125   0.01810   0.02239   0.21391   0.26559   0.02105   0.02234   0.08456   0.05428   0.07326   0.03655   0.11364   0.04543   9.09238   1.38450   0.85584   1.81511   0.93500  
 12 29.5203   2104.377842  x:  0.18625   0.01587   0.20733   0.17125   0.03770   0.04712   0.08296   0.01357   0.10511   0.03910   0.11794   0.01828   0.02193   0.21518   0.26384   0.02124   0.02249   0.08465   0.05429   0.06993   0.03974   0.11268   0.04649   9.09212   1.39664   0.85490   1.83554   0.93335  
 13 33.5246   2104.352094  x:  0.18526   0.01558   0.20826   0.17177   0.03876   0.04634   0.08197   0.01329   0.10603   0.03954   0.11679   0.01821   0.02376   0.21680   0.26403   0.02122   0.02215   0.08524   0.05521   0.06834   0.03799   0.11151   0.04612   9.09197   1.40249   0.85803   1.84531   0.93281  
 14 16.9355   2104.271904  x:  0.18058   0.01576   0.21079   0.16981   0.03703   0.04673   0.08168   0.01313   0.10891   0.03951   0.11780   0.01823   0.02180   0.22181   0.26642   0.02101   0.02269   0.08614   0.05567   0.07137   0.03843   0.10947   0.04541   9.09141   1.42171   0.87983   1.87704   0.93198  
 15 17.4697   2104.227294  x:  0.18051   0.01586   0.21073   0.16891   0.03943   0.04771   0.08284   0.01332   0.10707   0.03917   0.11872   0.01821   0.02186   0.22248   0.26747   0.02104   0.02206   0.08481   0.05356   0.07038   0.03875   0.11104   0.04714   9.09108   1.43276   0.89453   1.89466   0.93198  
 16 30.5758   2104.197720  x:  0.18267   0.01575   0.20948   0.16873   0.03744   0.04647   0.08315   0.01314   0.10463   0.03945   0.11864   0.01807   0.02235   0.22083   0.26725   0.02095   0.02252   0.08409   0.05403   0.06903   0.03824   0.11259   0.04638   9.09084   1.44021   0.90524   1.90581   0.93245  
 17 25.2564   2104.184805  x:  0.18467   0.01581   0.20824   0.16957   0.03829   0.04708   0.08236   0.01326   0.10479   0.03935   0.11820   0.01812   0.02224   0.21852   0.26640   0.02103   0.02217   0.08480   0.05541   0.06953   0.03879   0.11247   0.04564   9.09073   1.44383   0.91033   1.91042   0.93315  
 18 12.1004   2104.179820  x:  0.18536   0.01575   0.20762   0.17027   0.03801   0.04693   0.08219   0.01316   0.10588   0.03932   0.11797   0.01816   0.02243   0.21701   0.26564   0.02100   0.02227   0.08518   0.05450   0.06981   0.03839   0.11181   0.04641   9.09067   1.44554   0.91225   1.91185   0.93388  
 19  5.6877   2104.177525  x:  0.18472   0.01571   0.20755   0.17071   0.03816   0.04664   0.08280   0.01314   0.10621   0.03951   0.11814   0.01815   0.02266   0.21626   0.26514   0.02103   0.02225   0.08466   0.05433   0.06966   0.03875   0.11138   0.04588   9.09063   1.44691   0.91280   1.91190   0.93508  
 20  1.8087   2104.173296  x:  0.18323   0.01574   0.20768   0.17117   0.03799   0.04699   0.08295   0.01313   0.10593   0.03904   0.11837   0.01819   0.02252   0.21534   0.26443   0.02109   0.02223   0.08436   0.05504   0.06940   0.03833   0.11135   0.04637   9.09052   1.44994   0.91336   1.91146   0.93805  
 21  3.2646   2104.166901  x:  0.18223   0.01574   0.20792   0.17123   0.03808   0.04684   0.08189   0.01306   0.10521   0.03989   0.11828   0.01806   0.02263   0.21515   0.26419   0.02101   0.02220   0.08511   0.05458   0.06975   0.03859   0.11209   0.04638   9.09035   1.45472   0.91380   1.91047   0.94295  
 22  5.3877   2104.160660  x:  0.18305   0.01575   0.20799   0.17096   0.03805   0.04674   0.08189   0.01312   0.10541   0.03868   0.11819   0.01809   0.02280   0.21598   0.26489   0.02092   0.02203   0.08545   0.05409   0.06983   0.03857   0.11236   0.04574   9.09018   1.45913   0.91394   1.90947   0.94765  
 23  6.4445   2104.153823  x:  0.18488   0.01579   0.20794   0.17056   0.03801   0.04697   0.08269   0.01291   0.10607   0.03941   0.11821   0.01805   0.02235   0.21729   0.26602   0.02095   0.02212   0.08506   0.05461   0.06958   0.03856   0.11201   0.04622   9.08999   1.46353   0.91397   1.90848   0.95253  
 24  8.7363   2104.148898  x:  0.18533   0.01578   0.20767   0.17068   0.03804   0.04690   0.08151   0.01291   0.10536   0.03934   0.11866   0.01802   0.02225   0.21770   0.26630   0.02097   0.02213   0.08377   0.05445   0.06989   0.03853   0.11062   0.04629   9.08990   1.46370   0.91394   1.90865   0.95376  
 25  0.8701   2104.043946  x:  0.18497   0.01581   0.20395   0.17391   0.03774   0.04721   0.08442   0.01180   0.10096   0.03935   0.12152   0.01720   0.02207   0.21990   0.26704   0.02023   0.02066   0.08903   0.05401   0.06959   0.03894   0.10570   0.04647   9.08815   1.45229   0.91275   1.91720   0.96667  
 26  1.3183   2103.820104  x:  0.18374   0.01591   0.20152   0.17940   0.03687   0.04805   0.08184   0.00836   0.10702   0.03945   0.12354   0.01597   0.02200   0.22091   0.26941   0.01942   0.01843   0.08546   0.05472   0.06892   0.03949   0.11305   0.04582   9.08451   1.42851   0.91047   1.93438   0.99033  
 27 19.1722   2103.754353  x:  0.18597   0.01556   0.21242   0.17912   0.03669   0.04824   0.08196   0.00742   0.10639   0.03944   0.12467   0.01550   0.02233   0.21512   0.27359   0.01900   0.01761   0.08607   0.05460   0.06891   0.03965   0.11195   0.04584   9.08354   1.42799   0.91009   1.93472   0.98802  
 28  4.8698   2103.586082  x:  0.18497   0.01570   0.20721   0.18372   0.03613   0.04871   0.08172   0.00530   0.10667   0.03947   0.12739   0.01436   0.02189   0.21763   0.27527   0.01815   0.01574   0.08646   0.05455   0.06863   0.03997   0.11222   0.04573   9.08160   1.45075   0.91079   1.91795   0.95043  
 29  4.6287   2103.475862  x:  0.18497   0.01623   0.20798   0.18264   0.03626   0.04684   0.08164   0.00721   0.10720   0.03943   0.12669   0.01583   0.01939   0.21772   0.27381   0.01776   0.01241   0.08590   0.05458   0.06864   0.04010   0.11278   0.04563   9.08742   1.45312   0.91011   1.91102   0.93829  
 30  0.0175   2103.403719  x:  0.18483   0.01626   0.20825   0.17896   0.03673   0.04415   0.08183   0.00550   0.10741   0.03935   0.12387   0.01745   0.01657   0.21803   0.27104   0.01872   0.01308   0.08536   0.05457   0.06887   0.03974   0.11275   0.04563   9.09609   1.45204   0.90994   1.91093   0.93915  
 31  0.0128   2103.395585  x:  0.18483   0.01585   0.20803   0.17710   0.03701   0.04371   0.08189   0.00537   0.10709   0.03931   0.12304   0.01683   0.01699   0.21831   0.26990   0.01856   0.01243   0.08566   0.05459   0.06885   0.03960   0.11251   0.04572   9.09652   1.45209   0.91033   1.91334   0.94266  
 32  0.0054   2103.395239  x:  0.18485   0.01584   0.20804   0.17677   0.03699   0.04373   0.08189   0.00546   0.10704   0.03930   0.12300   0.01666   0.01698   0.21838   0.26960   0.01859   0.01257   0.08569   0.05460   0.06885   0.03959   0.11245   0.04574   9.09520   1.45267   0.91041   1.91335   0.94190  
 33  0.0023   2103.395210  x:  0.18486   0.01587   0.20805   0.17673   0.03696   0.04380   0.08189   0.00543   0.10705   0.03929   0.12302   0.01666   0.01701   0.21839   0.26953   0.01864   0.01256   0.08568   0.05460   0.06885   0.03960   0.11244   0.04574   9.09420   1.45279   0.91044   1.91348   0.94178  
 34  0.0012   2103.395209  x:  0.18486   0.01587   0.20806   0.17674   0.03695   0.04379   0.08189   0.00543   0.10706   0.03930   0.12302   0.01665   0.01700   0.21838   0.26953   0.01864   0.01256   0.08568   0.05460   0.06885   0.03960   0.11244   0.04574   9.09361   1.45280   0.91044   1.91350   0.94179  
 35  0.0006   2103.395209  x:  0.18486   0.01587   0.20806   0.17674   0.03695   0.04379   0.08189   0.00543   0.10706   0.03930   0.12302   0.01665   0.01700   0.21838   0.26953   0.01864   0.01256   0.08568   0.05460   0.06885   0.03960   0.11244   0.04574   9.09328   1.45279   0.91044   1.91349   0.94178  
 36  0.0003   2103.395209  x:  0.18486   0.01587   0.20806   0.17674   0.03695   0.04379   0.08189   0.00543   0.10706   0.03930   0.12302   0.01665   0.01700   0.21838   0.26953   0.01864   0.01256   0.08568   0.05460   0.06885   0.03960   0.11244   0.04574   9.09320   1.45279   0.91044   1.91349   0.94178  
 37  0.0001   2103.395209  x:  0.18486   0.01587   0.20806   0.17674   0.03695   0.04379   0.08189   0.00543   0.10706   0.03930   0.12302   0.01665   0.01700   0.21838   0.26953   0.01864   0.01256   0.08568   0.05460   0.06885   0.03960   0.11244   0.04574   9.09320   1.45279   0.91044   1.91349   0.94178  
 38  0.0000   2103.395209  x:  0.18486   0.01587   0.20806   0.17674   0.03695   0.04379   0.08189   0.00543   0.10706   0.03930   0.12302   0.01665   0.01700   0.21838   0.26953   0.01864   0.01256   0.08568   0.05460   0.06885   0.03960   0.11244   0.04574   9.09320   1.45279   0.91044   1.91349   0.94178  