

TREE # 1

  0  0.0000   2048.426604  x:  0.00000   0.02694   0.07613   0.02659   0.09110   0.09146   0.04492   0.05508   0.09746   0.03116   0.10511   0.02447   0.03865   0.02125   0.02696   0.08097   0.07513   0.03818   0.06968   0.05507   0.09887   0.08669   0.06507   2.00000   1.24703   1.04979   1.26501   0.40000  
  1 99.0000   2048.418847  x:  0.00000   0.02695   0.07612   0.02659   0.09110   0.09146   0.04492   0.05508   0.09746   0.03116   0.10511   0.02447   0.03865   0.02125   0.02696   0.08097   0.07513   0.03818   0.06968   0.05507   0.09887   0.08669   0.06508   2.00000   1.24703   1.04979   1.26501   0.40000  
  2 1123.9278   2032.607868  x:  0.00000   0.01149   0.06598   0.02379   0.07990   0.08203   0.03350   0.04885   0.09619   0.02648   0.11569   0.00819   0.06759   0.02470   0.02255   0.07259   0.06412   0.03978   0.06524   0.06464   0.08889   0.10088   0.09128   2.00352   1.24794   1.04876   1.26628   0.41190  
  3 647.6248   2026.471809  x:  0.00000   0.01137   0.06135   0.02306   0.07468   0.07774   0.02852   0.04625   0.09567   0.02487   0.11973   0.00000   0.06364   0.02463   0.02064   0.06880   0.05901   0.04040   0.06340   0.06788   0.08410   0.10551   0.09537   2.00533   1.24841   1.04833   1.26699   0.41762  
  4 583.7588   2017.128863  x:  0.00000   0.00910   0.03819   0.04976   0.04111   0.05767   0.03585   0.04883   0.09461   0.05528   0.15578   0.00000   0.06104   0.02280   0.04626   0.05210   0.02957   0.03998   0.06750   0.04706   0.05093   0.12854   0.09277   2.02553   1.25604   1.03999   1.27556   0.46341  
  5 262.7158   2011.295306  x:  0.00000   0.00652   0.06441   0.04950   0.03403   0.06080   0.08645   0.07118   0.08919   0.05408   0.20161   0.00000   0.03738   0.03716   0.07375   0.06121   0.04662   0.04881   0.08021   0.07249   0.03667   0.13865   0.13075   2.09293   1.28510   1.00881   1.30459   0.56551  
  6 106.7346   2002.195880  x:  0.00000   0.00226   0.08281   0.03300   0.05562   0.06853   0.13800   0.08446   0.08527   0.04781   0.25995   0.00000   0.00862   0.01339   0.08496   0.07137   0.05814   0.03852   0.08331   0.05233   0.06271   0.18861   0.17968   2.18745   1.32677   0.96578   1.34213   0.67715  
  7 297.8950   2000.979329  x:  0.00000   0.00149   0.08357   0.03066   0.06028   0.07056   0.14698   0.08490   0.08625   0.04878   0.26996   0.00000   0.00298   0.02253   0.08411   0.07295   0.05957   0.03651   0.08252   0.04803   0.06804   0.20006   0.18627   2.20540   1.33461   0.95806   1.34817   0.69062  
  8 335.2760   1998.692455  x:  0.00000   0.00126   0.07702   0.02509   0.06830   0.07598   0.17091   0.07939   0.09429   0.05125   0.29320   0.00000   0.00689   0.02659   0.06665   0.07693   0.06382   0.04012   0.07449   0.06188   0.07379   0.22459   0.16678   2.26637   1.35982   0.93558   1.36475   0.71320  
  9 131.5798   1995.268233  x:  0.00000   0.00000   0.06386   0.04004   0.06610   0.08223   0.21352   0.06734   0.10327   0.05588   0.31008   0.00000   0.00125   0.01859   0.02809   0.08204   0.07219   0.04551   0.06449   0.06448   0.06012   0.23095   0.17847   2.37683   1.40184   0.90365   1.38702   0.71077  
 10 138.3784   1993.388428  x:  0.00000   0.00000   0.05591   0.03497   0.06009   0.07994   0.23193   0.06065   0.10007   0.04619   0.31170   0.00000   0.00357   0.02088   0.01180   0.08031   0.07237   0.03944   0.06438   0.05574   0.05156   0.22218   0.17703   2.45043   1.42752   0.88705   1.40163   0.71331  
 11 234.6389   1989.429740  x:  0.00000   0.00000   0.03268   0.01736   0.05078   0.07248   0.26461   0.04278   0.09443   0.02930   0.30948   0.00000   0.00263   0.01949   0.02748   0.07360   0.06486   0.03326   0.06562   0.05709   0.04664   0.21508   0.18202   2.62632   1.48635   0.85386   1.43182   0.69460  
 12 317.4798   1984.090810  x:  0.00000   0.00000   0.04411   0.03088   0.04385   0.04424   0.26687   0.05888   0.07334   0.02500   0.28722   0.00000   0.00384   0.02193   0.02846   0.04889   0.03426   0.04359   0.06947   0.06492   0.06964   0.21066   0.18563   2.89916   1.56622   0.82712   1.47585   0.67689  
 13 261.9136   1979.679503  x:  0.00000   0.00000   0.06112   0.01066   0.04326   0.04267   0.23244   0.07286   0.07896   0.06155   0.26486   0.00000   0.00411   0.02080   0.02979   0.04700   0.02785   0.04093   0.07340   0.06552   0.05698   0.20902   0.19256   3.14974   1.62661   0.83113   1.51222   0.66990  
 14 291.3578   1972.370254  x:  0.00000   0.00000   0.07464   0.03741   0.05353   0.06075   0.13789   0.07837   0.09779   0.07330   0.23428   0.00000   0.00852   0.02411   0.05151   0.06306   0.04998   0.02680   0.07833   0.05923   0.02909   0.21311   0.19516   3.61310   1.72760   0.86109   1.57759   0.67120  
 15 635.1155   1969.446141  x:  0.00000   0.00000   0.07094   0.03873   0.04149   0.07264   0.09922   0.07395   0.10084   0.08006   0.24230   0.00000   0.01030   0.02653   0.05795   0.07456   0.06452   0.05489   0.08002   0.04593   0.03845   0.20071   0.19729   3.80698   1.76056   0.89153   1.60206   0.67295  
 16 412.5540   1965.892068  x:  0.00000   0.04389   0.06745   0.04087   0.03194   0.08234   0.07058   0.07031   0.09991   0.08757   0.25516   0.00000   0.01134   0.02816   0.06189   0.08363   0.07445   0.06794   0.08116   0.03983   0.04903   0.18784   0.19957   3.96760   1.78409   0.92343   1.62115   0.67318  
 17 868.7694   1963.513944  x:  0.00000   0.04417   0.05613   0.04800   0.04637   0.08667   0.05922   0.05625   0.09391   0.10457   0.27310   0.00000   0.01195   0.03060   0.06440   0.08559   0.06862   0.05981   0.06613   0.04725   0.06427   0.15647   0.20539   4.11178   1.79223   0.97480   1.63643   0.68242  
 18 173.2184   1960.436946  x:  0.00000   0.03858   0.07131   0.04588   0.03254   0.09004   0.09562   0.04774   0.08820   0.09528   0.27246   0.00000   0.01150   0.02994   0.06455   0.08326   0.06245   0.05406   0.04048   0.04792   0.06301   0.17656   0.20612   4.32584   1.76925   1.10223   1.65304   0.68577  
 19 92.5838   1958.265964  x:  0.00000   0.03347   0.06405   0.04144   0.04887   0.08330   0.12747   0.05407   0.09413   0.08123   0.27995   0.00000   0.00977   0.02813   0.05532   0.07667   0.05233   0.05949   0.07206   0.05130   0.05357   0.19510   0.20892   4.50161   1.74171   1.21119   1.66544   0.68506  
 20 215.1657   1957.903979  x:  0.00000   0.02964   0.05751   0.04032   0.04169   0.07900   0.12801   0.06788   0.10062   0.07901   0.28685   0.00000   0.00915   0.02744   0.05352   0.07717   0.05878   0.05201   0.07509   0.05368   0.05887   0.19605   0.21001   4.53900   1.73405   1.22488   1.66811   0.68204  
 21 49.8312   1957.556864  x:  0.00000   0.02778   0.06014   0.03736   0.04769   0.06895   0.12484   0.07718   0.09402   0.07612   0.30125   0.00000   0.00896   0.02702   0.05501   0.07559   0.06778   0.05218   0.06900   0.05128   0.05223   0.19740   0.20885   4.56739   1.71243   1.22262   1.66785   0.67587  
 22 17.7444   1956.219131  x:  0.00000   0.01828   0.08558   0.03778   0.03777   0.07279   0.10764   0.06500   0.08353   0.07561   0.33291   0.00000   0.00843   0.02532   0.05417   0.07915   0.06883   0.04018   0.08569   0.05280   0.05387   0.20069   0.20731   4.68291   1.60536   1.18695   1.66279   0.67098  
 23 31.7734   1953.832734  x:  0.00000   0.02016   0.08976   0.03683   0.04436   0.08500   0.10136   0.07188   0.10991   0.06513   0.33152   0.00000   0.00899   0.02597   0.05709   0.07102   0.05050   0.04398   0.07280   0.04849   0.05357   0.19696   0.21097   4.81890   1.40436   1.10573   1.63462   0.69713  
 24 86.1361   1952.338047  x:  0.00000   0.02091   0.06753   0.03854   0.04594   0.08222   0.09910   0.07233   0.08749   0.07571   0.30584   0.00000   0.00869   0.02652   0.05454   0.07927   0.06314   0.04491   0.07273   0.05215   0.05853   0.20762   0.21417   4.90019   1.29522   1.06112   1.59996   0.72552  
 25 88.0119   1949.923939  x:  0.00000   0.02039   0.08083   0.03881   0.04808   0.04722   0.09306   0.05409   0.10638   0.07700   0.30381   0.00000   0.00902   0.02656   0.05495   0.07649   0.07982   0.04057   0.07632   0.04995   0.06661   0.21160   0.21591   5.00731   1.24029   1.02561   1.45650   0.77037  
 26 25.4336   1945.438328  x:  0.00000   0.01171   0.08950   0.03459   0.04988   0.07441   0.06952   0.07186   0.09472   0.06489   0.32427   0.00000   0.00839   0.02507   0.05388   0.06422   0.07496   0.03255   0.07776   0.04903   0.06543   0.22254   0.21893   5.23285   1.16872   0.96882   1.17192   0.84278  
 27 177.0802   1944.653853  x:  0.00000   0.01056   0.09025   0.03380   0.05036   0.06708   0.06368   0.07867   0.09333   0.05921   0.32758   0.00000   0.00840   0.02564   0.05348   0.09958   0.05597   0.03255   0.07480   0.04872   0.06295   0.22411   0.21999   5.26310   1.16972   0.96637   1.15258   0.85247  
 28 22.7451   1933.397606  x:  0.00000   0.00745   0.08845   0.03381   0.05051   0.06736   0.00754   0.08088   0.09023   0.05598   0.32764   0.00000   0.00931   0.02572   0.05547   0.09002   0.05234   0.03020   0.07331   0.05013   0.06104   0.23821   0.23305   5.41459   1.26912   1.00968   1.26022   0.92992  
 29 13.5796   1925.942033  x:  0.00000   0.00000   0.08122   0.03203   0.05004   0.06442   0.01307   0.08321   0.08767   0.04888   0.33848   0.00000   0.00871   0.02486   0.05173   0.08233   0.04677   0.02743   0.07402   0.05366   0.05766   0.25366   0.24766   5.50077   1.31059   1.03337   1.30274   0.96563  
 30  2.2706   1904.504185  x:  0.00000   0.00000   0.02793   0.02934   0.03730   0.04862   0.00222   0.07275   0.08635   0.02752   0.38347   0.00000   0.00649   0.02092   0.02986   0.03909   0.01616   0.03775   0.07509   0.07971   0.02620   0.31354   0.30235   5.94369   1.32125   1.03508   1.30519   1.00482  
 31  2.3937   1900.286838  x:  0.00000   0.00000   0.01005   0.02903   0.03406   0.04227   0.00918   0.06195   0.08781   0.02822   0.38711   0.00000   0.00627   0.02107   0.02334   0.02955   0.01931   0.04372   0.07254   0.08579   0.02375   0.32780   0.31667   6.04341   1.32978   1.02225   1.30126   1.00757  
 32  0.8117   1895.147241  x:  0.00000   0.00000   0.03763   0.02608   0.03205   0.03491   0.01498   0.03291   0.09309   0.02304   0.40635   0.00000   0.00565   0.02163   0.01451   0.02588   0.02374   0.04653   0.06853   0.09349   0.03082   0.36125   0.34521   6.24969   1.38045   0.99675   1.33724   1.04607  
 33  0.8242   1893.120265  x:  0.00000   0.00000   0.03114   0.02705   0.03325   0.03725   0.01470   0.02314   0.09275   0.02985   0.40235   0.00000   0.00676   0.02463   0.01424   0.04660   0.02149   0.04711   0.05878   0.09527   0.04114   0.37496   0.36462   6.36414   1.43883   0.99860   1.39392   1.06824  
 34  0.5441   1892.034273  x:  0.00000   0.00000   0.02685   0.02324   0.03378   0.04060   0.01397   0.03703   0.08973   0.02701   0.40863   0.00000   0.00558   0.02590   0.01331   0.04840   0.02861   0.04212   0.05074   0.09546   0.04555   0.38973   0.38268   6.51563   1.47659   1.01306   1.44351   1.09497  
 35  0.5082   1891.122091  x:  0.00000   0.00000   0.02162   0.02384   0.03091   0.05008   0.01329   0.03347   0.08738   0.03293   0.40717   0.00000   0.00513   0.02793   0.01629   0.03677   0.02295   0.04215   0.04575   0.09644   0.04452   0.40027   0.40765   6.74854   1.50386   1.03014   1.48419   1.09076  
 36  0.3405   1890.398346  x:  0.00000   0.00000   0.01850   0.02148   0.02704   0.04352   0.01390   0.03343   0.08464   0.02981   0.41488   0.00000   0.00255   0.02801   0.01447   0.04058   0.01963   0.04131   0.05082   0.09845   0.03485   0.41257   0.43109   7.04494   1.49408   1.04500   1.48456   1.07267  
 37  0.4391   1890.121504  x:  0.00000   0.00000   0.01674   0.02209   0.02993   0.03881   0.01338   0.03188   0.08565   0.03127   0.41245   0.00000   0.00174   0.02801   0.01665   0.03872   0.02570   0.04249   0.05166   0.09885   0.03348   0.41590   0.44131   7.19363   1.49375   1.04515   1.47630   1.05996  
 38  0.3316   1889.711870  x:  0.00000   0.00000   0.01839   0.02341   0.03419   0.03981   0.01433   0.03402   0.08956   0.02980   0.40517   0.00000   0.00000   0.02751   0.01764   0.03863   0.02274   0.04491   0.05228   0.09854   0.03425   0.41508   0.44949   7.38116   1.48123   1.03360   1.45448   1.04218  
 39  0.3111   1889.572262  x:  0.00000   0.00000   0.01856   0.02430   0.03147   0.04341   0.01431   0.03356   0.09093   0.03117   0.39547   0.00000   0.00000   0.02680   0.01577   0.03825   0.02417   0.04645   0.05366   0.09713   0.03786   0.40843   0.45049   7.47219   1.48155   1.02405   1.45050   1.03706  
 40  0.1045   1889.515976  x:  0.00000   0.00000   0.01920   0.02387   0.03117   0.04196   0.01446   0.03366   0.08985   0.03163   0.39227   0.00000   0.00000   0.02687   0.01644   0.03960   0.02294   0.04698   0.04979   0.09480   0.03816   0.40080   0.44973   7.52765   1.48819   1.02218   1.46207   1.03847  
 41  0.0549   1889.483737  x:  0.00000   0.00000   0.01899   0.02322   0.03227   0.04293   0.01441   0.03257   0.08827   0.03090   0.39556   0.00000   0.00000   0.02680   0.01596   0.03973   0.02301   0.04574   0.05114   0.09325   0.03800   0.39594   0.45155   7.63846   1.49050   1.02501   1.46905   1.04038  
 42  0.0970   1889.471628  x:  0.00000   0.00000   0.01903   0.02348   0.03142   0.04221   0.01433   0.03306   0.08909   0.03159   0.39900   0.00000   0.00000   0.02682   0.01623   0.03978   0.02327   0.04541   0.05177   0.09327   0.03752   0.39349   0.45189   7.69911   1.48937   1.02478   1.46590   1.03710  
 43  0.0578   1889.467131  x:  0.00000   0.00000   0.01871   0.02347   0.03131   0.04210   0.01414   0.03294   0.08975   0.03089   0.39999   0.00000   0.00000   0.02696   0.01616   0.03946   0.02338   0.04581   0.05124   0.09356   0.03760   0.39301   0.45094   7.72875   1.49259   1.02576   1.46591   1.04025  
 44  0.0281   1889.464275  x:  0.00000   0.00000   0.01887   0.02357   0.03168   0.04229   0.01403   0.03317   0.08919   0.03131   0.40069   0.00000   0.00000   0.02702   0.01596   0.03935   0.02333   0.04613   0.05116   0.09409   0.03749   0.39305   0.44945   7.75283   1.49349   1.02590   1.46556   1.04333  
 45  0.0194   1889.462884  x:  0.00000   0.00000   0.01897   0.02359   0.03155   0.04246   0.01396   0.03316   0.08915   0.03116   0.40030   0.00000   0.00000   0.02707   0.01631   0.03949   0.02329   0.04610   0.05136   0.09432   0.03766   0.39339   0.44844   7.77035   1.49235   1.02551   1.46634   1.04512  
 46  0.0145   1889.462336  x:  0.00000   0.00000   0.01891   0.02358   0.03157   0.04227   0.01393   0.03310   0.08930   0.03123   0.39978   0.00000   0.00000   0.02706   0.01617   0.03948   0.02320   0.04591   0.05138   0.09446   0.03775   0.39390   0.44840   7.78562   1.49146   1.02508   1.46640   1.04518  
 47  0.0159   1889.462157  x:  0.00000   0.00000   0.01896   0.02353   0.03151   0.04233   0.01392   0.03303   0.08932   0.03122   0.39955   0.00000   0.00000   0.02704   0.01614   0.03953   0.02327   0.04590   0.05131   0.09446   0.03758   0.39414   0.44828   7.79049   1.49160   1.02513   1.46639   1.04477  
 48  0.0060   1889.462060  x:  0.00000   0.00000   0.01893   0.02354   0.03153   0.04230   0.01390   0.03306   0.08922   0.03123   0.39944   0.00000   0.00000   0.02704   0.01618   0.03952   0.02326   0.04586   0.05133   0.09433   0.03758   0.39436   0.44807   7.79193   1.49276   1.02562   1.46672   1.04438  
 49  0.0011   1889.462024  x:  0.00000   0.00000   0.01894   0.02355   0.03153   0.04232   0.01390   0.03306   0.08928   0.03122   0.39963   0.00000   0.00000   0.02703   0.01617   0.03951   0.02326   0.04586   0.05131   0.09425   0.03760   0.39447   0.44788   7.79122   1.49244   1.02530   1.46669   1.04396  
 50  0.0006   1889.462019  x:  0.00000   0.00000   0.01894   0.02354   0.03153   0.04232   0.01390   0.03306   0.08928   0.03122   0.39963   0.00000   0.00000   0.02703   0.01616   0.03951   0.02325   0.04590   0.05133   0.09422   0.03761   0.39450   0.44789   7.79180   1.49237   1.02539   1.46671   1.04401  
 51  0.0004   1889.462019  x:  0.00000   0.00000   0.01894   0.02354   0.03153   0.04231   0.01390   0.03306   0.08927   0.03123   0.39964   0.00000   0.00000   0.02703   0.01616   0.03952   0.02326   0.04589   0.05132   0.09421   0.03760   0.39452   0.44790   7.79212   1.49232   1.02534   1.46663   1.04410  
 52  0.0002   1889.462018  x:  0.00000   0.00000   0.01894   0.02354   0.03153   0.04232   0.01390   0.03306   0.08928   0.03123   0.39964   0.00000   0.00000   0.02703   0.01616   0.03952   0.02326   0.04589   0.05132   0.09420   0.03760   0.39452   0.44790   7.79210   1.49234   1.02535   1.46664   1.04413  
 53  0.0000   1889.462018  x:  0.00000   0.00000   0.01894   0.02355   0.03153   0.04232   0.01391   0.03306   0.08928   0.03123   0.39964   0.00000   0.00000   0.02703   0.01616   0.03952   0.02326   0.04589   0.05132   0.09420   0.03760   0.39452   0.44790   7.79214   1.49234   1.02535   1.46664   1.04413  
 54  0.0000   1889.462018  x:  0.00000   0.00000   0.01894   0.02354   0.03153   0.04231   0.01391   0.03306   0.08928   0.03123   0.39964   0.00000   0.00000   0.02703   0.01616   0.03952   0.02326   0.04589   0.05132   0.09421   0.03760   0.39452   0.44789   7.79214   1.49234   1.02535   1.46664   1.04412  
 55  0.0000   1889.462018  x:  0.00000   0.00000   0.01894   0.02354   0.03153   0.04231   0.01391   0.03306   0.08928   0.03123   0.39964   0.00000   0.00000   0.02703   0.01616   0.03952   0.02326   0.04589   0.05132   0.09421   0.03760   0.39452   0.44789   7.79215   1.49234   1.02535   1.46664   1.04412  
 56  0.0000   1889.462018  x:  0.00000   0.00000   0.01894   0.02354   0.03153   0.04231   0.01391   0.03306   0.08928   0.03123   0.39964   0.00000   0.00000   0.02703   0.01616   0.03952   0.02326   0.04589   0.05132   0.09421   0.03760   0.39452   0.44789   7.79215   1.49234   1.02535   1.46664   1.04412  
 57  0.0000   1889.462018  x:  0.00000   0.00000   0.01894   0.02354   0.03153   0.04231   0.01391   0.03306   0.08928   0.03123   0.39964   0.00000   0.00000   0.02703   0.01616   0.03952   0.02326   0.04589   0.05132   0.09421   0.03760   0.39452   0.44789   7.79215   1.49234   1.02535   1.46664   1.04412  
 58  0.0000   1889.462018  x:  0.00000   0.00000   0.01894   0.02354   0.03153   0.04231   0.01391   0.03306   0.08928   0.03123   0.39964   0.00000   0.00000   0.02703   0.01616   0.03952   0.02326   0.04589   0.05132   0.09421   0.03760   0.39452   0.44789   7.79215   1.49234   1.02535   1.46664   1.04412  

TREE # 2

  0  0.0000   1920.927306  x:  0.20860   0.00000   0.20533   0.04058   0.04322   0.01559   0.09193   0.01735   0.06012   0.03634   0.03960   0.06762   0.01904   0.20508   0.03605   0.03187   0.02547   0.05831   0.04132   0.04037   0.06280   0.04833   0.04415   7.79215   1.38143   0.99575   1.33847   1.04412  
  1 99.0000   1920.926324  x:  0.20860   0.00000   0.20533   0.04058   0.04322   0.01559   0.09193   0.01735   0.06012   0.03634   0.03960   0.06762   0.01903   0.20508   0.03605   0.03187   0.02547   0.05831   0.04132   0.04037   0.06280   0.04833   0.04415   7.79215   1.38143   0.99575   1.33847   1.04412  
  2 418.0744   1914.319423  x:  0.21309   0.00000   0.20698   0.05494   0.04201   0.00346   0.09213   0.01672   0.05852   0.03714   0.03502   0.06346   0.00407   0.20723   0.05038   0.03036   0.02566   0.06229   0.03648   0.03889   0.05603   0.04692   0.03489   7.79211   1.38180   0.99543   1.33915   1.04409  
  3 734.2143   1913.289606  x:  0.21213   0.00000   0.20543   0.05611   0.04211   0.00348   0.09213   0.01680   0.05832   0.03718   0.03473   0.06290   0.00000   0.20576   0.05153   0.03034   0.02537   0.06151   0.03602   0.03897   0.05485   0.04705   0.03322   7.79210   1.38183   0.99539   1.33933   1.04405  
  4 306.2618   1904.554621  x:  0.17214   0.00000   0.14772   0.09578   0.04438   0.00374   0.09247   0.01389   0.05610   0.03671   0.03343   0.05376   0.00000   0.14743   0.10378   0.03021   0.03758   0.06910   0.03716   0.03551   0.03314   0.04999   0.00783   7.79148   1.38201   0.99486   1.34599   1.04260  
  5 446.9644   1902.951490  x:  0.16098   0.00000   0.12973   0.11463   0.04438   0.00368   0.09261   0.01742   0.05477   0.03762   0.02978   0.04920   0.00000   0.13038   0.11956   0.02847   0.03124   0.06574   0.03246   0.03518   0.02748   0.05021   0.01755   7.79122   1.38188   0.99507   1.34860   1.04201  
  6 259.1083   1902.623619  x:  0.15842   0.00000   0.12535   0.12087   0.04406   0.00371   0.09276   0.01627   0.05467   0.03790   0.02921   0.05010   0.00000   0.12692   0.12226   0.02773   0.02574   0.06567   0.03045   0.03602   0.03603   0.04860   0.01571   7.79102   1.38140   0.99579   1.35020   1.04162  
  7 64.8747   1902.560095  x:  0.15814   0.00000   0.12424   0.12469   0.04412   0.00367   0.09295   0.01760   0.05534   0.03781   0.03003   0.05314   0.00000   0.12772   0.12024   0.02932   0.02739   0.06505   0.03005   0.03692   0.03593   0.04630   0.01542   7.79047   1.37983   0.99822   1.35415   1.04057  
  8 11.0214   1902.464635  x:  0.15791   0.00000   0.12338   0.12736   0.04466   0.00379   0.09327   0.01390   0.05532   0.03751   0.02955   0.05493   0.00000   0.12880   0.11798   0.02819   0.02706   0.06536   0.03080   0.03666   0.03435   0.04575   0.01567   7.78923   1.37649   1.00363   1.36282   1.03827  
  9 18.6792   1902.077894  x:  0.15763   0.00000   0.12253   0.13034   0.04592   0.00382   0.09389   0.01830   0.05568   0.03754   0.02743   0.05500   0.00000   0.13160   0.11474   0.02331   0.02463   0.06977   0.03404   0.03387   0.03321   0.04899   0.01407   7.78332   1.36129   1.02899   1.40348   1.02734  
 10 55.6707   1901.396250  x:  0.15962   0.00000   0.12518   0.12924   0.04524   0.00427   0.09428   0.01701   0.05367   0.03828   0.02660   0.04873   0.00000   0.13398   0.11907   0.03250   0.02633   0.06916   0.03106   0.03428   0.03585   0.05324   0.01500   7.77213   1.33514   1.07535   1.47836   1.00706  
 11 143.6588   1901.138417  x:  0.16187   0.00000   0.12830   0.12572   0.04298   0.00448   0.09355   0.01686   0.05405   0.03770   0.03117   0.04970   0.00000   0.13238   0.12486   0.02749   0.02714   0.06585   0.02930   0.03700   0.03585   0.04814   0.01558   7.76775   1.32924   1.09089   1.50407   0.99986  
 12 73.5093   1900.998758  x:  0.16400   0.00000   0.13022   0.12301   0.04296   0.00460   0.09251   0.01719   0.05540   0.03767   0.02667   0.05269   0.00000   0.12957   0.12664   0.02908   0.02529   0.06607   0.03029   0.03530   0.03503   0.04326   0.01559   7.76483   1.33459   1.09576   1.51362   0.99666  
 13 17.7865   1899.588394  x:  0.18579   0.00000   0.14193   0.12608   0.04591   0.00574   0.08684   0.01724   0.05457   0.04060   0.02445   0.06454   0.00000   0.11948   0.12390   0.02657   0.02921   0.06946   0.02442   0.03640   0.03817   0.05563   0.01760   7.72988   1.44259   1.12698   1.59023   0.96717  
 14 27.6254   1897.766872  x:  0.19725   0.00000   0.14683   0.13078   0.03986   0.00727   0.08978   0.01807   0.05194   0.03422   0.03563   0.05432   0.00000   0.13372   0.12357   0.03160   0.02306   0.07356   0.03983   0.03528   0.03979   0.04908   0.01989   7.68312   1.58914   1.16581   1.68584   0.93097  
 15 198.2941   1896.962859  x:  0.19067   0.00000   0.14518   0.12795   0.04006   0.00799   0.09403   0.01774   0.05436   0.03891   0.02972   0.04693   0.00000   0.14816   0.12284   0.02641   0.03013   0.07555   0.03339   0.03353   0.04352   0.04104   0.02150   7.66330   1.64879   1.18206   1.72253   0.91876  
 16 155.8155   1896.718140  x:  0.18286   0.00000   0.14644   0.12508   0.04019   0.00820   0.09496   0.01798   0.05556   0.03625   0.02968   0.05178   0.00000   0.15586   0.12631   0.02735   0.02717   0.07923   0.02798   0.03569   0.04169   0.04247   0.02179   7.65697   1.66401   1.18738   1.73028   0.91869  
 17 46.1341   1896.557588  x:  0.17632   0.00000   0.15208   0.12658   0.03966   0.00839   0.09279   0.01808   0.05344   0.04019   0.02856   0.05524   0.00000   0.15933   0.12955   0.02722   0.02751   0.07590   0.03162   0.03506   0.04243   0.04453   0.02181   7.65199   1.66742   1.19204   1.72826   0.92675  
 18 14.8010   1896.102603  x:  0.17064   0.00000   0.16350   0.13137   0.04181   0.00872   0.08837   0.01827   0.05277   0.03160   0.02802   0.05226   0.00000   0.15823   0.12829   0.02614   0.02977   0.07541   0.03030   0.03106   0.04409   0.04320   0.02202   7.63724   1.66528   1.20613   1.71135   0.96088  
 19 24.9173   1895.093763  x:  0.17205   0.00000   0.17598   0.13666   0.04084   0.00968   0.08855   0.01756   0.05737   0.04017   0.03146   0.04561   0.00000   0.15521   0.12431   0.02758   0.02591   0.08701   0.02796   0.03864   0.04113   0.03839   0.02219   7.60182   1.65384   1.23841   1.66603   1.04615  
 20 104.5170   1893.871740  x:  0.19403   0.00000   0.16475   0.13529   0.03341   0.01087   0.10292   0.01802   0.05729   0.03817   0.02846   0.05310   0.00000   0.16536   0.13198   0.02658   0.02789   0.08512   0.02885   0.03412   0.04362   0.04248   0.02342   7.55890   1.63377   1.27141   1.60814   1.14838  
 21 114.7787   1893.704703  x:  0.19838   0.00000   0.16145   0.13449   0.04153   0.01095   0.10098   0.01835   0.05576   0.03828   0.02894   0.05378   0.00000   0.16874   0.13467   0.02657   0.02773   0.08478   0.03000   0.03530   0.04425   0.04172   0.02389   7.55268   1.62909   1.27258   1.59991   1.16129  
 22 51.7419   1893.510887  x:  0.20188   0.00000   0.15652   0.13363   0.03880   0.01127   0.08805   0.01822   0.05413   0.03868   0.02877   0.05381   0.00000   0.17307   0.13485   0.02643   0.02774   0.08639   0.02913   0.03510   0.04427   0.04119   0.02415   7.54557   1.61790   1.26133   1.59135   1.16901  
 23 18.9228   1891.908843  x:  0.21159   0.00000   0.16931   0.13967   0.03893   0.01297   0.08813   0.01688   0.07112   0.03706   0.02654   0.05295   0.00000   0.18190   0.13750   0.02532   0.02820   0.08804   0.03178   0.03730   0.04668   0.04409   0.02609   7.48306   1.48688   1.08787   1.52164   1.19193  
 24 27.0427   1891.488609  x:  0.21314   0.00000   0.17332   0.13986   0.03919   0.01344   0.09206   0.01770   0.05966   0.03975   0.02980   0.05481   0.00000   0.18211   0.13604   0.02563   0.02705   0.09194   0.02789   0.03142   0.04615   0.04087   0.02643   7.46664   1.45195   1.04342   1.50134   1.19466  
 25 124.5453   1891.399648  x:  0.21336   0.00000   0.17421   0.13994   0.03832   0.01354   0.09329   0.01829   0.05455   0.03840   0.02733   0.05492   0.00000   0.18193   0.13551   0.02500   0.02778   0.09330   0.02848   0.03513   0.04632   0.04008   0.02662   7.46298   1.44409   1.03507   1.49519   1.19302  
 26 44.8784   1890.390568  x:  0.21729   0.00000   0.18186   0.14712   0.03854   0.01461   0.09225   0.01775   0.05653   0.03890   0.02701   0.05465   0.00000   0.18480   0.13910   0.02458   0.02762   0.09584   0.02773   0.03472   0.04585   0.04056   0.02641   7.41898   1.34927   1.01551   1.34325   1.06747  
 27 13.3520   1886.951595  x:  0.23162   0.00000   0.18349   0.17991   0.03784   0.01714   0.09536   0.01681   0.04927   0.03961   0.02061   0.04255   0.00000   0.18854   0.17409   0.02513   0.02431   0.09114   0.01915   0.03261   0.03094   0.04174   0.01616   6.85992   1.47536   1.09525   1.47730   0.98567  
 28  0.5705   1886.427903  x:  0.23794   0.00000   0.18151   0.19067   0.03705   0.01934   0.09500   0.01650   0.05249   0.03904   0.02483   0.04520   0.00000   0.18729   0.18787   0.02546   0.02736   0.09135   0.02705   0.03285   0.02958   0.04227   0.01290   7.04453   1.46500   1.08255   1.47808   1.01898  
 29  0.2177   1886.258602  x:  0.24444   0.00000   0.18288   0.19608   0.03702   0.02142   0.09438   0.01666   0.05223   0.03937   0.02301   0.04702   0.00000   0.19087   0.19196   0.02455   0.02806   0.09017   0.02376   0.03303   0.03301   0.04251   0.01382   7.28779   1.44499   1.06953   1.46044   1.04016  
 30  0.1984   1886.164615  x:  0.24515   0.00000   0.18215   0.20026   0.03630   0.02423   0.09416   0.01678   0.05011   0.03969   0.02380   0.04555   0.00000   0.18803   0.19445   0.02551   0.02639   0.08985   0.02280   0.03312   0.03071   0.04245   0.01362   7.34638   1.44905   1.07959   1.45802   1.01601  
 31  0.0297   1886.081136  x:  0.24198   0.00000   0.18027   0.19927   0.03586   0.02758   0.09443   0.01659   0.05229   0.03974   0.02226   0.04508   0.00000   0.18451   0.19212   0.02530   0.02634   0.08901   0.02447   0.03326   0.03159   0.04227   0.01472   7.25854   1.46106   1.08359   1.47115   1.02627  
 32  0.0413   1886.056819  x:  0.24060   0.00000   0.18006   0.19793   0.03585   0.02904   0.09411   0.01654   0.05129   0.03983   0.02375   0.04636   0.00000   0.18441   0.19046   0.02485   0.02683   0.08940   0.02355   0.03309   0.03181   0.04248   0.01432   7.22488   1.45710   1.08104   1.47152   1.03049  
 33  0.0295   1886.049790  x:  0.24074   0.00000   0.18088   0.19675   0.03579   0.02979   0.09403   0.01653   0.05110   0.03975   0.02314   0.04621   0.00000   0.18616   0.18946   0.02516   0.02688   0.08934   0.02373   0.03311   0.03171   0.04252   0.01381   7.23357   1.45180   1.07789   1.46701   1.02545  
 34  0.0090   1886.048595  x:  0.24112   0.00000   0.18148   0.19589   0.03581   0.02990   0.09416   0.01650   0.05126   0.03975   0.02334   0.04599   0.00000   0.18712   0.18899   0.02507   0.02680   0.08932   0.02380   0.03314   0.03166   0.04244   0.01397   7.24393   1.45388   1.07962   1.46810   1.02686  
 35  0.0092   1886.048516  x:  0.24121   0.00000   0.18151   0.19570   0.03580   0.02987   0.09418   0.01649   0.05126   0.03976   0.02329   0.04606   0.00000   0.18715   0.18905   0.02506   0.02687   0.08936   0.02378   0.03311   0.03163   0.04246   0.01392   7.24510   1.45471   1.07998   1.46879   1.02734  
 36  0.0014   1886.048503  x:  0.24128   0.00000   0.18153   0.19560   0.03580   0.02986   0.09416   0.01649   0.05126   0.03976   0.02331   0.04605   0.00000   0.18710   0.18910   0.02507   0.02686   0.08935   0.02379   0.03312   0.03165   0.04247   0.01392   7.24492   1.45462   1.07981   1.46874   1.02704  
 37  0.0003   1886.048501  x:  0.24130   0.00000   0.18153   0.19559   0.03580   0.02987   0.09416   0.01649   0.05126   0.03976   0.02330   0.04605   0.00000   0.18708   0.18912   0.02507   0.02686   0.08934   0.02378   0.03312   0.03164   0.04247   0.01393   7.24463   1.45457   1.07983   1.46870   1.02712  
 38  0.0003   1886.048501  x:  0.24129   0.00000   0.18153   0.19559   0.03580   0.02987   0.09416   0.01649   0.05126   0.03976   0.02330   0.04605   0.00000   0.18708   0.18912   0.02507   0.02686   0.08934   0.02378   0.03312   0.03164   0.04247   0.01393   7.24464   1.45457   1.07984   1.46869   1.02711  
 39  0.0000   1886.048501  x:  0.24129   0.00000   0.18153   0.19559   0.03580   0.02987   0.09416   0.01649   0.05126   0.03976   0.02330   0.04605   0.00000   0.18708   0.18912   0.02507   0.02686   0.08934   0.02378   0.03312   0.03164   0.04247   0.01393   7.24464   1.45457   1.07984   1.46869   1.02711  
 40  0.0000   1886.048501  x:  0.24129   0.00000   0.18153   0.19559   0.03580   0.02987   0.09416   0.01649   0.05126   0.03976   0.02330   0.04605   0.00000   0.18708   0.18912   0.02507   0.02686   0.08934   0.02378   0.03312   0.03164   0.04247   0.01393   7.24465   1.45457   1.07984   1.46869   1.02711  
 41  0.0000   1886.048501  x:  0.24129   0.00000   0.18153   0.19559   0.03580   0.02987   0.09416   0.01649   0.05126   0.03976   0.02330   0.04605   0.00000   0.18708   0.18912   0.02507   0.02686   0.08934   0.02378   0.03312   0.03164   0.04247   0.01393   7.24464   1.45457   1.07984   1.46869   1.02711  