

TREE # 1

  0  0.0000   2134.073969  x:  0.07263   0.00127   0.13448   0.01088   0.07319   0.06397   0.06747   0.05170   0.09031   0.06601   0.07262   0.14011   0.00000   0.10672   0.01519   0.07453   0.04131   0.03245   0.04497   0.04721   0.11821   0.04039   0.11700   0.09125   2.00000   1.64466   1.13295   1.44130   0.40000  
  1 99.0000   2134.071478  x:  0.07263   0.00128   0.13448   0.01088   0.07319   0.06397   0.06747   0.05170   0.09031   0.06601   0.07262   0.14011   0.00000   0.10673   0.01519   0.07453   0.04131   0.03245   0.04497   0.04721   0.11821   0.04039   0.11700   0.09125   2.00000   1.64466   1.13295   1.44130   0.40000  
  2 525.4655   2119.022165  x:  0.08099   0.00000   0.14972   0.01144   0.07369   0.05214   0.07332   0.04854   0.08935   0.07049   0.06589   0.14442   0.00000   0.13404   0.01148   0.06869   0.02643   0.02901   0.03131   0.04100   0.12096   0.03012   0.12359   0.09961   2.00484   1.64390   1.13263   1.44208   0.41608  
  3 700.9706   2119.022165  x:  0.08099   0.00000   0.14972   0.01144   0.07369   0.05214   0.07332   0.04854   0.08935   0.07049   0.06589   0.14442   0.00000   0.13404   0.01148   0.06869   0.02643   0.02901   0.03131   0.04100   0.12096   0.03012   0.12359   0.09961   2.00484   1.64390   1.13263   1.44208   0.41608  
  4 184.8317   2113.174700  x:  0.08688   0.06536   0.16320   0.01079   0.07411   0.04206   0.07731   0.04626   0.08874   0.07335   0.06017   0.14941   0.00000   0.15251   0.01197   0.06413   0.01492   0.02784   0.02069   0.03719   0.12321   0.02296   0.12868   0.10550   2.00964   1.64320   1.13230   1.44280   0.43065  
  5 564.4911   2104.869160  x:  0.09594   0.05763   0.18514   0.01003   0.07510   0.02403   0.08393   0.04269   0.08796   0.07779   0.04962   0.15565   0.00000   0.18422   0.01293   0.05599   0.00320   0.02774   0.00671   0.03301   0.12731   0.01403   0.13823   0.11456   2.02034   1.64155   1.13194   1.44429   0.46051  
  6 245.5024   2100.419679  x:  0.10395   0.05359   0.20518   0.00954   0.07605   0.01012   0.08967   0.03983   0.08740   0.08152   0.04055   0.16135   0.00000   0.21271   0.01391   0.04906   0.01464   0.02814   0.00489   0.03066   0.13096   0.00912   0.14670   0.12257   2.03069   1.63997   1.13161   1.44572   0.48850  
  7 969.2032   2095.048916  x:  0.11734   0.04787   0.24101   0.00954   0.07816   0.01141   0.09902   0.03650   0.08712   0.08710   0.02746   0.17130   0.00000   0.26270   0.01614   0.03868   0.01335   0.02955   0.02968   0.02936   0.13716   0.01529   0.16110   0.13596   2.05113   1.63682   1.13110   1.44847   0.54104  
  8 727.0922   2091.144863  x:  0.12443   0.04412   0.26859   0.01311   0.08008   0.04167   0.10272   0.03940   0.08831   0.08757   0.03643   0.17777   0.00000   0.29929   0.01242   0.04437   0.02059   0.02795   0.01917   0.03362   0.14072   0.01977   0.16949   0.14305   2.07375   1.63330   1.13121   1.45103   0.58992  
  9 332.0173   2088.325219  x:  0.11617   0.04408   0.27810   0.00279   0.07809   0.03156   0.09217   0.04616   0.08927   0.07666   0.05411   0.17545   0.00000   0.30751   0.01133   0.06451   0.01893   0.02974   0.02212   0.04109   0.13767   0.02626   0.16307   0.13479   2.10783   1.62792   1.13338   1.45354   0.63800  
 10 117.3683   2087.160132  x:  0.10995   0.04428   0.28139   0.01450   0.07719   0.02552   0.08542   0.04848   0.08980   0.07126   0.06174   0.17301   0.00000   0.30858   0.01047   0.07231   0.01775   0.02973   0.02478   0.04250   0.13530   0.02715   0.15769   0.12857   2.13106   1.62434   1.13497   1.45511   0.66726  
 11 335.6118   2083.059357  x:  0.08915   0.04525   0.27556   0.01211   0.07653   0.03289   0.07088   0.04311   0.08984   0.06700   0.05187   0.16118   0.00000   0.29042   0.01089   0.06555   0.01831   0.02261   0.02722   0.02728   0.12719   0.01219   0.13633   0.10777   2.21597   1.61177   1.14131   1.45998   0.75435  
 12 176.4853   2080.618651  x:  0.08093   0.04708   0.26447   0.01272   0.07763   0.03392   0.07181   0.04015   0.08904   0.07109   0.03950   0.15281   0.00000   0.26796   0.02008   0.05444   0.01949   0.02736   0.01800   0.02922   0.12314   0.02905   0.12397   0.09955   2.28956   1.60150   1.14649   1.46389   0.81887  
 13 312.1263   2077.793501  x:  0.08633   0.04860   0.24741   0.01249   0.07965   0.03293   0.08394   0.04291   0.08816   0.07803   0.03658   0.14820   0.00000   0.23904   0.00608   0.04570   0.01860   0.03266   0.01749   0.04328   0.12314   0.02716   0.12198   0.10495   2.36913   1.59131   1.15156   1.46775   0.87540  
 14 274.3587   2075.763289  x:  0.09828   0.04945   0.22881   0.01283   0.08118   0.03298   0.09610   0.04576   0.08779   0.08336   0.04279   0.14793   0.00000   0.21105   0.02001   0.04539   0.01777   0.03169   0.01990   0.04832   0.12644   0.01736   0.12845   0.11690   2.44937   1.58190   1.15614   1.47133   0.92210  
 15 361.2715   2073.991868  x:  0.10909   0.04970   0.21288   0.01280   0.07978   0.03059   0.09770   0.04107   0.08842   0.08333   0.04534   0.15473   0.00000   0.19457   0.01458   0.05334   0.01809   0.02487   0.01951   0.02975   0.13186   0.02556   0.14282   0.12771   2.52305   1.57505   1.15933   1.47380   0.94549  
 16 170.6777   2071.419767  x:  0.10989   0.05006   0.19373   0.01380   0.07219   0.03454   0.07608   0.03622   0.09209   0.07353   0.03455   0.17648   0.00000   0.19820   0.01501   0.05683   0.01828   0.04504   0.01793   0.03330   0.13980   0.02171   0.16791   0.12851   2.67981   1.56585   1.16292   1.47630   0.94261  
 17 107.0665   2066.299050  x:  0.09799   0.04960   0.18127   0.01247   0.07319   0.03190   0.06672   0.04981   0.09301   0.07124   0.04085   0.20252   0.00000   0.22059   0.01520   0.03694   0.01821   0.02031   0.01736   0.04545   0.14336   0.02633   0.18791   0.11661   2.98129   1.55160   1.16754   1.47968   0.91009  
 18 283.5725   2057.777222  x:  0.07532   0.04770   0.19840   0.01102   0.09300   0.03049   0.10845   0.05343   0.08451   0.09288   0.05669   0.21794   0.00000   0.26387   0.01372   0.04834   0.01826   0.03970   0.02151   0.02725   0.13358   0.02326   0.17974   0.09394   3.58435   1.52783   1.17273   1.48513   0.82427  
 19 549.7564   2051.804369  x:  0.09322   0.04598   0.23469   0.01194   0.08854   0.03191   0.11036   0.02849   0.08461   0.08968   0.04176   0.19709   0.00000   0.28127   0.01402   0.07270   0.01823   0.02331   0.02219   0.04137   0.12337   0.02275   0.14601   0.11184   3.97430   1.51753   1.17129   1.48753   0.76168  
 20 511.9444   2049.424131  x:  0.11014   0.04527   0.26017   0.01166   0.07920   0.03287   0.10062   0.04955   0.08971   0.08012   0.03912   0.17372   0.00000   0.28405   0.01366   0.06748   0.01876   0.02882   0.02135   0.03216   0.12361   0.02417   0.12819   0.12876   4.14678   1.51672   1.16687   1.48792   0.73292  
 21 372.9309   2048.839317  x:  0.11215   0.04529   0.27174   0.01049   0.07966   0.03234   0.09468   0.04153   0.08987   0.07798   0.04970   0.16053   0.00000   0.28086   0.01322   0.05753   0.01873   0.03312   0.02135   0.03083   0.12893   0.02507   0.13175   0.13077   4.18731   1.52087   1.16141   1.48739   0.72649  
 22 89.7641   2048.539141  x:  0.10816   0.04545   0.28357   0.01061   0.08162   0.03240   0.09337   0.04420   0.08927   0.08015   0.04559   0.14997   0.00000   0.27360   0.01320   0.06075   0.01864   0.03149   0.02118   0.03233   0.13540   0.02481   0.14393   0.12678   4.20910   1.53103   1.15041   1.48604   0.72417  
 23 33.7729   2048.263467  x:  0.10667   0.04505   0.29497   0.01044   0.07838   0.03245   0.09600   0.04375   0.08906   0.07527   0.04551   0.16114   0.00000   0.26286   0.01333   0.05872   0.01855   0.03159   0.02083   0.03240   0.13076   0.02475   0.14510   0.12529   4.23089   1.55949   1.12157   1.48195   0.72559  
 24 17.1327   2048.133735  x:  0.10797   0.04496   0.29171   0.01024   0.08198   0.03201   0.09107   0.04428   0.08999   0.08241   0.04641   0.16262   0.00000   0.26406   0.01316   0.05956   0.01845   0.03180   0.02102   0.03228   0.13142   0.02475   0.14147   0.12659   4.24198   1.57804   1.10431   1.47898   0.72752  
 25 20.4870   2048.032983  x:  0.10820   0.04511   0.28233   0.01044   0.08088   0.03221   0.09414   0.04388   0.08790   0.07877   0.04611   0.15678   0.00000   0.27036   0.01315   0.05995   0.01850   0.03155   0.02105   0.03202   0.13337   0.02473   0.13995   0.12682   4.25104   1.59463   1.09120   1.47595   0.72975  
 26 17.3066   2048.007091  x:  0.10813   0.04512   0.28103   0.01041   0.07876   0.03215   0.09469   0.04357   0.09118   0.07990   0.04645   0.15489   0.00000   0.27141   0.01316   0.05992   0.01850   0.03155   0.02110   0.03197   0.12969   0.02472   0.14165   0.12675   4.25401   1.59891   1.09228   1.47490   0.73056  
 27  3.6954   2047.699728  x:  0.11031   0.04442   0.28029   0.01039   0.08554   0.03225   0.09186   0.04467   0.08333   0.07803   0.04586   0.15370   0.00000   0.27106   0.01306   0.05943   0.01842   0.03193   0.02085   0.03204   0.12035   0.02475   0.14566   0.12893   4.29287   1.64590   1.13205   1.46370   0.74059  
 28  5.4587   2047.246522  x:  0.10912   0.04321   0.28130   0.01029   0.08027   0.03185   0.09499   0.04362   0.09075   0.07946   0.04624   0.15815   0.00000   0.26903   0.01276   0.05970   0.01814   0.03132   0.02084   0.03262   0.13509   0.02447   0.14073   0.12774   4.35192   1.71220   1.18986   1.45347   0.75544  
 29 54.8105   2045.453157  x:  0.11031   0.03845   0.27629   0.00987   0.05882   0.03114   0.09192   0.04389   0.07234   0.09136   0.04887   0.15810   0.00000   0.26731   0.01159   0.05877   0.01712   0.03092   0.02022   0.03392   0.13572   0.02352   0.14194   0.12893   4.57644   1.81953   1.26431   1.62694   0.80176  
 30 11.1240   2043.160535  x:  0.11383   0.03212   0.26774   0.00898   0.08334   0.02899   0.09416   0.04311   0.09290   0.07656   0.04539   0.15788   0.00000   0.26412   0.01023   0.05645   0.01566   0.03047   0.01843   0.03567   0.13604   0.02225   0.14317   0.13245   4.88909   1.96245   1.36158   1.87009   0.86572  
 31 342.5380   2035.770292  x:  0.12146   0.01135   0.25705   0.00705   0.07943   0.02396   0.09242   0.04249   0.08991   0.07931   0.04518   0.16495   0.00000   0.24999   0.00626   0.05212   0.01157   0.02771   0.01540   0.04014   0.13668   0.01894   0.15535   0.14008   5.79592   1.52406   1.09068   1.47491   1.05769  
 32  6.7798   2034.452279  x:  0.11651   0.00342   0.25829   0.00814   0.07991   0.02436   0.09117   0.04234   0.09036   0.07933   0.04277   0.17023   0.00000   0.26432   0.01123   0.05246   0.01107   0.02792   0.01312   0.03849   0.13653   0.01947   0.15579   0.13512   6.24087   1.59945   1.13603   1.52532   1.06416  
 33  0.5533   2033.506322  x:  0.10613   0.01154   0.25972   0.00985   0.08010   0.02502   0.08891   0.04256   0.09024   0.07887   0.04186   0.17272   0.00000   0.27570   0.01492   0.05475   0.01159   0.02896   0.01286   0.03545   0.13498   0.02089   0.15338   0.12474   6.67573   1.65118   1.16226   1.54570   1.02072  
 34  0.5177   2032.739248  x:  0.10426   0.00898   0.26325   0.00985   0.08038   0.02358   0.08848   0.04253   0.08961   0.07844   0.04540   0.17298   0.00000   0.27630   0.01120   0.05368   0.01082   0.02915   0.01541   0.03321   0.13453   0.01906   0.15297   0.12287   7.58039   1.56081   1.10753   1.49181   1.01983  
 35  0.4610   2032.581416  x:  0.10828   0.00861   0.26063   0.00940   0.08074   0.02535   0.08964   0.04289   0.08997   0.07863   0.04378   0.17179   0.00000   0.27173   0.00935   0.05280   0.01162   0.02911   0.01380   0.03502   0.13541   0.02035   0.15384   0.12689   7.82298   1.60208   1.13416   1.53591   1.01986  
 36  0.2032   2032.557834  x:  0.10937   0.00899   0.25882   0.00925   0.08028   0.02537   0.09003   0.04312   0.09002   0.07913   0.04371   0.17179   0.00000   0.26932   0.01050   0.05378   0.01180   0.02908   0.01420   0.03614   0.13565   0.02041   0.15426   0.12798   7.90450   1.59599   1.12990   1.52407   1.01867  
 37  0.0680   2032.555794  x:  0.10931   0.00899   0.25891   0.00915   0.08029   0.02530   0.08997   0.04289   0.09002   0.07910   0.04391   0.17183   0.00000   0.26845   0.01044   0.05366   0.01185   0.02897   0.01447   0.03561   0.13569   0.02054   0.15439   0.12792   7.93746   1.59667   1.13019   1.52578   1.01665  
 38  0.0278   2032.555662  x:  0.10920   0.00898   0.25860   0.00916   0.08031   0.02537   0.08994   0.04290   0.09000   0.07903   0.04390   0.17189   0.00000   0.26835   0.01043   0.05364   0.01189   0.02905   0.01444   0.03562   0.13566   0.02055   0.15442   0.12781   7.93648   1.59571   1.12965   1.52542   1.01583  
 39  0.0012   2032.555632  x:  0.10917   0.00897   0.25859   0.00917   0.08031   0.02536   0.08992   0.04292   0.09001   0.07905   0.04392   0.17187   0.00000   0.26823   0.01042   0.05367   0.01189   0.02903   0.01446   0.03564   0.13565   0.02054   0.15439   0.12778   7.93237   1.59611   1.12990   1.52561   1.01537  
 40  0.0030   2032.555629  x:  0.10919   0.00896   0.25860   0.00917   0.08030   0.02536   0.08993   0.04292   0.09001   0.07905   0.04391   0.17186   0.00000   0.26821   0.01043   0.05365   0.01189   0.02902   0.01445   0.03563   0.13566   0.02055   0.15439   0.12780   7.93132   1.59602   1.12983   1.52549   1.01527  
 41  0.0009   2032.555629  x:  0.10920   0.00896   0.25859   0.00917   0.08030   0.02536   0.08993   0.04291   0.09001   0.07905   0.04391   0.17186   0.00000   0.26822   0.01043   0.05366   0.01189   0.02902   0.01446   0.03564   0.13566   0.02054   0.15439   0.12781   7.93133   1.59602   1.12983   1.52553   1.01523  
 42  0.0000   2032.555629  x:  0.10920   0.00896   0.25860   0.00917   0.08030   0.02536   0.08993   0.04291   0.09001   0.07905   0.04391   0.17186   0.00000   0.26822   0.01043   0.05366   0.01189   0.02902   0.01445   0.03564   0.13566   0.02054   0.15439   0.12781   7.93146   1.59602   1.12983   1.52552   1.01521  
 43  0.0001   2032.555629  x:  0.10920   0.00896   0.25859   0.00917   0.08030   0.02536   0.08993   0.04291   0.09001   0.07905   0.04391   0.17186   0.00000   0.26822   0.01043   0.05366   0.01189   0.02902   0.01445   0.03564   0.13566   0.02054   0.15439   0.12781   7.93146   1.59602   1.12983   1.52552   1.01521  
 44  0.0000   2032.555629  x:  0.10920   0.00896   0.25859   0.00917   0.08030   0.02536   0.08993   0.04291   0.09001   0.07905   0.04391   0.17186   0.00000   0.26822   0.01043   0.05366   0.01189   0.02902   0.01445   0.03564   0.13566   0.02054   0.15439   0.12781   7.93146   1.59602   1.12983   1.52552   1.01521  
 45  0.0000   2032.555629  x:  0.10920   0.00896   0.25859   0.00917   0.08030   0.02536   0.08993   0.04291   0.09001   0.07905   0.04391   0.17186   0.00000   0.26822   0.01043   0.05366   0.01189   0.02902   0.01445   0.03564   0.13566   0.02054   0.15439   0.12781   7.93145   1.59602   1.12983   1.52552   1.01521  
 46  0.0000   2032.555629  x:  0.10920   0.00896   0.25859   0.00917   0.08030   0.02536   0.08993   0.04291   0.09001   0.07905   0.04391   0.17186   0.00000   0.26822   0.01043   0.05366   0.01189   0.02902   0.01445   0.03564   0.13566   0.02054   0.15439   0.12781   7.93145   1.59602   1.12983   1.52552   1.01521  