

TREE # 1

  0  0.0000   2155.558570  x:  0.08506   0.00196   0.08330   0.01640   0.04634   0.05184   0.05033   0.04337   0.09066   0.06337   0.06014   0.21653   0.00000   0.08413   0.02580   0.03268   0.05402   0.04756   0.03872   0.08856   0.12640   0.07928   0.18104   0.10368   2.00000   1.52748   0.97606   1.28318   0.40000  
  1 99.0000   2146.389564  x:  0.08785   0.03798   0.10156   0.01643   0.04233   0.04458   0.05476   0.03591   0.08934   0.06360   0.05602   0.21932   0.06141   0.10188   0.04772   0.02809   0.04593   0.05312   0.02594   0.09682   0.12736   0.07344   0.18391   0.10647   2.00522   1.52671   0.97696   1.28388   0.41514  
  2 683.9702   2135.297939  x:  0.09185   0.02960   0.12509   0.01779   0.03614   0.03189   0.06158   0.02301   0.08656   0.06435   0.04689   0.22321   0.05374   0.12534   0.06410   0.02028   0.03064   0.06134   0.00207   0.11123   0.12886   0.06053   0.18799   0.11047   2.01681   1.52485   0.97920   1.28534   0.44609  
  3 279.5418   2129.839139  x:  0.09633   0.02122   0.15111   0.01908   0.03097   0.02077   0.06812   0.01369   0.08349   0.06510   0.03727   0.22775   0.04686   0.15110   0.08068   0.01722   0.01711   0.07097   0.01932   0.12630   0.13078   0.04610   0.19251   0.11495   2.03178   1.52243   0.98219   1.28727   0.48368  
  4 566.2411   2124.908287  x:  0.10122   0.01387   0.18026   0.01972   0.03462   0.03372   0.07137   0.04269   0.08057   0.06543   0.03272   0.23362   0.04116   0.18000   0.09403   0.02334   0.02979   0.07482   0.02341   0.14250   0.13286   0.03256   0.19738   0.11984   2.05742   1.51827   0.98758   1.29043   0.53884  
  5 303.3450   2119.560930  x:  0.10193   0.01765   0.19798   0.01674   0.05110   0.04474   0.05655   0.02618   0.08270   0.06218   0.06069   0.24021   0.03687   0.19829   0.08115   0.02491   0.04168   0.05367   0.02526   0.14443   0.13159   0.06000   0.19849   0.12055   2.11799   1.50850   1.00196   1.29655   0.63221  
  6 148.3740   2113.697706  x:  0.09481   0.02791   0.18315   0.00847   0.03560   0.03357   0.05362   0.03786   0.08705   0.06133   0.05110   0.24206   0.04119   0.18289   0.04154   0.01722   0.03135   0.04838   0.02408   0.12333   0.12751   0.06044   0.19415   0.11343   2.21463   1.49403   1.02462   1.30541   0.73755  
  7 158.4877   2110.887233  x:  0.08926   0.03182   0.16170   0.03551   0.03158   0.03080   0.05708   0.03650   0.08884   0.06254   0.04435   0.24108   0.04411   0.16119   0.03605   0.02759   0.02929   0.05459   0.02165   0.10742   0.12586   0.05862   0.19054   0.10788   2.29368   1.48315   1.04176   1.31269   0.80829  
  8 338.6544   2106.902636  x:  0.08499   0.03181   0.12542   0.02542   0.03773   0.03543   0.06235   0.02847   0.08888   0.06446   0.03449   0.23655   0.04533   0.12594   0.06179   0.03117   0.03329   0.06469   0.01997   0.09313   0.12564   0.05435   0.18584   0.10361   2.39794   1.47001   1.06267   1.32233   0.88165  
  9 324.8833   2104.718536  x:  0.09335   0.02693   0.10815   0.02559   0.03459   0.03131   0.06393   0.03247   0.08270   0.06429   0.05749   0.22788   0.05028   0.10956   0.06366   0.02601   0.02967   0.06839   0.02034   0.11706   0.12952   0.04406   0.18644   0.11197   2.49318   1.46272   1.07517   1.33136   0.89465  
 10 102.0812   2096.854520  x:  0.11062   0.01514   0.10711   0.02633   0.03467   0.04511   0.06058   0.02224   0.07736   0.06761   0.02296   0.20028   0.05955   0.11416   0.05025   0.03149   0.03259   0.05996   0.02024   0.15687   0.13993   0.05905   0.19478   0.12924   2.87188   1.44303   1.11294   1.36609   0.86329  
 11 159.7199   2080.122976  x:  0.10027   0.02402   0.16478   0.02634   0.04857   0.02187   0.06831   0.04879   0.09980   0.06652   0.04717   0.17296   0.03901   0.15970   0.07672   0.02662   0.01955   0.06277   0.02186   0.12060   0.14181   0.07260   0.20773   0.11889   3.85899   1.40368   1.19831   1.45324   0.74500  
 12 578.3576   2075.990710  x:  0.09324   0.02848   0.17899   0.02486   0.03176   0.03728   0.06631   0.03136   0.09579   0.06162   0.05698   0.19337   0.03458   0.17086   0.07248   0.01992   0.04013   0.06911   0.02242   0.10911   0.13580   0.04689   0.20595   0.11186   4.09286   1.40311   1.20948   1.47130   0.71564  
 13 503.6082   2074.324091  x:  0.09038   0.02795   0.18006   0.01996   0.04275   0.03539   0.05972   0.02890   0.08487   0.06173   0.05726   0.22540   0.03555   0.17303   0.06848   0.03464   0.03431   0.06514   0.02075   0.11001   0.12919   0.03373   0.19963   0.10900   4.19068   1.41560   1.20102   1.47487   0.70466  
 14 172.6210   2072.588320  x:  0.09003   0.02136   0.17646   0.02328   0.03800   0.03452   0.06023   0.03599   0.07406   0.06253   0.05467   0.27467   0.03777   0.17297   0.07480   0.02585   0.03079   0.06492   0.02202   0.11497   0.12019   0.05002   0.18906   0.10865   4.29808   1.44554   1.17477   1.47339   0.69649  
 15 149.2468   2071.431558  x:  0.09564   0.01643   0.17427   0.02347   0.04212   0.02929   0.06881   0.03509   0.09996   0.06463   0.05376   0.29378   0.04090   0.17100   0.07276   0.02292   0.03650   0.06211   0.02229   0.11635   0.12779   0.04875   0.18825   0.11426   4.37361   1.48719   1.13449   1.46440   0.69640  
 16 79.5411   2070.435717  x:  0.09641   0.01670   0.17540   0.02146   0.03605   0.04040   0.06430   0.03523   0.10435   0.06266   0.05689   0.28926   0.04038   0.16929   0.07363   0.02722   0.02557   0.06456   0.02180   0.11220   0.13550   0.04914   0.19360   0.11503   4.43695   1.53322   1.08923   1.45094   0.69970  
 17 93.6595   2069.285590  x:  0.09304   0.01997   0.17780   0.02106   0.03680   0.03108   0.05696   0.03486   0.08983   0.06193   0.05610   0.27161   0.03833   0.16768   0.07317   0.02623   0.03454   0.06743   0.02162   0.10860   0.13763   0.04861   0.20092   0.11166   4.51112   1.59196   1.03187   1.43121   0.70518  
 18 146.7382   2069.095702  x:  0.09120   0.02131   0.17812   0.02181   0.04045   0.03363   0.06402   0.03424   0.08628   0.06324   0.05614   0.26636   0.03784   0.16806   0.07175   0.02319   0.03345   0.06475   0.02205   0.10891   0.13242   0.04704   0.19990   0.10982   4.52398   1.60265   1.02261   1.42603   0.70625  
 19 49.4364   2069.035983  x:  0.09058   0.02159   0.17786   0.02100   0.03801   0.03305   0.06554   0.03404   0.08735   0.06324   0.05656   0.26374   0.03748   0.16892   0.07256   0.02582   0.03399   0.06303   0.02200   0.11038   0.12703   0.04726   0.19694   0.10920   4.52821   1.60634   1.02103   1.42234   0.70664  
 20 17.4917   2068.996269  x:  0.09083   0.02151   0.17735   0.02166   0.03890   0.03348   0.06262   0.03421   0.08924   0.06304   0.05614   0.26189   0.03749   0.17004   0.07290   0.02453   0.03359   0.06395   0.02210   0.11109   0.12312   0.04642   0.19319   0.10945   4.53131   1.60900   1.02178   1.41749   0.70689  
 21 11.9121   2068.896318  x:  0.09286   0.02063   0.17652   0.02106   0.03913   0.03340   0.06425   0.03394   0.08721   0.06260   0.05690   0.26070   0.03785   0.17351   0.07216   0.02528   0.03400   0.06581   0.02193   0.10916   0.12751   0.04673   0.18467   0.11148   4.54033   1.61567   1.03073   1.39643   0.70750  
 22  7.8972   2068.785957  x:  0.09064   0.02063   0.17696   0.02210   0.03801   0.03338   0.06272   0.03433   0.08767   0.06463   0.05633   0.26221   0.03741   0.17247   0.07414   0.02392   0.03374   0.06082   0.02225   0.11073   0.13017   0.04544   0.18843   0.10926   4.55074   1.62143   1.04153   1.37261   0.70828  
 23 15.8556   2068.696299  x:  0.09014   0.02127   0.17827   0.02112   0.03915   0.03350   0.06403   0.03409   0.08870   0.06271   0.05640   0.26437   0.03695   0.17045   0.07273   0.02488   0.03391   0.06519   0.02203   0.11264   0.12766   0.04706   0.19619   0.10876   4.55953   1.62445   1.04888   1.35524   0.70913  
 24 21.3309   2068.610258  x:  0.09579   0.02057   0.17907   0.02116   0.03859   0.03336   0.06394   0.03397   0.08735   0.06466   0.05665   0.26519   0.03701   0.16930   0.07314   0.02498   0.03395   0.06394   0.02194   0.10865   0.12377   0.04647   0.20064   0.11441   4.56833   1.62213   1.04918   1.34829   0.71069  
 25  6.2791   2066.262062  x:  0.09803   0.00741   0.17767   0.02109   0.03877   0.03191   0.06470   0.03256   0.08543   0.03916   0.05376   0.26622   0.03898   0.16917   0.07653   0.02167   0.03235   0.05512   0.02094   0.10892   0.12422   0.04299   0.20158   0.11665   4.78537   1.51677   0.98794   1.27974   0.75524  
 26 11.1295   2061.911586  x:  0.09612   0.00000   0.17648   0.01521   0.03684   0.03264   0.06327   0.02780   0.08514   0.05829   0.05387   0.26916   0.03367   0.17048   0.07550   0.02116   0.03107   0.06257   0.01823   0.11879   0.12849   0.04355   0.19803   0.11473   5.16080   1.33519   0.88147   1.16519   0.83245  
 27 627.0744   2061.233468  x:  0.10043   0.01843   0.17492   0.01545   0.03642   0.03264   0.06341   0.02744   0.08524   0.05714   0.05083   0.27168   0.01990   0.16912   0.07716   0.02026   0.03052   0.06195   0.01792   0.12528   0.13165   0.04323   0.19520   0.11904   5.24339   1.29955   0.86085   1.14371   0.84939  
 28 217.7208   2057.000850  x:  0.10120   0.02560   0.11500   0.01042   0.03416   0.03092   0.06332   0.02207   0.07878   0.06046   0.04956   0.26383   0.00000   0.22633   0.07971   0.01673   0.02862   0.06474   0.01414   0.13338   0.13005   0.03871   0.22320   0.11981   5.76500   1.47146   1.00932   1.33626   0.96742  
 29 16.3836   2053.467700  x:  0.10434   0.02053   0.16128   0.00593   0.03393   0.03120   0.06245   0.01629   0.07304   0.06215   0.04449   0.25455   0.00000   0.18033   0.08056   0.01464   0.02798   0.06633   0.01099   0.14455   0.13213   0.03873   0.20513   0.12295   6.14652   1.60894   1.12723   1.48637   1.05429  
 30 185.0761   2050.150883  x:  0.10455   0.00645   0.18169   0.02824   0.03875   0.02984   0.06089   0.02506   0.08021   0.06508   0.03882   0.24726   0.00000   0.16542   0.07603   0.02009   0.02473   0.06404   0.00867   0.14641   0.13459   0.04470   0.20042   0.12316   6.81813   1.65035   1.16960   1.53578   1.11849  
 31  0.7472   2050.147300  x:  0.10455   0.00642   0.18174   0.02829   0.03876   0.02984   0.06088   0.02508   0.08023   0.06508   0.03881   0.24724   0.00090   0.16539   0.07602   0.02011   0.02472   0.06404   0.00867   0.14641   0.13460   0.04471   0.20041   0.12316   6.81972   1.65044   1.16969   1.53589   1.11863  
 32 16.2347   2047.606994  x:  0.09517   0.00000   0.17523   0.02090   0.03910   0.03129   0.06639   0.02738   0.09180   0.06488   0.04373   0.24638   0.00041   0.18272   0.06105   0.02824   0.02862   0.06611   0.00893   0.12423   0.13166   0.05496   0.21315   0.11376   7.78964   1.55130   1.08161   1.42115   1.11630  
 33  0.6424   2046.686209  x:  0.09783   0.00289   0.17521   0.01906   0.03736   0.03166   0.06540   0.02753   0.08866   0.06455   0.04304   0.25008   0.00000   0.18098   0.06008   0.02531   0.02907   0.06524   0.00939   0.12548   0.13248   0.05356   0.21222   0.11641   8.22314   1.54853   1.07407   1.41500   1.11742  
 34  0.6101   2046.686209  x:  0.09783   0.00289   0.17521   0.01906   0.03736   0.03166   0.06540   0.02753   0.08866   0.06455   0.04304   0.25008   0.00000   0.18098   0.06008   0.02531   0.02907   0.06524   0.00939   0.12548   0.13248   0.05356   0.21222   0.11641   8.22314   1.54853   1.07407   1.41500   1.11742  
 35  1.2194   2046.522718  x:  0.09859   0.00749   0.17489   0.01568   0.03711   0.03140   0.06438   0.02498   0.08692   0.06445   0.04278   0.25010   0.00010   0.17955   0.06160   0.02280   0.02820   0.06522   0.01126   0.12672   0.13260   0.05117   0.21155   0.11718   8.22339   1.54848   1.07433   1.41519   1.11665  
 36 40.2228   2046.517656  x:  0.09864   0.00749   0.17484   0.01569   0.03711   0.03140   0.06434   0.02497   0.08682   0.06445   0.04279   0.25008   0.00000   0.17945   0.06168   0.02272   0.02818   0.06520   0.01119   0.12681   0.13261   0.05107   0.21150   0.11722   8.22341   1.54847   1.07434   1.41521   1.11660  
 37 23.8368   2046.486837  x:  0.09960   0.00744   0.17367   0.01665   0.03709   0.03149   0.06373   0.02569   0.08508   0.06448   0.04300   0.24963   0.00000   0.17725   0.06309   0.02320   0.02846   0.06491   0.01292   0.12866   0.13288   0.04970   0.21049   0.11818   8.22395   1.54835   1.07483   1.41564   1.11504  
 38 22.9805   2046.470928  x:  0.10029   0.00794   0.17241   0.01572   0.03699   0.03152   0.06414   0.02601   0.08477   0.06457   0.04241   0.24905   0.00000   0.17530   0.06320   0.02457   0.02871   0.06463   0.01236   0.13012   0.13307   0.05060   0.20956   0.11888   8.22479   1.54817   1.07558   1.41631   1.11265  
 39  9.9295   2046.454760  x:  0.10076   0.00858   0.17086   0.01672   0.03706   0.03144   0.06483   0.02516   0.08540   0.06465   0.04239   0.24824   0.00000   0.17311   0.06225   0.02411   0.02826   0.06485   0.01246   0.13112   0.13313   0.05219   0.20850   0.11934   8.22629   1.54790   1.07685   1.41747   1.10850  
 40 11.9175   2046.439415  x:  0.10062   0.00800   0.16958   0.01588   0.03708   0.03151   0.06492   0.02607   0.08638   0.06461   0.04269   0.24739   0.00000   0.17168   0.06129   0.02292   0.02833   0.06525   0.01293   0.13096   0.13309   0.05235   0.20780   0.11921   8.22838   1.54757   1.07848   1.41907   1.10288  
 41 12.7703   2046.395755  x:  0.09918   0.00901   0.16799   0.01635   0.03702   0.03146   0.06376   0.02585   0.08825   0.06443   0.04388   0.24563   0.00000   0.17053   0.06087   0.02441   0.02949   0.06535   0.01223   0.12848   0.13305   0.05029   0.20720   0.11776   8.23577   1.54673   1.08381   1.42463   1.08350  
 42 19.0496   2046.351461  x:  0.09859   0.00777   0.16828   0.01639   0.03705   0.03150   0.06384   0.02545   0.08712   0.06456   0.04211   0.24479   0.00000   0.17195   0.06292   0.02482   0.02730   0.06509   0.01245   0.12665   0.13303   0.05081   0.20775   0.11717   8.24411   1.54620   1.08912   1.43069   1.06259  
 43 31.1508   2046.324737  x:  0.09913   0.00825   0.16982   0.01687   0.03723   0.03158   0.06465   0.02635   0.08558   0.06467   0.04186   0.24517   0.00000   0.17400   0.06349   0.02373   0.02893   0.06506   0.01216   0.12700   0.13300   0.05185   0.20864   0.11772   8.24978   1.54626   1.09208   1.43457   1.04935  
 44 32.8608   2046.311187  x:  0.10002   0.00725   0.17123   0.01637   0.03720   0.03148   0.06486   0.02549   0.08525   0.06458   0.04300   0.24608   0.00000   0.17532   0.06243   0.02404   0.02906   0.06517   0.01232   0.12858   0.13310   0.05157   0.20927   0.11861   8.25324   1.54681   1.09314   1.43658   1.04258  
 45 16.7586   2046.306750  x:  0.10031   0.00754   0.17191   0.01652   0.03715   0.03155   0.06462   0.02607   0.08567   0.06456   0.04302   0.24680   0.00000   0.17563   0.06193   0.02415   0.02832   0.06517   0.01219   0.12938   0.13314   0.05124   0.20947   0.11889   8.25479   1.54739   1.09316   1.43723   1.04039  
 46  9.3338   2046.302293  x:  0.10027   0.00726   0.17247   0.01660   0.03716   0.03153   0.06408   0.02584   0.08671   0.06458   0.04209   0.24809   0.00000   0.17535   0.06215   0.02397   0.02870   0.06507   0.01232   0.13012   0.13316   0.05106   0.20949   0.11885   8.25735   1.54889   1.09243   1.43782   1.03835  
 47  4.9980   2046.293596  x:  0.09967   0.00726   0.17292   0.01631   0.03732   0.03147   0.06453   0.02587   0.08705   0.06454   0.04323   0.25065   0.00000   0.17412   0.06326   0.02387   0.02853   0.06488   0.01237   0.13008   0.13310   0.05156   0.20917   0.11825   8.26421   1.55338   1.08988   1.43879   1.03481  
 48  6.2015   2046.283303  x:  0.09947   0.00731   0.17261   0.01631   0.03671   0.03160   0.06484   0.02574   0.08548   0.06460   0.04264   0.25211   0.00000   0.17318   0.06192   0.02394   0.02860   0.06519   0.01237   0.12895   0.13300   0.05120   0.20884   0.11805   8.27364   1.55941   1.08656   1.43974   1.03121  
 49 10.4132   2046.274926  x:  0.10014   0.00748   0.17187   0.01620   0.03818   0.03128   0.06397   0.02573   0.08533   0.06467   0.04263   0.25086   0.00000   0.17369   0.06175   0.02395   0.02856   0.06520   0.01235   0.12844   0.13301   0.05137   0.20891   0.11872   8.28275   1.56454   1.08419   1.44037   1.02902  
 50  9.2302   2046.264141  x:  0.10084   0.00765   0.17105   0.01621   0.03681   0.03164   0.06374   0.02569   0.08609   0.06449   0.04293   0.24811   0.00000   0.17484   0.06247   0.02374   0.02858   0.06503   0.01236   0.12858   0.13305   0.05144   0.20916   0.11942   8.29529   1.57086   1.08180   1.44111   1.02687  
 51 17.6750   2046.256666  x:  0.10009   0.00766   0.17127   0.01629   0.03719   0.03115   0.06528   0.02572   0.08633   0.06465   0.04261   0.24625   0.00000   0.17520   0.06258   0.02371   0.02855   0.06498   0.01240   0.12969   0.13303   0.05058   0.20925   0.11867   8.30531   1.57438   1.08158   1.44159   1.02635  
 52  9.5642   2046.244473  x:  0.09872   0.00751   0.17241   0.01627   0.03758   0.03272   0.06460   0.02563   0.08571   0.06465   0.04273   0.24472   0.00000   0.17496   0.06223   0.02373   0.02856   0.06495   0.01237   0.13100   0.13291   0.05105   0.20911   0.11730   8.32342   1.57868   1.08335   1.44244   1.02682  
 53 12.6422   2046.220862  x:  0.09760   0.00708   0.17426   0.01636   0.03680   0.03073   0.06288   0.02598   0.08486   0.06446   0.04304   0.24352   0.00000   0.17421   0.06181   0.02375   0.02856   0.06493   0.01222   0.13185   0.13275   0.05219   0.20874   0.11618   8.35859   1.58572   1.08788   1.44419   1.02847  
 54 40.4684   2046.074331  x:  0.10155   0.00458   0.18004   0.01733   0.03737   0.03173   0.06493   0.02656   0.08640   0.06439   0.04285   0.24514   0.00000   0.17027   0.06251   0.02445   0.02888   0.06502   0.01106   0.12749   0.13285   0.05143   0.20682   0.12012   8.58641   1.62541   1.12044   1.45686   1.04178  
 55 65.9800   2045.967055  x:  0.10034   0.00483   0.16931   0.01743   0.03721   0.03170   0.06437   0.02648   0.08553   0.06582   0.04313   0.25188   0.00000   0.17555   0.06296   0.02391   0.02875   0.06557   0.01068   0.13059   0.13413   0.05092   0.20847   0.11891   8.75354   1.64721   1.14144   1.47015   1.05178  
 56 65.3014   2045.912963  x:  0.10043   0.00586   0.16877   0.01697   0.03757   0.03165   0.06442   0.02596   0.08489   0.06088   0.04276   0.25180   0.00000   0.17490   0.06284   0.02300   0.02852   0.06275   0.01122   0.13098   0.13297   0.05028   0.20994   0.11900   8.83791   1.65128   1.14691   1.48067   1.05649  
 57 38.7674   2045.794597  x:  0.10135   0.00838   0.17181   0.01536   0.03714   0.03149   0.06344   0.02451   0.08389   0.06520   0.04288   0.24916   0.00000   0.17156   0.06438   0.02150   0.02797   0.06473   0.01168   0.13115   0.13111   0.04872   0.21202   0.11990   9.03062   1.65576   1.15500   1.50681   1.06706  
 58 115.3523   2045.739152  x:  0.10114   0.00826   0.17318   0.01546   0.03726   0.03147   0.06342   0.02451   0.08375   0.06353   0.04267   0.24861   0.00000   0.17314   0.06475   0.02140   0.02798   0.06688   0.01131   0.13090   0.13765   0.04870   0.20582   0.11969   9.12207   1.65173   1.15067   1.51831   1.07201  
 59 31.9104   2045.685339  x:  0.10102   0.00739   0.17312   0.01586   0.03707   0.03149   0.06347   0.02484   0.08384   0.06600   0.04292   0.24861   0.00000   0.17427   0.06367   0.02124   0.02806   0.06188   0.01139   0.13057   0.13674   0.04885   0.20205   0.11957   9.21363   1.64486   1.14283   1.52766   1.07660  
 60 55.3669   2045.615917  x:  0.10105   0.00607   0.17186   0.01668   0.03723   0.03152   0.06356   0.02547   0.08387   0.06443   0.04282   0.24886   0.00000   0.17387   0.06412   0.02229   0.02818   0.06486   0.01042   0.13116   0.13029   0.04913   0.20285   0.11959   9.32818   1.63443   1.13109   1.53618   1.08162  
 61 79.3789   2045.572272  x:  0.10097   0.00541   0.17109   0.01700   0.03724   0.03154   0.06356   0.02576   0.08377   0.06467   0.04298   0.24864   0.00000   0.17047   0.06382   0.02225   0.02827   0.06428   0.01000   0.13101   0.13453   0.04948   0.21096   0.11951   9.40279   1.62565   1.12317   1.53339   1.08259  
 62 29.5070   2045.262131  x:  0.10183   0.00599   0.17198   0.01650   0.03724   0.03157   0.06310   0.02512   0.08293   0.06475   0.04325   0.24994   0.00000   0.17112   0.06519   0.02111   0.02808   0.06425   0.00988   0.13255   0.13393   0.04774   0.20698   0.12036   9.92992   1.55130   1.07758   1.43524   1.06628  
 63 23.8057   2045.220529  x:  0.10149   0.00594   0.17192   0.01646   0.03723   0.03150   0.06344   0.02530   0.08394   0.06459   0.04326   0.25000   0.00000   0.17192   0.06468   0.02193   0.02820   0.06467   0.01091   0.13200   0.13355   0.04881   0.20804   0.12002  10.23178   1.57192   1.09137   1.44782   1.06529  
 64  0.2367   2045.219086  x:  0.10145   0.00601   0.17218   0.01644   0.03722   0.03152   0.06348   0.02532   0.08390   0.06459   0.04321   0.24996   0.00000   0.17212   0.06451   0.02190   0.02823   0.06462   0.01057   0.13181   0.13362   0.04882   0.20799   0.11998  10.28464   1.57021   1.08965   1.44774   1.06643  
 65  0.0508   2045.219069  x:  0.10146   0.00599   0.17217   0.01644   0.03723   0.03152   0.06347   0.02532   0.08387   0.06459   0.04321   0.24997   0.00000   0.17208   0.06452   0.02187   0.02823   0.06462   0.01060   0.13184   0.13364   0.04878   0.20799   0.11999  10.28860   1.56984   1.08941   1.44752   1.06653  
 66  0.0043   2045.219068  x:  0.10146   0.00599   0.17216   0.01644   0.03723   0.03152   0.06347   0.02532   0.08387   0.06459   0.04321   0.24998   0.00000   0.17207   0.06453   0.02188   0.02823   0.06461   0.01060   0.13184   0.13364   0.04878   0.20799   0.11999  10.28897   1.56987   1.08944   1.44752   1.06653  
 67  0.0004   2045.219068  x:  0.10146   0.00599   0.17216   0.01644   0.03723   0.03152   0.06347   0.02532   0.08387   0.06459   0.04321   0.24998   0.00000   0.17207   0.06453   0.02187   0.02823   0.06461   0.01060   0.13184   0.13364   0.04878   0.20799   0.12000  10.28898   1.56987   1.08944   1.44753   1.06653  