

TREE # 1

  0  0.0000   2166.445323  x:  0.07031   0.00608   0.08888   0.02980   0.07651   0.07475   0.05199   0.05468   0.08728   0.05823   0.06695   0.10401   0.00000   0.06115   0.01244   0.06956   0.06172   0.05234   0.06406   0.05543   0.10200   0.06179   0.13201   0.08893   2.00000   1.88488   1.30331   1.60104   0.40000  
  1 99.0000   2166.443590  x:  0.07031   0.00608   0.08888   0.02980   0.07651   0.07475   0.05199   0.05467   0.08728   0.05823   0.06695   0.10401   0.00000   0.06115   0.01244   0.06956   0.06172   0.05235   0.06406   0.05543   0.10200   0.06179   0.13201   0.08893   2.00000   1.88488   1.30331   1.60104   0.40000  
  2 490.5792   2161.280998  x:  0.07531   0.00429   0.09468   0.03040   0.07316   0.07134   0.05559   0.04898   0.08499   0.06246   0.06642   0.10696   0.00000   0.06757   0.00239   0.06385   0.06184   0.05675   0.05667   0.05131   0.10199   0.06093   0.13877   0.09393   2.00320   1.88509   1.30286   1.60173   0.40674  
  3 613.3806   2156.517847  x:  0.07932   0.00000   0.10055   0.02911   0.06818   0.06643   0.05689   0.04051   0.08194   0.06440   0.06534   0.11023   0.00000   0.06182   0.00343   0.05530   0.06179   0.05336   0.04531   0.04579   0.10227   0.05888   0.14638   0.09793   2.00858   1.88541   1.30224   1.60283   0.41711  
  4 411.1828   2149.494670  x:  0.08854   0.00599   0.11462   0.02582   0.05593   0.05439   0.05951   0.01975   0.07454   0.06849   0.06264   0.11838   0.00000   0.04657   0.00490   0.03416   0.06162   0.04428   0.01722   0.03243   0.10298   0.05381   0.16465   0.10715   2.02215   1.88620   1.30066   1.60562   0.44293  
  5 3358.5548   2145.995887  x:  0.08040   0.00616   0.10948   0.02566   0.04454   0.04514   0.04855   0.02584   0.07061   0.05529   0.05817   0.12552   0.00000   0.05211   0.00514   0.01475   0.06135   0.04565   0.02141   0.03659   0.10515   0.05105   0.17581   0.09899   2.05420   1.88818   1.29685   1.61234   0.48882  
  6 115.9364   2141.115122  x:  0.06700   0.00660   0.09725   0.03037   0.03787   0.04199   0.05082   0.02980   0.06776   0.05564   0.05395   0.13634   0.00000   0.04920   0.00466   0.04837   0.06150   0.04977   0.02168   0.04286   0.11220   0.04665   0.19344   0.08553   2.14626   1.89379   1.28649   1.63136   0.60358  
  7 210.8602   2136.993271  x:  0.07454   0.00715   0.09013   0.02159   0.06350   0.06269   0.05533   0.03066   0.07582   0.06578   0.06075   0.13203   0.00000   0.05154   0.00454   0.04425   0.06079   0.03785   0.03202   0.04228   0.11124   0.05952   0.18493   0.09302   2.24004   1.89948   1.27773   1.64971   0.68905  
  8 222.7906   2135.121826  x:  0.07867   0.00704   0.09039   0.02908   0.07300   0.06916   0.05404   0.02897   0.08049   0.06360   0.06529   0.12390   0.00000   0.04302   0.00472   0.03976   0.06071   0.05231   0.03099   0.04094   0.10811   0.06230   0.16961   0.09710   2.29316   1.90271   1.27404   1.65934   0.72025  
  9 244.8754   2132.509905  x:  0.08000   0.00636   0.09560   0.03394   0.07412   0.06776   0.05168   0.02435   0.08287   0.05225   0.06876   0.10847   0.00000   0.05396   0.00455   0.04265   0.06090   0.04801   0.01722   0.03838   0.10107   0.05701   0.13879   0.09838   2.37883   1.90796   1.27025   1.67356   0.74340  
 10 199.4547   2128.880757  x:  0.07906   0.00669   0.11383   0.02204   0.05895   0.05330   0.06117   0.02568   0.07599   0.06378   0.06658   0.09257   0.00000   0.05281   0.00482   0.04191   0.06175   0.04866   0.03204   0.03482   0.09260   0.04700   0.11191   0.09733   2.53209   1.91748   1.26660   1.69726   0.74985  
 11 208.9127   2115.103532  x:  0.07318   0.00655   0.14009   0.05965   0.03836   0.04360   0.04643   0.03942   0.07290   0.09674   0.05326   0.08448   0.00000   0.05210   0.00437   0.03834   0.06121   0.03108   0.03009   0.05325   0.08755   0.08527   0.13494   0.09092   3.25021   1.96269   1.25704   1.80459   0.68687  
 12 331.9017   2096.742913  x:  0.06561   0.00549   0.13178   0.01405   0.04245   0.05699   0.04924   0.03198   0.07293   0.07552   0.04404   0.10990   0.00000   0.05254   0.00411   0.04068   0.05989   0.05376   0.01225   0.05288   0.09708   0.09229   0.17357   0.08277   4.03048   2.01225   1.25036   1.91917   0.60270  
 13 1333.7071   2089.906145  x:  0.07472   0.00583   0.11407   0.02598   0.04895   0.05590   0.06427   0.01581   0.07172   0.05164   0.05599   0.13282   0.00000   0.05348   0.00445   0.04115   0.06025   0.04956   0.03340   0.03584   0.10679   0.06719   0.19497   0.09160   4.37586   2.03476   1.25023   1.96812   0.56365  
 14 1083.1482   2088.438377  x:  0.08092   0.00604   0.10077   0.02753   0.05261   0.05265   0.06231   0.02910   0.07068   0.05794   0.06229   0.13957   0.00000   0.05290   0.00478   0.03904   0.06091   0.04892   0.02870   0.03200   0.11032   0.04860   0.19758   0.09774   4.44942   2.04013   1.25310   1.97668   0.55532  
 15 279.7952   2088.204991  x:  0.08223   0.00600   0.09438   0.02694   0.05253   0.05006   0.05890   0.02403   0.07048   0.06225   0.06316   0.14118   0.00000   0.05345   0.00478   0.03851   0.06131   0.04945   0.02880   0.03634   0.11159   0.04606   0.19596   0.09903   4.46062   2.04155   1.25682   1.97584   0.55434  
 16 52.1660   2087.991952  x:  0.08423   0.00596   0.08844   0.02691   0.05008   0.04569   0.06192   0.02497   0.07050   0.06236   0.06199   0.14516   0.00000   0.05311   0.00468   0.03842   0.06158   0.04952   0.02794   0.03503   0.11450   0.05218   0.19167   0.10098   4.47116   2.04530   1.27245   1.96710   0.55532  
 17 19.7830   2086.940079  x:  0.08625   0.00587   0.09959   0.02899   0.04877   0.05395   0.05753   0.02637   0.07304   0.06325   0.05700   0.16244   0.00000   0.05396   0.00473   0.03955   0.06152   0.04931   0.02958   0.03722   0.12248   0.05006   0.18376   0.10269   4.52419   2.06962   1.37382   1.90752   0.56450  
 18 48.4565   2086.302757  x:  0.08011   0.00604   0.09927   0.02897   0.05521   0.05047   0.06250   0.02545   0.07207   0.06414   0.06753   0.15145   0.00000   0.05536   0.00488   0.03754   0.06232   0.05035   0.02794   0.03709   0.11620   0.04932   0.19236   0.09634   4.55517   2.08553   1.43516   1.87064   0.57009  
 19 77.7300   2086.102123  x:  0.08422   0.00634   0.09683   0.02745   0.05374   0.05082   0.05959   0.02581   0.07150   0.06171   0.06471   0.14165   0.00000   0.05553   0.00493   0.03995   0.06237   0.05084   0.02959   0.03560   0.11281   0.04896   0.19829   0.10036   4.56396   2.09105   1.45159   1.86060   0.57202  
 20 40.2810   2085.992831  x:  0.08424   0.00640   0.09487   0.02868   0.05230   0.05369   0.06418   0.02568   0.07251   0.06186   0.06036   0.13829   0.00000   0.05555   0.00499   0.03806   0.06216   0.05064   0.02866   0.03803   0.11357   0.04683   0.19918   0.10030   4.56688   2.09518   1.45351   1.85933   0.57268  
 21  7.6213   2084.209621  x:  0.08017   0.00649   0.09434   0.03083   0.04864   0.05866   0.06129   0.02104   0.07640   0.07130   0.05715   0.12625   0.00000   0.06102   0.00512   0.03476   0.06168   0.05347   0.02849   0.02170   0.13492   0.04671   0.20104   0.09484   4.60102   2.16162   1.44573   1.86321   0.58144  
 22 11.6463   2077.909285  x:  0.10015   0.00730   0.12258   0.02764   0.04833   0.04634   0.07008   0.02400   0.07579   0.07147   0.07670   0.10247   0.00000   0.07049   0.00595   0.03412   0.06357   0.06042   0.02598   0.04119   0.19172   0.05305   0.21410   0.10910   4.73937   2.43173   1.40840   1.88491   0.61944  
 23 234.5080   2069.931638  x:  0.11117   0.00728   0.12806   0.03688   0.06816   0.03843   0.07596   0.02094   0.05187   0.08519   0.04901   0.13681   0.00000   0.08173   0.00874   0.03484   0.05914   0.06951   0.02417   0.03544   0.11368   0.05924   0.21764   0.11367   4.89321   2.71349   1.37253   1.92293   0.66126  
 24 172.2180   2068.419527  x:  0.11440   0.00724   0.12642   0.03622   0.05025   0.04696   0.07786   0.02059   0.06628   0.08911   0.06001   0.14620   0.00000   0.08362   0.00939   0.03497   0.06196   0.07110   0.02361   0.03455   0.08990   0.06142   0.21967   0.11563   4.92328   2.76021   1.36952   1.93596   0.66982  
 25 142.6457   2060.102541  x:  0.12854   0.00762   0.14871   0.03881   0.05925   0.02734   0.08629   0.01896   0.09684   0.10236   0.04888   0.13875   0.00000   0.09984   0.01170   0.03304   0.04748   0.08155   0.02252   0.03246   0.08555   0.06103   0.23732   0.12237   5.08698   2.55870   1.58251   2.29660   0.72452  
 26 20.6945   2057.024284  x:  0.13380   0.00775   0.15109   0.04244   0.05077   0.04487   0.08971   0.01816   0.06460   0.10667   0.05689   0.13454   0.00000   0.10581   0.01248   0.03078   0.06881   0.08567   0.02021   0.03235   0.08654   0.06583   0.23987   0.12485   5.14931   2.47791   1.66298   2.43212   0.74496  
 27 336.9886   2056.951532  x:  0.13403   0.00776   0.15064   0.04259   0.04926   0.04667   0.08985   0.01812   0.06163   0.10685   0.05862   0.13438   0.00000   0.10597   0.01250   0.03074   0.06228   0.08585   0.02006   0.03256   0.08670   0.06620   0.23966   0.12502   5.15146   2.47418   1.66345   2.43277   0.74540  
 28 16.9394   2053.079563  x:  0.14125   0.00799   0.15934   0.04349   0.04783   0.04499   0.09315   0.01835   0.07109   0.11206   0.05761   0.13828   0.00000   0.11458   0.01353   0.02855   0.06054   0.09085   0.01914   0.03196   0.10303   0.06572   0.24363   0.12882   5.41412   1.90505   1.39769   1.97125   0.77001  
 29  7.5311   2045.620930  x:  0.15815   0.00701   0.16820   0.03513   0.04240   0.04581   0.09900   0.01760   0.07241   0.11086   0.06537   0.16278   0.00000   0.14128   0.01706   0.02017   0.06579   0.10624   0.01225   0.02782   0.13207   0.05161   0.25629   0.13658   6.65744   2.18951   1.34009   1.83759   0.83027  
 30  1.0485   2041.456080  x:  0.15992   0.00573   0.17337   0.03266   0.05143   0.05216   0.09007   0.02344   0.05777   0.10918   0.05241   0.14583   0.00000   0.17045   0.02176   0.02704   0.06574   0.12348   0.02750   0.03145   0.10246   0.05566   0.27033   0.13111   7.79807   2.18773   1.43632   1.94694   0.86857  
 31  0.7474   2039.120262  x:  0.15446   0.00269   0.17180   0.03188   0.04417   0.04675   0.08468   0.01674   0.07014   0.10366   0.06269   0.13423   0.00000   0.19076   0.02485   0.02551   0.06305   0.13060   0.01433   0.03351   0.10657   0.05233   0.26100   0.12250   8.85299   2.08444   1.42049   1.98414   0.87999  
 32  0.5721   2038.410045  x:  0.14832   0.00062   0.17061   0.03191   0.04406   0.04418   0.08176   0.02273   0.06828   0.09805   0.05911   0.13529   0.00000   0.19718   0.02607   0.02483   0.06493   0.13009   0.01634   0.03103   0.10869   0.05218   0.24730   0.11656   9.47014   2.05708   1.34334   1.87928   0.87356  
 33  0.4007   2038.202321  x:  0.14734   0.00000   0.17050   0.03214   0.04432   0.04447   0.08225   0.02158   0.06717   0.09734   0.05842   0.13684   0.00000   0.19725   0.02615   0.02450   0.06492   0.12842   0.01656   0.03081   0.10977   0.05202   0.24319   0.11594   9.61437   2.09260   1.36543   1.91866   0.87164  
 34  0.2824   2037.774211  x:  0.14572   0.00000   0.17234   0.03452   0.04544   0.04551   0.08597   0.01671   0.06379   0.09768   0.05582   0.14114   0.00000   0.19410   0.02604   0.02456   0.06362   0.11803   0.01654   0.03042   0.10736   0.05338   0.22887   0.11632  10.24098   2.14520   1.40905   1.98819   0.86512  
 35  0.4851   2037.556692  x:  0.14774   0.00000   0.17480   0.03469   0.04453   0.04616   0.08767   0.02138   0.06742   0.09984   0.05847   0.13902   0.00000   0.18875   0.02553   0.02551   0.06314   0.11042   0.01764   0.03086   0.11092   0.05388   0.22997   0.11983  10.54253   2.15770   1.42455   2.02044   0.86400  
 36  0.1716   2037.410649  x:  0.14970   0.00000   0.17559   0.03395   0.04529   0.04553   0.08790   0.01997   0.06655   0.10286   0.05889   0.13412   0.00000   0.18436   0.02513   0.02480   0.06446   0.10569   0.01758   0.03128   0.10688   0.05324   0.23612   0.12269  10.76534   2.10378   1.38307   1.95633   0.86862  
 37  0.1746   2037.383438  x:  0.14968   0.00000   0.17486   0.03293   0.04459   0.04598   0.08575   0.01928   0.06721   0.10299   0.05839   0.13670   0.00000   0.18334   0.02505   0.02554   0.06353   0.10609   0.01683   0.03133   0.10868   0.05329   0.23869   0.12281  10.87135   2.10694   1.37780   1.95413   0.87425  
 38  0.0541   2037.368262  x:  0.14875   0.00000   0.17414   0.03294   0.04507   0.04565   0.08468   0.01986   0.06608   0.10316   0.05822   0.13777   0.00000   0.18157   0.02497   0.02458   0.06402   0.10658   0.01674   0.03110   0.10796   0.05366   0.24078   0.12218  10.96857   2.11289   1.38767   1.96569   0.87843  
 39  0.0529   2037.362179  x:  0.14797   0.00000   0.17383   0.03316   0.04450   0.04545   0.08486   0.01967   0.06656   0.10309   0.05814   0.13752   0.00000   0.17984   0.02481   0.02479   0.06402   0.10687   0.01754   0.03127   0.10821   0.05392   0.24135   0.12174  11.00158   2.11353   1.38785   1.96548   0.87919  
 40  0.0207   2037.357432  x:  0.14739   0.00000   0.17344   0.03365   0.04500   0.04544   0.08551   0.01973   0.06678   0.10260   0.05812   0.13712   0.00000   0.17826   0.02467   0.02501   0.06379   0.10762   0.01703   0.03125   0.10818   0.05393   0.24106   0.12143  11.01711   2.11139   1.38473   1.96360   0.87964  
 41  0.0106   2037.355863  x:  0.14773   0.00000   0.17362   0.03347   0.04459   0.04544   0.08594   0.01967   0.06639   0.10248   0.05832   0.13753   0.00000   0.17787   0.02463   0.02497   0.06400   0.10828   0.01698   0.03114   0.10819   0.05364   0.24068   0.12174  11.01631   2.11076   1.38458   1.96386   0.87956  
 42  0.0012   2037.355164  x:  0.14802   0.00000   0.17383   0.03334   0.04487   0.04572   0.08588   0.01965   0.06655   0.10257   0.05822   0.13748   0.00000   0.17768   0.02462   0.02485   0.06391   0.10864   0.01707   0.03122   0.10818   0.05367   0.24037   0.12202  11.02364   2.11167   1.38522   1.96415   0.87923  
 43  0.0057   2037.354957  x:  0.14810   0.00000   0.17397   0.03332   0.04481   0.04563   0.08569   0.01969   0.06654   0.10266   0.05825   0.13728   0.00000   0.17761   0.02461   0.02496   0.06399   0.10867   0.01703   0.03122   0.10810   0.05378   0.24014   0.12212  11.03479   2.11183   1.38541   1.96430   0.87863  
 44  0.0085   2037.354937  x:  0.14808   0.00000   0.17398   0.03333   0.04481   0.04559   0.08566   0.01968   0.06656   0.10270   0.05826   0.13729   0.00000   0.17761   0.02460   0.02492   0.06396   0.10869   0.01704   0.03121   0.10815   0.05374   0.24009   0.12210  11.03575   2.11157   1.38511   1.96413   0.87836  
 45  0.0008   2037.354933  x:  0.14808   0.00000   0.17397   0.03334   0.04481   0.04560   0.08566   0.01968   0.06655   0.10272   0.05825   0.13731   0.00000   0.17761   0.02460   0.02493   0.06395   0.10870   0.01704   0.03120   0.10813   0.05373   0.24012   0.12210  11.03461   2.11166   1.38519   1.96422   0.87822  
 46  0.0006   2037.354932  x:  0.14807   0.00000   0.17396   0.03334   0.04482   0.04560   0.08567   0.01968   0.06655   0.10273   0.05826   0.13731   0.00000   0.17762   0.02459   0.02493   0.06397   0.10870   0.01703   0.03121   0.10814   0.05374   0.24014   0.12210  11.03525   2.11162   1.38515   1.96417   0.87817  
 47  0.0002   2037.354930  x:  0.14807   0.00000   0.17395   0.03333   0.04481   0.04560   0.08567   0.01968   0.06656   0.10272   0.05825   0.13731   0.00000   0.17764   0.02458   0.02493   0.06396   0.10870   0.01704   0.03120   0.10813   0.05375   0.24013   0.12209  11.03616   2.11163   1.38515   1.96417   0.87817  
 48  0.0003   2037.354930  x:  0.14807   0.00000   0.17395   0.03334   0.04482   0.04560   0.08567   0.01968   0.06655   0.10272   0.05825   0.13731   0.00000   0.17765   0.02457   0.02493   0.06396   0.10870   0.01704   0.03121   0.10814   0.05374   0.24013   0.12210  11.03616   2.11164   1.38517   1.96420   0.87821  
 49  0.0000   2037.354930  x:  0.14808   0.00000   0.17396   0.03334   0.04481   0.04560   0.08567   0.01968   0.06655   0.10272   0.05825   0.13730   0.00000   0.17765   0.02456   0.02493   0.06396   0.10870   0.01704   0.03121   0.10814   0.05374   0.24013   0.12210  11.03589   2.11164   1.38517   1.96420   0.87822  
 50  0.0002   2037.354930  x:  0.14807   0.00000   0.17396   0.03334   0.04482   0.04560   0.08567   0.01968   0.06655   0.10272   0.05825   0.13730   0.00000   0.17765   0.02456   0.02493   0.06396   0.10870   0.01704   0.03121   0.10814   0.05374   0.24013   0.12210  11.03572   2.11164   1.38516   1.96419   0.87822  
 51  0.0001   2037.354930  x:  0.14807   0.00000   0.17396   0.03334   0.04482   0.04560   0.08567   0.01968   0.06655   0.10272   0.05825   0.13730   0.00000   0.17765   0.02456   0.02493   0.06396   0.10870   0.01704   0.03121   0.10814   0.05374   0.24013   0.12210  11.03571   2.11164   1.38516   1.96419   0.87822  
 52  0.0000   2037.354930  x:  0.14807   0.00000   0.17396   0.03334   0.04482   0.04560   0.08567   0.01968   0.06655   0.10272   0.05825   0.13730   0.00000   0.17765   0.02456   0.02493   0.06396   0.10870   0.01704   0.03121   0.10814   0.05374   0.24013   0.12210  11.03572   2.11164   1.38516   1.96419   0.87822  
 53  0.0000   2037.354930  x:  0.14807   0.00000   0.17396   0.03334   0.04482   0.04560   0.08567   0.01968   0.06655   0.10272   0.05825   0.13730   0.00000   0.17765   0.02456   0.02493   0.06396   0.10870   0.01704   0.03121   0.10814   0.05374   0.24013   0.12210  11.03572   2.11164   1.38516   1.96419   0.87822  
 54  0.0000   2037.354930  x:  0.14807   0.00000   0.17396   0.03334   0.04482   0.04560   0.08567   0.01968   0.06655   0.10272   0.05825   0.13730   0.00000   0.17765   0.02456   0.02493   0.06396   0.10870   0.01704   0.03121   0.10814   0.05374   0.24013   0.12210  11.03572   2.11164   1.38516   1.96419   0.87822  