

TREE # 1

  0  0.0000   2253.758314  x:  0.00364   0.05914   0.04770   0.02272   0.07308   0.10123   0.07120   0.07702   0.08980   0.03660   0.16166   0.00000   0.05752   0.00494   0.04210   0.03830   0.10897   0.08872   0.07148   0.10882   0.10295   0.14511   0.13170   2.00000   1.67611   1.16331   1.44460   0.40000  
  1 99.0000   2246.239918  x:  0.00170   0.06580   0.04650   0.02438   0.07196   0.10260   0.07032   0.07828   0.08892   0.03472   0.16188   0.05173   0.06287   0.01910   0.04664   0.03762   0.11182   0.08820   0.07023   0.11003   0.10214   0.14570   0.13317   2.00107   1.67606   1.16283   1.44501   0.40432  
  2 1925.1438   2243.695514  x:  0.00000   0.06937   0.04580   0.02520   0.07130   0.10341   0.06979   0.07899   0.08840   0.03362   0.16197   0.05118   0.06514   0.02089   0.04886   0.03720   0.11349   0.08787   0.06941   0.11062   0.10153   0.14582   0.13399   2.00174   1.67602   1.16257   1.44524   0.40695  
  3 401.0158   2238.786961  x:  0.00000   0.07332   0.04024   0.02225   0.06602   0.10922   0.06544   0.08246   0.08457   0.02810   0.16161   0.05414   0.07526   0.00514   0.05010   0.03506   0.12448   0.08441   0.06254   0.11274   0.09431   0.14489   0.13976   2.00875   1.67543   1.16032   1.44737   0.43052  
  4 288.5559   2232.772082  x:  0.00000   0.05601   0.03031   0.01053   0.05544   0.12001   0.05697   0.08700   0.07735   0.02145   0.15962   0.05278   0.08657   0.01236   0.03871   0.03254   0.14385   0.07618   0.04943   0.11516   0.07741   0.14084   0.15060   2.02668   1.67381   1.15493   1.45260   0.48401  
  5 384.0004   2230.558885  x:  0.00000   0.04640   0.03079   0.02742   0.05206   0.12370   0.05529   0.08812   0.07512   0.02380   0.15812   0.05272   0.08470   0.01360   0.03472   0.03331   0.15090   0.07172   0.04591   0.11481   0.06827   0.13773   0.15537   2.04023   1.67260   1.15112   1.45636   0.51696  
  6 320.7604   2226.076332  x:  0.00000   0.05144   0.04532   0.02318   0.05459   0.12504   0.05745   0.08097   0.07565   0.04479   0.15462   0.05337   0.05648   0.01430   0.04324   0.04020   0.15137   0.06501   0.05454   0.10876   0.05603   0.12983   0.16024   2.08098   1.66908   1.14052   1.46689   0.59283  
  7 209.1603   2222.831146  x:  0.00000   0.05674   0.04701   0.02316   0.06910   0.11352   0.06728   0.07199   0.08232   0.04549   0.15430   0.05309   0.06712   0.01452   0.03084   0.03842   0.12932   0.07222   0.06883   0.10093   0.07935   0.13002   0.15365   2.13918   1.66458   1.12736   1.48022   0.65606  
  8 132.3912   2221.730560  x:  0.00000   0.04873   0.04425   0.02262   0.07184   0.10817   0.06906   0.07281   0.08438   0.04063   0.15449   0.05305   0.06852   0.01397   0.04262   0.03729   0.11943   0.07654   0.07115   0.10092   0.08712   0.13144   0.14817   2.16844   1.66253   1.12156   1.48621   0.67424  
  9 170.7549   2219.401731  x:  0.00000   0.05399   0.03634   0.02334   0.06592   0.09911   0.06572   0.08632   0.08558   0.02461   0.15617   0.05342   0.05097   0.01413   0.03904   0.03674   0.10474   0.08565   0.06246   0.10834   0.08922   0.13769   0.13155   2.25560   1.65719   1.10675   1.50178   0.68958  
 10 116.5171   2212.202563  x:  0.00000   0.05310   0.05846   0.02042   0.04605   0.09495   0.06310   0.09532   0.08974   0.05349   0.16333   0.05281   0.06690   0.01332   0.03738   0.04612   0.10572   0.10231   0.03668   0.13197   0.08680   0.15603   0.10182   2.61595   1.63759   1.04980   1.56094   0.68785  
 11 194.7985   2194.593044  x:  0.00000   0.04878   0.03539   0.02379   0.07497   0.12608   0.06409   0.07409   0.07904   0.04614   0.16821   0.05231   0.05687   0.01247   0.03682   0.02328   0.15318   0.09622   0.08255   0.14332   0.07636   0.16515   0.14807   3.59745   1.58772   0.90799   1.71000   0.64021  
 12 558.8443   2190.597549  x:  0.00000   0.05077   0.04017   0.02398   0.07014   0.12297   0.06007   0.06952   0.07430   0.02720   0.16288   0.05213   0.06359   0.01257   0.03917   0.05833   0.14426   0.06883   0.07550   0.11313   0.07625   0.14564   0.16989   3.82541   1.57965   0.89465   1.73224   0.62672  
 13 346.6813   2188.673480  x:  0.00000   0.05333   0.04006   0.02389   0.06308   0.11709   0.05946   0.07491   0.07554   0.03198   0.15657   0.05211   0.06690   0.01297   0.04123   0.03842   0.13355   0.05479   0.06491   0.09012   0.07378   0.12688   0.17782   3.92469   1.58025   0.90962   1.72892   0.62202  
 14 160.2905   2186.429981  x:  0.00000   0.05515   0.04184   0.02395   0.06362   0.11319   0.06574   0.06805   0.07764   0.02718   0.14301   0.05206   0.07047   0.01336   0.04200   0.03771   0.13421   0.08151   0.06128   0.08945   0.06171   0.10258   0.18625   4.06241   1.59346   0.98251   1.68982   0.62446  
 15 86.0430   2182.349130  x:  0.00000   0.05462   0.03533   0.02421   0.07196   0.12004   0.06142   0.08414   0.07740   0.03605   0.13505   0.05176   0.07025   0.01321   0.04127   0.04749   0.14060   0.06341   0.07390   0.10553   0.07447   0.12142   0.19012   4.32096   1.62890   1.14658   1.59269   0.63707  
 16 187.9439   2181.634552  x:  0.00000   0.05396   0.04358   0.02452   0.06854   0.12256   0.06169   0.07273   0.07692   0.02749   0.14912   0.05171   0.06863   0.01332   0.04172   0.04251   0.14381   0.05911   0.07422   0.10115   0.07340   0.13185   0.18558   4.36395   1.63842   1.17314   1.57351   0.64011  
 17 96.9764   2181.473573  x:  0.00000   0.05429   0.03778   0.02490   0.06828   0.12332   0.06138   0.07178   0.07679   0.03038   0.15821   0.05165   0.06868   0.01344   0.04211   0.04460   0.14425   0.06152   0.07441   0.09554   0.07143   0.13349   0.18405   4.37297   1.64425   1.17610   1.56744   0.64087  
 18 26.6482   2181.292332  x:  0.00000   0.05378   0.04179   0.02435   0.07132   0.12386   0.06134   0.07945   0.07733   0.02927   0.16690   0.05153   0.07009   0.01346   0.04175   0.04468   0.14373   0.06279   0.07707   0.09533   0.06941   0.12998   0.18524   4.38140   1.66007   1.17096   1.55689   0.64197  
 19 13.7049   2180.568199  x:  0.00000   0.05515   0.03775   0.02481   0.06902   0.11932   0.06350   0.07315   0.07799   0.03026   0.17099   0.05111   0.06975   0.01340   0.04216   0.04376   0.13999   0.05713   0.07315   0.10835   0.07170   0.12097   0.18851   4.41109   1.73239   1.14018   1.51215   0.64627  
 20 32.7398   2179.966640  x:  0.00000   0.05564   0.04036   0.02516   0.06702   0.12168   0.05992   0.07401   0.07587   0.02949   0.15692   0.05066   0.06773   0.01365   0.04297   0.04249   0.14372   0.06463   0.06960   0.09886   0.07760   0.12950   0.19087   4.43397   1.78960   1.11475   1.47807   0.65016  
 21 65.8854   2179.731773  x:  0.00000   0.05645   0.03905   0.02499   0.07156   0.12437   0.06452   0.07415   0.07829   0.02777   0.15015   0.05035   0.07131   0.01376   0.04334   0.04272   0.14072   0.06178   0.07087   0.09641   0.06714   0.13389   0.18454   4.43989   1.79972   1.11132   1.47498   0.65131  
 22 11.7093   2177.622093  x:  0.00000   0.06132   0.03647   0.02758   0.06756   0.12792   0.04375   0.07174   0.06984   0.02328   0.14037   0.04801   0.08052   0.01422   0.04539   0.04158   0.15264   0.05589   0.09224   0.09226   0.06360   0.11652   0.14754   4.47642   1.82228   1.11841   1.50016   0.66390  
 23  8.6204   2169.767047  x:  0.00000   0.07762   0.02824   0.02967   0.04231   0.14169   0.09752   0.09084   0.06609   0.00978   0.14182   0.03835   0.08704   0.01659   0.05649   0.03896   0.19020   0.05194   0.09148   0.08911   0.08516   0.10532   0.12692   4.62092   1.88698   1.16157   1.62347   0.71934  
 24 66.0379   2154.893597  x:  0.00000   0.10731   0.02723   0.03724   0.07556   0.12636   0.06355   0.09101   0.06920   0.00250   0.15991   0.02123   0.10692   0.02095   0.07586   0.02276   0.18775   0.06369   0.04313   0.10771   0.07923   0.13719   0.17145   4.86459   1.98502   1.23923   1.83594   0.81363  
 25 240.3094   2152.939967  x:  0.00000   0.11156   0.02809   0.03861   0.05923   0.12982   0.06070   0.09176   0.04946   0.00422   0.16188   0.01873   0.11419   0.02130   0.07741   0.01938   0.16764   0.06994   0.05276   0.11403   0.07137   0.14789   0.18703   4.89807   1.99642   1.24913   1.86313   0.82635  
 26 132.2534   2152.549283  x:  0.00000   0.11245   0.02765   0.03905   0.04964   0.13385   0.05697   0.09188   0.05917   0.00384   0.16199   0.01820   0.11597   0.02134   0.07753   0.01917   0.16260   0.07175   0.05847   0.11553   0.06968   0.15022   0.19234   4.90510   1.99707   1.25025   1.86705   0.82907  
 27 54.0243   2152.018861  x:  0.00000   0.11407   0.02790   0.04009   0.05366   0.15933   0.05391   0.08974   0.06160   0.00472   0.16323   0.01753   0.11496   0.02161   0.07864   0.01865   0.15401   0.07364   0.05015   0.11784   0.07552   0.14474   0.19025   4.91730   1.97549   1.24149   1.84933   0.83358  
 28  8.9943   2146.027996  x:  0.00000   0.12741   0.02605   0.04161   0.06185   0.11241   0.05381   0.09811   0.08816   0.01181   0.16444   0.00922   0.12660   0.02397   0.08747   0.01641   0.19091   0.07319   0.04147   0.12022   0.06948   0.14925   0.18981   5.06052   1.67228   1.11025   1.58284   0.88492  
 29 31.6259   2143.631649  x:  0.00000   0.13582   0.03023   0.04262   0.05740   0.13087   0.05443   0.09868   0.07977   0.01038   0.16422   0.00630   0.13508   0.02511   0.09165   0.02987   0.18440   0.07707   0.04642   0.12498   0.06565   0.14642   0.18715   5.27517   1.48785   1.01970   1.39765   0.93124  
 30  1.2195   2140.650629  x:  0.00000   0.14531   0.03671   0.04250   0.06006   0.13321   0.05179   0.09768   0.08726   0.01417   0.16427   0.00451   0.14239   0.02638   0.09736   0.04968   0.19589   0.07330   0.05015   0.12283   0.06146   0.15394   0.18638   5.60367   1.75729   1.13634   1.67077   0.99491  
 31  3.8412   2137.756164  x:  0.00000   0.16249   0.04126   0.04169   0.05190   0.14781   0.05448   0.09709   0.08170   0.01580   0.15960   0.02965   0.15628   0.02801   0.10780   0.04984   0.19971   0.06894   0.05254   0.11925   0.05262   0.15255   0.17293   6.33505   1.72825   1.09790   1.60962   1.12129  
 32  0.9084   2135.043092  x:  0.00000   0.17535   0.03531   0.03989   0.04401   0.15676   0.05638   0.09648   0.06651   0.01516   0.15608   0.01566   0.16437   0.03000   0.11608   0.02869   0.19569   0.06497   0.04955   0.11145   0.05438   0.14276   0.16032   7.10574   1.69035   1.05965   1.53525   1.23546  
 33  0.6169   2134.079740  x:  0.00000   0.17633   0.03055   0.03706   0.05599   0.14069   0.05248   0.09663   0.07149   0.01708   0.16180   0.00842   0.16081   0.03047   0.11633   0.02971   0.19660   0.06748   0.04933   0.10925   0.05730   0.14419   0.16788   7.46420   1.71194   1.09229   1.59645   1.27523  
 34  0.2933   2133.731901  x:  0.00000   0.17355   0.03534   0.03406   0.05437   0.13179   0.05590   0.09639   0.07480   0.01824   0.16296   0.01248   0.15370   0.03020   0.11367   0.03313   0.19621   0.07027   0.04728   0.11188   0.05853   0.14757   0.17519   7.69201   1.73376   1.09822   1.62592   1.28937  
 35  0.1755   2133.440991  x:  0.00000   0.16953   0.03591   0.03089   0.05146   0.13578   0.05749   0.09617   0.07409   0.01869   0.16145   0.01019   0.14444   0.02993   0.10961   0.02906   0.19168   0.07142   0.04925   0.11505   0.05696   0.14732   0.17183   8.13933   1.74320   1.08784   1.62351   1.31524  
 36  0.2462   2133.348140  x:  0.00000   0.16653   0.03272   0.03171   0.05236   0.13936   0.05397   0.09670   0.07370   0.01891   0.16122   0.01199   0.14099   0.02967   0.10716   0.03087   0.19135   0.07028   0.04925   0.11595   0.05831   0.14717   0.16940   8.26934   1.73306   1.08736   1.61641   1.31049  
 37  0.1067   2133.285440  x:  0.00000   0.16328   0.03451   0.03397   0.05272   0.13870   0.05550   0.09814   0.07308   0.01896   0.16136   0.01088   0.14057   0.02966   0.10489   0.03148   0.19401   0.06904   0.04833   0.11589   0.05979   0.14720   0.16830   8.39355   1.71475   1.08425   1.60690   1.29572  
 38  0.0568   2133.260190  x:  0.00000   0.16255   0.03400   0.03544   0.05218   0.13722   0.05449   0.09780   0.07294   0.01900   0.16178   0.01094   0.14349   0.02972   0.10456   0.03158   0.19331   0.07007   0.04912   0.11589   0.05768   0.14773   0.16980   8.46583   1.72009   1.07915   1.60881   1.28743  
 39  0.0409   2133.251139  x:  0.00000   0.16242   0.03398   0.03560   0.05248   0.13855   0.05507   0.09709   0.07335   0.01905   0.16167   0.01122   0.14520   0.02972   0.10485   0.03090   0.19314   0.07025   0.04908   0.11554   0.05870   0.14737   0.16969   8.51862   1.72688   1.08459   1.61618   1.28413  
 40  0.0330   2133.248267  x:  0.00000   0.16241   0.03402   0.03499   0.05241   0.13806   0.05461   0.09684   0.07334   0.01907   0.16158   0.01102   0.14572   0.02968   0.10514   0.03092   0.19290   0.06993   0.04839   0.11553   0.05848   0.14755   0.16976   8.55164   1.72629   1.08480   1.61642   1.28205  
 41  0.0157   2133.246816  x:  0.00000   0.16239   0.03401   0.03451   0.05258   0.13790   0.05496   0.09706   0.07341   0.01902   0.16163   0.01107   0.14604   0.02962   0.10538   0.03106   0.19306   0.06985   0.04893   0.11554   0.05835   0.14749   0.16932   8.55529   1.72451   1.08350   1.61446   1.27894  
 42  0.0039   2133.246460  x:  0.00000   0.16247   0.03396   0.03448   0.05236   0.13814   0.05499   0.09722   0.07333   0.01897   0.16169   0.01107   0.14601   0.02962   0.10554   0.03112   0.19309   0.07002   0.04879   0.11557   0.05853   0.14753   0.16956   8.54825   1.72404   1.08315   1.61411   1.27699  
 43  0.0054   2133.246287  x:  0.00000   0.16259   0.03406   0.03453   0.05249   0.13818   0.05484   0.09725   0.07333   0.01893   0.16167   0.01108   0.14582   0.02963   0.10567   0.03104   0.19310   0.07011   0.04881   0.11556   0.05845   0.14754   0.16951   8.54687   1.72397   1.08345   1.61436   1.27575  
 44  0.0009   2133.246184  x:  0.00000   0.16271   0.03397   0.03455   0.05247   0.13805   0.05495   0.09722   0.07337   0.01892   0.16164   0.01107   0.14559   0.02964   0.10577   0.03105   0.19309   0.07006   0.04879   0.11554   0.05844   0.14756   0.16951   8.55158   1.72464   1.08361   1.61490   1.27544  
 45  0.0028   2133.246164  x:  0.00000   0.16279   0.03400   0.03457   0.05244   0.13806   0.05492   0.09718   0.07336   0.01891   0.16165   0.01108   0.14558   0.02964   0.10581   0.03106   0.19304   0.07002   0.04881   0.11554   0.05848   0.14753   0.16948   8.55352   1.72446   1.08343   1.61466   1.27561  
 46  0.0013   2133.246161  x:  0.00000   0.16282   0.03400   0.03458   0.05245   0.13807   0.05493   0.09718   0.07336   0.01890   0.16166   0.01108   0.14560   0.02964   0.10581   0.03107   0.19302   0.07003   0.04880   0.11554   0.05846   0.14752   0.16949   8.55404   1.72430   1.08343   1.61455   1.27567  
 47  0.0003   2133.246158  x:  0.00000   0.16284   0.03400   0.03457   0.05245   0.13806   0.05493   0.09719   0.07338   0.01890   0.16165   0.01108   0.14560   0.02963   0.10579   0.03107   0.19302   0.07005   0.04881   0.11553   0.05848   0.14753   0.16950   8.55452   1.72434   1.08342   1.61452   1.27572  
 48  0.0002   2133.246157  x:  0.00000   0.16284   0.03400   0.03457   0.05244   0.13807   0.05493   0.09719   0.07337   0.01889   0.16165   0.01108   0.14560   0.02962   0.10577   0.03107   0.19303   0.07003   0.04881   0.11554   0.05847   0.14753   0.16949   8.55432   1.72439   1.08345   1.61461   1.27569  
 49  0.0001   2133.246157  x:  0.00000   0.16284   0.03400   0.03457   0.05245   0.13806   0.05493   0.09719   0.07337   0.01889   0.16165   0.01108   0.14560   0.02962   0.10577   0.03107   0.19304   0.07003   0.04880   0.11554   0.05847   0.14753   0.16949   8.55426   1.72438   1.08344   1.61461   1.27569  
 50  0.0000   2133.246157  x:  0.00000   0.16284   0.03400   0.03457   0.05245   0.13807   0.05493   0.09718   0.07337   0.01889   0.16165   0.01108   0.14560   0.02962   0.10577   0.03107   0.19304   0.07003   0.04881   0.11554   0.05847   0.14753   0.16949   8.55430   1.72438   1.08345   1.61461   1.27569  
 51  0.0000   2133.246157  x:  0.00000   0.16284   0.03400   0.03457   0.05245   0.13807   0.05493   0.09718   0.07337   0.01889   0.16165   0.01108   0.14560   0.02962   0.10577   0.03107   0.19304   0.07003   0.04881   0.11554   0.05847   0.14753   0.16949   8.55432   1.72438   1.08344   1.61460   1.27570  
 52  0.0000   2133.246157  x:  0.00000   0.16284   0.03400   0.03457   0.05245   0.13807   0.05493   0.09719   0.07337   0.01888   0.16165   0.01108   0.14560   0.02962   0.10577   0.03107   0.19304   0.07003   0.04881   0.11554   0.05847   0.14753   0.16949   8.55431   1.72438   1.08344   1.61460   1.27570  
 53  0.0000   2133.246157  x:  0.00000   0.16284   0.03400   0.03457   0.05245   0.13807   0.05493   0.09719   0.07337   0.01888   0.16165   0.01108   0.14560   0.02962   0.10577   0.03107   0.19304   0.07003   0.04881   0.11554   0.05847   0.14753   0.16949   8.55431   1.72438   1.08344   1.61461   1.27570  
 54  0.0000   2133.246157  x:  0.00000   0.16284   0.03400   0.03457   0.05245   0.13807   0.05493   0.09719   0.07337   0.01888   0.16165   0.01108   0.14560   0.02962   0.10577   0.03107   0.19304   0.07003   0.04881   0.11554   0.05847   0.14753   0.16949   8.55431   1.72438   1.08344   1.61460   1.27570  
 55  0.0000   2133.246157  x:  0.00000   0.16284   0.03400   0.03457   0.05245   0.13807   0.05493   0.09719   0.07337   0.01888   0.16165   0.01108   0.14560   0.02962   0.10577   0.03107   0.19304   0.07003   0.04881   0.11554   0.05847   0.14753   0.16949   8.55431   1.72438   1.08344   1.61460   1.27570  
 56  0.0000   2133.246157  x:  0.00000   0.16284   0.03400   0.03457   0.05245   0.13807   0.05493   0.09719   0.07337   0.01888   0.16165   0.01108   0.14560   0.02962   0.10577   0.03107   0.19304   0.07003   0.04881   0.11554   0.05847   0.14753   0.16949   8.55431   1.72438   1.08344   1.61460   1.27570  

TREE # 2

  0  0.0000   2172.801965  x:  0.16261   0.00000   0.17866   0.05519   0.07550   0.00267   0.13164   0.03998   0.06877   0.01474   0.10052   0.11472   0.03229   0.18637   0.06040   0.03380   0.02638   0.06419   0.03408   0.07433   0.06633   0.08600   0.08026   8.55431   1.58586   1.04950   1.46227   1.27570  
  1 99.0000   2163.153859  x:  0.16318   0.04833   0.17852   0.06033   0.07600   0.02722   0.13211   0.04559   0.06776   0.01919   0.10426   0.11345   0.02960   0.18620   0.06664   0.03203   0.02790   0.06472   0.03415   0.07591   0.06551   0.08861   0.07899   8.55431   1.58606   1.04920   1.46252   1.27564  
  2 1826.2734   2142.253065  x:  0.16648   0.03740   0.17509   0.09228   0.07732   0.04252   0.13341   0.08202   0.05634   0.04317   0.13592   0.10155   0.00000   0.18380   0.11704   0.01663   0.03911   0.06930   0.03447   0.08910   0.05837   0.11066   0.06785   8.55430   1.58771   1.04703   1.46436   1.27539  
  3 358.5467   2139.158777  x:  0.16874   0.03825   0.16669   0.10987   0.07042   0.04108   0.12973   0.08402   0.04758   0.02018   0.15285   0.08727   0.00000   0.17790   0.12898   0.03041   0.02887   0.07194   0.03222   0.09319   0.05437   0.12135   0.05936   8.55428   1.58942   1.04507   1.46651   1.27537  
  4 140.3295   2138.281948  x:  0.16998   0.04156   0.15405   0.11920   0.05924   0.03393   0.12248   0.07568   0.04818   0.02441   0.16397   0.07339   0.00000   0.16898   0.12409   0.02361   0.02608   0.07251   0.03574   0.09239   0.05380   0.12558   0.05604   8.55424   1.59188   1.04245   1.46986   1.27540  
  5 61.9812   2138.133853  x:  0.17010   0.04094   0.14894   0.12108   0.05775   0.03531   0.11963   0.07600   0.05112   0.02294   0.16652   0.07094   0.00000   0.16532   0.12166   0.02400   0.03192   0.07236   0.03521   0.09130   0.05427   0.12580   0.05673   8.55422   1.59335   1.04097   1.47200   1.27541  
  6 37.0898   2138.053084  x:  0.16993   0.03967   0.14407   0.12195   0.05827   0.03789   0.11696   0.07853   0.05368   0.02375   0.16786   0.07141   0.00000   0.16171   0.11988   0.02492   0.02947   0.07169   0.03395   0.09006   0.05510   0.12502   0.05815   8.55418   1.59554   1.03888   1.47527   1.27544  
  7 23.0923   2138.008140  x:  0.16936   0.04008   0.14104   0.12174   0.05870   0.03704   0.11524   0.08003   0.05173   0.02232   0.16736   0.07403   0.00000   0.15906   0.12050   0.02319   0.02940   0.07146   0.03539   0.09036   0.05483   0.12329   0.05862   8.55409   1.59944   1.03553   1.48114   1.27549  
  8 11.8047   2137.965085  x:  0.16873   0.04060   0.13936   0.12149   0.05850   0.03577   0.11446   0.07990   0.04980   0.02393   0.16634   0.07557   0.00000   0.15722   0.12146   0.02532   0.03017   0.07164   0.03481   0.09084   0.05433   0.12214   0.05803   8.55398   1.60474   1.03129   1.48906   1.27555  
  9 21.7314   2137.832001  x:  0.16709   0.03987   0.14062   0.12091   0.05802   0.03723   0.11648   0.07737   0.05125   0.02322   0.16266   0.07372   0.00000   0.15632   0.12381   0.02319   0.02981   0.07220   0.03134   0.09176   0.05437   0.12222   0.05625   8.55354   1.62509   1.01671   1.51891   1.27572  
 10 25.3844   2137.764059  x:  0.16697   0.03960   0.14248   0.12104   0.05876   0.03752   0.11785   0.07761   0.05232   0.02346   0.16277   0.07198   0.00000   0.15772   0.12331   0.02456   0.02959   0.07206   0.03554   0.09152   0.05469   0.12331   0.05782   8.55328   1.63674   1.01017   1.53552   1.27577  
 11 42.3422   2137.718756  x:  0.16818   0.04023   0.14415   0.12104   0.05977   0.03587   0.11790   0.07952   0.05108   0.02342   0.16609   0.07245   0.00000   0.16080   0.12027   0.02412   0.02989   0.07088   0.03415   0.08953   0.05427   0.12475   0.05835   8.55308   1.64552   1.00950   1.54701   1.27573  
 12 17.8484   2137.662692  x:  0.17065   0.03912   0.14435   0.11950   0.05819   0.03824   0.11604   0.07809   0.05105   0.02342   0.17011   0.07518   0.00000   0.16419   0.11953   0.02414   0.02989   0.07189   0.03501   0.09032   0.05485   0.12368   0.05584   8.55277   1.65868   1.01834   1.56169   1.27548  
 13 11.0890   2137.461548  x:  0.17445   0.04013   0.14256   0.11743   0.05983   0.03513   0.11338   0.07771   0.05443   0.02330   0.17109   0.07222   0.00000   0.16658   0.12519   0.02417   0.02965   0.07212   0.03324   0.09244   0.05411   0.12052   0.06056   8.55154   1.70902   1.06477   1.61411   1.27438  
 14 26.6979   2137.292312  x:  0.17156   0.03842   0.14274   0.12081   0.05958   0.03778   0.11722   0.07988   0.05013   0.02390   0.16639   0.07017   0.00000   0.16210   0.12207   0.02385   0.02997   0.07069   0.03426   0.09105   0.05423   0.12241   0.05804   8.55049   1.75140   1.10585   1.65667   1.27354  
 15 58.7763   2137.267737  x:  0.16940   0.03889   0.14368   0.12210   0.05893   0.03650   0.11780   0.08013   0.05227   0.02374   0.16639   0.07267   0.00000   0.16060   0.12212   0.02393   0.02994   0.07156   0.03455   0.09055   0.05444   0.12458   0.05730   8.55032   1.75759   1.11137   1.66195   1.27351  
 16 16.7447   2137.255695  x:  0.16674   0.03856   0.14483   0.12176   0.05923   0.03719   0.11647   0.07888   0.05155   0.02379   0.16751   0.07298   0.00000   0.15995   0.12260   0.02385   0.02999   0.07134   0.03437   0.09023   0.05430   0.12542   0.05858   8.55021   1.76041   1.11234   1.66194   1.27380  
 17  2.8482   2137.213353  x:  0.16219   0.03866   0.14626   0.11950   0.05976   0.03647   0.11495   0.08107   0.05221   0.02378   0.16934   0.07092   0.00000   0.15976   0.12266   0.02394   0.02995   0.07092   0.03468   0.09124   0.05448   0.12373   0.05607   8.54972   1.76949   1.11234   1.65737   1.27538  
 18  3.7091   2136.942461  x:  0.16330   0.03643   0.14431   0.12313   0.05481   0.03702   0.12040   0.08378   0.05072   0.02424   0.17088   0.07204   0.00000   0.16228   0.12483   0.02310   0.03020   0.07424   0.03352   0.09109   0.05437   0.12098   0.06013   8.54644   1.82372   1.10711   1.62345   1.28628  
 19 12.0014   2136.812123  x:  0.16806   0.03544   0.14310   0.12578   0.06139   0.03704   0.11892   0.08118   0.05132   0.02478   0.16969   0.07325   0.00000   0.16210   0.12625   0.02263   0.03074   0.07102   0.03441   0.09171   0.05393   0.12448   0.05710   8.54484   1.84598   1.10463   1.60891   1.29159  
 20 32.5999   2136.697660  x:  0.17353   0.03465   0.14496   0.12020   0.05844   0.03720   0.11443   0.08437   0.05018   0.02491   0.16723   0.07231   0.00000   0.15924   0.12861   0.02251   0.03081   0.07120   0.03486   0.09027   0.05565   0.13188   0.05653   8.54345   1.84971   1.10354   1.60515   1.29593  
 21  5.9890   2135.931883  x:  0.17871   0.02801   0.15352   0.12496   0.05847   0.03949   0.11062   0.09068   0.05151   0.02677   0.17238   0.07125   0.00000   0.15280   0.13268   0.02028   0.03115   0.07811   0.03547   0.09170   0.03936   0.13138   0.05615   8.53480   1.82687   1.10047   1.60852   1.32136  
 22  6.0065   2134.268862  x:  0.18129   0.01513   0.16469   0.14424   0.06080   0.03858   0.10965   0.10129   0.04863   0.03066   0.18889   0.07040   0.00000   0.14722   0.14878   0.01576   0.03417   0.08117   0.03320   0.09913   0.05604   0.12745   0.05708   8.51448   1.76736   1.09374   1.61991   1.37982  
 23 84.3991   2133.803773  x:  0.17425   0.01137   0.15480   0.14418   0.05539   0.03944   0.11384   0.10345   0.05019   0.03141   0.19115   0.07193   0.00000   0.15665   0.15747   0.01539   0.03484   0.06896   0.03447   0.09753   0.05286   0.13252   0.05584   8.50912   1.75025   1.09220   1.62344   1.39290  
 24 39.3979   2133.730487  x:  0.17123   0.01083   0.14944   0.14285   0.05809   0.03954   0.11450   0.10361   0.04927   0.03170   0.19069   0.07108   0.00000   0.16082   0.15823   0.01494   0.03488   0.07409   0.03470   0.09595   0.05289   0.13571   0.05507   8.50832   1.74728   1.09194   1.62400   1.39260  
 25 14.8543   2133.667712  x:  0.17094   0.01037   0.14866   0.14229   0.05816   0.03949   0.11521   0.10451   0.04894   0.03190   0.19129   0.07141   0.00000   0.16068   0.15618   0.01476   0.03488   0.07418   0.03385   0.10316   0.05242   0.13839   0.05661   8.50859   1.74524   1.09034   1.62307   1.36031  
 26  3.4436   2133.518203  x:  0.17187   0.00938   0.15037   0.14363   0.05815   0.03916   0.11472   0.10505   0.04900   0.03210   0.19251   0.07096   0.00000   0.15956   0.15977   0.01473   0.03502   0.07409   0.03449   0.09751   0.05266   0.13633   0.05509   8.50942   1.74077   1.08653   1.62061   1.28138  
 27 31.7889   2133.516145  x:  0.17162   0.00936   0.15056   0.14462   0.05774   0.03914   0.11345   0.10537   0.04902   0.03211   0.19161   0.07094   0.00000   0.16044   0.15963   0.01475   0.03501   0.07412   0.03447   0.09764   0.05267   0.13627   0.05512   8.50950   1.74066   1.08647   1.62059   1.28084  
 28  0.7762   2133.286280  x:  0.16887   0.01282   0.14672   0.14568   0.05826   0.03280   0.11547   0.10622   0.04860   0.03178   0.19387   0.07015   0.00000   0.16241   0.16284   0.01905   0.03474   0.07356   0.03453   0.09757   0.05281   0.13864   0.05466   8.52369   1.72275   1.08290   1.61776   1.26506  
 29  0.1393   2133.252208  x:  0.16966   0.01119   0.14765   0.14683   0.05834   0.03011   0.11522   0.10689   0.04862   0.03152   0.19430   0.06981   0.00000   0.16133   0.16410   0.01953   0.03432   0.07356   0.03453   0.09737   0.05252   0.13855   0.05480   8.54341   1.72468   1.08354   1.61415   1.28008  
 30  0.0304   2133.247674  x:  0.16953   0.01133   0.14754   0.14620   0.05837   0.02939   0.11543   0.10644   0.04879   0.03132   0.19357   0.06995   0.00000   0.16153   0.16373   0.01877   0.03410   0.07333   0.03458   0.09717   0.05238   0.13829   0.05492   8.55222   1.72454   1.08353   1.61384   1.27690  
 31  0.0119   2133.246272  x:  0.16954   0.01104   0.14756   0.14563   0.05849   0.02970   0.11554   0.10595   0.04881   0.03111   0.19303   0.07006   0.00000   0.16160   0.16309   0.01882   0.03395   0.07338   0.03458   0.09721   0.05237   0.13806   0.05497   8.55651   1.72463   1.08360   1.61429   1.27556  
 32  0.0049   2133.246160  x:  0.16949   0.01109   0.14753   0.14558   0.05847   0.02963   0.11554   0.10579   0.04880   0.03106   0.19301   0.07003   0.00000   0.16166   0.16286   0.01888   0.03399   0.07339   0.03457   0.09720   0.05245   0.13806   0.05492   8.55529   1.72436   1.08345   1.61467   1.27579  
 33  0.0011   2133.246157  x:  0.16949   0.01108   0.14753   0.14560   0.05847   0.02962   0.11554   0.10577   0.04881   0.03106   0.19304   0.07003   0.00000   0.16165   0.16285   0.01889   0.03400   0.07337   0.03457   0.09719   0.05245   0.13806   0.05493   8.55454   1.72439   1.08344   1.61461   1.27569  
 34  0.0007   2133.246157  x:  0.16949   0.01108   0.14753   0.14560   0.05847   0.02962   0.11554   0.10577   0.04881   0.03107   0.19304   0.07003   0.00000   0.16165   0.16284   0.01888   0.03400   0.07337   0.03457   0.09719   0.05245   0.13807   0.05493   8.55434   1.72438   1.08344   1.61460   1.27570  
 35  0.0002   2133.246157  x:  0.16949   0.01108   0.14753   0.14560   0.05847   0.02962   0.11554   0.10577   0.04881   0.03107   0.19304   0.07003   0.00000   0.16165   0.16284   0.01888   0.03400   0.07337   0.03457   0.09719   0.05245   0.13807   0.05493   8.55431   1.72438   1.08344   1.61461   1.27570  