

TREE # 1

  0  0.0000   2232.936554  x:  0.06063   0.00009   0.13994   0.03176   0.07338   0.07221   0.03974   0.04390   0.08535   0.05058   0.06830   0.11065   0.00000   0.07989   0.01789   0.05239   0.01680   0.08052   0.12050   0.08899   0.10827   0.06635   0.09334   0.07925   2.00000   1.52920   1.09463   1.44374   0.40000  
  1 99.0000   2232.934432  x:  0.06063   0.00009   0.13994   0.03176   0.07338   0.07221   0.03974   0.04390   0.08535   0.05058   0.06830   0.11065   0.00000   0.07989   0.01789   0.05239   0.01680   0.08052   0.12050   0.08899   0.10827   0.06635   0.09334   0.07925   2.00000   1.52920   1.09463   1.44374   0.40000  
  2 619.7136   2232.872463  x:  0.06066   0.00000   0.14001   0.03176   0.07334   0.07216   0.03971   0.04387   0.08533   0.05059   0.06829   0.11066   0.00000   0.07992   0.01781   0.05234   0.01676   0.08052   0.12046   0.08898   0.10824   0.06632   0.09335   0.07928   2.00002   1.52920   1.09463   1.44375   0.40006  
  3 428.3728   2220.767862  x:  0.07122   0.00000   0.17238   0.02926   0.04598   0.04235   0.03019   0.02981   0.07730   0.04936   0.06593   0.11353   0.00000   0.07763   0.03627   0.02107   0.00234   0.05754   0.08755   0.08632   0.08704   0.04799   0.08815   0.08985   2.01762   1.52778   1.09648   1.44832   0.43809  
  4 469.3774   2218.143780  x:  0.07211   0.00000   0.18321   0.02857   0.03539   0.03098   0.02860   0.02670   0.07450   0.04801   0.06546   0.11389   0.00000   0.07402   0.03993   0.00834   0.01832   0.05759   0.07319   0.08616   0.07803   0.04115   0.08517   0.09075   2.02699   1.52710   1.09748   1.45082   0.45585  
  5 466.2214   2214.591302  x:  0.06105   0.00000   0.18966   0.02899   0.02906   0.02734   0.03564   0.03459   0.07283   0.04412   0.06706   0.11131   0.00000   0.06296   0.04031   0.01127   0.01248   0.07310   0.05194   0.09015   0.06591   0.03658   0.07813   0.07970   2.05087   1.52563   1.10022   1.45729   0.49185  
  6 161.6911   2210.110371  x:  0.05129   0.00000   0.19245   0.03091   0.03635   0.03697   0.04141   0.04080   0.07271   0.04927   0.06970   0.10818   0.00000   0.08549   0.04134   0.02169   0.01646   0.06648   0.03500   0.09473   0.05504   0.03932   0.07520   0.06998   2.10036   1.52291   1.10554   1.47054   0.55617  
  7 199.2529   2193.968929  x:  0.08348   0.00000   0.18180   0.02602   0.06531   0.05724   0.03887   0.03730   0.07903   0.05534   0.07501   0.09657   0.00000   0.07791   0.05111   0.03540   0.02209   0.08159   0.09741   0.09196   0.06526   0.06246   0.08323   0.10237   2.37245   1.50919   1.13517   1.54192   0.85974  
  8 288.3753   2187.477623  x:  0.06499   0.00000   0.15557   0.04373   0.05317   0.04153   0.02649   0.02892   0.08143   0.04044   0.06600   0.11107   0.00000   0.09686   0.05018   0.01376   0.01561   0.08934   0.11386   0.08468   0.09654   0.05893   0.09231   0.08395   2.48300   1.50778   1.14757   1.56642   0.91384  
  9 188.0391   2182.084997  x:  0.06095   0.00000   0.14118   0.02968   0.03650   0.03017   0.03634   0.03485   0.08066   0.07895   0.05465   0.12901   0.00000   0.10322   0.05200   0.00509   0.01256   0.09360   0.11412   0.08850   0.11944   0.04275   0.10095   0.08000   2.60521   1.51036   1.16080   1.58882   0.91809  
 10 186.4905   2173.204909  x:  0.07620   0.00000   0.15093   0.03234   0.01361   0.02612   0.03023   0.02808   0.07510   0.08314   0.05508   0.15353   0.00000   0.11149   0.05742   0.03992   0.01697   0.10042   0.09460   0.09673   0.14063   0.01804   0.11093   0.09540   2.81893   1.51863   1.18294   1.62359   0.88641  
 11 336.2332   2152.826217  x:  0.10694   0.00000   0.19689   0.03347   0.05115   0.02087   0.01915   0.01693   0.06088   0.08558   0.06420   0.19763   0.00000   0.11975   0.06871   0.03610   0.01515   0.12723   0.02676   0.09928   0.16338   0.03492   0.12394   0.12648   3.30540   1.54082   1.23177   1.69890   0.78684  
 12 900.2960   2139.314905  x:  0.12164   0.00000   0.25238   0.03288   0.03703   0.04975   0.03970   0.04858   0.06281   0.06348   0.06878   0.19920   0.00000   0.14656   0.07595   0.00523   0.01124   0.14138   0.03532   0.08168   0.13147   0.03452   0.11732   0.14142   3.64219   1.56033   1.26181   1.74626   0.70495  
 13 686.1732   2127.793013  x:  0.10962   0.00000   0.30062   0.02108   0.03581   0.02235   0.03120   0.03444   0.07131   0.06818   0.06157   0.16808   0.00000   0.17080   0.08068   0.01073   0.00882   0.15529   0.07501   0.06666   0.06298   0.04533   0.09432   0.12959   3.91710   1.58135   1.28149   1.77891   0.63107  
 14 556.0288   2125.965666  x:  0.10799   0.00000   0.30412   0.03135   0.03494   0.02987   0.02585   0.02321   0.07249   0.07644   0.06115   0.14652   0.00000   0.17099   0.08142   0.00431   0.00748   0.15836   0.07837   0.07362   0.05421   0.03979   0.08797   0.12799   3.96156   1.58748   1.28131   1.78134   0.61872  
 15 200.9151   2124.451247  x:  0.11075   0.00000   0.30877   0.03295   0.03489   0.02125   0.02509   0.02787   0.07039   0.07596   0.05708   0.10519   0.00000   0.17750   0.08103   0.00180   0.00660   0.15941   0.07649   0.08058   0.06424   0.03788   0.08117   0.13077   4.00004   1.59812   1.27436   1.77768   0.60949  
 16 106.3867   2124.090617  x:  0.11072   0.00000   0.31111   0.03111   0.03204   0.02360   0.02700   0.02339   0.06892   0.07659   0.05223   0.09491   0.00000   0.17853   0.08093   0.00269   0.00659   0.16043   0.07373   0.07324   0.06957   0.04016   0.07723   0.13075   4.01117   1.60369   1.26891   1.77389   0.60801  
 17 67.1791   2123.810454  x:  0.11142   0.00000   0.30986   0.03120   0.03306   0.02394   0.02230   0.02608   0.06938   0.07888   0.05526   0.09343   0.00000   0.17902   0.08073   0.00300   0.00658   0.16093   0.07259   0.06602   0.07162   0.03726   0.06913   0.13145   4.02288   1.61507   1.25511   1.76396   0.60833  
 18 31.3828   2123.324040  x:  0.11369   0.00000   0.30565   0.03184   0.03435   0.02126   0.02940   0.02239   0.07092   0.07774   0.06047   0.09520   0.00000   0.18099   0.07998   0.00255   0.00622   0.16105   0.07248   0.06506   0.07205   0.03526   0.05977   0.13373   4.04663   1.64069   1.22280   1.74063   0.60977  
 19 76.0466   2122.273651  x:  0.11520   0.00000   0.30002   0.02695   0.02930   0.02408   0.02488   0.02340   0.07114   0.07478   0.05542   0.09980   0.00000   0.18094   0.07939   0.00161   0.00596   0.16104   0.07120   0.07342   0.06736   0.04233   0.06142   0.13525   4.09959   1.69818   1.14833   1.68606   0.61393  
 20 141.8343   2121.891486  x:  0.11483   0.00000   0.30192   0.03357   0.03069   0.02249   0.02653   0.02595   0.06971   0.07670   0.05215   0.10086   0.00000   0.17887   0.07989   0.00293   0.00632   0.16022   0.07192   0.07150   0.06533   0.04230   0.06960   0.13489   4.12104   1.71973   1.11926   1.66368   0.61580  
 21 159.3740   2121.752614  x:  0.11280   0.00000   0.30467   0.03051   0.03361   0.02345   0.02656   0.02460   0.06898   0.07563   0.05438   0.10020   0.00000   0.17842   0.08033   0.00263   0.00636   0.16048   0.07288   0.07071   0.06603   0.03760   0.07558   0.13285   4.12967   1.72543   1.10995   1.65438   0.61664  
 22 46.2837   2121.649562  x:  0.11059   0.00000   0.31058   0.03090   0.03173   0.02378   0.02622   0.02423   0.07004   0.07751   0.05965   0.10076   0.00000   0.17787   0.08041   0.00273   0.00652   0.16020   0.07475   0.07278   0.06997   0.04005   0.07628   0.13064   4.14018   1.72272   1.10667   1.64258   0.61748  
 23 13.7002   2121.267470  x:  0.10892   0.00000   0.31828   0.03155   0.03644   0.02544   0.02599   0.02476   0.07209   0.07666   0.05249   0.10422   0.00000   0.17744   0.08029   0.00308   0.00705   0.15979   0.07810   0.07957   0.07494   0.03623   0.06964   0.12896   4.18595   1.69871   1.10217   1.59155   0.62016  
 24 27.1525   2119.896277  x:  0.11271   0.00000   0.29909   0.02961   0.03448   0.02542   0.02671   0.02584   0.07068   0.07414   0.06018   0.09759   0.00000   0.17773   0.07887   0.00391   0.00668   0.15903   0.07401   0.07942   0.06669   0.03735   0.07290   0.13274   4.35085   1.60215   1.08941   1.41275   0.62621  
 25 100.9880   2119.228962  x:  0.11428   0.00000   0.29495   0.02803   0.03469   0.02497   0.02634   0.02579   0.09041   0.07251   0.06077   0.09157   0.00000   0.17716   0.07767   0.00467   0.00644   0.15817   0.06930   0.07998   0.06561   0.03589   0.07243   0.13429   4.44391   1.52020   1.02198   1.39685   0.62320  
 26 15.3751   2118.599399  x:  0.11381   0.00000   0.29157   0.02701   0.03495   0.02566   0.02622   0.02617   0.07336   0.07143   0.06355   0.08842   0.00000   0.17744   0.07635   0.00525   0.00633   0.15727   0.07146   0.08361   0.06445   0.03546   0.06618   0.13381   4.52620   1.44800   0.96051   1.38825   0.62030  
 27 114.5583   2114.948352  x:  0.12236   0.00000   0.26822   0.02096   0.03682   0.02789   0.02398   0.02722   0.07073   0.06429   0.07569   0.06061   0.00000   0.18617   0.07125   0.01004   0.00437   0.16109   0.06805   0.10148   0.05818   0.02958   0.05326   0.14224   5.00136   1.68505   1.12718   1.66990   0.65364  
 28  3.1852   2106.992124  x:  0.13932   0.00000   0.28824   0.02501   0.03625   0.02882   0.02141   0.02399   0.06920   0.06843   0.07524   0.06193   0.00000   0.21851   0.07503   0.01148   0.00000   0.19071   0.06665   0.10242   0.06559   0.02748   0.05109   0.15945   5.10295   1.63492   1.12168   1.65708   0.73604  
 29  0.6795   2096.643251  x:  0.16008   0.00000   0.36080   0.04387   0.03493   0.04059   0.03268   0.02842   0.06923   0.07416   0.06452   0.06432   0.00000   0.27165   0.06532   0.01209   0.01223   0.23400   0.06834   0.08334   0.07849   0.04165   0.04527   0.18010   7.13418   1.57055   1.16179   1.71966   0.91323  
 30  2.0209   2092.425633  x:  0.17964   0.00000   0.40241   0.03249   0.03413   0.03199   0.02298   0.02211   0.06856   0.07982   0.06565   0.03200   0.00000   0.32873   0.06115   0.01798   0.00860   0.27918   0.05344   0.08626   0.07067   0.03163   0.01787   0.19989   7.41406   1.59619   1.10023   1.64998   0.90925  
 31  0.3270   2091.437101  x:  0.17655   0.00000   0.40092   0.02825   0.03437   0.02997   0.02250   0.02302   0.06840   0.07752   0.06592   0.05203   0.00000   0.33219   0.05303   0.01978   0.00396   0.28505   0.04493   0.08141   0.06601   0.02931   0.02891   0.19662   7.72094   1.58158   1.09445   1.61307   0.89240  
 32  0.4565   2090.974747  x:  0.17434   0.00000   0.40494   0.03058   0.03443   0.03022   0.02512   0.02566   0.06820   0.07799   0.06629   0.04419   0.00000   0.33744   0.04451   0.02072   0.00090   0.28882   0.04457   0.07745   0.06639   0.03010   0.02663   0.19424   7.98818   1.57187   1.10523   1.61505   0.88444  
 33  0.3357   2090.720802  x:  0.17228   0.00000   0.40521   0.03235   0.03502   0.03034   0.02518   0.02565   0.06798   0.07814   0.06675   0.04045   0.00000   0.34089   0.03801   0.02133   0.00327   0.28972   0.04905   0.07681   0.06740   0.03191   0.02432   0.19204   8.12014   1.57124   1.11431   1.62512   0.88218  
 34  0.1702   2090.663846  x:  0.17151   0.00000   0.40238   0.03098   0.03486   0.02986   0.02385   0.02425   0.06885   0.07823   0.06681   0.04201   0.00000   0.34349   0.03583   0.02226   0.00304   0.29149   0.04879   0.07803   0.06748   0.03310   0.02351   0.19126   8.07577   1.58158   1.10700   1.62771   0.87077  
 35  0.0384   2090.637444  x:  0.17093   0.00000   0.39907   0.03062   0.03484   0.03029   0.02402   0.02418   0.06885   0.07855   0.06655   0.04156   0.00000   0.34454   0.03620   0.02270   0.00315   0.29211   0.04845   0.07825   0.06788   0.03291   0.02610   0.19071   7.96298   1.57732   1.10127   1.62191   0.86254  
 36  0.0966   2090.616609  x:  0.17063   0.00000   0.39660   0.03100   0.03500   0.03095   0.02473   0.02488   0.06841   0.07872   0.06616   0.04227   0.00000   0.34667   0.03668   0.02330   0.00316   0.29318   0.04836   0.07771   0.06816   0.03261   0.02468   0.19045   7.85724   1.57236   1.10327   1.62190   0.85708  
 37  0.0886   2090.605452  x:  0.16944   0.00000   0.39679   0.03191   0.03506   0.03058   0.02427   0.02464   0.06872   0.07855   0.06555   0.04155   0.00000   0.34883   0.03641   0.02396   0.00299   0.29451   0.04858   0.07625   0.06774   0.03314   0.02453   0.18927   7.84127   1.57301   1.10760   1.62476   0.86060  
 38  0.0106   2090.600988  x:  0.16899   0.00000   0.39719   0.03203   0.03514   0.03055   0.02445   0.02477   0.06868   0.07814   0.06587   0.04184   0.00000   0.34980   0.03667   0.02443   0.00304   0.29497   0.04797   0.07635   0.06804   0.03291   0.02468   0.18882   7.84282   1.57888   1.10679   1.62676   0.86513  
 39  0.0046   2090.599413  x:  0.16846   0.00000   0.39706   0.03177   0.03512   0.03055   0.02440   0.02465   0.06855   0.07815   0.06603   0.04200   0.00000   0.34967   0.03673   0.02474   0.00308   0.29466   0.04768   0.07670   0.06794   0.03293   0.02478   0.18830   7.84905   1.57405   1.10620   1.62418   0.86615  
 40  0.0047   2090.598529  x:  0.16815   0.00000   0.39693   0.03181   0.03507   0.03071   0.02449   0.02478   0.06872   0.07838   0.06593   0.04185   0.00000   0.34913   0.03667   0.02498   0.00310   0.29394   0.04770   0.07656   0.06783   0.03298   0.02473   0.18798   7.86266   1.57514   1.10571   1.62471   0.86546  
 41  0.0060   2090.597930  x:  0.16846   0.00000   0.39703   0.03179   0.03508   0.03061   0.02439   0.02468   0.06848   0.07839   0.06581   0.04191   0.00000   0.34910   0.03689   0.02521   0.00309   0.29363   0.04772   0.07636   0.06790   0.03286   0.02474   0.18829   7.86750   1.57593   1.10621   1.62529   0.86476  
 42  0.0021   2090.597759  x:  0.16873   0.00000   0.39704   0.03181   0.03507   0.03059   0.02444   0.02471   0.06869   0.07833   0.06587   0.04188   0.00000   0.34930   0.03684   0.02532   0.00308   0.29364   0.04768   0.07636   0.06794   0.03289   0.02473   0.18856   7.86969   1.57527   1.10622   1.62498   0.86473  
 43  0.0017   2090.597722  x:  0.16878   0.00000   0.39707   0.03183   0.03508   0.03060   0.02445   0.02472   0.06860   0.07832   0.06590   0.04188   0.00000   0.34930   0.03679   0.02534   0.00307   0.29360   0.04775   0.07638   0.06792   0.03295   0.02474   0.18861   7.86872   1.57513   1.10603   1.62474   0.86486  
 44  0.0008   2090.597694  x:  0.16881   0.00000   0.39724   0.03183   0.03510   0.03063   0.02442   0.02471   0.06863   0.07834   0.06589   0.04185   0.00000   0.34924   0.03679   0.02534   0.00307   0.29349   0.04775   0.07639   0.06792   0.03292   0.02471   0.18864   7.86433   1.57508   1.10594   1.62467   0.86505  
 45  0.0015   2090.597688  x:  0.16881   0.00000   0.39728   0.03182   0.03509   0.03062   0.02444   0.02471   0.06861   0.07834   0.06588   0.04185   0.00000   0.34922   0.03676   0.02534   0.00307   0.29344   0.04771   0.07637   0.06792   0.03293   0.02471   0.18864   7.86353   1.57520   1.10609   1.62482   0.86501  
 46  0.0005   2090.597687  x:  0.16881   0.00000   0.39729   0.03182   0.03508   0.03061   0.02444   0.02471   0.06862   0.07833   0.06589   0.04186   0.00000   0.34922   0.03677   0.02534   0.00308   0.29342   0.04772   0.07637   0.06791   0.03293   0.02471   0.18864   7.86318   1.57519   1.10608   1.62478   0.86498  
 47  0.0002   2090.597686  x:  0.16881   0.00000   0.39731   0.03183   0.03508   0.03061   0.02443   0.02471   0.06861   0.07833   0.06589   0.04185   0.00000   0.34927   0.03676   0.02534   0.00308   0.29341   0.04772   0.07638   0.06792   0.03293   0.02470   0.18864   7.86330   1.57515   1.10603   1.62474   0.86496  
 48  0.0000   2090.597685  x:  0.16881   0.00000   0.39730   0.03183   0.03509   0.03061   0.02444   0.02471   0.06862   0.07833   0.06589   0.04185   0.00000   0.34930   0.03677   0.02533   0.00308   0.29337   0.04772   0.07638   0.06792   0.03293   0.02471   0.18864   7.86349   1.57517   1.10606   1.62479   0.86498  
 49  0.0001   2090.597685  x:  0.16881   0.00000   0.39729   0.03182   0.03509   0.03061   0.02444   0.02471   0.06862   0.07834   0.06589   0.04185   0.00000   0.34931   0.03677   0.02533   0.00308   0.29337   0.04772   0.07638   0.06792   0.03293   0.02471   0.18864   7.86352   1.57518   1.10607   1.62478   0.86498  
 50  0.0000   2090.597685  x:  0.16881   0.00000   0.39729   0.03182   0.03509   0.03061   0.02444   0.02471   0.06862   0.07834   0.06589   0.04185   0.00000   0.34931   0.03677   0.02533   0.00308   0.29337   0.04772   0.07638   0.06792   0.03293   0.02471   0.18864   7.86349   1.57518   1.10607   1.62478   0.86499  
 51  0.0000   2090.597685  x:  0.16881   0.00000   0.39729   0.03182   0.03509   0.03061   0.02444   0.02471   0.06862   0.07834   0.06589   0.04185   0.00000   0.34931   0.03677   0.02533   0.00308   0.29337   0.04772   0.07638   0.06792   0.03293   0.02471   0.18864   7.86349   1.57518   1.10607   1.62478   0.86499  
 52  0.0000   2090.597685  x:  0.16881   0.00000   0.39729   0.03182   0.03509   0.03061   0.02444   0.02471   0.06862   0.07834   0.06589   0.04185   0.00000   0.34931   0.03677   0.02533   0.00308   0.29337   0.04772   0.07638   0.06792   0.03293   0.02471   0.18864   7.86349   1.57518   1.10607   1.62478   0.86499  
 53  0.0000   2090.597685  x:  0.16881   0.00000   0.39729   0.03182   0.03509   0.03061   0.02444   0.02471   0.06862   0.07834   0.06589   0.04185   0.00000   0.34931   0.03677   0.02533   0.00308   0.29337   0.04772   0.07638   0.06792   0.03293   0.02471   0.18864   7.86349   1.57518   1.10607   1.62478   0.86499  