

TREE # 1

  0  0.0000   2495.911059  x:  0.02577   0.01580   0.08859   0.00000   0.12323   0.08782   0.04852   0.05184   0.09495   0.05346   0.08527   0.07451   0.02877   0.03866   0.02212   0.07913   0.06498   0.06054   0.08094   0.05784   0.10656   0.05338   0.04146   0.04439   2.00000   1.57812   1.26009   1.57328   0.40000  
  1 99.0000   2376.226960  x:  0.07492   0.00000   0.09239   0.40027   0.12615   0.07118   0.04981   0.03249   0.08794   0.18105   0.11095   0.12614   0.03838   0.13729   0.00963   0.06647   0.04963   0.15770   0.06651   0.05468   0.10167   0.03909   0.09074   0.09354   2.00650   1.57784   1.25873   1.57452   0.41201  
  2 2901.7818   2346.433726  x:  0.08881   0.00000   0.10096   0.37055   0.11739   0.04599   0.05339   0.00000   0.07466   0.21951   0.11598   0.16475   0.03533   0.15958   0.00354   0.05007   0.02360   0.20043   0.04115   0.05093   0.09422   0.01720   0.10626   0.10743   2.01816   1.57783   1.25781   1.57488   0.42901  
  3 388.0576   2336.670839  x:  0.09703   0.00000   0.10614   0.35295   0.11205   0.03115   0.05565   0.00301   0.06677   0.24254   0.11886   0.18760   0.03353   0.17288   0.00115   0.04045   0.00831   0.22583   0.02611   0.04877   0.08981   0.00461   0.11545   0.11565   2.02519   1.57783   1.25726   1.57510   0.43921  
  4 2900.1379   2332.260975  x:  0.10189   0.00000   0.10949   0.34253   0.10830   0.02262   0.05692   0.00379   0.06219   0.25703   0.12024   0.20112   0.03252   0.18111   0.01219   0.03564   0.00286   0.24122   0.01801   0.04778   0.08728   0.00483   0.12081   0.12051   2.02982   1.57784   1.25688   1.57524   0.44565  
  5 1913.4899   2325.229758  x:  0.11034   0.00000   0.11580   0.32362   0.10064   0.00969   0.05896   0.00524   0.05464   0.28376   0.12197   0.22488   0.03089   0.19597   0.01797   0.02887   0.01872   0.26879   0.00839   0.04654   0.08278   0.01017   0.12996   0.12896   2.03874   1.57790   1.25611   1.57551   0.45762  
  6 1367.3443   2312.568853  x:  0.13085   0.00000   0.13586   0.27184   0.07140   0.03768   0.06206   0.00801   0.04368   0.36399   0.11987   0.28580   0.02796   0.23764   0.02421   0.03042   0.02760   0.34411   0.05575   0.04611   0.07253   0.02682   0.15155   0.14947   2.06893   1.57829   1.25337   1.57634   0.49387  
  7 644.0301   2304.167750  x:  0.12472   0.00000   0.15595   0.24968   0.01557   0.03861   0.05140   0.00853   0.08697   0.42990   0.08114   0.29496   0.03226   0.25753   0.02120   0.08304   0.02531   0.37696   0.04545   0.05500   0.08425   0.03276   0.14506   0.14334   2.11181   1.57907   1.25104   1.57580   0.52240  
  8 194.0724   2300.673371  x:  0.11523   0.00000   0.16834   0.24643   0.00000   0.04015   0.05420   0.00836   0.08176   0.46113   0.05070   0.28320   0.03050   0.25957   0.02171   0.07334   0.02577   0.37996   0.04522   0.05177   0.08651   0.03128   0.13462   0.13385   2.14201   1.57981   1.24985   1.57485   0.53405  
  9 136.2151   2298.845945  x:  0.10727   0.00000   0.17957   0.24201   0.01296   0.04105   0.05363   0.00828   0.08244   0.49138   0.03171   0.27193   0.03148   0.26088   0.02155   0.07110   0.02569   0.38224   0.04407   0.05176   0.08882   0.03113   0.12580   0.12589   2.17274   1.58056   1.24867   1.57398   0.54549  
 10 257.8694   2294.654691  x:  0.08715   0.00000   0.20852   0.23191   0.01442   0.04022   0.05055   0.00796   0.08064   0.57154   0.06092   0.22509   0.03814   0.25514   0.02042   0.06099   0.02462   0.37340   0.04307   0.05486   0.09163   0.03110   0.10262   0.10577   2.27855   1.58299   1.24468   1.57123   0.57627  
 11 166.4313   2289.981684  x:  0.11916   0.00000   0.19739   0.22159   0.01326   0.03215   0.05986   0.00766   0.07750   0.63862   0.06067   0.17615   0.03455   0.22930   0.01856   0.06767   0.02247   0.33121   0.04595   0.05388   0.08042   0.03235   0.13350   0.13778   2.46108   1.58592   1.23917   1.56743   0.60167  
 12 107.7189   2285.541629  x:  0.12065   0.00000   0.16645   0.22226   0.01213   0.05023   0.03297   0.00767   0.07574   0.66427   0.06176   0.20481   0.02978   0.21262   0.02256   0.05942   0.02703   0.29190   0.03471   0.05321   0.08898   0.02490   0.14081   0.13927   2.66987   1.58764   1.23436   1.56443   0.61002  
 13 132.5750   2281.208295  x:  0.11129   0.00000   0.13455   0.22635   0.01339   0.05345   0.06751   0.00748   0.08048   0.67569   0.06519   0.25132   0.03472   0.20174   0.02271   0.05908   0.02746   0.25572   0.03270   0.05503   0.09756   0.02512   0.13698   0.12991   2.93369   1.58910   1.22852   1.56167   0.61326  
 14 403.2637   2275.760441  x:  0.10583   0.00000   0.14218   0.23319   0.01368   0.01768   0.05726   0.00789   0.07679   0.64466   0.06163   0.27669   0.03581   0.20761   0.01648   0.06487   0.01981   0.25492   0.05751   0.05211   0.08419   0.03734   0.12696   0.12445   3.20786   1.58900   1.22344   1.56066   0.60306  
 15 246.8760   2265.762063  x:  0.11306   0.00000   0.20506   0.24501   0.01700   0.04301   0.06384   0.00770   0.07327   0.52592   0.05827   0.28228   0.03610   0.24298   0.01683   0.07437   0.02143   0.31424   0.03656   0.05118   0.04868   0.03720   0.11733   0.13168   3.83870   1.58587   1.21302   1.56187   0.56996  
 16 424.7717   2262.393665  x:  0.11829   0.00000   0.22119   0.24716   0.01931   0.04209   0.06669   0.00760   0.07314   0.47428   0.05837   0.27125   0.03390   0.26004   0.02150   0.07013   0.02566   0.35160   0.04126   0.05371   0.09299   0.02729   0.12446   0.13691   4.07975   1.58321   1.20964   1.56413   0.56127  
 17 448.4782   2261.317225  x:  0.10863   0.00000   0.18925   0.24704   0.01958   0.04150   0.06466   0.00771   0.08472   0.45608   0.05752   0.25333   0.03560   0.26632   0.01949   0.05715   0.02385   0.38266   0.04228   0.05791   0.08878   0.03257   0.13291   0.12725   4.14594   1.57861   1.21079   1.56922   0.57326  
 18 58.5445   2261.119171  x:  0.10681   0.00000   0.17959   0.24768   0.02019   0.04137   0.06481   0.00767   0.07896   0.45221   0.05827   0.24936   0.03233   0.26602   0.02077   0.06347   0.02491   0.39062   0.04235   0.05210   0.08785   0.02955   0.12936   0.12543   4.15816   1.57602   1.21190   1.57240   0.57996  
 19 29.8720   2261.062075  x:  0.10799   0.00000   0.17749   0.24822   0.01999   0.04139   0.06436   0.00765   0.07544   0.45015   0.05770   0.24904   0.03625   0.26411   0.02084   0.06478   0.02491   0.39265   0.04210   0.05513   0.08793   0.02911   0.12614   0.12661   4.16185   1.57360   1.21300   1.57573   0.58522  
 20 13.1984   2260.972046  x:  0.11066   0.00000   0.17899   0.24990   0.02012   0.04139   0.06474   0.00765   0.07731   0.44608   0.05771   0.25080   0.03294   0.25834   0.01997   0.06281   0.02416   0.39408   0.04173   0.05586   0.08848   0.03094   0.12128   0.12928   4.16762   1.56682   1.21619   1.58558   0.59818  
 21 11.5052   2260.898785  x:  0.11011   0.00000   0.18225   0.25100   0.02012   0.04114   0.06472   0.00761   0.07921   0.44304   0.05754   0.25244   0.03609   0.25467   0.02082   0.06193   0.02489   0.39362   0.04239   0.05199   0.08796   0.02920   0.12388   0.12873   4.17247   1.56042   1.21937   1.59565   0.60824  
 22 16.8834   2260.828168  x:  0.10722   0.00000   0.18508   0.25156   0.02015   0.04090   0.06501   0.00756   0.07687   0.44165   0.05741   0.25331   0.03366   0.25457   0.02102   0.06337   0.02504   0.39182   0.04237   0.05534   0.08736   0.02836   0.12970   0.12584   4.17734   1.55433   1.22280   1.60670   0.61442  
 23 13.7327   2260.711878  x:  0.10672   0.00000   0.18487   0.24996   0.02017   0.04192   0.06461   0.00757   0.07368   0.44322   0.05748   0.25243   0.03440   0.26184   0.01798   0.06372   0.02259   0.38802   0.03976   0.05285   0.08950   0.03428   0.13158   0.12534   4.18583   1.54670   1.22838   1.62546   0.61480  
 24 10.2982   2260.406902  x:  0.10946   0.00000   0.18082   0.24504   0.02014   0.04080   0.06427   0.00737   0.07680   0.45085   0.05750   0.24931   0.03355   0.28037   0.02061   0.06087   0.02467   0.38045   0.04156   0.05385   0.08743   0.02788   0.12599   0.12808   4.20822   1.53188   1.24206   1.67161   0.60748  
 25 27.3586   2259.424015  x:  0.10834   0.00000   0.17858   0.23846   0.01897   0.03989   0.06401   0.00709   0.07439   0.48240   0.05714   0.25120   0.03404   0.23977   0.01951   0.05882   0.02365   0.40668   0.04064   0.05337   0.08813   0.02817   0.12698   0.12696   4.28074   1.55580   1.26624   1.76185   0.56864  
 26 10.5047   2254.064322  x:  0.11244   0.00000   0.17908   0.20152   0.01638   0.03426   0.06109   0.00450   0.06037   0.54208   0.05502   0.25526   0.02949   0.26441   0.01710   0.03967   0.02085   0.40728   0.03356   0.05078   0.08720   0.01551   0.13169   0.13106   4.69157   1.92941   1.36153   1.99659   0.65512  
 27 19.6859   2252.224268  x:  0.11415   0.00000   0.18116   0.18739   0.01516   0.03284   0.06084   0.00371   0.05610   0.57238   0.05534   0.25784   0.02939   0.26236   0.01573   0.03387   0.01963   0.41419   0.03190   0.05004   0.08788   0.01342   0.13455   0.13276   4.83774   1.91756   1.52714   1.91467   0.66639  
 28 13.7542   2248.807699  x:  0.11596   0.00000   0.18081   0.16376   0.01461   0.02926   0.05899   0.00241   0.04917   0.61661   0.05492   0.26100   0.02784   0.26058   0.01361   0.02600   0.01744   0.42346   0.02798   0.04866   0.08760   0.00847   0.13746   0.13458   5.08573   1.58221   1.24557   1.63627   0.68187  
 29  7.8215   2244.928584  x:  0.11666   0.00000   0.18409   0.13557   0.01594   0.02354   0.05446   0.00264   0.05463   0.63695   0.05452   0.26634   0.02790   0.26071   0.00431   0.04697   0.00979   0.41845   0.02086   0.04854   0.08699   0.02429   0.14056   0.13527   5.59241   1.47298   1.16026   1.51272   0.69484  
 30  0.8856   2237.790146  x:  0.11087   0.00000   0.19190   0.09812   0.02077   0.01452   0.04714   0.00496   0.07972   0.58772   0.05158   0.26337   0.03223   0.25251   0.01631   0.07172   0.02039   0.37532   0.03046   0.04908   0.07497   0.00861   0.12871   0.12948   6.78370   1.61861   1.22418   1.64680   0.68215  
 31  0.9855   2232.713327  x:  0.10330   0.00000   0.18661   0.05919   0.02626   0.03282   0.04898   0.00758   0.08259   0.51825   0.05254   0.24868   0.03312   0.23420   0.01303   0.05158   0.02051   0.33465   0.02316   0.05080   0.07767   0.02893   0.12094   0.12190   7.91545   1.71316   1.26209   1.77889   0.67771  
 32  1.1178   2230.852566  x:  0.10687   0.00000   0.17718   0.03174   0.03010   0.02826   0.05439   0.00731   0.06684   0.49630   0.05887   0.25120   0.03041   0.22474   0.01189   0.04813   0.01969   0.34588   0.02645   0.05067   0.08085   0.02688   0.12513   0.12547   8.26791   1.61787   1.21981   1.70382   0.69170  
 33  0.4095   2230.256573  x:  0.10688   0.00000   0.17692   0.04436   0.03072   0.02632   0.05739   0.00695   0.05801   0.46606   0.06059   0.25066   0.02983   0.21547   0.01182   0.04547   0.01931   0.34558   0.02755   0.05048   0.08281   0.02367   0.12534   0.12548   8.13496   1.56955   1.19821   1.66169   0.69751  
 34  0.3018   2229.738815  x:  0.10774   0.00000   0.17728   0.04197   0.02974   0.02409   0.05939   0.00567   0.06173   0.46083   0.06187   0.25136   0.03151   0.22113   0.01091   0.04243   0.01803   0.33969   0.02310   0.05067   0.08408   0.01450   0.12690   0.12634   7.93304   1.58325   1.21161   1.65854   0.70815  
 35  0.1588   2229.460269  x:  0.10447   0.00000   0.17638   0.03891   0.02762   0.02201   0.05582   0.00572   0.06554   0.46226   0.05937   0.24869   0.03152   0.21650   0.01025   0.04041   0.01739   0.32860   0.02835   0.05019   0.08328   0.01405   0.12381   0.12307   7.65162   1.59832   1.19847   1.67805   0.69868  
 36  0.1319   2229.248032  x:  0.10393   0.00000   0.17604   0.03702   0.02733   0.02644   0.05467   0.00582   0.06323   0.45873   0.05880   0.24612   0.03113   0.21356   0.01083   0.04600   0.01822   0.32706   0.02815   0.05022   0.08326   0.01251   0.12201   0.12253   7.31793   1.60739   1.21106   1.68288   0.68753  
 37  0.2587   2229.120717  x:  0.10491   0.00000   0.17607   0.03720   0.02849   0.02731   0.05529   0.00592   0.06346   0.44903   0.05966   0.24606   0.03100   0.21429   0.00943   0.04406   0.01723   0.33170   0.02842   0.05080   0.08355   0.01605   0.12336   0.12351   7.06943   1.60442   1.21858   1.67993   0.68428  
 38  0.2405   2229.088253  x:  0.10494   0.00000   0.17734   0.03681   0.02918   0.02639   0.05657   0.00578   0.06294   0.44712   0.06032   0.24687   0.03126   0.21441   0.00936   0.04386   0.01707   0.33163   0.02726   0.05069   0.08368   0.01513   0.12382   0.12354   6.97854   1.58632   1.20277   1.66546   0.68869  
 39  0.0891   2229.076278  x:  0.10445   0.00000   0.17784   0.03663   0.02949   0.02527   0.05675   0.00590   0.06303   0.44864   0.06018   0.24693   0.03139   0.21392   0.00983   0.04427   0.01737   0.33012   0.02641   0.05048   0.08334   0.01539   0.12326   0.12304   6.97929   1.59454   1.20919   1.66855   0.69088  
 40  0.0067   2229.073544  x:  0.10459   0.00000   0.17695   0.03658   0.02952   0.02527   0.05647   0.00599   0.06330   0.44789   0.06006   0.24649   0.03130   0.21412   0.01017   0.04398   0.01766   0.33043   0.02629   0.05056   0.08329   0.01550   0.12325   0.12319   6.95811   1.59240   1.20669   1.66870   0.68916  
 41  0.0165   2229.073247  x:  0.10468   0.00000   0.17706   0.03654   0.02945   0.02522   0.05642   0.00599   0.06302   0.44783   0.06005   0.24670   0.03129   0.21401   0.01019   0.04382   0.01769   0.33061   0.02628   0.05056   0.08340   0.01547   0.12336   0.12328   6.95382   1.59347   1.20790   1.66975   0.68880  
 42  0.0049   2229.073205  x:  0.10466   0.00000   0.17717   0.03659   0.02940   0.02524   0.05643   0.00600   0.06306   0.44796   0.06007   0.24684   0.03129   0.21402   0.01021   0.04380   0.01773   0.33061   0.02627   0.05053   0.08343   0.01546   0.12339   0.12326   6.95559   1.59310   1.20776   1.66930   0.68882  
 43  0.0014   2229.073164  x:  0.10463   0.00000   0.17714   0.03656   0.02935   0.02523   0.05643   0.00602   0.06304   0.44784   0.06012   0.24687   0.03128   0.21412   0.01018   0.04382   0.01777   0.33064   0.02625   0.05054   0.08342   0.01545   0.12335   0.12323   6.95646   1.59336   1.20765   1.66959   0.68895  
 44  0.0003   2229.073131  x:  0.10466   0.00000   0.17713   0.03658   0.02934   0.02522   0.05642   0.00604   0.06307   0.44788   0.06011   0.24680   0.03129   0.21400   0.01014   0.04383   0.01779   0.33067   0.02626   0.05055   0.08341   0.01546   0.12336   0.12326   6.95411   1.59327   1.20784   1.66944   0.68896  
 45  0.0012   2229.073115  x:  0.10467   0.00000   0.17716   0.03658   0.02938   0.02522   0.05643   0.00605   0.06304   0.44790   0.06008   0.24677   0.03129   0.21407   0.01013   0.04382   0.01780   0.33059   0.02625   0.05054   0.08342   0.01547   0.12338   0.12327   6.95553   1.59313   1.20775   1.66938   0.68888  
 46  0.0009   2229.073109  x:  0.10465   0.00000   0.17713   0.03658   0.02940   0.02522   0.05643   0.00606   0.06305   0.44795   0.06008   0.24681   0.03129   0.21404   0.01013   0.04381   0.01780   0.33065   0.02625   0.05054   0.08342   0.01545   0.12338   0.12325   6.95563   1.59327   1.20775   1.66949   0.68886  
 47  0.0001   2229.073104  x:  0.10465   0.00000   0.17714   0.03657   0.02941   0.02522   0.05642   0.00607   0.06305   0.44793   0.06008   0.24684   0.03129   0.21407   0.01014   0.04382   0.01779   0.33062   0.02627   0.05055   0.08342   0.01544   0.12336   0.12326   6.95476   1.59324   1.20780   1.66940   0.68887  
 48  0.0003   2229.073100  x:  0.10466   0.00000   0.17715   0.03658   0.02940   0.02523   0.05642   0.00608   0.06305   0.44792   0.06009   0.24682   0.03129   0.21404   0.01014   0.04382   0.01777   0.33064   0.02626   0.05054   0.08342   0.01545   0.12337   0.12326   6.95543   1.59323   1.20776   1.66947   0.68892  
 49  0.0004   2229.073099  x:  0.10466   0.00000   0.17714   0.03658   0.02939   0.02522   0.05643   0.00608   0.06305   0.44793   0.06009   0.24681   0.03128   0.21406   0.01014   0.04382   0.01777   0.33064   0.02626   0.05054   0.08342   0.01544   0.12338   0.12326   6.95538   1.59323   1.20777   1.66945   0.68890  
 50  0.0001   2229.073099  x:  0.10466   0.00000   0.17714   0.03658   0.02939   0.02522   0.05643   0.00608   0.06305   0.44793   0.06008   0.24681   0.03129   0.21405   0.01014   0.04382   0.01777   0.33064   0.02626   0.05054   0.08342   0.01544   0.12338   0.12326   6.95539   1.59323   1.20776   1.66944   0.68889  
 51  0.0000   2229.073099  x:  0.10466   0.00000   0.17714   0.03658   0.02939   0.02522   0.05643   0.00608   0.06305   0.44793   0.06008   0.24681   0.03129   0.21405   0.01014   0.04382   0.01777   0.33064   0.02626   0.05054   0.08342   0.01544   0.12338   0.12326   6.95538   1.59323   1.20776   1.66945   0.68888  