

TREE # 1

  0  0.0000   2279.532135  x:  0.00000   0.07427   0.05367   0.02553   0.07301   0.08853   0.04660   0.07734   0.10706   0.04067   0.12497   0.01333   0.05422   0.02132   0.02166   0.07048   0.07781   0.04901   0.07610   0.09258   0.09323   0.11667   0.13350   2.00000   1.53856   1.22222   1.44117   0.40000  
  1 99.0000   2235.825265  x:  0.05428   0.16440   0.02881   0.04953   0.05810   0.08783   0.03042   0.08908   0.10341   0.03429   0.13645   0.00000   0.12332   0.04561   0.05260   0.05851   0.07827   0.05890   0.08471   0.11764   0.07363   0.13157   0.17890   2.00941   1.53664   1.22133   1.44348   0.43209  
  2 591.3208   2222.147527  x:  0.00545   0.19372   0.00580   0.04523   0.04330   0.08979   0.01870   0.09389   0.09647   0.02290   0.14074   0.00000   0.13530   0.03106   0.03856   0.04428   0.07776   0.06143   0.08816   0.13261   0.04368   0.14286   0.21439   2.02594   1.53360   1.22089   1.44635   0.47675  
  3 249.6616   2220.564549  x:  0.00000   0.19733   0.01002   0.04518   0.04203   0.09006   0.01858   0.09435   0.09565   0.02279   0.14137   0.00000   0.13667   0.03004   0.03725   0.04307   0.07770   0.06166   0.08861   0.13439   0.04053   0.14423   0.21895   2.02845   1.53315   1.22083   1.44677   0.48289  
  4 519.8150   2220.564549  x:  0.00000   0.19733   0.01002   0.04518   0.04203   0.09006   0.01858   0.09435   0.09565   0.02279   0.14137   0.00000   0.13667   0.03004   0.03725   0.04307   0.07770   0.06166   0.08861   0.13439   0.04053   0.14423   0.21895   2.02845   1.53315   1.22083   1.44677   0.48289  
  5 148.8677   2218.060750  x:  0.01118   0.20724   0.03292   0.04965   0.04429   0.09048   0.02710   0.09460   0.09453   0.03087   0.14419   0.00000   0.14183   0.03695   0.04142   0.04556   0.07768   0.06187   0.08977   0.13729   0.04116   0.14665   0.22833   2.03567   1.53191   1.22065   1.44796   0.49667  
  6 185.7688   2210.085158  x:  0.00000   0.26159   0.01842   0.05844   0.05065   0.09068   0.03198   0.09727   0.08815   0.03213   0.15500   0.00000   0.16928   0.05578   0.05464   0.05256   0.07741   0.06266   0.09521   0.15264   0.04004   0.15909   0.28260   2.08424   1.52374   1.21996   1.45522   0.58450  
  7 143.9190   2207.098583  x:  0.00712   0.28052   0.02436   0.05014   0.04194   0.08972   0.01614   0.09658   0.08895   0.02418   0.15768   0.00000   0.17408   0.03714   0.04130   0.04240   0.07717   0.06171   0.09258   0.15256   0.03663   0.16025   0.30207   2.12184   1.51802   1.22041   1.45953   0.63262  
  8 149.4125   2205.797448  x:  0.00341   0.28263   0.02483   0.04619   0.03923   0.09025   0.02863   0.09426   0.09141   0.02584   0.15507   0.00000   0.16977   0.02388   0.03255   0.03932   0.07730   0.06112   0.08980   0.14819   0.03996   0.15670   0.30539   2.15178   1.51389   1.22118   1.46226   0.65987  
  9 139.0865   2201.683109  x:  0.00331   0.26160   0.02653   0.03439   0.04145   0.08798   0.02164   0.08882   0.10268   0.03321   0.13649   0.00000   0.13463   0.03211   0.03286   0.04964   0.07842   0.06006   0.08014   0.12411   0.06112   0.13293   0.29088   2.28858   1.49646   1.22545   1.47266   0.75249  
 10 144.1614   2198.990838  x:  0.02125   0.23696   0.01845   0.05428   0.04441   0.08746   0.02559   0.09030   0.10437   0.02466   0.12812   0.00000   0.11803   0.03038   0.04278   0.04566   0.07828   0.06071   0.08271   0.11757   0.05257   0.12380   0.27091   2.40131   1.48336   1.22895   1.48013   0.81103  
 11 247.4383   2195.879750  x:  0.00665   0.20490   0.02661   0.05893   0.04307   0.08996   0.02211   0.09436   0.09691   0.03071   0.12688   0.00000   0.12372   0.03325   0.04403   0.04001   0.07751   0.06195   0.09116   0.12768   0.03093   0.13041   0.24148   2.53305   1.47037   1.23262   1.48729   0.85572  
 12 215.4731   2193.186492  x:  0.01702   0.18019   0.02180   0.04740   0.04112   0.09349   0.02652   0.09577   0.08712   0.02683   0.13880   0.00000   0.14599   0.03842   0.03610   0.04381   0.07692   0.06224   0.09725   0.14353   0.04365   0.14836   0.21314   2.67860   1.45898   1.23590   1.49368   0.87890  
 13 227.4347   2187.750976  x:  0.01042   0.20390   0.02320   0.05156   0.06194   0.08183   0.01920   0.09006   0.10492   0.03269   0.16499   0.00000   0.15794   0.01484   0.05436   0.05469   0.07834   0.05892   0.08267   0.14435   0.05045   0.16523   0.20533   3.01047   1.44557   1.23990   1.50167   0.83746  
 14 131.5351   2179.964196  x:  0.00178   0.25186   0.02431   0.05222   0.04882   0.07651   0.03007   0.08290   0.12546   0.01690   0.18936   0.00000   0.15751   0.04281   0.04529   0.03826   0.07990   0.05670   0.05999   0.13659   0.03876   0.17331   0.22041   3.54832   1.42817   1.24472   1.51262   0.75054  
 15 677.5219   2176.055865  x:  0.00882   0.27474   0.01361   0.05290   0.03220   0.08631   0.02804   0.08974   0.11782   0.03976   0.18850   0.00000   0.15116   0.04512   0.03729   0.03986   0.07952   0.06104   0.08195   0.13313   0.03494   0.16735   0.24368   3.82778   1.42283   1.24502   1.51724   0.69945  
 16 609.4423   2173.259335  x:  0.00226   0.28342   0.02165   0.05135   0.04338   0.09888   0.02760   0.09913   0.09457   0.02370   0.17183   0.00000   0.14614   0.04091   0.03368   0.04411   0.07756   0.06495   0.10671   0.13568   0.04256   0.15536   0.27110   4.01386   1.42409   1.24246   1.51888   0.66305  
 17 362.9422   2172.618210  x:  0.00343   0.27724   0.02132   0.04914   0.03964   0.09411   0.02789   0.09596   0.08301   0.02529   0.15550   0.00000   0.15205   0.03788   0.04224   0.04000   0.07669   0.06066   0.09786   0.14316   0.04564   0.15030   0.28511   4.05769   1.43164   1.23779   1.51685   0.65449  
 18 68.5871   2172.373853  x:  0.00550   0.27137   0.02031   0.05074   0.04234   0.09163   0.02743   0.09518   0.08460   0.02633   0.14684   0.00000   0.15694   0.03765   0.03716   0.04551   0.07760   0.06143   0.09231   0.14679   0.04275   0.14888   0.29345   4.07497   1.43937   1.23323   1.51450   0.65180  
 19 46.2074   2172.228654  x:  0.00484   0.26477   0.02095   0.05119   0.04042   0.09292   0.02728   0.09639   0.09343   0.02556   0.14458   0.00000   0.16027   0.03722   0.03919   0.04432   0.07830   0.06377   0.09403   0.14736   0.04477   0.14991   0.30009   4.08617   1.45211   1.22601   1.51040   0.65167  
 20 22.2782   2172.081985  x:  0.00573   0.25973   0.02001   0.04884   0.04476   0.09370   0.02755   0.09602   0.09363   0.02712   0.14935   0.00000   0.15940   0.03810   0.03919   0.04104   0.07701   0.06087   0.09464   0.14384   0.04332   0.15154   0.30463   4.09810   1.47327   1.21458   1.50333   0.65339  
 21 22.3053   2171.939909  x:  0.00458   0.25758   0.02079   0.05007   0.04119   0.09255   0.02778   0.09525   0.08993   0.02555   0.15492   0.00000   0.15710   0.03753   0.03964   0.04519   0.07692   0.06019   0.09412   0.14057   0.04259   0.15312   0.30574   4.10993   1.49672   1.20238   1.49545   0.65587  
 22 43.2638   2171.867294  x:  0.00413   0.26100   0.02078   0.05202   0.04165   0.09175   0.02712   0.09595   0.08809   0.02642   0.15442   0.00000   0.15562   0.03780   0.03824   0.04320   0.07850   0.06421   0.09316   0.14264   0.04456   0.15276   0.30175   4.11634   1.51056   1.19616   1.49090   0.65770  
 23 20.0190   2171.804518  x:  0.00513   0.26688   0.02047   0.04938   0.04160   0.09275   0.02789   0.09647   0.08938   0.02578   0.15066   0.00000   0.15509   0.03774   0.03911   0.04405   0.07791   0.06332   0.09418   0.14609   0.04291   0.15130   0.29563   4.12210   1.52291   1.19191   1.48703   0.65958  
 24 18.2866   2171.788532  x:  0.00478   0.26805   0.02060   0.05088   0.04140   0.09284   0.02748   0.09651   0.08972   0.02589   0.14941   0.00000   0.15627   0.03794   0.03826   0.04379   0.07709   0.06100   0.09484   0.14556   0.04380   0.15096   0.29422   4.12375   1.52555   1.19235   1.48652   0.66012  
 25  5.9896   2171.712477  x:  0.00498   0.26985   0.02047   0.05061   0.04176   0.09325   0.02752   0.09432   0.08856   0.02570   0.14639   0.00000   0.16307   0.03820   0.03901   0.04336   0.07857   0.06287   0.09618   0.13793   0.04280   0.14967   0.29171   4.13254   1.53478   1.20224   1.48698   0.66293  
 26  4.5993   2171.014592  x:  0.00400   0.26683   0.01996   0.04993   0.04155   0.09379   0.02768   0.10879   0.08826   0.02657   0.15158   0.00000   0.16338   0.03776   0.03991   0.04460   0.07161   0.06476   0.09078   0.14137   0.04273   0.14447   0.29506   4.21817   1.60974   1.30825   1.50540   0.68962  
 27 13.8746   2170.600256  x:  0.00334   0.26474   0.01993   0.05087   0.04220   0.09182   0.02669   0.09654   0.08926   0.02641   0.15175   0.00000   0.15626   0.03827   0.03885   0.04449   0.08285   0.06036   0.09712   0.14936   0.04311   0.14954   0.29845   4.26783   1.64953   1.36180   1.52256   0.70457  
 28 68.3225   2170.305407  x:  0.00303   0.26474   0.01972   0.05255   0.04245   0.09665   0.02535   0.08709   0.08876   0.02675   0.14753   0.00000   0.15209   0.03830   0.03880   0.04484   0.07195   0.06485   0.09681   0.14994   0.04333   0.15917   0.29904   4.30229   1.66813   1.37602   1.55089   0.71379  
 29 21.4401   2168.900767  x:  0.00175   0.26514   0.01847   0.05121   0.04277   0.10061   0.02510   0.10426   0.08491   0.02740   0.13699   0.00000   0.14913   0.03837   0.04114   0.04555   0.08301   0.05945   0.09165   0.14249   0.04158   0.17737   0.29696   4.47656   1.74305   1.40175   1.72279   0.75837  
 30 51.3709   2168.005641  x:  0.00000   0.26316   0.01813   0.05034   0.04321   0.08767   0.02533   0.09912   0.08634   0.02703   0.14592   0.00000   0.15652   0.03937   0.04027   0.04513   0.07773   0.06172   0.09933   0.14742   0.04048   0.15621   0.29537   4.56942   1.77763   1.40861   1.81154   0.78185  
 31 101.2287   2167.892996  x:  0.00000   0.26259   0.01802   0.05205   0.04313   0.09677   0.02417   0.09603   0.08615   0.02741   0.14936   0.00000   0.15877   0.03892   0.04069   0.04561   0.07980   0.06101   0.09619   0.14955   0.04052   0.14968   0.29512   4.58374   1.77853   1.40704   1.81833   0.78554  
 32 19.0630   2163.416946  x:  0.00000   0.25570   0.01548   0.05129   0.04602   0.09583   0.02185   0.09998   0.08432   0.02896   0.14256   0.00000   0.16406   0.03864   0.04433   0.04735   0.07770   0.06214   0.09834   0.15066   0.03897   0.15428   0.30652   5.14401   1.43874   1.16258   1.47190   0.93300  
 33  8.3786   2163.400077  x:  0.00200   0.25567   0.01547   0.05129   0.04604   0.09582   0.02184   0.09999   0.08431   0.02897   0.14253   0.00000   0.16408   0.03864   0.04435   0.04736   0.07769   0.06214   0.09835   0.15067   0.03897   0.15430   0.30657   5.14674   1.43714   1.16142   1.47026   0.93370  
 34 37.6030   2160.833866  x:  0.00000   0.27976   0.01821   0.05162   0.04409   0.08691   0.02322   0.09226   0.09490   0.03088   0.16067   0.00000   0.16171   0.03915   0.04535   0.04728   0.07792   0.06178   0.09440   0.14870   0.04013   0.15501   0.29349   6.23658   1.59887   1.29340   1.62191   1.00692  
 35  0.6366   2160.118220  x:  0.00000   0.27600   0.01751   0.05169   0.04465   0.09278   0.02480   0.09631   0.09135   0.02603   0.15386   0.00000   0.16111   0.03550   0.04283   0.04514   0.07773   0.06185   0.09039   0.14746   0.04169   0.15610   0.30066   6.85910   1.50691   1.21614   1.52520   1.01623  
 36  0.3625   2160.117920  x:  0.00029   0.27599   0.01751   0.05169   0.04465   0.09278   0.02480   0.09632   0.09135   0.02602   0.15385   0.00000   0.16111   0.03550   0.04283   0.04514   0.07773   0.06185   0.09039   0.14746   0.04170   0.15610   0.30067   6.85960   1.50684   1.21609   1.52512   1.01623  
 37  4.2407   2159.939461  x:  0.00000   0.27320   0.01741   0.05181   0.04539   0.09105   0.02436   0.09551   0.09141   0.02762   0.15373   0.00000   0.16126   0.03564   0.04376   0.04644   0.07802   0.06153   0.09146   0.14740   0.04180   0.15612   0.29755   7.04423   1.52031   1.22481   1.55000   0.99251  
 38  0.1660   2159.880884  x:  0.00000   0.27036   0.01734   0.05181   0.04524   0.09066   0.02396   0.09526   0.09147   0.02810   0.15441   0.00000   0.16122   0.03584   0.04393   0.04671   0.07811   0.06169   0.09273   0.14802   0.04127   0.15645   0.29454   7.20732   1.52620   1.23194   1.55778   0.96273  
 39  0.1621   2159.880203  x:  0.00000   0.27021   0.01733   0.05176   0.04502   0.09085   0.02398   0.09531   0.09153   0.02801   0.15452   0.00000   0.16137   0.03602   0.04391   0.04648   0.07800   0.06170   0.09255   0.14820   0.04122   0.15628   0.29430   7.20313   1.52311   1.22909   1.55522   0.96161  
 40  0.0051   2159.880164  x:  0.00000   0.27018   0.01732   0.05177   0.04502   0.09085   0.02398   0.09531   0.09151   0.02797   0.15453   0.00000   0.16137   0.03611   0.04391   0.04647   0.07802   0.06170   0.09257   0.14820   0.04121   0.15635   0.29433   7.19892   1.52344   1.22958   1.55516   0.96141  
 41  0.0035   2159.880162  x:  0.00000   0.27017   0.01733   0.05177   0.04503   0.09084   0.02397   0.09531   0.09151   0.02797   0.15452   0.00000   0.16137   0.03613   0.04392   0.04648   0.07802   0.06170   0.09256   0.14819   0.04121   0.15634   0.29433   7.19856   1.52344   1.22953   1.55527   0.96139  
 42  0.0003   2159.880162  x:  0.00000   0.27018   0.01732   0.05177   0.04503   0.09084   0.02397   0.09531   0.09151   0.02797   0.15452   0.00000   0.16137   0.03613   0.04392   0.04648   0.07802   0.06170   0.09256   0.14819   0.04121   0.15634   0.29433   7.19880   1.52343   1.22953   1.55526   0.96140  
 43  0.0002   2159.880162  x:  0.00000   0.27018   0.01733   0.05177   0.04502   0.09084   0.02397   0.09531   0.09151   0.02797   0.15452   0.00000   0.16137   0.03613   0.04392   0.04648   0.07802   0.06170   0.09256   0.14819   0.04121   0.15634   0.29433   7.19883   1.52344   1.22953   1.55526   0.96140  

TREE # 2

  0  0.0000   2185.188115  x:  0.23712   0.00000   0.18593   0.06405   0.05834   0.01984   0.14007   0.01264   0.07685   0.04057   0.06303   0.07586   0.02073   0.17662   0.11158   0.04625   0.01302   0.09033   0.03527   0.08742   0.04902   0.06546   0.05071   7.19883   1.40344   1.19180   1.41133   0.96140  
  1 99.0000   2185.186576  x:  0.23712   0.00000   0.18593   0.06405   0.05834   0.01984   0.14007   0.01264   0.07685   0.04057   0.06303   0.07586   0.02073   0.17662   0.11158   0.04625   0.01302   0.09033   0.03528   0.08742   0.04902   0.06546   0.05070   7.19883   1.40344   1.19180   1.41133   0.96140  
  2 404.0028   2177.379100  x:  0.24475   0.00000   0.18305   0.09628   0.05146   0.02868   0.14269   0.00250   0.08316   0.04493   0.06894   0.07122   0.01257   0.17345   0.14616   0.03602   0.01689   0.09188   0.04133   0.09221   0.04664   0.07470   0.03703   7.19889   1.40440   1.19092   1.41194   0.96227  
  3 407.0447   2175.220382  x:  0.24960   0.00000   0.18001   0.10167   0.04760   0.01498   0.14418   0.00449   0.08524   0.04418   0.07085   0.06874   0.00888   0.17059   0.16123   0.03129   0.00839   0.09212   0.04328   0.09373   0.04588   0.07838   0.02989   7.19902   1.40524   1.19061   1.41136   0.96332  
  4 217.7970   2174.824173  x:  0.25381   0.00000   0.17654   0.09692   0.04703   0.01195   0.14500   0.00483   0.08520   0.04252   0.07092   0.06741   0.00794   0.16764   0.16826   0.03159   0.01355   0.09191   0.04439   0.09352   0.04606   0.07962   0.02751   7.19920   1.40608   1.19044   1.41047   0.96445  
  5 81.9512   2174.121787  x:  0.26434   0.00000   0.16768   0.08365   0.04703   0.01639   0.14684   0.00468   0.08443   0.03917   0.07065   0.06470   0.00691   0.16021   0.18301   0.03226   0.01175   0.09106   0.04617   0.09242   0.04667   0.08196   0.02388   7.19968   1.40829   1.19006   1.40803   0.96744  
  6 139.8848   2173.903772  x:  0.27233   0.00000   0.16158   0.08349   0.04895   0.01565   0.14755   0.00472   0.08370   0.04263   0.07029   0.06517   0.01064   0.15541   0.18782   0.03364   0.01132   0.09048   0.04644   0.09062   0.04694   0.08208   0.03044   7.20018   1.41047   1.18970   1.40569   0.97039  
  7 39.9913   2173.724178  x:  0.28329   0.00000   0.15414   0.08696   0.05125   0.01546   0.14780   0.00478   0.08258   0.04278   0.06940   0.06737   0.00741   0.14896   0.18483   0.03372   0.01149   0.09001   0.04270   0.08938   0.04663   0.07863   0.02964   7.20123   1.41469   1.18908   1.40091   0.97633  
  8 26.5617   2173.642328  x:  0.28931   0.00000   0.15188   0.08867   0.04987   0.01570   0.14765   0.00489   0.08313   0.04105   0.06980   0.06720   0.01108   0.14723   0.18158   0.03293   0.01163   0.09033   0.04446   0.09067   0.04669   0.07822   0.02761   7.20220   1.41826   1.18854   1.39677   0.98158  
  9 22.5377   2173.541776  x:  0.29532   0.00000   0.15266   0.08857   0.04753   0.01601   0.14717   0.00495   0.08477   0.04221   0.07109   0.06548   0.00841   0.14745   0.17801   0.03242   0.01173   0.09122   0.04790   0.09272   0.04687   0.08116   0.02906   7.20406   1.42451   1.18751   1.38952   0.99123  
 10 21.7212   2173.331578  x:  0.30195   0.00000   0.16040   0.08853   0.05090   0.01625   0.14640   0.00517   0.08622   0.04447   0.07166   0.06389   0.00965   0.15348   0.17884   0.03400   0.01204   0.09186   0.04307   0.09294   0.04603   0.08546   0.02723   7.20920   1.44025   1.18473   1.37139   1.01655  
 11 26.8867   2173.147411  x:  0.30125   0.00000   0.16555   0.09008   0.05105   0.01674   0.14686   0.00553   0.08455   0.03985   0.07000   0.06680   0.00858   0.15763   0.18306   0.03295   0.01224   0.09124   0.04500   0.09054   0.04711   0.08095   0.03013   7.21440   1.45400   1.18206   1.35577   1.04020  
 12 39.9881   2173.036910  x:  0.29532   0.00000   0.16430   0.08960   0.04850   0.01712   0.14766   0.00566   0.08355   0.04465   0.06993   0.06807   0.00898   0.15698   0.18475   0.03272   0.01246   0.09034   0.04630   0.09040   0.04687   0.07677   0.02834   7.21821   1.46130   1.18027   1.34779   1.05492  
 13 28.7355   2172.848745  x:  0.27921   0.00000   0.15573   0.09170   0.04886   0.01758   0.14936   0.00589   0.08549   0.04270   0.07159   0.06560   0.00969   0.15083   0.18552   0.03344   0.01277   0.08985   0.04434   0.09260   0.04587   0.07985   0.02975   7.22564   1.47037   1.17709   1.33891   1.07878  
 14 26.4264   2172.762239  x:  0.27664   0.00000   0.15451   0.09220   0.05310   0.01744   0.14798   0.00595   0.08527   0.04381   0.06958   0.06658   0.00975   0.14931   0.18532   0.03149   0.01284   0.09248   0.04706   0.09147   0.04947   0.08219   0.02811   7.23044   1.46903   1.17566   1.34242   1.08707  
 15  8.3473   2172.164323  x:  0.27617   0.00000   0.15574   0.09590   0.04841   0.01831   0.13977   0.00663   0.08375   0.04325   0.06692   0.07042   0.00967   0.14640   0.18701   0.03891   0.01253   0.09986   0.04976   0.08201   0.04308   0.08724   0.02583   7.26638   1.44711   1.16708   1.38350   1.13512  
 16 20.6503   2171.295781  x:  0.28009   0.00000   0.15874   0.09655   0.04552   0.01998   0.13883   0.00731   0.08604   0.04367   0.07387   0.06651   0.01033   0.14805   0.19023   0.02836   0.01457   0.09456   0.04249   0.08672   0.04756   0.08185   0.02990   7.31859   1.41460   1.15726   1.44344   1.19738  
 17 89.8575   2171.025235  x:  0.28173   0.00000   0.15912   0.09858   0.05057   0.01984   0.14432   0.00741   0.08746   0.04377   0.07315   0.06437   0.00915   0.15070   0.19139   0.03408   0.01409   0.08878   0.04610   0.09386   0.04739   0.07845   0.02927   7.33589   1.40560   1.15625   1.46082   1.21258  
 18 60.7214   2170.767359  x:  0.28268   0.00000   0.15694   0.09912   0.05017   0.02042   0.15641   0.00759   0.08625   0.04463   0.06612   0.06739   0.00899   0.15537   0.19115   0.02996   0.01484   0.08747   0.04630   0.09553   0.04220   0.08251   0.02952   7.35294   1.40351   1.16233   1.46881   1.21111  
 19 16.7614   2170.060043  x:  0.28374   0.00000   0.15250   0.10411   0.04402   0.02186   0.17673   0.00824   0.08530   0.04511   0.07112   0.07058   0.00796   0.16382   0.19255   0.03587   0.01523   0.09263   0.04404   0.08891   0.05407   0.08741   0.02784   7.40323   1.40649   1.18767   1.48136   1.18673  
 20 34.3661   2167.885557  x:  0.28320   0.00000   0.15234   0.11341   0.05601   0.02500   0.18020   0.01043   0.09135   0.04706   0.09007   0.05903   0.00536   0.16703   0.20121   0.02932   0.01774   0.10372   0.05281   0.07562   0.04018   0.08015   0.02694   7.55396   1.42729   1.26646   1.50854   1.09246  
 21 87.9260   2164.811044  x:  0.28157   0.00000   0.16164   0.12890   0.04810   0.03046   0.14517   0.01439   0.09260   0.04905   0.07362   0.06353   0.00299   0.15503   0.22141   0.03113   0.02111   0.09514   0.04828   0.09764   0.04566   0.08494   0.02985   7.76565   1.46518   1.36977   1.54475   0.94992  
 22 200.5833   2164.549719  x:  0.28133   0.00000   0.16157   0.13040   0.04831   0.03073   0.14346   0.01462   0.09220   0.04931   0.07621   0.06518   0.00268   0.15538   0.22073   0.03000   0.02149   0.08202   0.05073   0.09098   0.04619   0.08989   0.02805   7.78245   1.47920   1.35753   1.55291   0.93225  
 23 19.8849   2163.782949  x:  0.28144   0.00000   0.16075   0.13294   0.04694   0.03161   0.14727   0.01514   0.09266   0.04955   0.07309   0.05924   0.00180   0.15884   0.22343   0.03033   0.02192   0.09015   0.04930   0.09231   0.04646   0.08653   0.02922   7.83129   1.53692   1.28867   1.58547   0.87075  
 24 37.8349   2163.747422  x:  0.28144   0.00000   0.16102   0.13239   0.04767   0.03163   0.14759   0.01516   0.09291   0.04942   0.07575   0.06326   0.00179   0.15859   0.22389   0.03031   0.02194   0.09127   0.04941   0.09429   0.04564   0.08696   0.02933   7.83337   1.53951   1.28509   1.58688   0.86785  
 25 16.9497   2163.718280  x:  0.28153   0.00000   0.16547   0.13286   0.04768   0.03168   0.15048   0.01524   0.09110   0.04946   0.07620   0.06270   0.00212   0.15322   0.22400   0.03022   0.02196   0.09130   0.04951   0.09425   0.04566   0.08741   0.02919   7.82956   1.53542   1.28066   1.58303   0.86785  
 26  1.0210   2163.414144  x:  0.28374   0.00000   0.16762   0.13499   0.04627   0.03246   0.15269   0.01558   0.10679   0.04974   0.07300   0.06521   0.00187   0.14900   0.22917   0.03000   0.02195   0.09075   0.04935   0.09117   0.04641   0.08626   0.02853   7.78238   1.48533   1.23288   1.53699   0.87101  
 27  7.6651   2162.812302  x:  0.28820   0.00000   0.15980   0.14209   0.04577   0.03355   0.14796   0.01722   0.09503   0.04952   0.07662   0.06215   0.00000   0.15579   0.23923   0.02884   0.02197   0.09099   0.05046   0.09456   0.04535   0.08969   0.02715   7.69109   1.39092   1.14307   1.45010   0.87826  
 28 86.6391   2162.812302  x:  0.28820   0.00000   0.15980   0.14209   0.04577   0.03355   0.14796   0.01722   0.09503   0.04952   0.07662   0.06215   0.00000   0.15579   0.23923   0.02884   0.02197   0.09099   0.05046   0.09456   0.04535   0.08969   0.02715   7.69109   1.39092   1.14307   1.45010   0.87826  
 29  2.9838   2161.091773  x:  0.28885   0.00000   0.15953   0.14512   0.04477   0.03636   0.14863   0.04503   0.09565   0.04871   0.07697   0.06223   0.00044   0.15582   0.24240   0.02772   0.01728   0.09116   0.05053   0.09506   0.04516   0.08984   0.02471   7.69099   1.39167   1.14340   1.45042   0.87957  
 30 159.7430   2160.957200  x:  0.28950   0.00000   0.15924   0.14825   0.04277   0.03596   0.14867   0.04516   0.09464   0.04738   0.07735   0.06210   0.00000   0.15579   0.24570   0.02808   0.01758   0.09137   0.05097   0.09537   0.04512   0.09011   0.02422   7.69086   1.39257   1.14372   1.45080   0.88106  
 31 27.7416   2160.827756  x:  0.29135   0.00000   0.15840   0.15478   0.04507   0.03782   0.14856   0.04430   0.09340   0.04900   0.07772   0.06203   0.00000   0.15594   0.25468   0.02615   0.01466   0.09145   0.05102   0.09532   0.04524   0.09067   0.02653   7.69042   1.39584   1.14491   1.45219   0.88616  
 32 33.1593   2160.768216  x:  0.29247   0.00000   0.15784   0.15708   0.04776   0.03858   0.14844   0.04455   0.09362   0.05092   0.07754   0.06207   0.00000   0.15600   0.25982   0.02668   0.01747   0.09131   0.05058   0.09513   0.04525   0.09060   0.02663   7.69007   1.39843   1.14589   1.45329   0.89006  
 33 34.6012   2160.712633  x:  0.29376   0.00000   0.15709   0.15565   0.04916   0.03629   0.14820   0.04424   0.09543   0.05194   0.07669   0.06219   0.00000   0.15577   0.26459   0.02767   0.01630   0.09072   0.04936   0.09480   0.04513   0.08967   0.02377   7.68941   1.40318   1.14782   1.45532   0.89696  
 34 17.8035   2160.627508  x:  0.29577   0.00000   0.15597   0.15006   0.04820   0.03367   0.14810   0.04469   0.09815   0.05092   0.07568   0.06237   0.00000   0.15508   0.27035   0.02704   0.01669   0.09015   0.05011   0.09410   0.04536   0.08889   0.02696   7.68797   1.41343   1.15224   1.45980   0.91153  
 35 27.2109   2160.533092  x:  0.29722   0.00000   0.15569   0.14454   0.04669   0.03930   0.14850   0.04399   0.09773   0.04931   0.07651   0.06241   0.00000   0.15448   0.27226   0.02594   0.01685   0.09052   0.05084   0.09470   0.04512   0.08909   0.02529   7.68592   1.42750   1.15867   1.46624   0.93083  
 36 31.3501   2160.419984  x:  0.29662   0.00000   0.15765   0.14546   0.04720   0.03891   0.14845   0.04434   0.09414   0.05053   0.07835   0.06197   0.00000   0.15515   0.26630   0.03055   0.01560   0.09156   0.05048   0.09541   0.04528   0.09127   0.02656   7.68285   1.44748   1.16864   1.47627   0.95665  
 37 28.6893   2160.328571  x:  0.29538   0.00000   0.15926   0.14866   0.04781   0.03619   0.14832   0.04465   0.09235   0.05132   0.07856   0.06166   0.00000   0.15596   0.25981   0.02662   0.01669   0.09199   0.04987   0.09551   0.04522   0.09184   0.02552   7.68024   1.46368   1.17717   1.48491   0.97671  
 38 61.9446   2160.299941  x:  0.29408   0.00000   0.15879   0.15165   0.04777   0.03722   0.14851   0.04439   0.09514   0.05037   0.07634   0.06209   0.00000   0.15612   0.25706   0.02707   0.01652   0.09075   0.05094   0.09450   0.04515   0.08957   0.02558   7.67907   1.46945   1.18114   1.48922   0.98197  
 39 14.0452   2160.285934  x:  0.29249   0.00000   0.15721   0.15237   0.04665   0.03769   0.14832   0.04427   0.09701   0.05082   0.07736   0.06270   0.00000   0.15575   0.25678   0.02705   0.01660   0.09084   0.04900   0.09454   0.04530   0.09008   0.02594   7.67777   1.47317   1.18549   1.49455   0.98153  
 40  5.0692   2160.275443  x:  0.29161   0.00000   0.15653   0.15237   0.04681   0.03762   0.14818   0.04426   0.09718   0.05074   0.07763   0.06249   0.00163   0.15557   0.25693   0.02705   0.01658   0.09102   0.04936   0.09479   0.04527   0.09029   0.02585   7.67684   1.47559   1.18854   1.49840   0.98056  
 41 14.3890   2160.230350  x:  0.28700   0.00000   0.15322   0.15215   0.04801   0.03709   0.14747   0.04427   0.09711   0.05016   0.07845   0.06121   0.00052   0.15372   0.25797   0.02708   0.01648   0.09195   0.05160   0.09592   0.04507   0.09116   0.02530   7.67136   1.48950   1.20620   1.52080   0.97455  
 42 33.4775   2160.182491  x:  0.28634   0.00000   0.15564   0.15108   0.04705   0.03735   0.14787   0.04445   0.09337   0.05046   0.07576   0.06217   0.00042   0.15396   0.25963   0.02715   0.01657   0.09068   0.05010   0.09383   0.04523   0.08987   0.02551   7.66512   1.50464   1.22477   1.54522   0.96654  
 43 25.0012   2160.160596  x:  0.28983   0.00000   0.15904   0.15117   0.04681   0.03730   0.14862   0.04430   0.09514   0.05066   0.07742   0.06265   0.00000   0.15593   0.25979   0.02712   0.01654   0.09071   0.05105   0.09435   0.04511   0.08988   0.02531   7.66181   1.51232   1.23241   1.55657   0.96223  
 44 14.0568   2160.156276  x:  0.29156   0.00000   0.15886   0.15131   0.04706   0.03740   0.14853   0.04428   0.09546   0.04999   0.07691   0.06156   0.00000   0.15629   0.25947   0.02716   0.01656   0.09102   0.05042   0.09455   0.04521   0.09037   0.02540   7.66081   1.51440   1.23334   1.55877   0.96109  
 45  5.3957   2160.152163  x:  0.29393   0.00000   0.15728   0.15148   0.04681   0.03734   0.14803   0.04431   0.09508   0.05049   0.07660   0.06210   0.00000   0.15600   0.25880   0.02716   0.01655   0.09115   0.05074   0.09455   0.04508   0.09038   0.02534   7.65925   1.51730   1.23308   1.56058   0.95966  
 46  3.3641   2160.149888  x:  0.29422   0.00000   0.15708   0.15157   0.04720   0.03725   0.14810   0.04433   0.09483   0.04992   0.07732   0.06224   0.00000   0.15541   0.25871   0.02716   0.01657   0.09070   0.05055   0.09424   0.04540   0.08996   0.02537   7.65774   1.51958   1.23199   1.56120   0.95866  
 47  2.1817   2160.145112  x:  0.29340   0.00000   0.15768   0.15168   0.04676   0.03729   0.14851   0.04432   0.09494   0.05037   0.07735   0.06150   0.00000   0.15459   0.25904   0.02715   0.01658   0.09055   0.05056   0.09427   0.04464   0.08983   0.02544   7.65381   1.52486   1.22903   1.56210   0.95648  
 48  4.1407   2160.142259  x:  0.29260   0.00000   0.15803   0.15169   0.04663   0.03733   0.14856   0.04430   0.09509   0.05040   0.07684   0.06186   0.00000   0.15484   0.25935   0.02715   0.01658   0.09098   0.05069   0.09457   0.04550   0.09020   0.02535   7.65112   1.52792   1.22733   1.56254   0.95524  
 49  6.3139   2160.140766  x:  0.29214   0.00000   0.15797   0.15165   0.04680   0.03733   0.14831   0.04430   0.09506   0.04998   0.07673   0.06236   0.00000   0.15567   0.25953   0.02717   0.01658   0.09118   0.05060   0.09460   0.04500   0.09040   0.02538   7.64935   1.52914   1.22678   1.56262   0.95475  
 50  2.9909   2160.138003  x:  0.29169   0.00000   0.15748   0.15158   0.04648   0.03739   0.14767   0.04431   0.09486   0.05018   0.07714   0.06178   0.00000   0.15735   0.25977   0.02717   0.01659   0.09079   0.05073   0.09429   0.04522   0.09001   0.02534   7.64521   1.53022   1.22668   1.56238   0.95435  
 51  2.2190   2160.011101  x:  0.29393   0.00000   0.15661   0.15611   0.04374   0.03669   0.14937   0.04348   0.09340   0.04826   0.07716   0.06216   0.00000   0.15613   0.26529   0.02754   0.01700   0.08862   0.05071   0.09920   0.04511   0.08989   0.02516   7.43427   1.54002   1.24375   1.53876   0.95083  
 52  3.7682   2159.977945  x:  0.29454   0.00000   0.15694   0.15741   0.04295   0.03664   0.14897   0.04324   0.09367   0.04774   0.07789   0.06182   0.00000   0.15508   0.26673   0.02772   0.01700   0.09230   0.05147   0.09468   0.04516   0.09035   0.02452   7.37895   1.54124   1.24674   1.53447   0.95063  
 53 57.9623   2159.939533  x:  0.29460   0.00000   0.15769   0.15884   0.04189   0.03674   0.14600   0.04302   0.09389   0.04693   0.07770   0.06193   0.00000   0.15397   0.26810   0.02773   0.01715   0.08922   0.05250   0.09317   0.04513   0.09405   0.02378   7.31376   1.53536   1.24105   1.54185   0.95459  
 54 12.8865   2159.887162  x:  0.29448   0.00000   0.15724   0.16059   0.04053   0.03649   0.14595   0.04276   0.09276   0.04611   0.07801   0.06175   0.00000   0.15401   0.26992   0.02792   0.01729   0.09166   0.05166   0.09575   0.04503   0.09035   0.02415   7.22473   1.52569   1.23123   1.55476   0.96091  
 55 50.6802   2159.883695  x:  0.29444   0.00000   0.15645   0.16066   0.04049   0.03632   0.14824   0.04271   0.09258   0.04616   0.07802   0.06174   0.00000   0.15462   0.27000   0.02793   0.01730   0.09144   0.05182   0.09534   0.04503   0.09081   0.02403   7.21876   1.52501   1.23050   1.55577   0.96137  
 56  6.3142   2159.880665  x:  0.29444   0.00000   0.15638   0.16106   0.04079   0.03625   0.14822   0.04412   0.09250   0.04625   0.07804   0.06172   0.00000   0.15457   0.27025   0.02794   0.01727   0.09148   0.05182   0.09534   0.04502   0.09083   0.02395   7.20535   1.52436   1.23009   1.55554   0.96148  
 57  0.0311   2159.880168  x:  0.29436   0.00000   0.15634   0.16130   0.04124   0.03613   0.14819   0.04392   0.09255   0.04646   0.07803   0.06170   0.00000   0.15451   0.27023   0.02797   0.01731   0.09151   0.05178   0.09531   0.04502   0.09084   0.02397   7.19890   1.52355   1.22959   1.55536   0.96153  
 58  0.0087   2159.880162  x:  0.29433   0.00000   0.15634   0.16136   0.04121   0.03613   0.14819   0.04392   0.09256   0.04648   0.07802   0.06170   0.00000   0.15452   0.27018   0.02797   0.01732   0.09151   0.05177   0.09531   0.04502   0.09084   0.02398   7.19876   1.52345   1.22954   1.55527   0.96142  
 59  0.0002   2159.880162  x:  0.29433   0.00000   0.15634   0.16137   0.04121   0.03613   0.14819   0.04392   0.09256   0.04648   0.07802   0.06170   0.00000   0.15452   0.27018   0.02797   0.01733   0.09151   0.05177   0.09531   0.04502   0.09084   0.02397   7.19883   1.52344   1.22953   1.55526   0.96140  
 60  0.0001   2159.880162  x:  0.29433   0.00000   0.15634   0.16137   0.04121   0.03613   0.14819   0.04392   0.09256   0.04648   0.07802   0.06170   0.00000   0.15452   0.27018   0.02797   0.01733   0.09151   0.05177   0.09531   0.04502   0.09084   0.02397   7.19883   1.52344   1.22953   1.55526   0.96140  