

TREE # 1

  0  0.0000   2233.135392  x:  0.00000   0.02813   0.07720   0.02796   0.09353   0.09797   0.04746   0.05989   0.10050   0.03021   0.10151   0.02459   0.03907   0.02061   0.03010   0.07802   0.08141   0.03898   0.07302   0.05867   0.09839   0.08260   0.06456   2.00000   1.34072   1.08713   1.47639   0.40000  
  1 99.0000   2233.123494  x:  0.00000   0.02814   0.07720   0.02796   0.09353   0.09797   0.04746   0.05989   0.10050   0.03021   0.10151   0.02459   0.03908   0.02061   0.03010   0.07802   0.08141   0.03898   0.07302   0.05868   0.09839   0.08260   0.06456   2.00000   1.34072   1.08713   1.47639   0.40000  
  2 1376.7170   2217.457318  x:  0.00000   0.01449   0.06850   0.03565   0.08506   0.09746   0.04361   0.06537   0.10156   0.02467   0.10561   0.01220   0.07074   0.01990   0.04046   0.06593   0.08406   0.03732   0.07584   0.07125   0.08743   0.09091   0.08984   2.00398   1.34050   1.08617   1.47697   0.40830  
  3 697.5997   2208.108478  x:  0.00000   0.01453   0.06029   0.03972   0.07710   0.09702   0.04064   0.06954   0.10235   0.02047   0.10844   0.00000   0.06416   0.01843   0.04564   0.05449   0.08625   0.03604   0.07766   0.07854   0.07685   0.09614   0.09872   2.00777   1.34025   1.08522   1.47741   0.41574  
  4 491.0387   2192.312537  x:  0.00000   0.01323   0.02207   0.03336   0.03995   0.09572   0.03945   0.07674   0.10496   0.03023   0.13107   0.00000   0.06410   0.02681   0.03381   0.00000   0.09167   0.03575   0.07718   0.07555   0.02763   0.11775   0.09629   2.02799   1.33982   1.07974   1.48009   0.44829  
  5 464.2269   2190.667376  x:  0.00000   0.01295   0.01355   0.03225   0.03021   0.09542   0.03955   0.07834   0.10587   0.03157   0.13715   0.00000   0.06385   0.02843   0.03273   0.00455   0.09316   0.03643   0.07726   0.07391   0.01501   0.12301   0.09594   2.03414   1.33974   1.07806   1.48093   0.45742  
  6 343.2447   2188.851499  x:  0.00000   0.01259   0.02445   0.03347   0.01820   0.09526   0.04318   0.07838   0.10863   0.02835   0.14942   0.00000   0.06334   0.02837   0.03972   0.00447   0.09400   0.03818   0.07677   0.06330   0.00865   0.12977   0.09498   2.05084   1.33990   1.07332   1.48334   0.47739  
  7 144.3153   2185.778127  x:  0.00000   0.01145   0.02006   0.03444   0.01486   0.09503   0.05111   0.07843   0.11476   0.02299   0.18238   0.00000   0.05940   0.02829   0.04497   0.00556   0.09550   0.04095   0.07482   0.04472   0.02728   0.14844   0.09976   2.10145   1.34071   1.05903   1.49048   0.53405  
  8 219.8381   2178.257329  x:  0.00000   0.00679   0.05210   0.02628   0.07869   0.09590   0.07784   0.06465   0.12809   0.02995   0.29315   0.00000   0.04280   0.02997   0.02627   0.01210   0.08926   0.04580   0.06335   0.04742   0.02466   0.20468   0.12271   2.29365   1.34582   1.00600   1.51672   0.71956  
  9 365.2277   2173.966682  x:  0.00000   0.00346   0.06473   0.01338   0.08725   0.09569   0.08161   0.04699   0.11604   0.07184   0.34201   0.00000   0.02845   0.03890   0.03964   0.01515   0.07431   0.04424   0.06510   0.05160   0.03267   0.22934   0.14690   2.38984   1.35167   0.98533   1.52638   0.76558  
 10 247.2444   2170.167049  x:  0.00000   0.00000   0.08062   0.03258   0.09317   0.09558   0.08345   0.03622   0.10100   0.12117   0.39631   0.00000   0.01272   0.04695   0.03676   0.01918   0.05965   0.04333   0.06603   0.05073   0.04179   0.25770   0.17331   2.49755   1.35897   0.96463   1.53598   0.80413  
 11 786.9337   2170.167049  x:  0.00000   0.00000   0.08062   0.03258   0.09317   0.09558   0.08345   0.03622   0.10100   0.12117   0.39631   0.00000   0.01272   0.04695   0.03676   0.01918   0.05965   0.04333   0.06603   0.05073   0.04179   0.25770   0.17331   2.49755   1.35897   0.96463   1.53598   0.80413  
 12 411.3975   2149.269740  x:  0.00000   0.04063   0.07038   0.04045   0.08231   0.09492   0.07211   0.05853   0.10207   0.10618   0.39577   0.00000   0.00000   0.03567   0.05105   0.00786   0.07019   0.04056   0.07162   0.07371   0.03233   0.26613   0.20456   2.50194   1.35913   0.96620   1.53523   0.80340  
 13 592.0318   2129.176037  x:  0.00000   0.04788   0.05758   0.04668   0.06970   0.09414   0.05994   0.07456   0.10303   0.08795   0.39519   0.00000   0.02442   0.02515   0.06164   0.00000   0.07967   0.03798   0.07642   0.09119   0.02228   0.27542   0.23563   2.50701   1.35935   0.96793   1.53437   0.80262  
 14 875.9105   2109.619505  x:  0.00000   0.06873   0.03151   0.05702   0.04404   0.09267   0.03621   0.10189   0.10509   0.05052   0.39219   0.00000   0.06973   0.00654   0.08068   0.02847   0.09723   0.03430   0.08537   0.12122   0.00337   0.29135   0.29185   2.51746   1.35990   0.97134   1.53274   0.80084  
 15 2721.8328   2102.275309  x:  0.00000   0.08818   0.01403   0.06076   0.02647   0.09195   0.02370   0.11340   0.10668   0.02282   0.38677   0.00000   0.09892   0.01253   0.08924   0.03929   0.10565   0.03266   0.08909   0.13475   0.03060   0.29799   0.32201   2.52547   1.36041   0.97371   1.53172   0.79925  
 16 871.5793   2097.776605  x:  0.00000   0.10846   0.01576   0.05856   0.02021   0.09213   0.03113   0.10960   0.10813   0.00504   0.37573   0.00000   0.11756   0.02057   0.08619   0.03785   0.10542   0.03266   0.08745   0.13238   0.02615   0.29438   0.32937   2.53326   1.36092   0.97579   1.53105   0.79730  
 17 240.8853   2088.791655  x:  0.00000   0.18293   0.01609   0.05278   0.00530   0.09233   0.04321   0.09836   0.11272   0.01826   0.33172   0.00000   0.19012   0.03628   0.07661   0.03433   0.10585   0.03201   0.08262   0.12525   0.01848   0.27901   0.35732   2.56348   1.36285   0.98388   1.52848   0.78970  
 18 434.2941   2082.284746  x:  0.00000   0.26725   0.01316   0.04902   0.03347   0.09276   0.04881   0.08829   0.11746   0.02357   0.27622   0.00000   0.27390   0.04551   0.06741   0.03106   0.10696   0.03097   0.07846   0.11811   0.01391   0.25763   0.38833   2.60035   1.36498   0.99387   1.52537   0.78035  
 19 1210.8264   2073.261827  x:  0.00000   0.32509   0.02687   0.05360   0.02874   0.09210   0.01918   0.08380   0.11610   0.01395   0.19583   0.00000   0.33209   0.01087   0.06607   0.02418   0.10326   0.03119   0.08115   0.10598   0.02007   0.20792   0.38664   2.64472   1.36625   1.00619   1.52191   0.76869  
 20 269.2453   2067.863821  x:  0.00000   0.34686   0.00666   0.06252   0.02531   0.09228   0.02552   0.09546   0.11144   0.01145   0.12846   0.00000   0.35989   0.00523   0.07899   0.02112   0.10414   0.03339   0.08814   0.11100   0.01851   0.16049   0.37824   2.68234   1.36676   1.01635   1.51926   0.75919  
 21 271.5430   2064.201661  x:  0.00000   0.36125   0.01304   0.07337   0.02474   0.09223   0.02383   0.11477   0.10701   0.01167   0.06234   0.00000   0.38543   0.01904   0.09697   0.02131   0.10850   0.03482   0.09662   0.12532   0.01486   0.11246   0.37502   2.72247   1.36721   1.02691   1.51654   0.74940  
 22 606.2814   2062.714185  x:  0.00000   0.36266   0.02211   0.06442   0.02495   0.09268   0.03721   0.12249   0.10903   0.01197   0.05283   0.00000   0.39281   0.01088   0.09708   0.02347   0.11322   0.02971   0.09247   0.14012   0.02043   0.07710   0.38475   2.75460   1.36790   1.03336   1.51525   0.74348  
 23 97.9738   2061.314145  x:  0.00000   0.36266   0.01887   0.05210   0.02459   0.09259   0.03164   0.12325   0.11145   0.01151   0.05046   0.00000   0.39420   0.01437   0.09112   0.02319   0.11542   0.02902   0.08548   0.14994   0.01840   0.04250   0.39448   2.78928   1.36874   1.03949   1.51423   0.73783  
 24 165.5672   2059.032187  x:  0.00000   0.34682   0.01864   0.05592   0.02445   0.09160   0.03334   0.10703   0.11561   0.01200   0.02498   0.00000   0.37627   0.01351   0.06812   0.02478   0.11334   0.04087   0.07413   0.15726   0.01993   0.03184   0.43053   2.89975   1.37174   1.05435   1.51295   0.72519  
 25 65.6789   2055.955637  x:  0.00000   0.33437   0.01759   0.06076   0.02485   0.09294   0.03427   0.08699   0.11268   0.01289   0.02010   0.00000   0.35997   0.01607   0.07479   0.02563   0.09957   0.01839   0.08709   0.14163   0.01957   0.02475   0.46025   3.07720   1.37674   1.07599   1.51223   0.70804  
 26 151.9119   2051.762940  x:  0.00000   0.32318   0.02092   0.05824   0.02610   0.09632   0.03910   0.07924   0.10435   0.01442   0.03509   0.00000   0.34546   0.01517   0.09806   0.02514   0.08865   0.04540   0.10927   0.10801   0.02065   0.02122   0.48482   3.40038   1.38613   1.11351   1.51187   0.67990  
 27 418.5498   2045.705060  x:  0.00000   0.31280   0.01900   0.02770   0.02649   0.09750   0.03604   0.10706   0.10333   0.01489   0.04017   0.00000   0.33363   0.01625   0.09916   0.02484   0.09289   0.03837   0.09698   0.08896   0.01962   0.05773   0.46583   3.84973   1.40054   1.15857   1.51501   0.65080  
 28 438.0661   2037.471758  x:  0.00000   0.31155   0.01492   0.07820   0.02476   0.09419   0.03227   0.13403   0.11147   0.01470   0.08723   0.00000   0.33213   0.02012   0.07755   0.02471   0.10742   0.02374   0.06222   0.08842   0.01774   0.09158   0.40561   4.54907   1.42559   1.21820   1.52477   0.62076  
 29 883.8816   2031.952062  x:  0.00000   0.31595   0.01244   0.07898   0.02468   0.09070   0.02733   0.09885   0.12224   0.01411   0.11040   0.00000   0.33650   0.01872   0.06235   0.02280   0.11303   0.02560   0.10071   0.15602   0.01656   0.12361   0.34491   5.00604   1.44754   1.23387   1.54127   0.63856  
 30 386.3363   2029.355919  x:  0.00000   0.31592   0.01264   0.07698   0.02504   0.09616   0.02506   0.07602   0.11715   0.01386   0.11060   0.00000   0.33666   0.01646   0.09430   0.02214   0.11030   0.02857   0.07016   0.17309   0.01621   0.13034   0.33340   5.20729   1.46603   1.20056   1.56548   0.70897  
 31 112.5622   2024.249560  x:  0.00000   0.31296   0.01283   0.07934   0.02499   0.09041   0.02612   0.11034   0.10805   0.01379   0.10886   0.00000   0.33415   0.01738   0.07121   0.02258   0.09081   0.02819   0.08372   0.15826   0.01606   0.12234   0.33397   5.63520   1.51463   1.07995   1.63794   0.92068  
 32 167.9476   2023.844407  x:  0.00000   0.31174   0.01259   0.07943   0.02492   0.08988   0.02625   0.10797   0.11663   0.01381   0.10706   0.00000   0.33213   0.01781   0.07118   0.02199   0.11238   0.02643   0.08830   0.14978   0.01583   0.12044   0.33404   5.66925   1.51687   1.06955   1.64478   0.93875  
 33 55.1494   2023.655405  x:  0.00000   0.31303   0.01269   0.07943   0.02476   0.09754   0.02625   0.10894   0.11802   0.01380   0.10622   0.00000   0.33332   0.01782   0.07006   0.02176   0.11217   0.02667   0.08891   0.14899   0.01572   0.11943   0.33262   5.69391   1.46934   1.08280   1.65769   0.95423  
 34  2.6388   2023.569676  x:  0.00000   0.31369   0.01281   0.07898   0.02484   0.08892   0.02658   0.10870   0.11719   0.01378   0.10588   0.00000   0.33387   0.01776   0.07071   0.02162   0.11230   0.02683   0.08849   0.14859   0.01568   0.11895   0.33196   5.70529   1.45029   1.08713   1.66192   0.95971  
 35 24.8449   2022.542028  x:  0.00000   0.32202   0.01432   0.07635   0.02446   0.09215   0.02733   0.10718   0.08938   0.01306   0.10017   0.00000   0.34142   0.01638   0.06999   0.01892   0.12208   0.02776   0.08724   0.14848   0.01474   0.11266   0.31937   5.85669   1.39374   1.02624   1.61717   0.93745  
 36  4.0679   2020.800428  x:  0.00000   0.33494   0.01594   0.07220   0.02368   0.09260   0.02836   0.11222   0.11144   0.01212   0.08795   0.00000   0.35482   0.01350   0.08228   0.01422   0.11122   0.03366   0.08398   0.14654   0.01287   0.10160   0.29549   6.12897   1.30142   0.91933   1.53263   0.89919  
 37 174.8427   2019.149074  x:  0.00000   0.34536   0.01781   0.06888   0.02310   0.09329   0.02994   0.11696   0.11122   0.01146   0.07879   0.00000   0.36383   0.01192   0.08421   0.00996   0.11360   0.03669   0.08472   0.13933   0.01120   0.09164   0.27256   6.37755   1.33263   0.98634   1.42388   0.96437  
 38 17.0808   2017.270380  x:  0.00000   0.35531   0.01972   0.06437   0.02220   0.09262   0.03120   0.11983   0.11018   0.01028   0.06710   0.00000   0.37349   0.00913   0.09195   0.00431   0.11127   0.04208   0.08274   0.13464   0.00900   0.08128   0.25039   6.66949   1.49296   1.08508   1.65040   0.93133  
 39  9.8247   2012.978056  x:  0.00000   0.32149   0.01916   0.05998   0.02316   0.09221   0.03743   0.08985   0.11232   0.01225   0.07856   0.00000   0.32664   0.01402   0.07614   0.00000   0.09838   0.04407   0.08429   0.10877   0.00789   0.09456   0.27504   7.36431   1.51688   1.09369   1.66681   0.94677  
 40  1.1146   2011.215682  x:  0.00000   0.28516   0.01935   0.05619   0.02464   0.09292   0.04038   0.08399   0.11246   0.01444   0.08959   0.00000   0.29084   0.01562   0.07418   0.00768   0.09283   0.04360   0.08098   0.11023   0.01446   0.10400   0.29670   7.98012   1.55687   1.12666   1.70617   0.93312  
 41  1.0549   2009.393085  x:  0.00000   0.27801   0.01743   0.04560   0.02529   0.09377   0.03449   0.09575   0.10840   0.01478   0.09939   0.00000   0.28261   0.01838   0.07296   0.00497   0.09632   0.03597   0.07509   0.11532   0.01563   0.09966   0.25502   9.28287   1.52779   1.12610   1.68097   0.90405  
 42  0.7692   2008.795607  x:  0.00000   0.28172   0.01953   0.05617   0.02564   0.09390   0.03353   0.09139   0.10955   0.01361   0.10348   0.00000   0.28330   0.01743   0.07628   0.00383   0.09751   0.03630   0.08943   0.10615   0.01545   0.10728   0.24822   9.95000   1.52139   1.12040   1.67902   0.91815  
 43  0.4686   2008.157601  x:  0.00000   0.30604   0.02119   0.05558   0.02708   0.09205   0.03497   0.09045   0.11349   0.01170   0.08650   0.00000   0.30559   0.01632   0.07429   0.00417   0.09762   0.04090   0.08073   0.11296   0.01285   0.09085   0.27940  11.03672   1.53869   1.11664   1.68796   0.94470  
 44  0.3631   2008.045570  x:  0.00000   0.30893   0.01874   0.05562   0.02680   0.09409   0.03402   0.09279   0.11035   0.01305   0.08634   0.00000   0.30770   0.01738   0.07690   0.00433   0.09780   0.03710   0.08277   0.11431   0.01258   0.09174   0.28213  11.40810   1.53689   1.12506   1.68462   0.93622  
 45  0.2075   2008.027997  x:  0.00000   0.31045   0.01851   0.05550   0.02604   0.09311   0.03408   0.09273   0.11078   0.01322   0.08460   0.00000   0.30831   0.01633   0.07518   0.00421   0.09850   0.03667   0.08292   0.11340   0.01321   0.09137   0.28621  11.50620   1.53802   1.12707   1.68311   0.93962  
 46  0.0612   2008.024509  x:  0.00000   0.31185   0.01822   0.05563   0.02545   0.09319   0.03446   0.09292   0.11127   0.01330   0.08367   0.00000   0.30958   0.01621   0.07581   0.00411   0.09806   0.03720   0.08281   0.11412   0.01330   0.09123   0.28681  11.48909   1.53911   1.12722   1.68449   0.93816  
 47  0.0109   2008.023526  x:  0.00000   0.31203   0.01815   0.05559   0.02507   0.09332   0.03429   0.09297   0.11111   0.01329   0.08391   0.00000   0.30945   0.01639   0.07572   0.00408   0.09844   0.03713   0.08282   0.11387   0.01321   0.09112   0.28679  11.46287   1.53798   1.12637   1.68373   0.93880  
 48  0.0142   2008.023075  x:  0.00000   0.31219   0.01839   0.05557   0.02495   0.09322   0.03430   0.09282   0.11102   0.01329   0.08416   0.00000   0.30913   0.01640   0.07575   0.00409   0.09809   0.03708   0.08286   0.11396   0.01323   0.09108   0.28689  11.46348   1.53833   1.12648   1.68367   0.93857  
 49  0.0004   2008.022377  x:  0.00000   0.31296   0.01845   0.05565   0.02493   0.09327   0.03443   0.09309   0.11111   0.01338   0.08376   0.00000   0.30867   0.01651   0.07586   0.00413   0.09847   0.03711   0.08282   0.11395   0.01325   0.09066   0.28719  11.49138   1.53892   1.12727   1.68424   0.93902  
 50  0.0060   2008.021290  x:  0.00000   0.31394   0.01831   0.05572   0.02500   0.09328   0.03427   0.09280   0.11127   0.01332   0.08389   0.00000   0.30739   0.01652   0.07553   0.00413   0.09831   0.03709   0.08282   0.11429   0.01324   0.09103   0.28659  11.48641   1.53779   1.12638   1.68360   0.93842  
 51  0.0017   2008.020922  x:  0.00000   0.31436   0.01832   0.05562   0.02507   0.09325   0.03429   0.09295   0.11113   0.01329   0.08379   0.00000   0.30709   0.01643   0.07576   0.00413   0.09821   0.03713   0.08284   0.11392   0.01327   0.09093   0.28656  11.46515   1.53815   1.12640   1.68381   0.93846  
 52  0.0154   2008.020884  x:  0.00000   0.31448   0.01830   0.05560   0.02509   0.09326   0.03434   0.09294   0.11107   0.01329   0.08387   0.00000   0.30712   0.01641   0.07576   0.00414   0.09826   0.03709   0.08281   0.11398   0.01325   0.09097   0.28671  11.46345   1.53842   1.12661   1.68396   0.93860  
 53  0.0013   2008.020879  x:  0.00000   0.31448   0.01830   0.05560   0.02509   0.09326   0.03433   0.09297   0.11110   0.01329   0.08388   0.00000   0.30710   0.01640   0.07576   0.00413   0.09826   0.03711   0.08283   0.11400   0.01324   0.09095   0.28676  11.46340   1.53837   1.12665   1.68392   0.93858  
 54  0.0001   2008.020879  x:  0.00000   0.31445   0.01831   0.05560   0.02509   0.09326   0.03433   0.09296   0.11109   0.01329   0.08390   0.00000   0.30707   0.01640   0.07576   0.00413   0.09827   0.03711   0.08283   0.11400   0.01324   0.09097   0.28675  11.46317   1.53834   1.12662   1.68389   0.93855  
 55  0.0002   2008.020879  x:  0.00000   0.31445   0.01831   0.05560   0.02509   0.09326   0.03433   0.09297   0.11109   0.01329   0.08390   0.00000   0.30707   0.01640   0.07576   0.00413   0.09826   0.03710   0.08283   0.11400   0.01324   0.09097   0.28675  11.46318   1.53835   1.12662   1.68389   0.93856  
 56  0.0000   2008.020879  x:  0.00000   0.31445   0.01831   0.05560   0.02509   0.09326   0.03433   0.09296   0.11109   0.01329   0.08390   0.00000   0.30707   0.01640   0.07576   0.00413   0.09826   0.03711   0.08283   0.11400   0.01324   0.09097   0.28675  11.46320   1.53835   1.12662   1.68390   0.93857  
 57  0.0000   2008.020879  x:  0.00000   0.31445   0.01831   0.05560   0.02509   0.09326   0.03433   0.09297   0.11109   0.01329   0.08390   0.00000   0.30707   0.01640   0.07576   0.00413   0.09826   0.03711   0.08283   0.11400   0.01324   0.09097   0.28675  11.46320   1.53835   1.12662   1.68390   0.93856  
 58  0.0000   2008.020879  x:  0.00000   0.31445   0.01831   0.05560   0.02509   0.09326   0.03433   0.09297   0.11109   0.01329   0.08390   0.00000   0.30707   0.01640   0.07576   0.00413   0.09826   0.03711   0.08283   0.11400   0.01324   0.09097   0.28675  11.46320   1.53835   1.12662   1.68390   0.93856  
 59  0.0000   2008.020879  x:  0.00000   0.31445   0.01831   0.05560   0.02509   0.09326   0.03433   0.09297   0.11109   0.01329   0.08390   0.00000   0.30707   0.01640   0.07576   0.00413   0.09826   0.03711   0.08283   0.11400   0.01324   0.09097   0.28675  11.46320   1.53835   1.12662   1.68390   0.93856  

TREE # 2

  0  0.0000   2077.609346  x:  0.21232   0.00000   0.19549   0.04186   0.03786   0.01310   0.10733   0.02830   0.07191   0.02299   0.06075   0.07275   0.02159   0.19588   0.04043   0.02818   0.02673   0.06660   0.04762   0.05722   0.07059   0.06983   0.05387  11.46320   1.41632   1.09179   1.52698   0.93856  
  1 99.0000   2077.607492  x:  0.21232   0.00000   0.19549   0.04186   0.03786   0.01310   0.10733   0.02830   0.07191   0.02298   0.06075   0.07275   0.02159   0.19588   0.04043   0.02818   0.02673   0.06660   0.04763   0.05722   0.07059   0.06983   0.05387  11.46320   1.41632   1.09179   1.52698   0.93856  
  2 561.1155   2062.983081  x:  0.21284   0.00000   0.18879   0.07508   0.02750   0.00476   0.10828   0.01107   0.07208   0.01132   0.06581   0.06518   0.00000   0.18886   0.06092   0.02093   0.02336   0.07202   0.04947   0.06261   0.05901   0.07380   0.04797  11.46323   1.41724   1.09069   1.52867   0.93870  
  3 636.0596   2052.053156  x:  0.19867   0.00000   0.16325   0.11311   0.01687   0.01713   0.10880   0.00989   0.07098   0.00000   0.06922   0.05451   0.00000   0.16208   0.07401   0.01409   0.01788   0.07257   0.05192   0.06468   0.04120   0.07661   0.04132  11.46331   1.41887   1.08885   1.53190   0.93864  
  4 575.1791   2042.384162  x:  0.17960   0.00000   0.12866   0.16354   0.00421   0.02154   0.10946   0.01286   0.06968   0.01007   0.07468   0.04081   0.00000   0.12578   0.09358   0.00637   0.01162   0.07392   0.05518   0.06786   0.01764   0.08047   0.03271  11.46341   1.42110   1.08632   1.53631   0.93852  
  5 2186.9702   2036.859099  x:  0.16598   0.00000   0.10362   0.19709   0.01600   0.01460   0.10953   0.01854   0.06943   0.00832   0.07844   0.03213   0.00000   0.09941   0.10884   0.01258   0.01257   0.07588   0.05749   0.07060   0.00714   0.08313   0.02873  11.46348   1.42276   1.08436   1.53971   0.93840  
  6 914.8048   2033.788856  x:  0.15572   0.00000   0.08429   0.22005   0.01545   0.00934   0.10953   0.02297   0.07008   0.00638   0.08133   0.02839   0.00000   0.07898   0.12129   0.01443   0.01555   0.07825   0.05924   0.07315   0.02304   0.08505   0.02941  11.46353   1.42419   1.08265   1.54274   0.93821  
  7 517.8418   2033.373924  x:  0.15517   0.00000   0.08113   0.22232   0.01645   0.01273   0.10913   0.02040   0.07169   0.00778   0.08215   0.03498   0.00000   0.07585   0.12647   0.01561   0.01855   0.08034   0.05812   0.07345   0.02324   0.08487   0.03436  11.46355   1.42507   1.08157   1.54474   0.93799  
  8 79.3332   2033.210070  x:  0.15491   0.00000   0.07894   0.22158   0.01499   0.01030   0.10865   0.02167   0.07318   0.00631   0.08183   0.03946   0.00000   0.07385   0.12840   0.01464   0.01784   0.08121   0.05653   0.07290   0.02183   0.08408   0.03744  11.46358   1.42610   1.08036   1.54708   0.93770  
  9 53.4957   2033.122457  x:  0.15615   0.00000   0.07758   0.22013   0.01599   0.01068   0.10789   0.02101   0.07488   0.00653   0.08031   0.03966   0.00000   0.07293   0.13071   0.01422   0.01469   0.08188   0.05448   0.07266   0.02239   0.08281   0.03647  11.46364   1.42863   1.07753   1.55273   0.93698  
 10 20.6122   2032.931662  x:  0.15938   0.00000   0.07508   0.21651   0.01449   0.01052   0.10624   0.02044   0.07778   0.00630   0.07663   0.03776   0.00000   0.07118   0.13420   0.01501   0.01776   0.08272   0.05126   0.07229   0.02179   0.08002   0.03319  11.46382   1.43644   1.06904   1.57001   0.93478  
 11 50.4110   2032.217417  x:  0.16792   0.00000   0.07551   0.21517   0.01669   0.01047   0.10371   0.02100   0.07504   0.00641   0.07661   0.03448   0.00000   0.07007   0.13416   0.01002   0.01874   0.08067   0.05756   0.07370   0.02160   0.08015   0.03927  11.46470   1.47215   1.03299   1.64721   0.92507  
 12 59.4997   2031.904677  x:  0.17022   0.00000   0.07671   0.21584   0.01418   0.01052   0.10352   0.02152   0.07319   0.00636   0.07819   0.03545   0.00000   0.07090   0.13340   0.01584   0.01631   0.07990   0.05955   0.07417   0.02156   0.08113   0.04012  11.46513   1.48996   1.01635   1.68495   0.92032  
 13 268.0980   2031.634786  x:  0.16564   0.00000   0.07896   0.21817   0.01519   0.01035   0.10582   0.02226   0.07200   0.00625   0.08163   0.04121   0.00000   0.07432   0.13106   0.01450   0.01711   0.08129   0.05591   0.07343   0.02250   0.08314   0.03382  11.46554   1.50564   1.00670   1.71555   0.91645  
 14 81.7261   2031.466390  x:  0.15710   0.00000   0.08281   0.21876   0.01509   0.01036   0.10908   0.02215   0.07428   0.00634   0.08061   0.03791   0.00000   0.07781   0.13206   0.01466   0.01722   0.08347   0.05166   0.07262   0.02239   0.08350   0.03737  11.46588   1.51791   1.00944   1.73459   0.91408  
 15 30.4053   2030.961490  x:  0.14810   0.00000   0.08764   0.21414   0.01479   0.00990   0.11131   0.02172   0.07732   0.00584   0.07712   0.04096   0.00000   0.07939   0.13894   0.01429   0.01654   0.08278   0.06301   0.07880   0.02191   0.07867   0.03389  11.46728   1.56337   1.05081   1.79096   0.90766  
 16 28.1067   2028.745460  x:  0.17135   0.00000   0.08403   0.21124   0.01513   0.01017   0.10813   0.02357   0.07042   0.00573   0.08436   0.04027   0.00000   0.08435   0.14182   0.01502   0.01717   0.08558   0.05342   0.07392   0.02305   0.08743   0.03615  11.47407   1.77774   1.26852   2.04675   0.88164  
 17 128.6838   2028.648238  x:  0.17410   0.00000   0.08845   0.21480   0.01543   0.01028   0.10785   0.02405   0.07492   0.00604   0.08323   0.04123   0.00000   0.08120   0.13837   0.01523   0.01735   0.08541   0.05242   0.07435   0.02344   0.08528   0.03633  11.47440   1.78550   1.27623   2.05579   0.88342  
 18 28.9796   2028.517217  x:  0.17578   0.00000   0.08572   0.21904   0.01579   0.01037   0.10827   0.02486   0.07480   0.00640   0.07851   0.04266   0.00000   0.08680   0.13639   0.01544   0.01749   0.08547   0.05285   0.07405   0.02400   0.08025   0.03722  11.47514   1.79001   1.27928   2.06009   0.90020  
 19  6.8901   2027.511837  x:  0.17922   0.00000   0.09458   0.21138   0.01563   0.01041   0.10948   0.02542   0.06837   0.00612   0.07841   0.04290   0.00000   0.08307   0.14503   0.01524   0.01765   0.08551   0.05045   0.07459   0.02430   0.08558   0.03641  11.48168   1.81623   1.29188   2.08153   1.05530  
 20 30.4030   2027.338253  x:  0.17974   0.00000   0.09144   0.20888   0.01549   0.01048   0.10851   0.02506   0.07650   0.00602   0.08527   0.04122   0.00000   0.08590   0.14416   0.01524   0.01759   0.08744   0.05298   0.07517   0.02407   0.08741   0.03621  11.48288   1.81907   1.29281   2.08312   1.07654  
 21 39.6535   2026.225887  x:  0.18131   0.00000   0.09711   0.20551   0.01518   0.01094   0.09462   0.02640   0.06982   0.00542   0.10045   0.03799   0.00000   0.08953   0.14819   0.01514   0.01776   0.09286   0.04665   0.08702   0.02430   0.06879   0.03821  11.49372   1.79486   1.27141   2.03683   1.06544  
 22  3.9290   2016.342576  x:  0.23039   0.00000   0.13406   0.19065   0.01690   0.01271   0.08244   0.03755   0.08593   0.00457   0.08030   0.04554   0.00000   0.12777   0.19895   0.01462   0.02050   0.10306   0.05794   0.08193   0.03007   0.09257   0.03709  11.59523   1.55631   1.06383   1.59269   0.92025  
 23 106.2205   2015.449801  x:  0.24228   0.00000   0.13361   0.18557   0.01737   0.01280   0.11178   0.03786   0.08622   0.00427   0.08545   0.04480   0.00000   0.12756   0.20360   0.01430   0.02064   0.10172   0.05643   0.08755   0.03028   0.08608   0.03789  11.60498   1.52866   1.04498   1.55247   0.90593  
 24 101.4929   2014.919871  x:  0.24399   0.00000   0.13584   0.18594   0.01746   0.01290   0.11246   0.03828   0.08655   0.00427   0.08545   0.04507   0.00000   0.12933   0.20605   0.01437   0.02065   0.10354   0.05718   0.08663   0.03051   0.08620   0.03757  11.60908   1.42909   1.06037   1.58512   0.90144  
 25  9.3120   2014.912255  x:  0.24394   0.00000   0.13552   0.18607   0.01747   0.01289   0.11221   0.03830   0.08694   0.00428   0.08516   0.04521   0.00000   0.12974   0.20609   0.01435   0.02071   0.10178   0.05629   0.08854   0.03049   0.08700   0.03774  11.60902   1.42837   1.06059   1.58557   0.90145  
 26  2.9764   2014.530102  x:  0.24455   0.00000   0.13668   0.19320   0.01755   0.01317   0.11184   0.03920   0.08893   0.00418   0.09145   0.04462   0.00000   0.13080   0.21418   0.01419   0.02146   0.08802   0.05544   0.07902   0.03132   0.08272   0.03753  11.59887   1.44368   1.06976   1.60372   0.90611  
 27  0.5455   2010.009071  x:  0.26474   0.00000   0.12734   0.26741   0.01327   0.01868   0.11905   0.05473   0.08593   0.00402   0.09952   0.03651   0.00000   0.12084   0.24493   0.01433   0.01997   0.11452   0.05372   0.09402   0.03240   0.09426   0.03459  11.46355   1.65213   1.19056   1.84295   0.96783  
 28 45.3142   2008.797801  x:  0.27113   0.00000   0.11991   0.29417   0.01110   0.01946   0.11268   0.06231   0.08369   0.00304   0.10331   0.03510   0.00000   0.11261   0.27247   0.01277   0.01858   0.11297   0.05533   0.09330   0.03029   0.09415   0.03379  11.38171   1.49572   1.10619   1.63074   0.93651  
 29  0.1977   2008.214068  x:  0.28046   0.00000   0.09968   0.31275   0.01279   0.01842   0.11487   0.06878   0.08309   0.00393   0.09555   0.03906   0.00000   0.09200   0.30456   0.01149   0.01696   0.10853   0.05696   0.09294   0.02546   0.09329   0.03431  11.34359   1.56151   1.13034   1.71570   0.92436  
 30  0.0458   2008.064640  x:  0.28549   0.00000   0.09076   0.31400   0.01274   0.01760   0.11396   0.07125   0.08314   0.00423   0.09798   0.03653   0.00000   0.08335   0.31620   0.01350   0.01812   0.11041   0.05550   0.09290   0.02364   0.09298   0.03453  11.38264   1.53448   1.12592   1.67861   0.94908  
 31  0.0424   2008.038644  x:  0.28891   0.00000   0.08907   0.31090   0.01350   0.01680   0.11391   0.07220   0.08305   0.00416   0.09863   0.03702   0.00000   0.08197   0.31842   0.01338   0.01840   0.11161   0.05542   0.09308   0.02428   0.09317   0.03404  11.43941   1.53793   1.12761   1.68301   0.93249  
 32  0.0322   2008.030294  x:  0.29035   0.00000   0.08869   0.30942   0.01338   0.01631   0.11384   0.07326   0.08318   0.00401   0.09856   0.03713   0.00000   0.08183   0.31885   0.01327   0.01829   0.11147   0.05582   0.09317   0.02500   0.09352   0.03448  11.47869   1.54008   1.12732   1.68493   0.94139  
 33  0.0191   2008.025844  x:  0.28964   0.00000   0.08908   0.31023   0.01302   0.01632   0.11381   0.07439   0.08286   0.00410   0.09804   0.03695   0.00000   0.08192   0.31800   0.01327   0.01825   0.11093   0.05550   0.09290   0.02555   0.09334   0.03424  11.49109   1.53698   1.12640   1.68150   0.93809  
 34  0.0050   2008.023007  x:  0.28812   0.00000   0.08916   0.30969   0.01320   0.01641   0.11413   0.07521   0.08276   0.00425   0.09830   0.03716   0.00000   0.08200   0.31631   0.01320   0.01838   0.11107   0.05560   0.09303   0.02543   0.09306   0.03437  11.48351   1.54030   1.12830   1.68642   0.93937  
 35  0.0031   2008.021118  x:  0.28692   0.00000   0.09054   0.30759   0.01321   0.01644   0.11398   0.07570   0.08294   0.00413   0.09849   0.03713   0.00000   0.08358   0.31439   0.01327   0.01835   0.11121   0.05561   0.09298   0.02514   0.09336   0.03436  11.46590   1.53715   1.12576   1.68203   0.93848  
 36  0.0065   2008.020900  x:  0.28687   0.00000   0.09090   0.30714   0.01323   0.01642   0.11401   0.07576   0.08288   0.00411   0.09827   0.03710   0.00000   0.08385   0.31432   0.01330   0.01831   0.11109   0.05561   0.09293   0.02509   0.09331   0.03432  11.46325   1.53852   1.12674   1.68423   0.93849  
 37  0.0027   2008.020883  x:  0.28686   0.00000   0.09093   0.30713   0.01325   0.01641   0.11400   0.07577   0.08283   0.00412   0.09825   0.03711   0.00000   0.08385   0.31443   0.01329   0.01830   0.11107   0.05560   0.09296   0.02509   0.09326   0.03433  11.46316   1.53830   1.12662   1.68383   0.93858  
 38  0.0003   2008.020880  x:  0.28678   0.00000   0.09097   0.30708   0.01324   0.01640   0.11399   0.07577   0.08282   0.00413   0.09827   0.03711   0.00000   0.08389   0.31444   0.01330   0.01831   0.11109   0.05560   0.09297   0.02509   0.09326   0.03433  11.46317   1.53837   1.12660   1.68390   0.93856  
 39  0.0001   2008.020879  x:  0.28676   0.00000   0.09097   0.30707   0.01324   0.01640   0.11400   0.07576   0.08283   0.00413   0.09826   0.03711   0.00000   0.08390   0.31444   0.01329   0.01831   0.11109   0.05560   0.09296   0.02509   0.09326   0.03433  11.46326   1.53834   1.12662   1.68390   0.93857  
 40  0.0001   2008.020879  x:  0.28675   0.00000   0.09097   0.30707   0.01324   0.01640   0.11400   0.07576   0.08283   0.00413   0.09826   0.03710   0.00000   0.08390   0.31445   0.01329   0.01831   0.11109   0.05560   0.09296   0.02509   0.09326   0.03433  11.46323   1.53835   1.12662   1.68389   0.93856  
 41  0.0000   2008.020879  x:  0.28675   0.00000   0.09097   0.30707   0.01324   0.01640   0.11400   0.07576   0.08283   0.00413   0.09826   0.03711   0.00000   0.08390   0.31445   0.01329   0.01831   0.11109   0.05560   0.09297   0.02509   0.09326   0.03433  11.46321   1.53835   1.12662   1.68390   0.93857  
 42  0.0000   2008.020879  x:  0.28675   0.00000   0.09097   0.30707   0.01324   0.01640   0.11400   0.07576   0.08283   0.00413   0.09826   0.03711   0.00000   0.08390   0.31445   0.01329   0.01831   0.11109   0.05560   0.09297   0.02509   0.09326   0.03433  11.46320   1.53835   1.12662   1.68390   0.93856  
 43  0.0000   2008.020879  x:  0.28675   0.00000   0.09097   0.30707   0.01324   0.01640   0.11400   0.07576   0.08283   0.00413   0.09826   0.03711   0.00000   0.08390   0.31445   0.01329   0.01831   0.11109   0.05560   0.09297   0.02509   0.09326   0.03433  11.46320   1.53835   1.12662   1.68390   0.93856  