

TREE # 1

  0  0.0000   2262.884338  x:  0.07656   0.00659   0.12172   0.00228   0.08039   0.05958   0.07233   0.03438   0.09108   0.11728   0.07646   0.18022   0.00000   0.12693   0.02084   0.04431   0.06047   0.05336   0.04263   0.05869   0.09975   0.04935   0.13701   0.09518   2.00000   1.52270   1.18208   1.46859   0.40000  
  1 99.0000   2254.008271  x:  0.08296   0.00505   0.13403   0.07118   0.07850   0.04928   0.07245   0.03364   0.09129   0.12845   0.07233   0.18573   0.03444   0.14515   0.01965   0.03708   0.04987   0.05695   0.03395   0.06746   0.09867   0.04799   0.14123   0.10158   2.00561   1.52265   1.18186   1.46853   0.42505  
  2 637.1684   2238.772072  x:  0.09272   0.00000   0.15393   0.06992   0.07214   0.03239   0.07267   0.03286   0.09114   0.14518   0.06183   0.19581   0.02247   0.17400   0.01337   0.02546   0.03133   0.06267   0.02015   0.07965   0.09673   0.04775   0.14623   0.11134   2.01744   1.52230   1.18182   1.46825   0.47206  
  3 306.3307   2230.004239  x:  0.10654   0.06450   0.18992   0.06636   0.06152   0.02462   0.07323   0.03351   0.09253   0.17315   0.04551   0.21674   0.00629   0.22156   0.03927   0.03077   0.02611   0.06999   0.03302   0.09148   0.09362   0.04614   0.15442   0.12516   2.04968   1.52143   1.18236   1.46692   0.57322  
  4 417.5227   2224.297003  x:  0.10092   0.05802   0.20239   0.06411   0.06648   0.06929   0.07345   0.03341   0.09474   0.18145   0.05532   0.22816   0.00564   0.23995   0.02689   0.03987   0.06437   0.06167   0.03532   0.07902   0.09386   0.03456   0.15966   0.11954   2.09695   1.52048   1.18449   1.46338   0.66916  
  5 170.8262   2219.132235  x:  0.07935   0.03987   0.18298   0.05773   0.07138   0.05787   0.07206   0.03258   0.09200   0.16154   0.06364   0.22623   0.01967   0.21715   0.04527   0.04254   0.06235   0.05271   0.04891   0.05456   0.09860   0.06354   0.15666   0.09797   2.18081   1.51888   1.19045   1.45574   0.76849  
  6 125.9908   2214.916527  x:  0.07542   0.03618   0.15315   0.05733   0.07373   0.04509   0.07231   0.03602   0.09145   0.13673   0.06361   0.21637   0.02288   0.17377   0.04153   0.05030   0.05791   0.05769   0.06094   0.07814   0.09994   0.04048   0.14926   0.09404   2.27855   1.51735   1.19743   1.44734   0.84067  
  7 162.8936   2212.091194  x:  0.09575   0.04663   0.13901   0.06389   0.07456   0.05119   0.07276   0.02637   0.09378   0.13446   0.05834   0.20376   0.01360   0.14628   0.03244   0.04220   0.05119   0.05713   0.05212   0.06005   0.09534   0.04147   0.14729   0.11437   2.38933   1.51657   1.20383   1.43906   0.86157  
  8 100.4879   2207.416208  x:  0.10397   0.05773   0.13701   0.06824   0.07224   0.06230   0.07459   0.07325   0.09556   0.14414   0.06359   0.18263   0.00551   0.13820   0.02900   0.03720   0.05089   0.05454   0.03025   0.06635   0.09275   0.06216   0.15052   0.12259   2.66808   1.51502   1.21794   1.42044   0.86010  
  9 177.3474   2185.077891  x:  0.08808   0.05819   0.17604   0.03831   0.05978   0.05771   0.06192   0.02346   0.08547   0.18698   0.08155   0.14566   0.04663   0.20827   0.02502   0.04330   0.05006   0.07434   0.03458   0.08218   0.09548   0.05097   0.16921   0.10670   3.93316   1.50788   1.27583   1.34250   0.78476  
 10 471.2251   2179.470987  x:  0.08502   0.04750   0.18674   0.04557   0.06550   0.04295   0.08142   0.03439   0.09483   0.18107   0.06410   0.19802   0.03467   0.22286   0.02909   0.03945   0.05242   0.05713   0.05219   0.06243   0.09752   0.02667   0.16054   0.10364   4.23479   1.50581   1.28023   1.33396   0.75934  
 11 391.2333   2177.426692  x:  0.08668   0.03955   0.18916   0.05577   0.07122   0.04645   0.08154   0.02436   0.09870   0.16990   0.05311   0.23153   0.01794   0.22557   0.03402   0.04421   0.06023   0.05587   0.05671   0.07549   0.09903   0.04107   0.15355   0.10530   4.34988   1.50493   1.27489   1.33802   0.74883  
 12 251.1584   2176.847561  x:  0.08747   0.03742   0.19024   0.05899   0.07097   0.04938   0.06720   0.02684   0.09350   0.16096   0.05673   0.24294   0.01236   0.22746   0.03870   0.04591   0.05752   0.06638   0.05484   0.07175   0.09890   0.03864   0.15343   0.10609   4.38238   1.50460   1.26339   1.34960   0.74636  
 13 60.5913   2176.197341  x:  0.08635   0.04150   0.18896   0.05793   0.06877   0.05220   0.06855   0.02355   0.08502   0.15097   0.06221   0.24807   0.01331   0.22941   0.04207   0.04452   0.05277   0.05667   0.04480   0.07402   0.09751   0.03537   0.16017   0.10497   4.42046   1.50417   1.22752   1.38622   0.74536  
 14 36.9830   2175.330594  x:  0.08529   0.04254   0.18470   0.05476   0.07032   0.05020   0.07571   0.02522   0.09026   0.15087   0.05563   0.24538   0.01872   0.23140   0.03522   0.04290   0.05567   0.06670   0.04854   0.07194   0.09728   0.03846   0.16622   0.10391   4.47389   1.50337   1.16613   1.44913   0.74495  
 15 74.6204   2175.075590  x:  0.08543   0.03981   0.18567   0.05613   0.07178   0.04689   0.06808   0.02530   0.09412   0.15866   0.05472   0.24011   0.01614   0.23009   0.03634   0.04456   0.05741   0.06038   0.05226   0.07211   0.09840   0.03728   0.16045   0.10405   4.48939   1.50282   1.14801   1.46914   0.74514  
 16 42.5802   2175.018449  x:  0.08574   0.03766   0.18785   0.05727   0.07028   0.04769   0.07127   0.02497   0.09182   0.16098   0.05662   0.23793   0.01416   0.22909   0.03883   0.04506   0.05695   0.06149   0.05377   0.07202   0.09850   0.03678   0.15521   0.10436   4.49289   1.50237   1.14556   1.47418   0.74545  
 17 12.2957   2174.932301  x:  0.08619   0.03735   0.19169   0.05578   0.06600   0.04959   0.07004   0.02603   0.08986   0.15846   0.05270   0.23711   0.01722   0.22847   0.03687   0.04419   0.05625   0.06019   0.05534   0.07217   0.09724   0.03784   0.14993   0.10481   4.49790   1.50065   1.15066   1.48204   0.74649  
 18  3.9890   2174.440097  x:  0.08655   0.04115   0.20608   0.05276   0.07614   0.04589   0.07066   0.02615   0.09573   0.15075   0.05885   0.23623   0.02078   0.22593   0.02979   0.04387   0.05457   0.06053   0.05208   0.07200   0.09637   0.03997   0.13951   0.10517   4.52686   1.49157   1.18844   1.52662   0.75324  
 19 16.3895   2173.263331  x:  0.08516   0.03274   0.20414   0.05287   0.07782   0.04559   0.07203   0.02582   0.09505   0.15835   0.04602   0.23407   0.01625   0.22090   0.04346   0.04499   0.05826   0.06302   0.04331   0.07138   0.10255   0.03524   0.15325   0.10378   4.59605   1.47948   1.27716   1.62460   0.76869  
 20 51.2402   2172.410065  x:  0.08772   0.02867   0.18897   0.05639   0.06651   0.04383   0.07160   0.02719   0.09197   0.16591   0.05838   0.23822   0.00768   0.22538   0.03690   0.04095   0.05574   0.05917   0.05910   0.07328   0.09832   0.03918   0.16524   0.10634   4.64639   1.48504   1.33260   1.68490   0.77989  
 21 73.2795   2171.151858  x:  0.08907   0.02779   0.15896   0.05110   0.06215   0.04733   0.07347   0.02854   0.09841   0.17767   0.06159   0.24885   0.01291   0.23893   0.03429   0.05597   0.04340   0.05936   0.04916   0.07211   0.09501   0.04017   0.14846   0.10769   4.71804   1.53998   1.37889   1.73447   0.79778  
 22 34.9937   2168.260488  x:  0.08583   0.02967   0.14258   0.04748   0.06109   0.03300   0.07102   0.02810   0.09074   0.18165   0.06186   0.25363   0.00914   0.24482   0.03558   0.02850   0.06354   0.06340   0.03444   0.07411   0.09672   0.03915   0.12995   0.10445   4.87398   1.69104   1.45334   1.81343   0.83712  
 23 95.0313   2162.799658  x:  0.08947   0.01370   0.16479   0.04526   0.06840   0.03245   0.07327   0.03268   0.09019   0.17571   0.05528   0.24840   0.00000   0.23391   0.03628   0.03322   0.05133   0.05956   0.04033   0.07549   0.10417   0.04024   0.14495   0.10809   5.08560   1.90424   1.54104   1.90697   0.89004  
 24 247.0505   2162.255019  x:  0.09258   0.00906   0.16913   0.03941   0.06487   0.03554   0.07254   0.03276   0.10094   0.18106   0.06058   0.25572   0.00000   0.22505   0.04564   0.02629   0.05083   0.06100   0.03983   0.07946   0.09332   0.03932   0.14776   0.11120   5.10019   1.91025   1.54157   1.90780   0.89364  
 25 36.6014   2161.970285  x:  0.09493   0.00831   0.17249   0.03610   0.06056   0.02983   0.07230   0.03305   0.09816   0.18771   0.06396   0.26326   0.00000   0.21681   0.04439   0.03149   0.05589   0.06193   0.03623   0.07924   0.08966   0.04078   0.14976   0.11355   5.10578   1.90169   1.53556   1.90137   0.89492  
 26 25.5865   2161.357201  x:  0.09327   0.01175   0.17422   0.03044   0.06546   0.03287   0.07013   0.03377   0.08767   0.20504   0.06605   0.27850   0.00000   0.20278   0.03848   0.02657   0.05048   0.06345   0.03558   0.08204   0.09816   0.04308   0.14977   0.11189   5.12387   1.87012   1.51517   1.87891   0.89918  
 27 32.1461   2152.549316  x:  0.08964   0.00000   0.17614   0.02810   0.06009   0.02824   0.07338   0.03620   0.09559   0.19301   0.06132   0.27677   0.00000   0.20692   0.03406   0.02390   0.03685   0.06308   0.02022   0.08243   0.10360   0.04269   0.15003   0.10826   5.48792   1.65333   1.34539   1.68086   0.99008  
 28 41.2520   2151.467494  x:  0.09853   0.00000   0.17018   0.02294   0.08002   0.02584   0.07388   0.04082   0.08107   0.18958   0.05647   0.27389   0.00000   0.21609   0.03854   0.02347   0.03733   0.06064   0.02304   0.08467   0.08919   0.04316   0.14894   0.11715   5.56481   1.58224   1.29608   1.62365   1.00937  
 29 192.4960   2151.415567  x:  0.10165   0.00000   0.16936   0.02157   0.07909   0.02542   0.07405   0.04126   0.08188   0.18817   0.05791   0.27395   0.00000   0.21759   0.03961   0.02303   0.03854   0.06032   0.02351   0.08505   0.09455   0.04325   0.14853   0.12027   5.56846   1.57501   1.29190   1.61878   1.01017  
 30  2.6944   2145.301953  x:  0.10344   0.00000   0.18781   0.01296   0.06808   0.02637   0.07358   0.03351   0.09084   0.17757   0.04722   0.26139   0.00000   0.22862   0.01190   0.02515   0.02465   0.06731   0.03365   0.08526   0.09431   0.04181   0.15570   0.12206   6.22009   1.48183   1.18363   1.46408   1.15338  
 31  9.0753   2142.371309  x:  0.10918   0.00000   0.20440   0.01110   0.07114   0.03308   0.07466   0.03475   0.09426   0.16356   0.04460   0.24037   0.00000   0.24817   0.02661   0.02882   0.02892   0.06889   0.01678   0.08682   0.09529   0.03827   0.16446   0.12781   6.80437   1.50165   1.15730   1.40596   1.27108  
 32  1.0163   2140.625315  x:  0.10392   0.00000   0.21398   0.02061   0.06713   0.02691   0.07436   0.03280   0.09472   0.16753   0.05042   0.21968   0.00000   0.26091   0.02159   0.02425   0.03610   0.06637   0.02352   0.08468   0.09739   0.03989   0.17072   0.12256   7.50817   1.57804   1.22860   1.47982   1.39657  
 33  0.7322   2139.777376  x:  0.10440   0.00000   0.21314   0.01326   0.06917   0.03135   0.07259   0.03269   0.09376   0.18786   0.05675   0.23291   0.00000   0.26113   0.01922   0.02772   0.02975   0.06568   0.02218   0.08722   0.09688   0.04344   0.16613   0.12303   8.08135   1.57963   1.26027   1.51570   1.48837  
 34  0.6016   2139.594404  x:  0.10411   0.00000   0.21220   0.01406   0.06917   0.03035   0.07259   0.03253   0.09364   0.18753   0.05380   0.23936   0.00000   0.25769   0.01989   0.02613   0.03279   0.06660   0.02235   0.08769   0.09558   0.04347   0.16476   0.12274   8.33362   1.52372   1.21679   1.46324   1.52369  
 35  0.2846   2139.503997  x:  0.10579   0.00000   0.20940   0.01481   0.07070   0.02925   0.07317   0.03285   0.09331   0.18171   0.05138   0.24007   0.00000   0.25550   0.02089   0.02516   0.03047   0.06669   0.02137   0.08709   0.09562   0.04275   0.16503   0.12442   8.56215   1.55073   1.22929   1.48042   1.54739  
 36  0.1870   2139.454641  x:  0.10642   0.00000   0.20642   0.01443   0.06981   0.03057   0.07368   0.03337   0.09344   0.17928   0.05241   0.23815   0.00000   0.25222   0.01986   0.02693   0.03283   0.06629   0.02140   0.08677   0.09546   0.04277   0.16402   0.12506   8.69429   1.55898   1.23571   1.49013   1.54925  
 37  0.0909   2139.418076  x:  0.10550   0.00000   0.20468   0.01422   0.06905   0.03073   0.07345   0.03340   0.09412   0.17947   0.05410   0.23625   0.00000   0.24838   0.02127   0.02698   0.03149   0.06599   0.02318   0.08587   0.09590   0.04252   0.16358   0.12414   8.77591   1.54955   1.23043   1.48427   1.53645  
 38  0.0769   2139.370432  x:  0.10437   0.00000   0.20472   0.01401   0.06982   0.03001   0.07301   0.03317   0.09388   0.18125   0.05492   0.23498   0.00000   0.24545   0.02015   0.02535   0.03188   0.06584   0.02139   0.08478   0.09586   0.04266   0.16418   0.12300   8.86566   1.54620   1.22988   1.48240   1.50426  
 39  0.0743   2139.339031  x:  0.10521   0.00000   0.20590   0.01487   0.07044   0.03058   0.07292   0.03275   0.09349   0.18126   0.05258   0.23622   0.00000   0.24786   0.02007   0.02638   0.03153   0.06638   0.02185   0.08566   0.09611   0.04255   0.16456   0.12385   8.93432   1.54779   1.22835   1.48115   1.47451  
 40  0.0469   2139.333445  x:  0.10552   0.00000   0.20661   0.01405   0.07005   0.03020   0.07312   0.03291   0.09361   0.18113   0.05273   0.23646   0.00000   0.24957   0.02030   0.02613   0.03178   0.06637   0.02199   0.08618   0.09566   0.04280   0.16463   0.12415   8.97645   1.54981   1.22972   1.48369   1.47297  
 41  0.0495   2139.332200  x:  0.10550   0.00000   0.20684   0.01430   0.06992   0.03023   0.07320   0.03308   0.09365   0.18100   0.05317   0.23645   0.00000   0.25044   0.02031   0.02622   0.03168   0.06627   0.02181   0.08636   0.09571   0.04289   0.16456   0.12413   9.00095   1.54790   1.22848   1.48248   1.47448  
 42  0.0318   2139.332117  x:  0.10541   0.00000   0.20684   0.01431   0.06990   0.03025   0.07314   0.03301   0.09364   0.18111   0.05317   0.23646   0.00000   0.25053   0.02033   0.02619   0.03173   0.06631   0.02185   0.08633   0.09574   0.04282   0.16453   0.12405   9.00971   1.54823   1.22879   1.48273   1.47518  
 43  0.0079   2139.332115  x:  0.10540   0.00000   0.20683   0.01431   0.06992   0.03024   0.07315   0.03302   0.09364   0.18113   0.05316   0.23646   0.00000   0.25054   0.02033   0.02619   0.03173   0.06630   0.02185   0.08631   0.09575   0.04282   0.16455   0.12404   9.01032   1.54827   1.22879   1.48269   1.47518  
 44  0.0006   2139.332115  x:  0.10540   0.00000   0.20683   0.01430   0.06992   0.03024   0.07315   0.03302   0.09364   0.18112   0.05316   0.23646   0.00000   0.25054   0.02033   0.02619   0.03173   0.06630   0.02185   0.08631   0.09575   0.04281   0.16455   0.12404   9.01024   1.54826   1.22879   1.48270   1.47517  
 45  0.0001   2139.332115  x:  0.10540   0.00000   0.20683   0.01431   0.06992   0.03024   0.07315   0.03302   0.09364   0.18112   0.05316   0.23646   0.00000   0.25054   0.02033   0.02619   0.03173   0.06630   0.02185   0.08631   0.09575   0.04281   0.16455   0.12404   9.01022   1.54826   1.22879   1.48270   1.47517  
 46  0.0000   2139.332115  x:  0.10540   0.00000   0.20683   0.01431   0.06992   0.03024   0.07315   0.03302   0.09364   0.18112   0.05316   0.23646   0.00000   0.25054   0.02033   0.02619   0.03173   0.06630   0.02185   0.08631   0.09575   0.04281   0.16454   0.12404   9.01022   1.54826   1.22879   1.48270   1.47517  
 47  0.0000   2139.332115  x:  0.10540   0.00000   0.20683   0.01431   0.06992   0.03024   0.07315   0.03302   0.09364   0.18112   0.05316   0.23646   0.00000   0.25054   0.02033   0.02619   0.03173   0.06630   0.02185   0.08631   0.09575   0.04281   0.16454   0.12404   9.01022   1.54826   1.22879   1.48270   1.47517  