

TREE # 1

  0  0.0000   2149.536267  x:  0.05647   0.00000   0.10381   0.01253   0.08034   0.08434   0.05886   0.04587   0.10254   0.05849   0.06637   0.09539   0.00905   0.04457   0.03330   0.06890   0.06789   0.05004   0.05107   0.04853   0.09964   0.05039   0.09408   0.07509   2.00000   1.56414   1.16070   1.18742   0.40000  
  1 99.0000   2149.533857  x:  0.05647   0.00000   0.10381   0.01253   0.08034   0.08434   0.05886   0.04587   0.10254   0.05849   0.06637   0.09539   0.00905   0.04457   0.03330   0.06890   0.06789   0.05004   0.05107   0.04853   0.09964   0.05039   0.09408   0.07509   2.00000   1.56414   1.16070   1.18742   0.40000  
  2 675.7878   2140.969323  x:  0.06074   0.00000   0.11251   0.01210   0.07533   0.08220   0.06034   0.04306   0.10234   0.06441   0.06006   0.09706   0.00000   0.04130   0.03459   0.06176   0.06407   0.05286   0.04313   0.04832   0.09956   0.05048   0.09890   0.07936   2.00184   1.56367   1.16111   1.18776   0.40674  
  3 603.4589   2126.087479  x:  0.05738   0.00000   0.11941   0.00936   0.04866   0.07486   0.06147   0.03708   0.10137   0.04722   0.02574   0.10058   0.00000   0.04414   0.02819   0.02573   0.04987   0.04730   0.00280   0.04935   0.09989   0.04868   0.10223   0.07598   2.01243   1.56118   1.16300   1.18942   0.43700  
  4 442.6798   2122.913902  x:  0.05466   0.00000   0.11909   0.01433   0.03549   0.07192   0.06124   0.03604   0.10108   0.04608   0.01016   0.10149   0.00000   0.04452   0.02792   0.00793   0.04463   0.04539   0.00951   0.05020   0.10048   0.04721   0.10157   0.07325   2.01867   1.55982   1.16393   1.19042   0.45239  
  5 339.5453   2121.344625  x:  0.05059   0.00000   0.11248   0.01582   0.02250   0.06991   0.05953   0.03866   0.10141   0.05435   0.01408   0.10097   0.00000   0.04435   0.03134   0.00342   0.04330   0.04472   0.00723   0.05206   0.10221   0.04426   0.09687   0.06916   2.02820   1.55797   1.16506   1.19191   0.47104  
  6 145.5948   2120.550434  x:  0.04914   0.00000   0.10951   0.01615   0.01494   0.06826   0.05855   0.04004   0.10172   0.05709   0.01197   0.10083   0.00000   0.04430   0.03251   0.00922   0.04206   0.04486   0.00710   0.05328   0.10353   0.04252   0.09452   0.06769   2.03638   1.55638   1.16605   1.19318   0.48681  
  7 292.6855   2116.702345  x:  0.05221   0.00000   0.09725   0.01028   0.03371   0.06252   0.05286   0.05031   0.10546   0.05581   0.01772   0.09859   0.00000   0.04517   0.03085   0.01162   0.04297   0.05087   0.01084   0.05768   0.11145   0.03914   0.08393   0.07066   2.09721   1.54506   1.17309   1.20238   0.59135  
  8 180.1652   2115.846905  x:  0.05173   0.00000   0.09937   0.02141   0.03531   0.06682   0.05515   0.05059   0.10584   0.05238   0.02288   0.09720   0.00000   0.04455   0.03098   0.01320   0.04882   0.04652   0.01016   0.05566   0.11167   0.04396   0.08700   0.07014   2.11877   1.54153   1.17544   1.20522   0.61401  
  9 149.4890   2114.839579  x:  0.04917   0.00000   0.10359   0.01300   0.03199   0.07616   0.05966   0.04802   0.10585   0.05036   0.02688   0.09502   0.00000   0.04526   0.03166   0.01303   0.05881   0.04063   0.01374   0.05046   0.10906   0.04970   0.09352   0.06751   2.15131   1.53689   1.17882   1.20890   0.62983  
 10 115.8999   2112.533317  x:  0.04635   0.00000   0.09759   0.01353   0.03229   0.10122   0.06034   0.03937   0.10312   0.05608   0.01883   0.09066   0.00000   0.04565   0.02534   0.01186   0.07749   0.05747   0.01057   0.04306   0.09693   0.04555   0.09337   0.06447   2.26540   1.52245   1.19008   1.22008   0.63907  
 11 106.4774   2108.416130  x:  0.05789   0.00000   0.09549   0.01338   0.03268   0.12446   0.05346   0.03539   0.09813   0.05303   0.01094   0.09174   0.00000   0.04654   0.04890   0.01020   0.08701   0.05165   0.00774   0.05281   0.08419   0.03414   0.08364   0.07557   2.49446   1.49497   1.21172   1.24135   0.63905  
 12 327.4000   2096.122834  x:  0.06693   0.00000   0.11367   0.01228   0.02434   0.13143   0.04288   0.04529   0.09027   0.05557   0.02401   0.10918   0.00000   0.05065   0.01785   0.01074   0.05497   0.04208   0.01284   0.08028   0.08464   0.04197   0.07570   0.08338   3.11583   1.42417   1.26784   1.29641   0.62208  
 13 659.7027   2087.813011  x:  0.05115   0.00000   0.11584   0.01331   0.03391   0.11226   0.05676   0.05513   0.09316   0.05567   0.02411   0.11532   0.00000   0.05256   0.03486   0.01299   0.02379   0.05396   0.01212   0.08067   0.10121   0.05501   0.09226   0.06671   3.56023   1.37769   1.30488   1.33362   0.60635  
 14 1285.6312   2081.899434  x:  0.05320   0.00000   0.10848   0.01560   0.03680   0.05597   0.06496   0.05908   0.10444   0.06277   0.01653   0.11139   0.00000   0.05411   0.03262   0.01227   0.04694   0.04526   0.00930   0.06287   0.12596   0.05007   0.10525   0.06811   3.87228   1.35431   1.32454   1.35512   0.59122  
 15 620.6396   2081.089451  x:  0.05692   0.00000   0.10970   0.01609   0.03169   0.04769   0.06302   0.05323   0.10766   0.05567   0.02241   0.10598   0.00000   0.05483   0.03390   0.01194   0.04466   0.05045   0.01132   0.05147   0.12838   0.04716   0.10370   0.07172   3.91596   1.35842   1.32233   1.35466   0.59019  
 16 146.9402   2080.340924  x:  0.05640   0.00000   0.11116   0.01665   0.03508   0.04771   0.05940   0.04480   0.11363   0.06047   0.02084   0.09737   0.00000   0.05534   0.03325   0.01278   0.03779   0.04344   0.01051   0.04199   0.13216   0.04718   0.09860   0.07107   3.95529   1.37754   1.30982   1.34698   0.59082  
 17 71.6793   2077.634978  x:  0.05546   0.00000   0.12029   0.01629   0.03308   0.04822   0.06083   0.03306   0.13226   0.05978   0.01938   0.08172   0.00000   0.05738   0.03374   0.01167   0.04274   0.04978   0.01024   0.06291   0.15065   0.05350   0.09380   0.06956   4.10487   1.48574   1.23703   1.30085   0.59570  
 18 117.7956   2074.817362  x:  0.06060   0.00000   0.11722   0.01667   0.03046   0.05616   0.06507   0.05542   0.13361   0.05935   0.01762   0.10099   0.00000   0.05858   0.03188   0.01076   0.04040   0.04978   0.00963   0.05341   0.15529   0.04506   0.10472   0.07405   4.26109   1.60898   1.15287   1.24707   0.60297  
 19 255.4375   2074.099614  x:  0.05802   0.00000   0.11690   0.01654   0.03264   0.04593   0.05951   0.05127   0.11727   0.06077   0.01785   0.10897   0.00000   0.05861   0.03391   0.01153   0.04202   0.04980   0.00962   0.05255   0.14137   0.05199   0.10499   0.07128   4.29533   1.63772   1.13358   1.23389   0.60636  
 20 80.2540   2073.933691  x:  0.05839   0.00000   0.11554   0.01671   0.03344   0.04354   0.06610   0.04950   0.11108   0.06118   0.01886   0.10553   0.00000   0.05889   0.03263   0.01182   0.04000   0.04828   0.00994   0.05443   0.13669   0.04849   0.10643   0.07158   4.30035   1.64232   1.13099   1.23150   0.60750  
 21 22.5872   2073.059377  x:  0.06215   0.00000   0.11826   0.01614   0.03184   0.04391   0.06339   0.06420   0.09804   0.06271   0.01546   0.08633   0.00000   0.06050   0.03311   0.01106   0.03980   0.05019   0.00878   0.05257   0.13548   0.05552   0.10750   0.07474   4.29823   1.64384   1.13611   1.22764   0.61074  
 22  5.3919   2063.740919  x:  0.05544   0.00000   0.17446   0.01870   0.03785   0.04562   0.05447   0.06585   0.08305   0.06976   0.01567   0.08825   0.00000   0.07953   0.03666   0.01160   0.04813   0.05609   0.00886   0.04873   0.13253   0.02260   0.11095   0.06162   4.24931   1.63630   1.20477   1.20040   0.65494  
 23 21.7968   2040.824154  x:  0.10388   0.00000   0.20252   0.01931   0.03399   0.05725   0.09897   0.02100   0.09655   0.09875   0.00819   0.13843   0.00000   0.12690   0.04231   0.01004   0.04745   0.07066   0.00584   0.03620   0.10601   0.05932   0.10796   0.09154   4.10379   1.60970   1.39852   1.13058   0.77957  
 24 265.1802   2038.556172  x:  0.10868   0.00000   0.19224   0.02014   0.03343   0.05673   0.08003   0.01368   0.11140   0.10082   0.01015   0.13353   0.00000   0.13055   0.04053   0.01028   0.04126   0.06890   0.00636   0.04467   0.09001   0.05660   0.14114   0.09467   4.09036   1.60612   1.40576   1.13755   0.79112  
 25 86.2204   2038.061828  x:  0.10836   0.00000   0.19590   0.02048   0.03350   0.05346   0.08114   0.01868   0.12226   0.10157   0.00967   0.13155   0.00000   0.13146   0.04048   0.01037   0.04089   0.06919   0.00612   0.04510   0.07636   0.05705   0.14043   0.09398   4.08734   1.60468   1.39809   1.15148   0.79332  
 26 42.0298   2035.016354  x:  0.11227   0.00000   0.20563   0.02035   0.03314   0.05414   0.08541   0.01358   0.11420   0.10489   0.00769   0.13422   0.00000   0.13725   0.04097   0.00987   0.04114   0.07117   0.00521   0.04248   0.07824   0.05733   0.13801   0.09559   4.06721   1.58729   1.27903   1.32947   0.80438  
 27 45.6507   2029.102349  x:  0.12934   0.00000   0.21142   0.01894   0.02769   0.06202   0.06389   0.03591   0.10140   0.11559   0.01430   0.12779   0.00000   0.15245   0.04282   0.00852   0.03631   0.07272   0.00727   0.05216   0.12553   0.05762   0.17657   0.10660   4.44338   1.61157   1.28699   1.40689   0.85285  
 28  0.7245   2028.424120  x:  0.13045   0.00000   0.21817   0.01850   0.02705   0.06284   0.06544   0.03586   0.10473   0.11754   0.01440   0.12385   0.00000   0.15561   0.04335   0.00826   0.03653   0.07351   0.00712   0.05231   0.12446   0.05711   0.17509   0.10683   4.54109   1.47203   1.15925   1.29502   0.86339  
 29  2.0941   2022.252936  x:  0.14256   0.00000   0.27349   0.01360   0.02115   0.06241   0.09218   0.03299   0.10864   0.13585   0.01778   0.11178   0.00000   0.18370   0.05077   0.00566   0.04132   0.08036   0.00514   0.04525   0.10082   0.05614   0.16708   0.10825   5.84869   1.64166   1.29758   1.30417   1.00549  
 30  1.9040   2021.175058  x:  0.14283   0.00000   0.28033   0.01568   0.02759   0.05980   0.07848   0.03210   0.10325   0.14067   0.01022   0.10817   0.00000   0.19040   0.04750   0.00701   0.03495   0.07802   0.00366   0.05050   0.10183   0.05386   0.16981   0.10635   6.19131   1.60104   1.29669   1.30887   1.04015  
 31  0.2985   2020.822973  x:  0.14299   0.00000   0.28283   0.01600   0.02978   0.06255   0.07400   0.03045   0.09769   0.14329   0.01280   0.10648   0.00000   0.19367   0.04814   0.00864   0.03607   0.07726   0.00696   0.05017   0.09739   0.05290   0.16530   0.10556   6.37664   1.58923   1.28654   1.32612   1.04946  
 32  0.3896   2020.470163  x:  0.14257   0.00000   0.28251   0.01620   0.02570   0.06096   0.07053   0.02862   0.10748   0.14373   0.01272   0.10599   0.00000   0.19856   0.04573   0.00742   0.03835   0.07630   0.00646   0.04915   0.10291   0.04921   0.15473   0.10411   6.72330   1.58516   1.27738   1.34852   1.06599  
 33  0.2191   2020.369739  x:  0.14246   0.00000   0.27763   0.01602   0.02464   0.06371   0.07161   0.02804   0.10070   0.14308   0.01344   0.10661   0.00000   0.19988   0.04509   0.00721   0.03854   0.07601   0.00528   0.04855   0.10156   0.04931   0.15039   0.10389   6.84406   1.59124   1.27247   1.34032   1.06807  
 34  0.1132   2020.311727  x:  0.14258   0.00000   0.26990   0.01550   0.02563   0.06321   0.07339   0.02871   0.10210   0.14259   0.01269   0.10667   0.00000   0.20122   0.04412   0.00748   0.03762   0.07603   0.00582   0.04960   0.10266   0.05035   0.14925   0.10392   6.91999   1.59399   1.28239   1.32950   1.06389  
 35  0.0449   2020.291871  x:  0.14320   0.00000   0.26540   0.01577   0.02609   0.06288   0.07207   0.02923   0.10268   0.14227   0.01309   0.10647   0.00000   0.20297   0.04438   0.00763   0.03809   0.07646   0.00558   0.04890   0.10173   0.05093   0.15082   0.10412   6.96475   1.59267   1.28063   1.33692   1.06129  
 36  0.0284   2020.287985  x:  0.14353   0.00000   0.26526   0.01560   0.02565   0.06258   0.07249   0.02933   0.10235   0.14201   0.01287   0.10677   0.00000   0.20405   0.04467   0.00737   0.03817   0.07676   0.00572   0.04930   0.10147   0.05087   0.15125   0.10416   6.97199   1.58941   1.27749   1.33735   1.06055  
 37  0.0059   2020.285477  x:  0.14355   0.00000   0.26595   0.01578   0.02585   0.06261   0.07311   0.02922   0.10269   0.14156   0.01307   0.10689   0.00000   0.20527   0.04512   0.00746   0.03801   0.07698   0.00567   0.04928   0.10126   0.05058   0.15102   0.10385   6.97056   1.58864   1.27677   1.33546   1.05874  
 38  0.0016   2020.283941  x:  0.14344   0.00000   0.26617   0.01575   0.02585   0.06277   0.07251   0.02917   0.10239   0.14105   0.01286   0.10673   0.00000   0.20618   0.04518   0.00746   0.03795   0.07692   0.00568   0.04911   0.10152   0.05039   0.15122   0.10353   6.96911   1.58993   1.27781   1.33504   1.05735  
 39  0.0019   2020.283410  x:  0.14339   0.00000   0.26633   0.01570   0.02580   0.06269   0.07257   0.02918   0.10246   0.14079   0.01294   0.10658   0.00000   0.20652   0.04504   0.00747   0.03811   0.07677   0.00566   0.04927   0.10176   0.05052   0.15092   0.10341   6.96108   1.59121   1.27897   1.33696   1.05628  
 40  0.0047   2020.283217  x:  0.14350   0.00000   0.26647   0.01568   0.02580   0.06270   0.07258   0.02919   0.10246   0.14076   0.01295   0.10644   0.00000   0.20674   0.04487   0.00747   0.03802   0.07668   0.00568   0.04917   0.10156   0.05062   0.15091   0.10346   6.95582   1.59051   1.27814   1.33620   1.05616  
 41  0.0030   2020.283186  x:  0.14359   0.00000   0.26652   0.01570   0.02583   0.06271   0.07259   0.02920   0.10244   0.14081   0.01294   0.10647   0.00000   0.20685   0.04485   0.00747   0.03808   0.07666   0.00567   0.04920   0.10156   0.05062   0.15087   0.10352   6.95608   1.59052   1.27813   1.33601   1.05638  
 42  0.0003   2020.283180  x:  0.14363   0.00000   0.26651   0.01570   0.02582   0.06271   0.07258   0.02920   0.10246   0.14082   0.01294   0.10647   0.00000   0.20689   0.04485   0.00747   0.03806   0.07666   0.00567   0.04918   0.10158   0.05060   0.15086   0.10355   6.95569   1.59071   1.27828   1.33617   1.05645  
 43  0.0003   2020.283178  x:  0.14364   0.00000   0.26649   0.01569   0.02582   0.06271   0.07257   0.02920   0.10245   0.14083   0.01294   0.10645   0.00000   0.20689   0.04487   0.00747   0.03806   0.07667   0.00567   0.04919   0.10158   0.05060   0.15083   0.10356   6.95459   1.59067   1.27826   1.33612   1.05646  
 44  0.0005   2020.283177  x:  0.14364   0.00000   0.26648   0.01570   0.02583   0.06270   0.07257   0.02920   0.10245   0.14083   0.01294   0.10645   0.00000   0.20689   0.04486   0.00747   0.03806   0.07668   0.00567   0.04919   0.10158   0.05060   0.15082   0.10355   6.95442   1.59068   1.27824   1.33612   1.05648  
 45  0.0001   2020.283177  x:  0.14363   0.00000   0.26648   0.01570   0.02582   0.06270   0.07257   0.02920   0.10245   0.14083   0.01294   0.10645   0.00000   0.20689   0.04486   0.00747   0.03806   0.07668   0.00567   0.04919   0.10158   0.05060   0.15083   0.10354   6.95424   1.59067   1.27826   1.33613   1.05652  
 46  0.0001   2020.283177  x:  0.14363   0.00000   0.26648   0.01570   0.02582   0.06270   0.07257   0.02920   0.10245   0.14083   0.01294   0.10645   0.00000   0.20690   0.04486   0.00747   0.03806   0.07668   0.00567   0.04919   0.10158   0.05060   0.15083   0.10354   6.95427   1.59068   1.27825   1.33613   1.05652  
 47  0.0000   2020.283177  x:  0.14363   0.00000   0.26648   0.01570   0.02582   0.06270   0.07257   0.02920   0.10245   0.14083   0.01294   0.10645   0.00000   0.20690   0.04486   0.00747   0.03806   0.07668   0.00567   0.04919   0.10158   0.05060   0.15083   0.10354   6.95427   1.59067   1.27825   1.33613   1.05652  
 48  0.0000   2020.283177  x:  0.14363   0.00000   0.26648   0.01570   0.02582   0.06270   0.07257   0.02920   0.10245   0.14084   0.01294   0.10645   0.00000   0.20690   0.04486   0.00747   0.03806   0.07668   0.00567   0.04919   0.10158   0.05060   0.15083   0.10354   6.95426   1.59068   1.27825   1.33613   1.05652  
 49  0.0000   2020.283177  x:  0.14363   0.00000   0.26648   0.01570   0.02582   0.06270   0.07257   0.02920   0.10245   0.14084   0.01294   0.10645   0.00000   0.20690   0.04486   0.00747   0.03806   0.07668   0.00567   0.04919   0.10158   0.05060   0.15083   0.10354   6.95426   1.59068   1.27825   1.33613   1.05652  
 50  0.0000   2020.283177  x:  0.14363   0.00000   0.26648   0.01570   0.02582   0.06270   0.07257   0.02920   0.10245   0.14084   0.01294   0.10645   0.00000   0.20690   0.04486   0.00747   0.03806   0.07668   0.00567   0.04919   0.10158   0.05060   0.15083   0.10354   6.95426   1.59068   1.27825   1.33613   1.05652  
 51  0.0000   2020.283177  x:  0.14363   0.00000   0.26648   0.01570   0.02582   0.06270   0.07257   0.02920   0.10245   0.14084   0.01294   0.10645   0.00000   0.20690   0.04486   0.00747   0.03806   0.07668   0.00567   0.04919   0.10158   0.05060   0.15083   0.10354   6.95426   1.59068   1.27825   1.33613   1.05652  