

TREE # 1

  0  0.0000   2030.545379  x:  0.20925   0.02571   0.03211   0.02495   0.05815   0.02188   0.05666   0.08536   0.02661   0.17168   0.20925   0.02571   0.03211   0.02495   0.05815   0.02188   0.05666   0.08536   0.02661   0.17168   0.21568   8.40433   1.72279   1.09549   1.52986   1.00000  
  1 99.0000   1989.775730  x:  0.20196   0.04128   0.03742   0.01311   0.05747   0.00897   0.06936   0.07137   0.05254   0.17482   0.19460   0.17963   0.02840   0.01001   0.06710   0.01812   0.05715   0.08637   0.10340   0.17583   0.22282   8.40430   1.72240   1.09351   1.53239   1.00238  
  2 927.7400   1986.547396  x:  0.18668   0.03870   0.03850   0.01398   0.05683   0.03290   0.08121   0.04817   0.05145   0.18011   0.16456   0.18715   0.01511   0.01984   0.07558   0.02146   0.05764   0.08671   0.09789   0.18377   0.23621   8.40426   1.72124   1.09054   1.53711   1.00711  
  3 143.7384   1982.654904  x:  0.16371   0.03644   0.03895   0.01213   0.05626   0.02326   0.09190   0.02453   0.04919   0.18731   0.11833   0.18968   0.01556   0.01021   0.08286   0.01859   0.05781   0.08849   0.08579   0.19489   0.25530   8.40418   1.71924   1.08596   1.54469   1.01473  
  4 210.1819   1980.527290  x:  0.14449   0.03707   0.03951   0.01420   0.05604   0.01546   0.09755   0.03403   0.04897   0.19294   0.08005   0.19332   0.01674   0.01809   0.08634   0.02053   0.05782   0.08969   0.07801   0.20381   0.27103   8.40411   1.71731   1.08163   1.55195   1.02202  
  5 221.8042   1980.244340  x:  0.14012   0.03783   0.03897   0.01238   0.05628   0.01911   0.09564   0.03841   0.04960   0.19409   0.07548   0.19315   0.01555   0.01273   0.08456   0.01963   0.05765   0.08960   0.07784   0.20582   0.27513   8.40408   1.71642   1.07987   1.55506   1.02519  
  6 60.5945   1979.899098  x:  0.13054   0.03876   0.03773   0.01605   0.05700   0.02053   0.08595   0.03671   0.05136   0.19661   0.07699   0.19206   0.01784   0.01333   0.07664   0.01988   0.05721   0.08926   0.08134   0.21060   0.28642   8.40396   1.71300   1.07347   1.56670   1.03713  
  7 36.5199   1979.748041  x:  0.12760   0.03830   0.03795   0.01221   0.05692   0.01899   0.08294   0.03626   0.05115   0.19752   0.07909   0.19154   0.01549   0.01498   0.07490   0.02007   0.05721   0.08891   0.08218   0.21256   0.29173   8.40389   1.71094   1.06974   1.57367   1.04436  
  8 61.2501   1979.425942  x:  0.12790   0.03571   0.04126   0.01499   0.05558   0.01735   0.08529   0.03846   0.04807   0.19838   0.08626   0.19220   0.01311   0.01320   0.07993   0.01973   0.05785   0.08845   0.08112   0.21562   0.30367   8.40366   1.70407   1.05792   1.59676   1.06865  
  9 45.5648   1979.213985  x:  0.13013   0.03605   0.04118   0.01259   0.05519   0.01876   0.08788   0.03921   0.04748   0.19829   0.08973   0.19268   0.01832   0.01347   0.08319   0.01974   0.05800   0.08854   0.07970   0.21667   0.31033   8.40350   1.69890   1.04943   1.61403   1.08706  
 10 124.5986   1978.948461  x:  0.13707   0.04133   0.03539   0.01323   0.05673   0.01792   0.09021   0.03863   0.05194   0.19602   0.08887   0.19259   0.01653   0.01359   0.08241   0.01972   0.05707   0.08810   0.07722   0.21426   0.31200   8.40331   1.69178   1.03921   1.63748   1.11297  
 11 64.6985   1978.640798  x:  0.14471   0.03661   0.04007   0.01317   0.05742   0.01862   0.08858   0.03744   0.05198   0.19141   0.08138   0.19268   0.01647   0.01388   0.07577   0.01982   0.05641   0.08794   0.07847   0.20703   0.30371   8.40310   1.68282   1.02899   1.66687   1.14732  
 12 56.6612   1978.505226  x:  0.14102   0.03801   0.03742   0.01335   0.05496   0.01878   0.08691   0.03707   0.04701   0.19057   0.07923   0.19152   0.01628   0.01401   0.07831   0.01959   0.05790   0.08836   0.08228   0.20369   0.29386   8.40305   1.67911   1.02728   1.68025   1.16523  
 13 32.3596   1978.433937  x:  0.13573   0.03814   0.03895   0.01319   0.05603   0.01862   0.08760   0.03701   0.05063   0.19160   0.07998   0.19030   0.01634   0.01373   0.08104   0.02053   0.05735   0.08862   0.08299   0.20335   0.28625   8.40306   1.67771   1.02892   1.68730   1.17674  
 14 25.1467   1978.416712  x:  0.13472   0.03763   0.03864   0.01324   0.05643   0.01869   0.08828   0.03715   0.05078   0.19236   0.08048   0.19071   0.01637   0.01410   0.08058   0.01878   0.05703   0.08854   0.08228   0.20415   0.28448   8.40308   1.67783   1.03067   1.68870   1.18022  
 15 14.4268   1978.383386  x:  0.13365   0.03692   0.03763   0.01322   0.05678   0.01863   0.08976   0.03734   0.04962   0.19439   0.08162   0.19231   0.01646   0.01378   0.07836   0.02005   0.05662   0.08821   0.07988   0.20683   0.28137   8.40317   1.67884   1.03631   1.69110   1.18843  
 16 20.6110   1978.353210  x:  0.13467   0.03922   0.03952   0.01324   0.05565   0.01871   0.08896   0.03716   0.04930   0.19574   0.08167   0.19283   0.01643   0.01387   0.07785   0.01978   0.05758   0.08811   0.07853   0.20932   0.28027   8.40331   1.68101   1.04411   1.69268   1.19742  
 17 15.4422   1978.293595  x:  0.13803   0.03714   0.03817   0.01334   0.05528   0.01869   0.08599   0.03723   0.05064   0.19655   0.08056   0.19230   0.01644   0.01386   0.08029   0.01985   0.05820   0.08846   0.07976   0.21230   0.28126   8.40368   1.68724   1.06233   1.69496   1.21672  
 18 22.8057   1978.255883  x:  0.13819   0.03812   0.03871   0.01326   0.05765   0.01854   0.08756   0.03728   0.04937   0.19505   0.08040   0.19100   0.01639   0.01384   0.08008   0.01985   0.05610   0.08877   0.08229   0.21066   0.28379   8.40400   1.69300   1.07459   1.69609   1.22962  
 19 20.2722   1978.234690  x:  0.13691   0.03786   0.03852   0.01322   0.05592   0.01844   0.08939   0.03739   0.05019   0.19331   0.08087   0.19071   0.01643   0.01380   0.07885   0.01984   0.05747   0.08873   0.08251   0.20746   0.28575   8.40425   1.69779   1.08112   1.69668   1.23699  
 20 14.9714   1978.223755  x:  0.13602   0.03787   0.03852   0.01328   0.05646   0.01852   0.08791   0.03736   0.04992   0.19257   0.08124   0.19201   0.01648   0.01380   0.07949   0.01984   0.05729   0.08847   0.08029   0.20473   0.28638   8.40452   1.70290   1.08317   1.69722   1.24071  
 21  5.7152   1978.190983  x:  0.13670   0.03786   0.03849   0.01324   0.05492   0.01835   0.08793   0.03742   0.05009   0.19510   0.08101   0.19148   0.01648   0.01374   0.07923   0.01980   0.05543   0.08908   0.08107   0.20431   0.28509   8.40604   1.73019   1.08236   1.70095   1.25056  
 22  4.1972   1978.179014  x:  0.13690   0.03785   0.03849   0.01321   0.05641   0.01826   0.08816   0.03745   0.04994   0.19532   0.08090   0.19119   0.01652   0.01370   0.07907   0.01979   0.05742   0.08880   0.08158   0.20476   0.28449   8.40666   1.74038   1.08206   1.70268   1.25389  
 23 20.5940   1978.172729  x:  0.13657   0.03785   0.03848   0.01321   0.05620   0.01821   0.08809   0.03745   0.04995   0.19226   0.08090   0.19123   0.01661   0.01368   0.07916   0.01978   0.05714   0.08755   0.08150   0.20655   0.28396   8.40721   1.74506   1.08274   1.70513   1.25418  
 24  3.1696   1978.166594  x:  0.13638   0.03785   0.03846   0.01321   0.05626   0.01817   0.08797   0.03749   0.04992   0.19068   0.08106   0.19138   0.01649   0.01366   0.07902   0.01977   0.05721   0.08985   0.08122   0.20732   0.28372   8.40802   1.74856   1.08451   1.70925   1.25287  
 25  2.8452   1978.093061  x:  0.13687   0.03789   0.03840   0.01315   0.05621   0.01723   0.08728   0.03795   0.04994   0.19271   0.08123   0.19091   0.01681   0.01329   0.07857   0.01963   0.05713   0.08831   0.08173   0.20493   0.28318   8.41940   1.78504   1.11236   1.76822   1.22872  
 26  6.3004   1977.818594  x:  0.13830   0.03840   0.03820   0.01291   0.05638   0.01177   0.08293   0.04096   0.05018   0.19148   0.08361   0.18928   0.01846   0.01116   0.07589   0.01888   0.05697   0.08831   0.08274   0.20374   0.28088   8.48886   1.75953   1.09596   1.74456   1.24488  
 27  0.2675   1977.788068  x:  0.13966   0.03866   0.03810   0.01312   0.05643   0.01287   0.08156   0.04298   0.05039   0.19075   0.08531   0.18902   0.01924   0.01184   0.07498   0.01887   0.05694   0.08824   0.08347   0.20279   0.27902   8.53600   1.75081   1.09061   1.73769   1.25040  
 28  0.0621   1977.783428  x:  0.13928   0.03869   0.03808   0.01313   0.05642   0.01244   0.08206   0.04380   0.05043   0.19097   0.08453   0.18893   0.01961   0.01208   0.07522   0.01895   0.05695   0.08828   0.08307   0.20317   0.27978   8.56318   1.74987   1.08992   1.73791   1.25239  
 29  0.0287   1977.783044  x:  0.13921   0.03870   0.03807   0.01311   0.05643   0.01254   0.08210   0.04397   0.05042   0.19100   0.08436   0.18880   0.01965   0.01190   0.07526   0.01895   0.05694   0.08827   0.08300   0.20320   0.27983   8.56931   1.75066   1.09036   1.73868   1.25230  
 30  0.0073   1977.782899  x:  0.13926   0.03868   0.03807   0.01310   0.05642   0.01253   0.08205   0.04403   0.05038   0.19096   0.08440   0.18840   0.01959   0.01194   0.07526   0.01895   0.05695   0.08824   0.08297   0.20311   0.27967   8.57415   1.75196   1.09110   1.73964   1.25169  
 31  0.0019   1977.782820  x:  0.13924   0.03868   0.03807   0.01312   0.05642   0.01254   0.08207   0.04398   0.05038   0.19099   0.08440   0.18809   0.01959   0.01193   0.07524   0.01895   0.05694   0.08826   0.08289   0.20318   0.27979   8.57230   1.75094   1.09047   1.73873   1.25201  
 32  0.0013   1977.782814  x:  0.13925   0.03868   0.03807   0.01311   0.05642   0.01253   0.08207   0.04397   0.05038   0.19097   0.08441   0.18805   0.01961   0.01193   0.07525   0.01895   0.05695   0.08825   0.08288   0.20316   0.27975   8.57055   1.75107   1.09054   1.73898   1.25209  
 33  0.0013   1977.782814  x:  0.13925   0.03868   0.03807   0.01311   0.05642   0.01254   0.08207   0.04397   0.05038   0.19098   0.08441   0.18805   0.01962   0.01193   0.07525   0.01895   0.05695   0.08825   0.08288   0.20316   0.27976   8.57032   1.75110   1.09055   1.73898   1.25206  
 34  0.0002   1977.782814  x:  0.13925   0.03868   0.03807   0.01311   0.05642   0.01254   0.08207   0.04397   0.05038   0.19098   0.08441   0.18805   0.01962   0.01193   0.07525   0.01895   0.05695   0.08825   0.08288   0.20316   0.27976   8.57024   1.75109   1.09055   1.73897   1.25206  
 35  0.0001   1977.782814  x:  0.13925   0.03868   0.03807   0.01311   0.05642   0.01254   0.08207   0.04397   0.05038   0.19098   0.08441   0.18805   0.01962   0.01193   0.07525   0.01895   0.05695   0.08825   0.08288   0.20316   0.27976   8.57023   1.75109   1.09055   1.73897   1.25206  