

TREE # 1

  0  0.0000   2146.160936  x:  0.00000   0.05651   0.03379   0.01691   0.03797   0.08796   0.06311   0.08024   0.15671   0.06279   0.21330   0.00009   0.09214   0.02124   0.02729   0.03680   0.05546   0.03645   0.05580   0.11447   0.06458   0.22585   0.15913   2.00000   1.53341   1.15541   1.42428   0.40000  
  1 99.0000   2133.553882  x:  0.06361   0.06575   0.03412   0.03010   0.03671   0.08989   0.06071   0.08001   0.15640   0.06094   0.21381   0.01144   0.09609   0.02618   0.02909   0.03686   0.05628   0.03400   0.05409   0.11548   0.06138   0.22642   0.15969   2.00138   1.53345   1.15472   1.42499   0.40443  
  2 1584.2369   2117.775348  x:  0.05620   0.10595   0.03376   0.08096   0.02617   0.10712   0.03812   0.08009   0.15104   0.03974   0.21136   0.00000   0.12440   0.05242   0.04218   0.03733   0.06277   0.01457   0.04001   0.12314   0.03402   0.22883   0.16206   2.01312   1.53298   1.14978   1.43110   0.44172  
  3 287.0058   2113.892862  x:  0.04957   0.12755   0.03140   0.08183   0.02873   0.11555   0.03116   0.08097   0.14264   0.02072   0.20635   0.02686   0.14286   0.04407   0.04216   0.03828   0.06701   0.02375   0.03476   0.12639   0.01978   0.23004   0.16379   2.02660   1.53236   1.14483   1.43754   0.47675  
  4 217.3445   2108.295714  x:  0.05254   0.16056   0.03235   0.06396   0.03389   0.12661   0.03743   0.08353   0.12063   0.01471   0.19412   0.01284   0.17073   0.02080   0.03967   0.03684   0.06786   0.02073   0.03881   0.12907   0.04092   0.22912   0.16263   2.06418   1.53066   1.13216   1.45455   0.55937  
  5 166.8144   2105.554932  x:  0.05451   0.16983   0.03369   0.04417   0.03412   0.12691   0.03926   0.08428   0.10901   0.03255   0.18472   0.00778   0.18004   0.03521   0.03626   0.03720   0.06637   0.02769   0.04215   0.12854   0.03554   0.22699   0.16102   2.09594   1.52940   1.12255   1.46789   0.61601  
  6 221.0944   2102.494130  x:  0.05766   0.15310   0.03272   0.04246   0.02999   0.11612   0.03820   0.08368   0.11252   0.02857   0.17679   0.00000   0.17035   0.03158   0.03454   0.03686   0.06007   0.02762   0.04310   0.12359   0.02245   0.22261   0.15814   2.13599   1.52828   1.11252   1.48269   0.66518  
  7 132.8431   2098.741511  x:  0.05495   0.11635   0.03465   0.06072   0.03297   0.10010   0.03577   0.08222   0.12419   0.02814   0.16733   0.00000   0.14861   0.04372   0.04289   0.03740   0.05788   0.02505   0.04059   0.11582   0.04380   0.21662   0.15563   2.21894   1.52704   1.09334   1.51136   0.74900  
  8 253.7458   2097.547024  x:  0.05316   0.11315   0.03281   0.06329   0.02988   0.10793   0.04049   0.08061   0.12991   0.03773   0.17603   0.00000   0.13995   0.03993   0.03828   0.03632   0.06610   0.01214   0.03822   0.11909   0.04361   0.21805   0.15760   2.25629   1.52799   1.08805   1.52062   0.75952  
  9 82.3851   2096.043566  x:  0.05327   0.11130   0.03192   0.06921   0.02537   0.12150   0.04330   0.07790   0.14120   0.04381   0.19577   0.00000   0.12502   0.03432   0.03771   0.03740   0.07700   0.02590   0.03916   0.12604   0.04277   0.22182   0.16125   2.34297   1.53069   1.07734   1.54061   0.77529  
 10 148.6427   2092.441769  x:  0.05535   0.11350   0.03409   0.05207   0.04865   0.13385   0.03528   0.07767   0.15609   0.02741   0.23702   0.00000   0.11168   0.04501   0.04354   0.03666   0.07012   0.02077   0.04714   0.13624   0.03980   0.23316   0.16946   2.56646   1.53965   1.05659   1.58567   0.78110  
 11 202.6736   2085.882843  x:  0.05367   0.11849   0.03184   0.05012   0.02747   0.11371   0.02599   0.08585   0.14859   0.03167   0.26881   0.00000   0.14375   0.04237   0.03513   0.03925   0.03935   0.02173   0.03083   0.13018   0.04854   0.24773   0.17557   2.96003   1.55849   1.03292   1.65378   0.75034  
 12 287.7979   2080.580897  x:  0.05173   0.12048   0.03596   0.06162   0.02825   0.08411   0.05217   0.09009   0.12428   0.02873   0.26307   0.00000   0.17614   0.04258   0.03959   0.03585   0.06241   0.02077   0.04804   0.11497   0.04016   0.25171   0.17083   3.33889   1.57792   1.01908   1.71250   0.71387  
 13 538.9980   2075.767606  x:  0.05376   0.11927   0.03008   0.06381   0.04229   0.10626   0.03218   0.07450   0.09877   0.03493   0.19816   0.00000   0.17510   0.03408   0.04272   0.03978   0.07651   0.02043   0.03867   0.10712   0.03671   0.23427   0.15174   3.65959   1.59613   1.02690   1.74837   0.68009  
 14 282.1345   2073.919366  x:  0.05342   0.13007   0.03550   0.05921   0.02923   0.11892   0.04098   0.07612   0.10639   0.02584   0.16086   0.00000   0.16861   0.04084   0.04069   0.03558   0.07378   0.02013   0.04007   0.11532   0.04074   0.22274   0.14722   3.78378   1.60473   1.04086   1.75416   0.66534  
 15 227.6146   2073.350043  x:  0.05225   0.14003   0.03287   0.06327   0.03476   0.11410   0.04058   0.08398   0.11498   0.03210   0.15072   0.00000   0.16521   0.03717   0.04041   0.03942   0.06959   0.02021   0.04495   0.12128   0.04000   0.21635   0.15076   3.82623   1.60933   1.05776   1.74700   0.66432  
 16 71.6411   2072.510704  x:  0.05247   0.14726   0.03010   0.05952   0.03362   0.10186   0.03547   0.08138   0.11664   0.03153   0.15318   0.00000   0.15954   0.03735   0.04104   0.03153   0.07750   0.02035   0.03843   0.12259   0.04193   0.20600   0.15860   3.89230   1.61960   1.10726   1.71782   0.67379  
 17 54.2981   2071.756819  x:  0.05242   0.14612   0.03627   0.05916   0.03151   0.10222   0.03818   0.07682   0.11253   0.02939   0.16015   0.00000   0.15843   0.03837   0.04087   0.04525   0.07719   0.01899   0.03803   0.11961   0.04196   0.20113   0.16230   3.95712   1.63144   1.16275   1.68247   0.68466  
 18 129.9137   2071.158040  x:  0.05213   0.13836   0.03338   0.06377   0.03279   0.11229   0.04194   0.07905   0.10859   0.03054   0.16562   0.00000   0.16291   0.03895   0.04058   0.03800   0.06943   0.02025   0.04441   0.11624   0.04079   0.20585   0.15984   4.00569   1.64200   1.20673   1.65193   0.69357  
 19 108.6144   2071.008028  x:  0.05283   0.13382   0.03524   0.06202   0.03344   0.11288   0.04065   0.08386   0.11327   0.03085   0.16416   0.00000   0.16699   0.03850   0.04123   0.03837   0.07277   0.02022   0.04167   0.11837   0.04027   0.21606   0.15465   4.01933   1.64689   1.21632   1.64223   0.69757  
 20 27.2309   2070.982027  x:  0.05284   0.13390   0.03295   0.06165   0.03258   0.11217   0.04011   0.08211   0.11397   0.03059   0.16348   0.00000   0.16707   0.03880   0.04121   0.03927   0.07316   0.01999   0.04301   0.11909   0.04071   0.21933   0.15392   4.02173   1.64905   1.21663   1.63948   0.69818  
 21 10.8325   2070.952000  x:  0.05262   0.13508   0.03451   0.06241   0.03325   0.11095   0.04045   0.07886   0.11401   0.03111   0.16252   0.00000   0.16590   0.03843   0.04046   0.03849   0.07211   0.02014   0.04303   0.11958   0.04055   0.22322   0.15397   4.02481   1.65346   1.21483   1.63485   0.69894  
 22  9.8579   2070.887740  x:  0.05256   0.13631   0.03300   0.06250   0.03351   0.11070   0.04262   0.08084   0.11148   0.03067   0.16172   0.00000   0.16208   0.03872   0.04193   0.03894   0.07129   0.02024   0.04038   0.11824   0.04013   0.22600   0.15579   4.03238   1.66604   1.20671   1.62271   0.70097  
 23 10.7232   2070.809710  x:  0.05248   0.13630   0.03490   0.06228   0.03171   0.11120   0.03930   0.08365   0.11026   0.03051   0.16199   0.00000   0.16068   0.03853   0.04111   0.03864   0.07242   0.01980   0.04309   0.11691   0.04049   0.22491   0.15733   4.04144   1.68163   1.19583   1.60743   0.70290  
 24 27.4621   2070.730629  x:  0.05264   0.13414   0.03377   0.06225   0.03321   0.11173   0.04031   0.08155   0.11389   0.03032   0.16328   0.00000   0.16499   0.03900   0.03939   0.03879   0.07263   0.02018   0.04216   0.11848   0.04030   0.21841   0.15604   4.05152   1.69568   1.18467   1.59303   0.70562  
 25 20.4269   2070.712915  x:  0.05259   0.13408   0.03410   0.06181   0.03269   0.11181   0.04041   0.08077   0.11443   0.03103   0.16378   0.00000   0.16573   0.03835   0.04221   0.03856   0.07223   0.01993   0.04228   0.11926   0.04001   0.21722   0.15521   4.05364   1.69722   1.18290   1.59061   0.70582  
 26  8.8731   2070.313041  x:  0.05141   0.14037   0.03420   0.06408   0.03194   0.10829   0.04022   0.08351   0.10945   0.03002   0.17105   0.00000   0.15864   0.03912   0.04000   0.03854   0.07061   0.01967   0.04208   0.12601   0.04034   0.21367   0.13535   4.10696   1.67592   1.16771   1.57232   0.71391  
 27  3.5640   2065.540625  x:  0.04728   0.15466   0.03309   0.06885   0.02783   0.11775   0.03828   0.08293   0.13289   0.02740   0.18281   0.00000   0.15094   0.03961   0.04153   0.03756   0.06923   0.01671   0.03910   0.11359   0.03170   0.22179   0.15628   4.76605   1.38948   0.99626   1.38402   0.82704  
 28 65.3274   2065.234303  x:  0.04755   0.14760   0.03351   0.07043   0.02726   0.11697   0.03792   0.08396   0.12482   0.02626   0.18212   0.00000   0.15146   0.03971   0.04081   0.03753   0.06890   0.01650   0.03911   0.13167   0.03060   0.22249   0.16514   4.80967   1.37797   0.98883   1.37890   0.83494  
 29 45.7881   2060.894227  x:  0.04333   0.15299   0.03193   0.07691   0.02294   0.12564   0.03546   0.08374   0.13797   0.02232   0.19946   0.00000   0.14503   0.04052   0.04015   0.03595   0.06484   0.01353   0.03769   0.13427   0.02056   0.22828   0.17017   5.39188   1.68977   1.13351   1.73850   0.94951  
 30 11.6380   2058.800901  x:  0.03808   0.14726   0.03105   0.07860   0.03209   0.12126   0.02997   0.07946   0.12694   0.02198   0.17779   0.00000   0.17274   0.04099   0.04152   0.03810   0.06445   0.01925   0.03670   0.12451   0.02956   0.22089   0.15814   6.20050   1.71696   1.16767   1.74509   1.02204  
 31  0.4983   2058.054203  x:  0.03163   0.15405   0.03240   0.07523   0.02662   0.11701   0.03803   0.08357   0.12185   0.02370   0.18563   0.00000   0.16929   0.03876   0.04221   0.03818   0.06189   0.01736   0.03838   0.12361   0.02451   0.22816   0.15987   6.83023   1.69671   1.13839   1.70559   1.04827  
 32  0.3544   2057.858178  x:  0.02921   0.15298   0.03259   0.07041   0.02733   0.11887   0.03267   0.08358   0.12368   0.02189   0.18913   0.00000   0.16257   0.03974   0.04075   0.03787   0.06615   0.01660   0.03874   0.12611   0.02592   0.22769   0.16209   7.07090   1.68987   1.13398   1.70990   1.03918  
 33  0.1572   2057.794382  x:  0.02811   0.14868   0.03209   0.06921   0.02877   0.11992   0.03403   0.08186   0.12573   0.02381   0.18775   0.00000   0.16218   0.03928   0.04101   0.03756   0.06469   0.01789   0.03777   0.12627   0.02570   0.22604   0.16193   7.15317   1.69312   1.14069   1.71933   1.01727  
 34  0.0541   2057.781654  x:  0.02789   0.14833   0.03211   0.06946   0.02799   0.11935   0.03403   0.08241   0.12540   0.02295   0.18745   0.00000   0.16275   0.03949   0.04113   0.03798   0.06425   0.01775   0.03852   0.12566   0.02570   0.22665   0.16154   7.14594   1.69662   1.13997   1.72135   1.00274  
 35  0.0118   2057.780431  x:  0.02789   0.14886   0.03221   0.06990   0.02806   0.11914   0.03386   0.08259   0.12524   0.02314   0.18778   0.00000   0.16283   0.03941   0.04109   0.03790   0.06451   0.01762   0.03826   0.12568   0.02563   0.22694   0.16163   7.13661   1.69713   1.14008   1.72239   1.00021  
 36  0.0086   2057.780347  x:  0.02791   0.14898   0.03216   0.07003   0.02808   0.11918   0.03393   0.08249   0.12519   0.02305   0.18775   0.00000   0.16280   0.03944   0.04109   0.03785   0.06451   0.01759   0.03823   0.12571   0.02565   0.22683   0.16165   7.13793   1.69696   1.14037   1.72258   1.00011  
 37  0.0011   2057.780307  x:  0.02794   0.14898   0.03216   0.07011   0.02805   0.11923   0.03390   0.08247   0.12521   0.02309   0.18771   0.00000   0.16280   0.03941   0.04111   0.03786   0.06453   0.01759   0.03827   0.12572   0.02566   0.22677   0.16165   7.14316   1.69687   1.14031   1.72243   1.00017  
 38  0.0023   2057.780287  x:  0.02800   0.14896   0.03217   0.07010   0.02808   0.11922   0.03392   0.08251   0.12523   0.02307   0.18774   0.00000   0.16280   0.03942   0.04111   0.03787   0.06453   0.01759   0.03826   0.12572   0.02565   0.22683   0.16165   7.14563   1.69690   1.14020   1.72233   1.00016  
 39  0.0016   2057.780284  x:  0.02802   0.14896   0.03217   0.07009   0.02806   0.11920   0.03392   0.08251   0.12522   0.02308   0.18774   0.00000   0.16280   0.03943   0.04110   0.03786   0.06452   0.01759   0.03825   0.12572   0.02567   0.22684   0.16165   7.14561   1.69692   1.14025   1.72241   1.00015  
 40  0.0001   2057.780284  x:  0.02802   0.14896   0.03217   0.07008   0.02807   0.11920   0.03391   0.08250   0.12522   0.02308   0.18774   0.00000   0.16280   0.03944   0.04110   0.03786   0.06452   0.01759   0.03825   0.12572   0.02566   0.22683   0.16165   7.14560   1.69692   1.14026   1.72244   1.00015  
 41  0.0000   2057.780284  x:  0.02802   0.14896   0.03217   0.07008   0.02807   0.11920   0.03391   0.08250   0.12522   0.02308   0.18774   0.00000   0.16280   0.03944   0.04110   0.03786   0.06452   0.01759   0.03825   0.12572   0.02566   0.22683   0.16165   7.14563   1.69693   1.14026   1.72245   1.00015  
 42  0.0000   2057.780284  x:  0.02802   0.14896   0.03217   0.07008   0.02807   0.11920   0.03391   0.08250   0.12522   0.02308   0.18774   0.00000   0.16280   0.03944   0.04110   0.03786   0.06452   0.01759   0.03825   0.12572   0.02566   0.22683   0.16165   7.14564   1.69694   1.14026   1.72245   1.00015  
 43  0.0000   2057.780284  x:  0.02802   0.14896   0.03217   0.07008   0.02807   0.11920   0.03391   0.08250   0.12522   0.02308   0.18774   0.00000   0.16280   0.03944   0.04110   0.03786   0.06452   0.01759   0.03825   0.12572   0.02566   0.22683   0.16165   7.14564   1.69694   1.14026   1.72245   1.00015  

TREE # 2

  0  0.0000   2079.553412  x:  0.18007   0.00000   0.25281   0.09375   0.04505   0.02122   0.12862   0.02482   0.05287   0.02257   0.04599   0.04757   0.01666   0.23255   0.05714   0.06336   0.01988   0.14717   0.02313   0.07897   0.03092   0.07781   0.06786   7.14564   1.55746   1.10367   1.55623   1.00015  
  1 99.0000   2064.992931  x:  0.17868   0.00769   0.25185   0.11672   0.03255   0.05190   0.12982   0.04201   0.04422   0.04993   0.05756   0.02736   0.04668   0.22804   0.09885   0.04833   0.04569   0.14641   0.08143   0.07903   0.03002   0.09894   0.04878   7.14562   1.55893   1.10174   1.55790   0.99986  
  2 379.2969   2062.017501  x:  0.17708   0.00000   0.25027   0.12523   0.02778   0.04977   0.12953   0.04196   0.04052   0.04708   0.06037   0.01970   0.04249   0.22477   0.10913   0.03843   0.04160   0.14410   0.08282   0.07948   0.02820   0.10488   0.04159   7.14562   1.55960   1.10102   1.55871   0.99974  
  3 169.6387   2060.735087  x:  0.17428   0.00000   0.24649   0.14197   0.03673   0.04629   0.12819   0.04517   0.04297   0.04459   0.06482   0.03431   0.03682   0.21413   0.12756   0.02627   0.03820   0.13661   0.08302   0.08218   0.03341   0.11141   0.04102   7.14561   1.56165   1.09873   1.56145   0.99971  
  4 94.1520   2060.328886  x:  0.17089   0.00000   0.24148   0.15065   0.03483   0.04406   0.12710   0.04258   0.04578   0.04389   0.05885   0.03392   0.03532   0.20124   0.13748   0.03391   0.04042   0.12820   0.08038   0.08338   0.03072   0.11078   0.04607   7.14560   1.56444   1.09583   1.56542   0.99984  
  5 39.3279   2060.149664  x:  0.16764   0.00000   0.23540   0.15040   0.03417   0.04673   0.12666   0.04274   0.04482   0.04543   0.05760   0.03295   0.03811   0.18820   0.13528   0.02971   0.04036   0.12424   0.07599   0.08259   0.03161   0.10541   0.04587   7.14557   1.56853   1.09193   1.57168   1.00023  
  6 20.5206   2060.044396  x:  0.16600   0.00000   0.23057   0.14814   0.03476   0.04446   0.12665   0.04317   0.04415   0.04319   0.06155   0.03353   0.03631   0.18075   0.13172   0.03230   0.04013   0.12512   0.07729   0.08219   0.03109   0.10576   0.04321   7.14552   1.57378   1.08730   1.57997   1.00084  
  7 16.1354   2059.905933  x:  0.16611   0.00000   0.22638   0.14575   0.03519   0.04166   0.12682   0.04217   0.04616   0.04268   0.05832   0.03232   0.03487   0.17988   0.12858   0.03077   0.03685   0.12964   0.07610   0.08319   0.03230   0.11028   0.04685   7.14539   1.58462   1.07894   1.59728   1.00214  
  8 16.0140   2059.746003  x:  0.16741   0.00000   0.22610   0.14605   0.03493   0.04292   0.12675   0.04058   0.04462   0.04112   0.05787   0.03482   0.03377   0.18634   0.12845   0.03172   0.03669   0.13092   0.06754   0.08245   0.02931   0.10909   0.04450   7.14521   1.59944   1.06974   1.62080   1.00386  
  9 25.9744   2059.699984  x:  0.16752   0.00000   0.22793   0.14658   0.03441   0.04140   0.12652   0.04098   0.04472   0.04080   0.05848   0.03373   0.03275   0.18880   0.12808   0.03243   0.03688   0.12895   0.06624   0.08248   0.03290   0.10661   0.04383   7.14514   1.60462   1.06826   1.62875   1.00439  
 10 21.6975   2059.671838  x:  0.16711   0.00000   0.23089   0.14684   0.03534   0.04014   0.12617   0.04157   0.04557   0.04072   0.05908   0.03291   0.03236   0.18972   0.12698   0.03170   0.03563   0.12621   0.06740   0.08247   0.03119   0.10466   0.04461   7.14510   1.60874   1.06955   1.63461   1.00469  
 11 12.1568   2059.638731  x:  0.16608   0.00000   0.23529   0.14637   0.03464   0.04096   0.12592   0.03940   0.04445   0.03920   0.05874   0.03370   0.03182   0.18866   0.12560   0.03087   0.03633   0.12415   0.06821   0.08248   0.03138   0.10616   0.04520   7.14503   1.61556   1.07562   1.64341   1.00497  
 12  9.1747   2059.566464  x:  0.16454   0.00000   0.24171   0.14541   0.03436   0.04065   0.12610   0.04161   0.04494   0.04144   0.05779   0.03379   0.03206   0.18553   0.12546   0.03202   0.03534   0.12414   0.06568   0.08252   0.03152   0.10986   0.04286   7.14486   1.63266   1.09325   1.66452   1.00544  
 13 21.2403   2059.436367  x:  0.16517   0.00000   0.24223   0.14636   0.03597   0.03975   0.12667   0.04105   0.04605   0.03863   0.05987   0.03115   0.03406   0.18332   0.12908   0.03131   0.03704   0.13029   0.06459   0.08320   0.03142   0.10707   0.04411   7.14454   1.66580   1.12815   1.70382   1.00614  
 14 33.5260   2059.339934  x:  0.16643   0.00000   0.23728   0.14773   0.03414   0.04089   0.12673   0.03983   0.04461   0.04146   0.05973   0.03225   0.03059   0.18423   0.13007   0.03139   0.03506   0.13171   0.06705   0.08277   0.03145   0.10427   0.04456   7.14432   1.69094   1.15366   1.73267   1.00659  
 15 58.3822   2059.279370  x:  0.16706   0.00000   0.23067   0.14853   0.03365   0.04062   0.12619   0.04134   0.04451   0.03958   0.05788   0.03280   0.03247   0.18725   0.12895   0.03128   0.03476   0.12796   0.06850   0.08163   0.03157   0.10566   0.04325   7.14418   1.70752   1.16852   1.75049   1.00681  
 16 34.8197   2059.263556  x:  0.16679   0.00000   0.22871   0.14833   0.03436   0.04057   0.12597   0.04081   0.04500   0.04073   0.05914   0.03193   0.03217   0.18834   0.12858   0.03086   0.03627   0.12623   0.06795   0.08197   0.03134   0.10704   0.04353   7.14415   1.71236   1.17121   1.75484   1.00684  
 17 13.3723   2059.247607  x:  0.16561   0.00000   0.22845   0.14731   0.03410   0.04191   0.12615   0.04090   0.04484   0.04061   0.06039   0.03159   0.03290   0.18887   0.12983   0.03133   0.03506   0.12546   0.06832   0.08367   0.03158   0.10743   0.04409   7.14413   1.71861   1.16986   1.75798   1.00676  
 18  4.0021   2059.202683  x:  0.16329   0.00000   0.22955   0.14576   0.03364   0.04119   0.12654   0.04171   0.04423   0.04120   0.05886   0.03183   0.03275   0.18917   0.13252   0.03005   0.03710   0.12590   0.07094   0.08422   0.03101   0.10675   0.04303   7.14409   1.73671   1.16336   1.76551   1.00648  
 19 12.4333   2059.177392  x:  0.16464   0.00000   0.23077   0.14806   0.03407   0.04222   0.12619   0.04096   0.04497   0.04161   0.05936   0.03100   0.03336   0.18850   0.13230   0.03035   0.03657   0.12650   0.07194   0.08096   0.03145   0.10728   0.04281   7.14409   1.74603   1.15954   1.76868   1.00634  
 20 11.0622   2059.166006  x:  0.16655   0.00000   0.23126   0.14976   0.03294   0.04195   0.12592   0.04210   0.04409   0.04172   0.06003   0.03106   0.03367   0.18796   0.13132   0.03024   0.03699   0.12672   0.07181   0.08156   0.03120   0.10766   0.04373   7.14412   1.74889   1.15846   1.76899   1.00632  
 21  4.5653   2059.144053  x:  0.16935   0.00000   0.23156   0.15105   0.03414   0.04269   0.12550   0.04177   0.04402   0.04155   0.05907   0.03020   0.03322   0.18721   0.13045   0.03033   0.03705   0.12657   0.07205   0.08449   0.03115   0.10770   0.04213   7.14421   1.75149   1.15803   1.76740   1.00640  
 22  3.0068   2059.014200  x:  0.17421   0.00000   0.23145   0.14938   0.03054   0.03971   0.12547   0.03823   0.04691   0.04210   0.06045   0.03059   0.03485   0.18614   0.13298   0.02858   0.03572   0.12493   0.07155   0.08591   0.03063   0.10826   0.03913   7.14486   1.75994   1.15927   1.75425   1.00704  
 23  4.7008   2058.614505  x:  0.17822   0.00000   0.23013   0.14514   0.03046   0.04039   0.12651   0.04224   0.04317   0.03827   0.06160   0.02424   0.02827   0.18496   0.14109   0.02589   0.03428   0.12145   0.06849   0.08121   0.03017   0.11154   0.03961   7.14686   1.78226   1.16399   1.71414   1.00914  
 24 33.1527   2058.423178  x:  0.16880   0.00000   0.22901   0.15212   0.03187   0.03714   0.12603   0.04025   0.03779   0.03947   0.06198   0.02188   0.03021   0.18695   0.13985   0.02614   0.03229   0.12365   0.06744   0.08200   0.03016   0.11270   0.03847   7.14784   1.78878   1.16565   1.69786   1.01026  
 25 22.4013   2058.315729  x:  0.16141   0.00000   0.22830   0.15767   0.02913   0.03889   0.12570   0.04120   0.04135   0.03814   0.06254   0.02104   0.02856   0.18840   0.13747   0.02534   0.03272   0.12591   0.06697   0.08336   0.02974   0.11299   0.03712   7.14841   1.79003   1.16603   1.69071   1.01096  
 26 25.9401   2057.847632  x:  0.16256   0.00000   0.22695   0.16112   0.02643   0.03887   0.12574   0.04179   0.03905   0.03802   0.06442   0.01495   0.02784   0.18639   0.14604   0.02188   0.03211   0.12393   0.07007   0.08317   0.02894   0.11665   0.03383   7.15084   1.72445   1.14811   1.72738   1.01513  
 27  5.3331   2057.845218  x:  0.16249   0.00000   0.22697   0.16091   0.02637   0.03889   0.12394   0.04185   0.03902   0.03802   0.06444   0.01497   0.02781   0.18642   0.14621   0.02188   0.03209   0.12410   0.07005   0.08314   0.02894   0.11666   0.03383   7.15091   1.72394   1.14797   1.72762   1.01129  
 28  0.8558   2057.837095  x:  0.16251   0.00000   0.22698   0.16111   0.02638   0.03885   0.12546   0.04176   0.03899   0.03798   0.06445   0.01506   0.02775   0.18651   0.14613   0.02190   0.03207   0.12400   0.07000   0.08315   0.02889   0.11676   0.03378   7.15115   1.72212   1.14743   1.72847   0.99601  
 29  3.6242   2057.785182  x:  0.16165   0.00000   0.22671   0.16240   0.02546   0.03914   0.12561   0.04149   0.03815   0.03775   0.06438   0.01800   0.02768   0.18696   0.14800   0.02264   0.03200   0.12459   0.07018   0.08278   0.02822   0.11827   0.03337   7.14809   1.70305   1.14204   1.72788   1.00079  
 30  0.0593   2057.780589  x:  0.16160   0.00000   0.22684   0.16270   0.02564   0.03937   0.12570   0.04114   0.03826   0.03782   0.06452   0.01763   0.02797   0.18755   0.14867   0.02329   0.03214   0.12513   0.07009   0.08255   0.02805   0.11894   0.03402   7.14637   1.69721   1.14034   1.72391   1.00023  
 31  0.0106   2057.780297  x:  0.16164   0.00000   0.22685   0.16277   0.02568   0.03945   0.12571   0.04108   0.03825   0.03787   0.06452   0.01761   0.02805   0.18773   0.14890   0.02306   0.03217   0.12522   0.07008   0.08250   0.02805   0.11915   0.03394   7.14571   1.69669   1.14018   1.72257   1.00014  
 32  0.0021   2057.780284  x:  0.16165   0.00000   0.22683   0.16279   0.02565   0.03944   0.12572   0.04110   0.03825   0.03786   0.06452   0.01759   0.02802   0.18774   0.14895   0.02308   0.03217   0.12522   0.07008   0.08250   0.02807   0.11919   0.03391   7.14562   1.69689   1.14024   1.72242   1.00014  
 33  0.0004   2057.780284  x:  0.16165   0.00000   0.22683   0.16280   0.02566   0.03944   0.12572   0.04110   0.03825   0.03786   0.06452   0.01759   0.02802   0.18774   0.14896   0.02308   0.03217   0.12522   0.07008   0.08250   0.02807   0.11920   0.03391   7.14562   1.69693   1.14026   1.72244   1.00015  
 34  0.0001   2057.780284  x:  0.16165   0.00000   0.22683   0.16280   0.02566   0.03944   0.12572   0.04110   0.03825   0.03786   0.06452   0.01759   0.02802   0.18774   0.14896   0.02308   0.03217   0.12522   0.07008   0.08250   0.02807   0.11920   0.03391   7.14563   1.69693   1.14026   1.72245   1.00015  
 35  0.0000   2057.780284  x:  0.16165   0.00000   0.22683   0.16280   0.02566   0.03944   0.12572   0.04110   0.03825   0.03786   0.06452   0.01759   0.02802   0.18774   0.14896   0.02308   0.03217   0.12522   0.07008   0.08250   0.02807   0.11920   0.03391   7.14563   1.69694   1.14026   1.72245   1.00015  
 36  0.0000   2057.780284  x:  0.16165   0.00000   0.22683   0.16280   0.02566   0.03944   0.12572   0.04110   0.03825   0.03786   0.06452   0.01759   0.02802   0.18774   0.14896   0.02308   0.03217   0.12522   0.07008   0.08250   0.02807   0.11920   0.03391   7.14564   1.69693   1.14026   1.72245   1.00015  
 37  0.0000   2057.780284  x:  0.16165   0.00000   0.22683   0.16280   0.02566   0.03944   0.12572   0.04110   0.03825   0.03786   0.06452   0.01759   0.02802   0.18774   0.14896   0.02308   0.03217   0.12522   0.07008   0.08250   0.02807   0.11920   0.03391   7.14564   1.69694   1.14026   1.72245   1.00015  