

TREE # 1

  0  0.0000   2222.100201  x:  0.04883   0.00000   0.12638   0.02310   0.07306   0.06925   0.05001   0.04255   0.08878   0.05774   0.05274   0.13162   0.00909   0.00704   0.09804   0.05356   0.06314   0.05047   0.05135   0.05736   0.10107   0.06217   0.11441   0.06745   2.00000   1.40343   0.86706   1.25668   0.40000  
  1 99.0000   2179.016636  x:  0.05626   0.00899   0.13689   0.01735   0.06425   0.06030   0.05059   0.03462   0.08639   0.06983   0.04468   0.14125   0.00000   0.11288   0.10433   0.04371   0.05491   0.05653   0.04154   0.06177   0.10080   0.08532   0.12715   0.07489   2.00283   1.40357   0.86836   1.25688   0.41139  
  2 1426.4194   2144.224629  x:  0.07111   0.00169   0.17940   0.00000   0.02951   0.02437   0.05270   0.00565   0.07780   0.10295   0.01442   0.16804   0.00000   0.10143   0.11990   0.00072   0.01970   0.07364   0.00312   0.07785   0.09976   0.13376   0.16041   0.08973   2.01455   1.40348   0.87461   1.25748   0.45654  
  3 452.6327   2143.319300  x:  0.07150   0.00160   0.18058   0.00122   0.02864   0.02341   0.05276   0.00530   0.07757   0.10383   0.01383   0.16878   0.00000   0.10114   0.12034   0.00000   0.01873   0.07408   0.00282   0.07829   0.09973   0.13504   0.16133   0.09012   2.01490   1.40348   0.87479   1.25750   0.45783  
  4 1396.2891   2136.644494  x:  0.07674   0.00191   0.19704   0.00377   0.01658   0.01059   0.05372   0.00754   0.07427   0.11532   0.00733   0.17936   0.00000   0.09703   0.12694   0.00538   0.00520   0.07981   0.01211   0.08439   0.09940   0.15222   0.17416   0.09536   2.02019   1.40345   0.87757   1.25779   0.47693  
  5 1183.4704   2132.070415  x:  0.08141   0.00591   0.21526   0.00340   0.01170   0.01141   0.05436   0.02064   0.07118   0.12541   0.02493   0.19143   0.00000   0.09281   0.13474   0.00557   0.00144   0.08412   0.01087   0.09102   0.09771   0.16920   0.18824   0.10003   2.02779   1.40339   0.88152   1.25818   0.50161  
  6 496.4125   2129.760784  x:  0.08548   0.00758   0.23238   0.00375   0.01012   0.01268   0.05467   0.02771   0.06864   0.13441   0.03329   0.20275   0.00000   0.08904   0.14204   0.00692   0.01487   0.08780   0.01171   0.09705   0.09596   0.18487   0.20137   0.10410   2.03540   1.40333   0.88550   1.25854   0.52559  
  7 1137.2528   2126.511679  x:  0.08694   0.00193   0.25233   0.00422   0.03623   0.02799   0.05317   0.02582   0.06869   0.13907   0.03277   0.21616   0.00000   0.08641   0.15010   0.01049   0.01330   0.08736   0.01431   0.10123   0.09269   0.19913   0.21596   0.10556   2.04953   1.40322   0.89298   1.25898   0.56266  
  8 326.5287   2119.802255  x:  0.06761   0.01013   0.27228   0.00487   0.02797   0.03044   0.04894   0.00988   0.08115   0.10519   0.03639   0.23178   0.00000   0.08883   0.15647   0.01286   0.01197   0.05653   0.01627   0.08780   0.08040   0.18326   0.22571   0.08623   2.10490   1.40305   0.92247   1.25951   0.66700  
  9 136.5113   2117.089761  x:  0.06092   0.00000   0.27593   0.00468   0.02663   0.02668   0.04999   0.02610   0.08377   0.08982   0.02769   0.23484   0.00000   0.09205   0.15614   0.00881   0.01226   0.05281   0.01250   0.08219   0.07822   0.17053   0.22535   0.07954   2.13720   1.40335   0.93851   1.26004   0.71887  
 10 309.3061   2112.639979  x:  0.06840   0.01398   0.26281   0.00431   0.03045   0.02290   0.05412   0.02687   0.07785   0.08167   0.02316   0.22681   0.00000   0.09475   0.14578   0.00574   0.01205   0.09073   0.01150   0.08140   0.09109   0.13003   0.20807   0.08703   2.22253   1.40632   0.97547   1.26255   0.82547  
 11 194.5445   2110.366654  x:  0.07246   0.00000   0.25046   0.00491   0.02588   0.02398   0.05395   0.02039   0.07433   0.09030   0.02964   0.21859   0.00000   0.09705   0.14031   0.00935   0.01200   0.09479   0.01174   0.08426   0.09580   0.12050   0.19758   0.09108   2.26273   1.40856   0.99041   1.26440   0.86437  
 12 235.4986   2108.381463  x:  0.07645   0.00478   0.22923   0.00374   0.02640   0.02550   0.05226   0.02359   0.07129   0.10712   0.02698   0.20475   0.00000   0.09649   0.13542   0.00167   0.01197   0.08181   0.01742   0.08883   0.09716   0.12434   0.18432   0.09507   2.31628   1.41319   1.00614   1.26791   0.89857  
 13 171.2773   2107.320437  x:  0.07862   0.01045   0.21494   0.00475   0.02753   0.02489   0.05167   0.02629   0.06997   0.11642   0.02325   0.19550   0.00000   0.09552   0.13315   0.00741   0.01184   0.07355   0.01055   0.09140   0.09777   0.12988   0.17646   0.09724   2.35360   1.41681   1.01599   1.27067   0.91832  
 14 428.1735   2105.112967  x:  0.07539   0.00965   0.18780   0.00453   0.03334   0.01490   0.05742   0.02334   0.07753   0.10357   0.02951   0.17896   0.00000   0.09312   0.13703   0.00748   0.01265   0.08399   0.01227   0.08852   0.09212   0.16317   0.17393   0.09401   2.46199   1.43186   1.03164   1.28228   0.93162  
 15 96.0111   2103.521070  x:  0.07384   0.00982   0.17673   0.00545   0.02169   0.03379   0.05790   0.02352   0.07825   0.09427   0.02383   0.17219   0.00000   0.09156   0.13977   0.00795   0.01130   0.09329   0.01319   0.08677   0.08996   0.18043   0.17678   0.09246   2.56407   1.44732   1.04251   1.29424   0.93175  
 16 220.5329   2091.684631  x:  0.07200   0.00834   0.20410   0.00466   0.02573   0.02705   0.02054   0.02392   0.05463   0.08985   0.02671   0.18866   0.00000   0.09115   0.14148   0.00828   0.01191   0.08896   0.01297   0.08744   0.09567   0.17055   0.20720   0.09062   3.23426   1.55506   1.09291   1.37836   0.86892  
 17 228.6476   2081.829866  x:  0.07251   0.00766   0.24863   0.00348   0.03138   0.02351   0.07272   0.02097   0.04801   0.09937   0.02981   0.21672   0.00000   0.09133   0.14283   0.00891   0.01242   0.07041   0.01325   0.09021   0.10102   0.14479   0.24110   0.09113   4.07160   1.68986   1.15258   1.48428   0.78687  
 18 2040.4675   2080.307302  x:  0.07634   0.00720   0.25840   0.00337   0.03036   0.02394   0.06975   0.02304   0.08135   0.10824   0.02911   0.22380   0.00000   0.09135   0.14415   0.00911   0.01247   0.07269   0.01272   0.09067   0.09684   0.13906   0.23680   0.09496   4.18755   1.70786   1.15696   1.49939   0.77587  
 19 289.5412   2079.879505  x:  0.07673   0.00707   0.26726   0.00337   0.03009   0.02424   0.06991   0.02282   0.07854   0.10894   0.02895   0.23180   0.00000   0.09164   0.14921   0.00950   0.01228   0.07546   0.01269   0.08731   0.08409   0.14205   0.21153   0.09535   4.21642   1.70993   1.14545   1.50383   0.77594  
 20 31.4747   2079.737266  x:  0.07533   0.00709   0.27153   0.00337   0.02988   0.02441   0.06996   0.02271   0.07925   0.10602   0.02903   0.23386   0.00000   0.09181   0.14996   0.00922   0.01229   0.07451   0.01284   0.09077   0.09264   0.14553   0.20113   0.09395   4.22778   1.70868   1.13267   1.50564   0.77828  
 21 20.9097   2079.399529  x:  0.07506   0.00750   0.27391   0.00338   0.02974   0.02420   0.07005   0.02279   0.07920   0.10728   0.02888   0.22441   0.00000   0.09201   0.14013   0.00933   0.01232   0.07447   0.01267   0.08504   0.09191   0.14533   0.20353   0.09368   4.25949   1.69483   1.06872   1.50794   0.79294  
 22 14.0581   2079.319115  x:  0.07504   0.00739   0.27055   0.00340   0.02964   0.02393   0.07002   0.02268   0.07910   0.10615   0.02846   0.22427   0.00000   0.09214   0.14452   0.00925   0.01213   0.07428   0.01253   0.09212   0.08888   0.14241   0.20536   0.09366   4.26834   1.68774   1.05354   1.50532   0.79593  
 23 17.7821   2079.214770  x:  0.07589   0.00701   0.26356   0.00340   0.02962   0.02378   0.06994   0.02274   0.07886   0.10807   0.02828   0.23037   0.00000   0.09183   0.15411   0.00899   0.01212   0.07378   0.01245   0.08741   0.09181   0.14027   0.20731   0.09451   4.28189   1.67019   1.03943   1.49391   0.79800  
 24 12.0809   2078.752377  x:  0.07464   0.00714   0.25461   0.00347   0.02947   0.02377   0.07012   0.02263   0.07909   0.10861   0.02811   0.25180   0.00000   0.09118   0.13959   0.00935   0.01206   0.07455   0.01242   0.09024   0.09047   0.14458   0.20867   0.09326   4.34601   1.57164   1.00177   1.42053   0.80011  
 25 18.9250   2078.328682  x:  0.07942   0.00684   0.26928   0.00344   0.02929   0.02370   0.07044   0.02234   0.07940   0.10581   0.02813   0.23420   0.00000   0.09136   0.14574   0.00931   0.01195   0.07253   0.01255   0.08978   0.09052   0.14634   0.20695   0.09804   4.40515   1.48162   0.97474   1.34814   0.80066  
 26 43.6493   2078.278759  x:  0.07513   0.00722   0.27121   0.00341   0.02931   0.02376   0.07045   0.02236   0.07939   0.10922   0.02806   0.23136   0.00000   0.09154   0.14729   0.00934   0.01193   0.07445   0.01250   0.08998   0.09066   0.14617   0.20677   0.09375   4.41190   1.47341   0.97213   1.33973   0.80100  
 27 19.6369   2077.593528  x:  0.07635   0.00614   0.26997   0.00338   0.02845   0.02321   0.07028   0.02193   0.07968   0.11046   0.02729   0.23158   0.00000   0.09110   0.14674   0.00939   0.01167   0.07417   0.01217   0.09047   0.09068   0.14896   0.20677   0.09497   4.48329   1.53158   0.96159   1.25426   0.82685  
 28  2.4669   2070.905568  x:  0.08126   0.00000   0.26073   0.00339   0.02087   0.01846   0.06779   0.01709   0.07795   0.12558   0.01940   0.22406   0.00000   0.08778   0.15132   0.00821   0.00884   0.07490   0.00967   0.09614   0.08982   0.17204   0.21238   0.09988   5.03167   1.59701   1.08326   1.38941   1.02303  
 29  6.9782   2067.932941  x:  0.07659   0.01761   0.24710   0.00474   0.02111   0.01537   0.06182   0.01104   0.07616   0.12197   0.01788   0.21526   0.00000   0.08772   0.14749   0.00830   0.00723   0.07252   0.01278   0.09365   0.08820   0.18034   0.20785   0.09520   5.94037   1.64423   1.13746   1.47191   1.19666  
 30  0.7541   2065.983071  x:  0.07725   0.00990   0.25153   0.00685   0.02274   0.02239   0.05217   0.02181   0.07572   0.10875   0.01759   0.22514   0.00000   0.09191   0.14876   0.00797   0.00757   0.07758   0.01529   0.08902   0.09110   0.17950   0.21665   0.09586   6.88464   1.65963   1.09948   1.45460   1.25631  
 31  0.4237   2065.583698  x:  0.07721   0.00467   0.25811   0.00716   0.02284   0.01870   0.05108   0.01872   0.07426   0.11056   0.02218   0.22464   0.00000   0.09425   0.14995   0.00866   0.00771   0.07594   0.01573   0.09185   0.08960   0.17465   0.21597   0.09581   7.13834   1.65313   1.10224   1.44128   1.25356  
 32  0.2307   2065.391914  x:  0.07745   0.00601   0.26052   0.00749   0.02087   0.01737   0.05213   0.01680   0.07318   0.11639   0.01935   0.22375   0.00000   0.09499   0.15099   0.00897   0.00688   0.07450   0.01303   0.09517   0.08838   0.17609   0.21628   0.09606   7.28843   1.64985   1.11714   1.44864   1.24190  
 33  0.0945   2065.246019  x:  0.07792   0.00550   0.25638   0.00840   0.02199   0.01954   0.05312   0.01544   0.07370   0.11500   0.01896   0.22412   0.00000   0.09753   0.14963   0.00825   0.00691   0.07615   0.01247   0.09216   0.09090   0.17792   0.21707   0.09653   7.54944   1.66093   1.11395   1.46238   1.20570  
 34  0.0951   2065.207431  x:  0.07759   0.00642   0.25524   0.00866   0.02289   0.01836   0.05310   0.01649   0.07412   0.11417   0.01937   0.22244   0.00000   0.09848   0.14887   0.00738   0.00750   0.07522   0.01257   0.09223   0.08996   0.17711   0.21469   0.09620   7.57639   1.65810   1.11270   1.45763   1.19241  
 35  0.0226   2065.188080  x:  0.07765   0.00620   0.25618   0.00909   0.02131   0.01866   0.05277   0.01624   0.07397   0.11431   0.01953   0.22242   0.00000   0.09883   0.14949   0.00679   0.00770   0.07586   0.01281   0.09358   0.08914   0.17709   0.21477   0.09626   7.56563   1.65143   1.11056   1.44895   1.18761  
 36  0.0077   2065.149218  x:  0.07807   0.00610   0.25708   0.01047   0.02175   0.01794   0.05211   0.01628   0.07338   0.11601   0.01895   0.22397   0.00000   0.09858   0.14965   0.00644   0.00781   0.07670   0.01215   0.09294   0.09079   0.17851   0.21738   0.09668   7.45104   1.65322   1.10920   1.45123   1.19423  
 37  0.0231   2065.132129  x:  0.07771   0.00621   0.25693   0.01132   0.02205   0.01885   0.05231   0.01595   0.07357   0.11508   0.01918   0.22287   0.00000   0.09902   0.14891   0.00657   0.00774   0.07537   0.01241   0.09251   0.08994   0.17734   0.21510   0.09633   7.41582   1.65558   1.11161   1.45380   1.19792  
 38  0.0224   2065.129161  x:  0.07759   0.00608   0.25677   0.01171   0.02208   0.01855   0.05264   0.01604   0.07388   0.11440   0.01900   0.22305   0.00000   0.09921   0.14925   0.00662   0.00762   0.07552   0.01224   0.09292   0.08962   0.17707   0.21531   0.09621   7.43832   1.65393   1.11184   1.45247   1.19799  
 39  0.0148   2065.128215  x:  0.07765   0.00619   0.25680   0.01185   0.02192   0.01855   0.05290   0.01613   0.07399   0.11466   0.01905   0.22297   0.00000   0.09895   0.14932   0.00666   0.00755   0.07569   0.01240   0.09284   0.08990   0.17727   0.21556   0.09627   7.44410   1.65394   1.11143   1.45250   1.19935  
 40  0.0029   2065.128029  x:  0.07770   0.00616   0.25678   0.01184   0.02194   0.01852   0.05293   0.01616   0.07387   0.11482   0.01903   0.22307   0.00000   0.09882   0.14927   0.00669   0.00751   0.07558   0.01244   0.09285   0.08975   0.17725   0.21532   0.09631   7.45003   1.65434   1.11144   1.45255   1.19849  
 41  0.0034   2065.127884  x:  0.07767   0.00617   0.25676   0.01185   0.02194   0.01851   0.05284   0.01614   0.07384   0.11468   0.01903   0.22296   0.00000   0.09851   0.14929   0.00670   0.00749   0.07565   0.01245   0.09288   0.08979   0.17726   0.21545   0.09629   7.44583   1.65426   1.11159   1.45260   1.19720  
 42  0.0014   2065.127842  x:  0.07766   0.00616   0.25669   0.01187   0.02192   0.01853   0.05280   0.01616   0.07389   0.11470   0.01902   0.22306   0.00000   0.09839   0.14931   0.00669   0.00750   0.07560   0.01243   0.09284   0.08981   0.17720   0.21540   0.09628   7.44520   1.65408   1.11139   1.45264   1.19747  
 43  0.0004   2065.127822  x:  0.07767   0.00616   0.25672   0.01187   0.02194   0.01852   0.05283   0.01614   0.07390   0.11472   0.01904   0.22300   0.00000   0.09831   0.14931   0.00669   0.00751   0.07562   0.01242   0.09284   0.08979   0.17719   0.21540   0.09629   7.44793   1.65416   1.11144   1.45268   1.19774  
 44  0.0014   2065.127820  x:  0.07767   0.00616   0.25671   0.01186   0.02194   0.01853   0.05284   0.01614   0.07389   0.11471   0.01903   0.22302   0.00000   0.09829   0.14931   0.00668   0.00751   0.07562   0.01242   0.09285   0.08979   0.17720   0.21542   0.09629   7.44819   1.65419   1.11148   1.45263   1.19779  
 45  0.0002   2065.127820  x:  0.07767   0.00616   0.25672   0.01186   0.02194   0.01853   0.05284   0.01614   0.07388   0.11470   0.01903   0.22302   0.00000   0.09829   0.14931   0.00668   0.00751   0.07561   0.01242   0.09285   0.08979   0.17720   0.21542   0.09629   7.44808   1.65419   1.11148   1.45263   1.19780  
 46  0.0001   2065.127820  x:  0.07767   0.00616   0.25672   0.01186   0.02194   0.01853   0.05284   0.01614   0.07388   0.11470   0.01903   0.22302   0.00000   0.09829   0.14931   0.00668   0.00751   0.07561   0.01242   0.09285   0.08979   0.17720   0.21542   0.09629   7.44807   1.65419   1.11148   1.45263   1.19780  
 47  0.0000   2065.127820  x:  0.07767   0.00616   0.25672   0.01186   0.02194   0.01853   0.05284   0.01614   0.07388   0.11470   0.01903   0.22302   0.00000   0.09829   0.14931   0.00668   0.00752   0.07561   0.01242   0.09285   0.08979   0.17720   0.21542   0.09629   7.44807   1.65419   1.11148   1.45263   1.19780  
 48  0.0000   2065.127820  x:  0.07767   0.00616   0.25672   0.01186   0.02194   0.01853   0.05284   0.01614   0.07388   0.11470   0.01903   0.22302   0.00000   0.09829   0.14931   0.00668   0.00752   0.07561   0.01242   0.09285   0.08979   0.17720   0.21542   0.09629   7.44807   1.65419   1.11148   1.45263   1.19780  