

TREE # 1

  0  0.0000   1988.594770  x:  0.05268   0.00000   0.09045   0.01658   0.07672   0.05528   0.06624   0.06034   0.08785   0.04776   0.07134   0.09907   0.01807   0.05822   0.01508   0.06319   0.06675   0.03805   0.06069   0.05310   0.10040   0.05421   0.08782   0.07130   2.00000   1.54022   0.97835   1.39978   0.40000  
  1 99.0000   1988.593504  x:  0.05268   0.00000   0.09045   0.01658   0.07672   0.05528   0.06624   0.06034   0.08785   0.04776   0.07134   0.09907   0.01807   0.05822   0.01508   0.06319   0.06675   0.03805   0.06069   0.05310   0.10040   0.05421   0.08782   0.07130   2.00000   1.54022   0.97835   1.39978   0.40000  
  2 443.2505   1982.845971  x:  0.06145   0.00000   0.10077   0.00826   0.06307   0.03687   0.07571   0.05860   0.07585   0.05346   0.06354   0.10759   0.01188   0.06276   0.00000   0.03887   0.05825   0.04095   0.04810   0.05442   0.10143   0.04875   0.09986   0.08009   2.00549   1.54084   0.97174   1.40022   0.42177  
  3 453.6727   1978.753880  x:  0.06542   0.00000   0.10612   0.00232   0.05562   0.02687   0.08020   0.05763   0.06934   0.05580   0.05930   0.11190   0.00715   0.06108   0.00114   0.02536   0.05371   0.04190   0.04136   0.05506   0.10218   0.04562   0.10587   0.08406   2.00843   1.54142   0.96772   1.40018   0.43395  
  4 2087.6323   1974.163122  x:  0.06933   0.00000   0.11274   0.00739   0.04613   0.01429   0.08498   0.05637   0.06098   0.05790   0.05409   0.11704   0.00315   0.05418   0.00189   0.00733   0.04808   0.04226   0.03300   0.05578   0.10335   0.04130   0.11284   0.08799   2.01230   1.54248   0.96187   1.39982   0.45036  
  5 1731.5063   1973.022294  x:  0.07009   0.00000   0.11446   0.00750   0.04348   0.01148   0.08603   0.05603   0.05868   0.05819   0.05265   0.11840   0.00637   0.05168   0.00203   0.00281   0.04663   0.04213   0.03093   0.05594   0.10372   0.03998   0.11460   0.08876   2.01348   1.54287   0.95998   1.39964   0.45532  
  6 1066.0604   1970.848162  x:  0.07208   0.00000   0.12130   0.00874   0.03263   0.00873   0.08949   0.05489   0.04935   0.05861   0.04675   0.12394   0.01035   0.04562   0.00219   0.01240   0.04157   0.04106   0.02453   0.05656   0.10536   0.03390   0.12128   0.09078   2.01956   1.54480   0.95036   1.39872   0.47933  
  7 279.8979   1967.994417  x:  0.07097   0.00000   0.12982   0.00995   0.02087   0.02987   0.09113   0.05413   0.03891   0.05662   0.03968   0.13119   0.01071   0.04568   0.00245   0.01055   0.03786   0.03808   0.02547   0.05675   0.10838   0.02854   0.12868   0.08972   2.03199   1.54897   0.93056   1.39648   0.52458  
  8 315.2907   1958.224206  x:  0.05381   0.00000   0.14887   0.01095   0.04540   0.02123   0.07940   0.05302   0.04500   0.04570   0.03589   0.14781   0.01137   0.06301   0.00243   0.01194   0.04785   0.03238   0.05175   0.05468   0.11893   0.04078   0.13989   0.07284   2.09127   1.56905   0.83760   1.38401   0.71959  
  9 275.8217   1954.127221  x:  0.06240   0.00000   0.13622   0.01120   0.04649   0.02626   0.07633   0.05524   0.06007   0.06459   0.06346   0.13687   0.01227   0.06237   0.00262   0.01230   0.05292   0.05372   0.04194   0.05405   0.11504   0.04023   0.12449   0.08158   2.12985   1.57789   0.79031   1.37622   0.80811  
 10 227.6375   1952.087885  x:  0.06728   0.00000   0.11426   0.01135   0.04060   0.02401   0.07858   0.05743   0.06424   0.05873   0.06276   0.11849   0.01182   0.07033   0.00259   0.01142   0.05090   0.03942   0.03103   0.05451   0.10650   0.03891   0.10531   0.08658   2.15960   1.58008   0.76850   1.37048   0.84383  
 11 130.9577   1951.415811  x:  0.06814   0.00000   0.10371   0.01159   0.03756   0.02195   0.08235   0.05731   0.06126   0.05831   0.05340   0.10937   0.01189   0.06980   0.00261   0.01162   0.04797   0.04772   0.04023   0.05487   0.10072   0.04057   0.10232   0.08753   2.18700   1.57787   0.76164   1.36632   0.85124  
 12 59.7454   1948.466220  x:  0.06276   0.00000   0.09428   0.01159   0.05653   0.02773   0.08400   0.05309   0.05577   0.07552   0.03839   0.09820   0.01213   0.06371   0.00271   0.01176   0.05242   0.04433   0.02790   0.05361   0.08696   0.04357   0.11919   0.08277   2.38714   1.55362   0.73794   1.33790   0.85405  
 13 67.1692   1939.671595  x:  0.06104   0.00000   0.09712   0.01023   0.05369   0.02272   0.08146   0.04782   0.04018   0.05986   0.07963   0.10141   0.01111   0.05639   0.00272   0.01121   0.04927   0.02862   0.04994   0.05445   0.08440   0.02805   0.12939   0.08320   3.06628   1.46944   0.66652   1.24070   0.84862  
 14 426.4581   1935.912796  x:  0.05804   0.00000   0.10600   0.01009   0.04360   0.02421   0.07681   0.05322   0.05168   0.03906   0.07595   0.11265   0.01101   0.05380   0.00240   0.01143   0.04782   0.04140   0.03726   0.05415   0.09936   0.04436   0.11677   0.08109   3.33963   1.43571   0.64160   1.20085   0.84645  
 15 681.1868   1934.621566  x:  0.05571   0.00000   0.11237   0.00988   0.03621   0.02239   0.07170   0.05837   0.06255   0.05198   0.06435   0.12058   0.01083   0.05350   0.00229   0.01115   0.04833   0.03846   0.04106   0.05388   0.11227   0.03988   0.09894   0.07913   3.43521   1.42458   0.63740   1.18605   0.84687  
 16 240.9400   1934.526652  x:  0.05752   0.00000   0.11379   0.00994   0.03815   0.02274   0.07139   0.05830   0.06456   0.04998   0.06226   0.11964   0.01082   0.05318   0.00233   0.01101   0.05052   0.03953   0.04110   0.05380   0.11321   0.03541   0.09811   0.08102   3.44208   1.42471   0.64158   1.18427   0.84878  
 17 24.3046   1934.305967  x:  0.05944   0.00000   0.11644   0.00997   0.03730   0.02327   0.07219   0.05702   0.06633   0.05051   0.06333   0.11413   0.01104   0.05143   0.00232   0.01132   0.05267   0.03733   0.04278   0.05386   0.11477   0.03946   0.09808   0.08333   3.45845   1.42878   0.66718   1.17769   0.85963  
 18 18.9448   1934.150295  x:  0.05500   0.00000   0.11470   0.00987   0.03686   0.02276   0.07082   0.05793   0.06573   0.05024   0.06533   0.11298   0.01089   0.05264   0.00231   0.01105   0.05082   0.03917   0.04118   0.05399   0.11434   0.03730   0.09751   0.07925   3.46951   1.43318   0.68594   1.17310   0.86721  
 19 43.6989   1934.061501  x:  0.05621   0.00000   0.11024   0.00994   0.03945   0.02333   0.07107   0.06061   0.06506   0.05005   0.06548   0.11961   0.01096   0.05177   0.00234   0.01114   0.04875   0.03882   0.04142   0.05410   0.11245   0.03779   0.09674   0.08079   3.47528   1.43879   0.69366   1.17216   0.86983  
 20 13.8275   1933.850550  x:  0.05573   0.00000   0.10481   0.01005   0.03530   0.02255   0.06998   0.05542   0.06525   0.04998   0.06477   0.12647   0.01086   0.05256   0.00236   0.01105   0.05650   0.03905   0.04133   0.05358   0.11035   0.03803   0.09779   0.08141   3.48699   1.45905   0.69994   1.17539   0.86925  
 21 10.9697   1931.021741  x:  0.04873   0.00000   0.11748   0.01112   0.03227   0.02256   0.08791   0.05527   0.07607   0.05168   0.06106   0.12597   0.01146   0.06149   0.00274   0.01148   0.04423   0.03921   0.04111   0.05709   0.11154   0.03647   0.10645   0.09099   3.64735   1.75945   0.74731   1.24731   0.84136  
 22 43.4738   1930.119110  x:  0.05098   0.00000   0.12301   0.01115   0.03464   0.02139   0.07194   0.06059   0.05967   0.05286   0.05901   0.12169   0.01141   0.06526   0.00275   0.01146   0.04505   0.04143   0.03959   0.05187   0.11416   0.03937   0.10231   0.09808   3.69302   1.83568   0.76153   1.27714   0.83496  
 23 137.2455   1929.007631  x:  0.04535   0.00000   0.12416   0.01114   0.04169   0.02183   0.08225   0.05896   0.04593   0.05305   0.06025   0.12225   0.01159   0.06453   0.00277   0.01138   0.05277   0.04313   0.03737   0.06487   0.12074   0.04055   0.09018   0.09896   3.75065   1.88196   0.78494   1.36000   0.83751  
 24 38.0341   1925.439240  x:  0.03407   0.00000   0.11431   0.01159   0.04045   0.02271   0.07615   0.04772   0.06007   0.05049   0.05923   0.12337   0.01166   0.06070   0.00300   0.01151   0.03917   0.04093   0.03839   0.04572   0.12774   0.03863   0.09409   0.10924   3.93752   2.00171   0.86347   1.65017   0.85133  
 25 181.9947   1924.757201  x:  0.03168   0.00000   0.11407   0.01176   0.03334   0.02163   0.07086   0.06341   0.06705   0.04982   0.05864   0.12215   0.01159   0.05991   0.00310   0.01147   0.04449   0.03956   0.03983   0.05331   0.12147   0.03831   0.10199   0.11109   3.97197   2.01967   0.87709   1.70152   0.85388  
 26 128.9840   1924.177525  x:  0.02886   0.00000   0.12720   0.01187   0.03147   0.02155   0.07234   0.06391   0.06882   0.04949   0.05790   0.12544   0.01174   0.06038   0.00331   0.01150   0.04591   0.04010   0.04016   0.04950   0.09927   0.03933   0.09434   0.11186   3.98911   2.00989   0.88009   1.70895   0.85496  
 27 13.0144   1919.788723  x:  0.02263   0.00000   0.13565   0.01336   0.03272   0.02286   0.05559   0.04093   0.07397   0.05244   0.05148   0.13222   0.01251   0.06962   0.00396   0.01181   0.02985   0.04226   0.03963   0.08301   0.08752   0.04201   0.09696   0.13421   4.09585   1.87807   0.87884   1.67710   0.85876  
 28 26.3846   1905.187593  x:  0.00000   0.00000   0.13764   0.01662   0.03199   0.02216   0.07528   0.04660   0.06865   0.05897   0.04590   0.14124   0.01420   0.08851   0.00521   0.01268   0.03549   0.04593   0.03785   0.07429   0.09774   0.04401   0.11181   0.17309   4.32234   1.58890   0.87277   1.59864   0.86612  
 29 426.9242   1905.187593  x:  0.00000   0.00000   0.13764   0.01662   0.03199   0.02216   0.07528   0.04660   0.06865   0.05897   0.04590   0.14124   0.01420   0.08851   0.00521   0.01268   0.03549   0.04593   0.03785   0.07429   0.09774   0.04401   0.11181   0.17309   4.32234   1.58890   0.87277   1.59864   0.86612  
 30  0.9843   1900.505986  x:  0.00083   0.00000   0.13739   0.02171   0.03202   0.02007   0.07937   0.04898   0.06581   0.06180   0.04593   0.14114   0.01947   0.09835   0.04076   0.00938   0.03803   0.04691   0.03585   0.07153   0.09873   0.04355   0.11473   0.17464   4.32294   1.58840   0.87309   1.59868   0.86658  
 31 524.8577   1897.465135  x:  0.00461   0.00000   0.13679   0.02706   0.03217   0.01621   0.08934   0.05414   0.05833   0.06833   0.04566   0.14064   0.02452   0.12101   0.03752   0.00181   0.04307   0.04907   0.03139   0.06424   0.10119   0.04015   0.12211   0.17859   4.32472   1.58682   0.87418   1.59877   0.86797  
 32 165.6183   1895.783639  x:  0.00848   0.00000   0.13619   0.03157   0.03244   0.01322   0.09953   0.05909   0.05061   0.07482   0.04532   0.14008   0.02860   0.14427   0.03475   0.00915   0.04783   0.05114   0.02730   0.05678   0.10386   0.03669   0.12980   0.18267   4.32672   1.58506   0.87540   1.59885   0.86952  
 33 694.7259   1895.162630  x:  0.01014   0.00000   0.13606   0.02608   0.03382   0.02251   0.10405   0.05840   0.04805   0.07595   0.04471   0.13931   0.02210   0.15640   0.03527   0.00919   0.04590   0.05069   0.03160   0.05448   0.10551   0.03735   0.13438   0.18460   4.32924   1.58275   0.87708   1.59887   0.87142  
 34 86.6038   1894.944866  x:  0.01052   0.00000   0.13616   0.02268   0.03473   0.01811   0.10503   0.05534   0.04845   0.07471   0.04475   0.13873   0.01742   0.16209   0.03571   0.00911   0.04304   0.04968   0.03300   0.05547   0.10629   0.03859   0.13693   0.18526   4.33202   1.58021   0.87893   1.59884   0.87349  
 35 48.8534   1894.810697  x:  0.01007   0.00000   0.13653   0.02499   0.03581   0.01904   0.10412   0.05069   0.05065   0.07132   0.04556   0.13809   0.01942   0.16656   0.03528   0.00927   0.04043   0.04848   0.03286   0.05857   0.10677   0.03956   0.13979   0.18541   4.33812   1.57477   0.88276   1.59877   0.87786  
 36 26.8810   1894.497793  x:  0.00661   0.00000   0.13772   0.02226   0.03394   0.01994   0.09882   0.05049   0.05137   0.06562   0.04578   0.13671   0.01870   0.16983   0.03543   0.00920   0.04766   0.05020   0.02994   0.06134   0.10655   0.03715   0.14378   0.18460   4.36522   1.55134   0.89854   1.59828   0.89670  
 37 29.2384   1893.892261  x:  0.00153   0.00000   0.13942   0.02804   0.03397   0.01860   0.09326   0.05771   0.05048   0.06840   0.04562   0.13572   0.01681   0.16897   0.03511   0.00933   0.04575   0.05106   0.03705   0.05857   0.10586   0.03874   0.14654   0.18547   4.42635   1.50052   0.93091   1.59691   0.93784  
 38 103.2451   1893.538980  x:  0.00120   0.00000   0.13953   0.02279   0.03438   0.01893   0.09607   0.05817   0.05074   0.07358   0.04509   0.13678   0.02138   0.16594   0.03524   0.00929   0.04079   0.04970   0.03314   0.05635   0.10601   0.03983   0.14511   0.18881   4.46395   1.47189   0.94703   1.59576   0.96156  
 39 132.8511   1893.339168  x:  0.00299   0.00000   0.13863   0.02545   0.03472   0.01971   0.10303   0.05387   0.05102   0.07583   0.04570   0.13873   0.01781   0.16269   0.03546   0.00922   0.04233   0.04912   0.03021   0.05698   0.10684   0.03892   0.14119   0.19309   4.48936   1.45678   0.95214   1.59446   0.97514  
 40 67.9213   1893.215973  x:  0.00397   0.00000   0.13753   0.02450   0.03510   0.01883   0.10787   0.05150   0.05002   0.07437   0.04567   0.14049   0.02016   0.16134   0.03537   0.00925   0.04498   0.05005   0.03473   0.05820   0.10758   0.03842   0.13831   0.19603   4.50935   1.44895   0.95091   1.59291   0.98351  
 41 50.1143   1892.759364  x:  0.00000   0.00000   0.13401   0.02499   0.03858   0.01880   0.11246   0.05744   0.04529   0.06303   0.04520   0.14437   0.01971   0.16192   0.03523   0.00923   0.04159   0.05247   0.03244   0.05913   0.10874   0.04100   0.13283   0.20031   4.59271   1.43115   0.92767   1.58420   1.00969  
 42 44.4122   1890.834145  x:  0.00000   0.00000   0.12714   0.02412   0.03596   0.01885   0.10322   0.05686   0.05555   0.06988   0.05017   0.14951   0.01907   0.16958   0.03463   0.00923   0.04315   0.04518   0.03387   0.05511   0.10821   0.03481   0.13006   0.21210   4.98508   1.36216   0.80676   1.53955   1.12218  
 43 180.4512   1890.381070  x:  0.00000   0.00000   0.13141   0.02473   0.03294   0.01918   0.10360   0.05190   0.05096   0.07548   0.04453   0.14643   0.01910   0.16824   0.03427   0.00929   0.04411   0.05229   0.03277   0.05826   0.10774   0.04247   0.13477   0.21055   5.08387   1.34872   0.78075   1.52566   1.14598  
 44 199.0065   1889.982772  x:  0.00000   0.00000   0.14148   0.02474   0.03855   0.01876   0.11110   0.05061   0.04577   0.07612   0.04341   0.13890   0.01929   0.16287   0.03446   0.00911   0.04284   0.05052   0.03306   0.06004   0.10757   0.03554   0.14286   0.20260   5.17464   1.34423   0.76828   1.50735   1.15846  
 45 90.7647   1889.541635  x:  0.00000   0.00000   0.14728   0.02434   0.03553   0.01851   0.12058   0.05217   0.05029   0.07325   0.05043   0.13377   0.01987   0.16070   0.03417   0.00922   0.04587   0.04681   0.03329   0.05508   0.10859   0.04237   0.14643   0.19377   5.28402   1.34644   0.76547   1.48051   1.16368  
 46 101.8140   1888.147429  x:  0.00000   0.00000   0.14160   0.02522   0.02690   0.01867   0.12498   0.05275   0.06113   0.07333   0.04192   0.13656   0.01943   0.16691   0.03403   0.00929   0.04016   0.05603   0.03426   0.05440   0.11049   0.03483   0.13805   0.18137   5.62938   1.36563   0.77786   1.39041   1.16156  
 47 163.2547   1887.110270  x:  0.00000   0.00000   0.13524   0.02432   0.03993   0.01882   0.11610   0.05187   0.05460   0.07947   0.04320   0.14161   0.01976   0.17113   0.03366   0.00937   0.04591   0.05092   0.03317   0.06008   0.10975   0.04031   0.13186   0.18307   5.90140   1.38221   0.79086   1.32290   1.15415  
 48 402.0409   1886.758161  x:  0.00000   0.00000   0.13530   0.02468   0.03391   0.01893   0.11117   0.04925   0.04565   0.07784   0.04773   0.14247   0.01978   0.16967   0.03379   0.00923   0.04385   0.04800   0.03321   0.05886   0.10851   0.03914   0.13374   0.19128   5.98956   1.38714   0.79563   1.30720   1.14763  
 49 169.0754   1886.275221  x:  0.00000   0.00000   0.14089   0.02509   0.03624   0.01854   0.10654   0.05156   0.05100   0.07321   0.04474   0.14045   0.01927   0.16401   0.03400   0.00917   0.04430   0.05158   0.03301   0.05379   0.10641   0.03940   0.14515   0.21471   6.12132   1.39225   0.80280   1.30243   1.12764  
 50 95.1391   1885.731364  x:  0.00000   0.00000   0.14218   0.02474   0.03061   0.01870   0.10713   0.06236   0.05437   0.07574   0.04494   0.13761   0.01873   0.16332   0.03398   0.00930   0.04386   0.04794   0.03337   0.06880   0.10839   0.03984   0.14983   0.22179   6.28008   1.39348   0.81103   1.32257   1.09285  
 51 87.3801   1882.945770  x:  0.00000   0.00000   0.13733   0.02451   0.03637   0.01825   0.09406   0.05663   0.05022   0.07475   0.05019   0.13196   0.01834   0.16553   0.03424   0.00912   0.04360   0.05408   0.03248   0.06053   0.11399   0.03885   0.14539   0.20047   7.05213   1.39170   0.85134   1.46018   0.91025  
 52 240.8068   1882.781115  x:  0.00000   0.00000   0.13827   0.02518   0.03505   0.01814   0.09490   0.05588   0.04958   0.07330   0.04374   0.13555   0.01837   0.16623   0.03414   0.00916   0.04488   0.04827   0.03256   0.05882   0.10910   0.03990   0.14547   0.19880   7.09783   1.39356   0.85449   1.46979   0.90121  
 53 99.4400   1882.681768  x:  0.00000   0.00000   0.14072   0.02484   0.03555   0.01818   0.09749   0.05564   0.04990   0.07412   0.04613   0.14229   0.01810   0.16725   0.03401   0.00924   0.04443   0.05007   0.03265   0.05972   0.10129   0.03966   0.14618   0.19866   7.12781   1.39976   0.85824   1.47884   0.89970  
 54 30.1756   1882.283111  x:  0.00000   0.00000   0.14309   0.02473   0.03675   0.01805   0.10770   0.05179   0.04836   0.07717   0.04557   0.15349   0.01835   0.16737   0.03295   0.00916   0.04479   0.04957   0.03257   0.05843   0.11425   0.03959   0.14507   0.20756   7.25962   1.45111   0.88277   1.53079   0.91528  
 55 26.2457   1882.072342  x:  0.00000   0.00000   0.13570   0.02469   0.03759   0.01801   0.11373   0.04976   0.04740   0.07805   0.04507   0.14118   0.01884   0.16860   0.03245   0.00921   0.04475   0.04955   0.03258   0.05808   0.10783   0.03970   0.14012   0.21384   7.32737   1.48158   0.89658   1.55951   0.92778  
 56 53.2257   1881.828180  x:  0.00000   0.00000   0.14514   0.02476   0.03696   0.01809   0.10417   0.05153   0.04749   0.07705   0.04458   0.13867   0.01871   0.16984   0.03293   0.00916   0.04454   0.04925   0.03230   0.05801   0.10619   0.03989   0.13582   0.20882   7.40718   1.54130   0.91707   1.60400   0.97015  
 57  9.9976   1881.758706  x:  0.00000   0.00000   0.13805   0.02487   0.03709   0.01801   0.10287   0.05200   0.04723   0.07681   0.04464   0.14077   0.01845   0.16659   0.03316   0.00910   0.04460   0.04926   0.03219   0.05785   0.10587   0.03989   0.14309   0.20520   7.43035   1.55838   0.92283   1.61655   0.98276  
 58 25.0142   1879.788062  x:  0.00000   0.00000   0.13701   0.02612   0.03374   0.01628   0.11214   0.05549   0.05046   0.07380   0.04617   0.14230   0.01921   0.18064   0.02611   0.00764   0.04339   0.05023   0.03052   0.05345   0.10869   0.03699   0.14134   0.19439   9.04559   1.42590   0.85858   1.56760   1.10456  
 59  0.9371   1879.772278  x:  0.00676   0.00000   0.13700   0.02613   0.03369   0.01626   0.11227   0.05554   0.05051   0.07376   0.04619   0.14232   0.01922   0.18083   0.02601   0.00762   0.04337   0.05024   0.03050   0.05339   0.10873   0.03695   0.14131   0.19424   9.06938   1.42407   0.85767   1.56690   1.10629  
 60 17.0129   1879.366238  x:  0.00863   0.00000   0.13883   0.02552   0.03486   0.01774   0.10522   0.05675   0.04940   0.07425   0.04520   0.13999   0.01827   0.17537   0.02436   0.00670   0.04420   0.05060   0.03182   0.05847   0.10783   0.03889   0.14480   0.19283   9.82622   1.49183   0.87250   1.57074   1.09645  
 61  0.5009   1879.318982  x:  0.00934   0.00000   0.13876   0.02517   0.03506   0.01731   0.10611   0.05495   0.04929   0.07439   0.04531   0.14112   0.01815   0.17323   0.02390   0.00650   0.04396   0.05022   0.03166   0.05655   0.10770   0.03894   0.14376   0.19167  10.09224   1.46714   0.86679   1.54927   1.09065  
 62  0.2003   1879.314985  x:  0.00985   0.00000   0.13822   0.02531   0.03488   0.01738   0.10655   0.05536   0.04974   0.07427   0.04549   0.14104   0.01833   0.17323   0.02416   0.00670   0.04387   0.05016   0.03165   0.05694   0.10774   0.03872   0.14334   0.19130  10.17733   1.46871   0.86767   1.55429   1.08883  
 63  0.0482   1879.314349  x:  0.00994   0.00000   0.13856   0.02529   0.03495   0.01732   0.10635   0.05523   0.04950   0.07431   0.04539   0.14109   0.01829   0.17336   0.02441   0.00679   0.04394   0.05023   0.03164   0.05679   0.10777   0.03880   0.14354   0.19117  10.19551   1.46900   0.86777   1.55452   1.08944  
 64  0.0119   1879.314297  x:  0.00995   0.00000   0.13848   0.02530   0.03496   0.01734   0.10642   0.05525   0.04951   0.07434   0.04540   0.14106   0.01829   0.17347   0.02446   0.00680   0.04394   0.05022   0.03164   0.05681   0.10777   0.03877   0.14358   0.19115  10.19457   1.46861   0.86744   1.55358   1.08998  
 65  0.0011   1879.314294  x:  0.00996   0.00000   0.13848   0.02531   0.03495   0.01733   0.10642   0.05525   0.04952   0.07434   0.04541   0.14107   0.01830   0.17347   0.02447   0.00679   0.04394   0.05022   0.03164   0.05681   0.10777   0.03877   0.14356   0.19114  10.19478   1.46875   0.86751   1.55360   1.09004  
 66  0.0002   1879.314294  x:  0.00996   0.00000   0.13849   0.02531   0.03495   0.01734   0.10642   0.05525   0.04952   0.07434   0.04540   0.14107   0.01830   0.17348   0.02447   0.00678   0.04394   0.05022   0.03164   0.05681   0.10777   0.03877   0.14356   0.19114  10.19500   1.46871   0.86750   1.55361   1.09002  
 67  0.0002   1879.314294  x:  0.00996   0.00000   0.13848   0.02531   0.03495   0.01734   0.10642   0.05525   0.04952   0.07434   0.04540   0.14107   0.01830   0.17348   0.02447   0.00678   0.04394   0.05022   0.03164   0.05681   0.10777   0.03877   0.14356   0.19114  10.19497   1.46870   0.86749   1.55362   1.09001  
 68  0.0000   1879.314294  x:  0.00996   0.00000   0.13848   0.02531   0.03495   0.01734   0.10642   0.05525   0.04952   0.07434   0.04540   0.14107   0.01830   0.17348   0.02447   0.00678   0.04394   0.05022   0.03164   0.05681   0.10777   0.03877   0.14356   0.19114  10.19497   1.46871   0.86749   1.55362   1.09001  
 69  0.0000   1879.314294  x:  0.00996   0.00000   0.13848   0.02531   0.03495   0.01734   0.10642   0.05525   0.04952   0.07434   0.04540   0.14107   0.01830   0.17348   0.02447   0.00678   0.04394   0.05022   0.03164   0.05681   0.10777   0.03877   0.14356   0.19114  10.19497   1.46871   0.86749   1.55362   1.09001  
 70  0.0000   1879.314294  x:  0.00996   0.00000   0.13848   0.02531   0.03495   0.01734   0.10642   0.05525   0.04952   0.07434   0.04540   0.14107   0.01830   0.17348   0.02447   0.00678   0.04394   0.05022   0.03164   0.05681   0.10777   0.03877   0.14356   0.19114  10.19497   1.46871   0.86749   1.55362   1.09001  