

TREE # 1

  0  0.0000   1936.918530  x:  0.01972   0.20925   0.02571   0.03211   0.02495   0.05815   0.02188   0.05666   0.08536   0.02661   0.17168   0.01972   0.20925   0.02571   0.03211   0.02495   0.05815   0.02188   0.05666   0.08536   0.02661   0.17168   0.21568   8.40433   1.54884   1.17586   1.41071   1.00000  
  1 99.0000   1925.514510  x:  0.00000   0.20741   0.01860   0.01997   0.02762   0.05277   0.03759   0.05273   0.08675   0.03915   0.17053   0.00065   0.20554   0.03112   0.03393   0.02069   0.05892   0.04577   0.05031   0.08755   0.03008   0.17610   0.21947   8.40430   1.54884   1.17454   1.41239   1.00065  
  2 346.6109   1925.384080  x:  0.00000   0.20734   0.01847   0.01977   0.02764   0.05265   0.03754   0.05263   0.08679   0.03919   0.17050   0.00000   0.20542   0.03114   0.03393   0.02065   0.05893   0.04570   0.05018   0.08760   0.03008   0.17622   0.21958   8.40430   1.54884   1.17450   1.41244   1.00067  
  3 244.7434   1924.159971  x:  0.00000   0.19469   0.02498   0.02817   0.03147   0.04338   0.03791   0.04455   0.09267   0.04147   0.16756   0.00000   0.18297   0.03101   0.03561   0.02605   0.06010   0.04475   0.03895   0.09301   0.02982   0.19758   0.23927   8.40408   1.54893   1.16525   1.42393   1.00513  
  4 75.9548   1923.385644  x:  0.00000   0.18156   0.02058   0.03075   0.02524   0.04801   0.04030   0.04822   0.09354   0.03673   0.16824   0.00000   0.16129   0.03148   0.03504   0.01995   0.06036   0.04553   0.04556   0.09308   0.03025   0.21443   0.25531   8.40381   1.54912   1.15442   1.43730   1.01044  
  5 72.5657   1923.147531  x:  0.00000   0.17565   0.02089   0.02738   0.03008   0.05165   0.03860   0.05154   0.09093   0.03937   0.17211   0.00000   0.15378   0.03013   0.03409   0.02339   0.05960   0.04600   0.04984   0.09070   0.02980   0.21856   0.25931   8.40364   1.54935   1.14784   1.44545   1.01378  
  6 47.7020   1922.932942  x:  0.00000   0.16898   0.02594   0.02444   0.02653   0.05154   0.03651   0.05119   0.08630   0.04060   0.18246   0.00000   0.15013   0.03151   0.03451   0.02221   0.05803   0.04670   0.04752   0.08686   0.03049   0.21816   0.25848   8.40330   1.54997   1.13597   1.46036   1.02010  
  7 28.9192   1922.726182  x:  0.00000   0.16377   0.02236   0.02599   0.02876   0.04945   0.03996   0.05063   0.08498   0.03684   0.19300   0.00000   0.14944   0.03024   0.03440   0.02250   0.05870   0.04613   0.04475   0.08643   0.02922   0.21599   0.25490   8.40284   1.55100   1.12083   1.47965   1.02844  
  8 43.0608   1922.593725  x:  0.00000   0.16327   0.01957   0.02829   0.02799   0.04888   0.03855   0.04969   0.08886   0.04059   0.19604   0.00000   0.15066   0.03131   0.03443   0.02281   0.06002   0.04545   0.04679   0.08956   0.03084   0.21470   0.25155   8.40243   1.55208   1.10889   1.49553   1.03552  
  9 37.5548   1922.477449  x:  0.00000   0.16664   0.02256   0.02600   0.02877   0.04968   0.03795   0.04907   0.09287   0.03931   0.19199   0.00000   0.15272   0.02999   0.03405   0.02102   0.05959   0.04666   0.04816   0.09229   0.02854   0.21447   0.24875   8.40195   1.55352   1.09731   1.51235   1.04342  
 10 31.4076   1922.393162  x:  0.00000   0.17070   0.02276   0.02473   0.02775   0.05024   0.03860   0.05005   0.09212   0.03751   0.18518   0.00000   0.15448   0.03093   0.03426   0.02374   0.05842   0.04670   0.04722   0.09152   0.03087   0.21438   0.24744   8.40150   1.55490   1.08901   1.52604   1.05017  
 11 35.6484   1922.340169  x:  0.00000   0.17348   0.02186   0.02608   0.02812   0.05005   0.03860   0.05083   0.08911   0.03931   0.17952   0.00000   0.15564   0.03084   0.03415   0.02233   0.05824   0.04604   0.04593   0.08915   0.02985   0.21383   0.24735   8.40116   1.55604   1.08460   1.53519   1.05497  
 12 30.7085   1922.328965  x:  0.00000   0.17348   0.02171   0.02609   0.02796   0.04924   0.03810   0.04954   0.08808   0.03896   0.17836   0.00000   0.15599   0.03060   0.03430   0.02260   0.05947   0.04662   0.04699   0.08868   0.02966   0.21264   0.24835   8.40098   1.55676   1.08532   1.53774   1.05677  
 13  6.6003   1922.309588  x:  0.00000   0.17271   0.02232   0.02585   0.02882   0.04920   0.03886   0.04920   0.08808   0.03894   0.17728   0.00000   0.15669   0.03122   0.03386   0.02182   0.05953   0.04584   0.04739   0.08907   0.03071   0.20943   0.25122   8.40048   1.55898   1.08968   1.54317   1.06123  
 14  7.4964   1922.281573  x:  0.00000   0.17189   0.02191   0.02559   0.02776   0.04968   0.03895   0.05002   0.08893   0.03940   0.17642   0.00000   0.15755   0.03058   0.03409   0.02269   0.05858   0.04600   0.04660   0.08979   0.02955   0.20558   0.25486   8.39967   1.56270   1.09726   1.55129   1.06814  
 15 24.3057   1922.254596  x:  0.00000   0.17271   0.02128   0.02598   0.02865   0.04986   0.03693   0.05082   0.08956   0.03858   0.17694   0.00000   0.15785   0.03098   0.03471   0.02211   0.05840   0.04743   0.04573   0.08948   0.03008   0.20566   0.25549   8.39877   1.56730   1.10609   1.55927   1.07514  
 16 15.2178   1922.164159  x:  0.00000   0.17711   0.02148   0.02525   0.02812   0.04952   0.03848   0.05024   0.09011   0.03925   0.17980   0.00000   0.15794   0.03055   0.03346   0.02238   0.05970   0.04649   0.04636   0.08782   0.03001   0.21123   0.25291   8.39547   1.58494   1.13815   1.58679   1.09944  
 17 36.4065   1922.148690  x:  0.00000   0.17634   0.02140   0.02519   0.02834   0.04952   0.03877   0.04968   0.08894   0.03929   0.17929   0.00000   0.15750   0.03116   0.03510   0.02235   0.05863   0.04616   0.04697   0.08920   0.02956   0.21197   0.25112   8.39484   1.58905   1.14323   1.59104   1.10302  
 18 15.3442   1922.133729  x:  0.00000   0.17423   0.02132   0.02529   0.02820   0.04945   0.03842   0.04958   0.08790   0.03931   0.17789   0.00000   0.15675   0.03036   0.03386   0.02224   0.05817   0.04660   0.04673   0.09072   0.03009   0.21217   0.24858   8.39417   1.59418   1.14737   1.59450   1.10561  
 19 12.7875   1922.118449  x:  0.00000   0.17175   0.02148   0.02492   0.02821   0.04932   0.03845   0.05033   0.08894   0.03925   0.17624   0.00000   0.15591   0.03142   0.03387   0.02243   0.05963   0.04648   0.04627   0.08987   0.02951   0.21182   0.24631   8.39336   1.60131   1.15044   1.59734   1.10702  
 20  9.0030   1922.102855  x:  0.00000   0.17079   0.02135   0.02472   0.02827   0.04935   0.03868   0.04983   0.09013   0.03948   0.17555   0.00000   0.15548   0.03000   0.03502   0.02212   0.05934   0.04632   0.04624   0.08833   0.03034   0.21150   0.24561   8.39245   1.60976   1.15241   1.59968   1.10734  
 21 10.6765   1922.051956  x:  0.00000   0.17176   0.02045   0.02481   0.02850   0.04930   0.03850   0.04773   0.09088   0.03930   0.17597   0.00000   0.15526   0.03137   0.03335   0.02241   0.05661   0.04679   0.04676   0.08685   0.02954   0.21114   0.24709   8.38927   1.63915   1.15696   1.60661   1.10631  
 22 18.7857   1921.994205  x:  0.00000   0.17439   0.02081   0.02379   0.02825   0.04865   0.03855   0.04989   0.08887   0.03953   0.17749   0.00000   0.15581   0.03084   0.03408   0.02213   0.05881   0.04666   0.04620   0.08961   0.02984   0.21137   0.25025   8.38553   1.67242   1.16157   1.61454   1.10406  
 23 38.5174   1921.982778  x:  0.00000   0.17384   0.02056   0.02361   0.02832   0.05082   0.03853   0.04876   0.08858   0.03959   0.17744   0.00000   0.15701   0.03090   0.03419   0.02216   0.05966   0.04662   0.04534   0.08985   0.02982   0.21210   0.25070   8.38456   1.67424   1.16258   1.61688   1.10124  
 24  2.3929   1921.871525  x:  0.00000   0.16859   0.02002   0.02198   0.02840   0.04844   0.03848   0.04999   0.08876   0.03980   0.17629   0.00000   0.16585   0.03091   0.03392   0.02190   0.05838   0.04701   0.04630   0.08915   0.02976   0.21767   0.25320   8.37483   1.68123   1.17267   1.64067   1.06944  
 25  9.0970   1921.676283  x:  0.00000   0.17361   0.01852   0.01931   0.02872   0.04776   0.03859   0.04863   0.08940   0.04025   0.17556   0.00000   0.15570   0.03106   0.03392   0.02148   0.05875   0.04728   0.04476   0.09011   0.02980   0.21298   0.25144   8.35773   1.68786   1.18948   1.67940   1.01575  
 26 23.2946   1921.056159  x:  0.00000   0.17125   0.01401   0.01065   0.02957   0.04510   0.03880   0.04655   0.09063   0.04181   0.17587   0.00000   0.15340   0.03160   0.03384   0.02013   0.05882   0.04827   0.04196   0.09136   0.02990   0.21837   0.25584   8.29921   1.65164   1.16174   1.63389   1.05848  
 27  1.3377   1920.940462  x:  0.00000   0.17029   0.01224   0.01358   0.02961   0.04272   0.03870   0.04468   0.09139   0.04320   0.17600   0.00000   0.15157   0.03224   0.03387   0.01916   0.05901   0.04829   0.03982   0.09249   0.03026   0.22165   0.25856   8.26293   1.62761   1.14631   1.60705   1.07426  
 28  0.1108   1920.924416  x:  0.00000   0.17025   0.01361   0.01323   0.02946   0.04234   0.03835   0.04425   0.09167   0.04385   0.17592   0.00000   0.15108   0.03259   0.03387   0.01907   0.05909   0.04802   0.03940   0.09304   0.03050   0.22308   0.25969   8.24149   1.61904   1.14086   1.59684   1.07859  
 29  0.0477   1920.922265  x:  0.00000   0.17025   0.01328   0.01293   0.02951   0.04258   0.03814   0.04430   0.09183   0.04421   0.17589   0.00000   0.15094   0.03271   0.03386   0.01922   0.05915   0.04778   0.03958   0.09331   0.03056   0.22380   0.26017   8.22437   1.61715   1.13976   1.59439   1.07904  
 30  0.0211   1920.922190  x:  0.00000   0.17030   0.01329   0.01293   0.02952   0.04258   0.03815   0.04438   0.09181   0.04428   0.17592   0.00000   0.15099   0.03271   0.03387   0.01920   0.05916   0.04776   0.03959   0.09332   0.03055   0.22378   0.26013   8.21690   1.61824   1.14056   1.59553   1.07847  
 31  0.0068   1920.922185  x:  0.00000   0.17030   0.01329   0.01294   0.02952   0.04258   0.03816   0.04435   0.09181   0.04428   0.17591   0.00000   0.15099   0.03270   0.03386   0.01921   0.05916   0.04777   0.03959   0.09331   0.03055   0.22376   0.26011   8.21399   1.61811   1.14048   1.59541   1.07842  
 32  0.0023   1920.922185  x:  0.00000   0.17030   0.01329   0.01294   0.02952   0.04258   0.03816   0.04436   0.09181   0.04427   0.17591   0.00000   0.15099   0.03270   0.03386   0.01921   0.05916   0.04777   0.03959   0.09331   0.03055   0.22376   0.26011   8.21364   1.61808   1.14046   1.59538   1.07843  
 33  0.0004   1920.922185  x:  0.00000   0.17030   0.01329   0.01294   0.02952   0.04258   0.03816   0.04436   0.09181   0.04427   0.17591   0.00000   0.15099   0.03270   0.03386   0.01921   0.05916   0.04777   0.03959   0.09331   0.03055   0.22376   0.26011   8.21362   1.61809   1.14046   1.59538   1.07843  
 34  0.0000   1920.922185  x:  0.00000   0.17030   0.01329   0.01294   0.02952   0.04258   0.03816   0.04436   0.09181   0.04427   0.17591   0.00000   0.15099   0.03270   0.03386   0.01921   0.05916   0.04777   0.03959   0.09331   0.03055   0.22376   0.26011   8.21362   1.61809   1.14046   1.59538   1.07843  

TREE # 2

  0  0.0000   2305.679831  x:  0.00000   0.17030   0.01329   0.01294   0.02952   0.04258   0.03816   0.04436   0.09181   0.04427   0.17591   0.00000   0.15099   0.03270   0.03386   0.01921   0.05916   0.04777   0.03959   0.09331   0.03055   0.22376   0.26011   8.21362   1.58749   1.03992   1.45659   1.07843  
  1 99.0000   2101.599027  x:  0.33440   0.17242   0.08187   0.06391   0.03065   0.04246   0.04383   0.04394   0.08913   0.04605   0.17413   0.28695   0.15363   0.05110   0.05404   0.02553   0.05614   0.05146   0.03683   0.09100   0.02873   0.22022   0.25641   8.21362   1.58727   1.04023   1.45684   1.07842  
  2 15242.0180   2010.030312  x:  0.33268   0.11765   0.18482   0.15015   0.03222   0.03234   0.10916   0.02756   0.05425   0.00737   0.13491   0.24816   0.09817   0.19300   0.18981   0.06992   0.01643   0.09419   0.00000   0.06081   0.00665   0.17315   0.20721   8.21373   1.58459   1.04554   1.45805   1.07850  
  3 745.4498   2001.567546  x:  0.33275   0.10565   0.20528   0.16709   0.03246   0.03036   0.12169   0.02461   0.04710   0.00000   0.12654   0.24011   0.08601   0.22052   0.21620   0.07807   0.00899   0.10255   0.01492   0.05472   0.00441   0.16303   0.19655   8.21375   1.58400   1.04670   1.45831   1.07853  
  4 4917.2100   1969.409312  x:  0.35112   0.02085   0.25584   0.19926   0.02959   0.03014   0.13096   0.04037   0.02601   0.05901   0.08316   0.20402   0.00000   0.26082   0.25683   0.06697   0.01506   0.11052   0.02009   0.03121   0.12169   0.09957   0.12706   8.21394   1.58023   1.05472   1.45926   1.07899  
  5 548.8149   1961.717906  x:  0.35714   0.00000   0.26043   0.20037   0.02987   0.03169   0.12789   0.03994   0.02990   0.05686   0.07480   0.19674   0.00000   0.26060   0.25679   0.06136   0.01248   0.10917   0.01997   0.03329   0.12417   0.08534   0.11102   8.21397   1.57930   1.05658   1.45951   1.07904  
  6 420.6862   1955.658080  x:  0.37573   0.00000   0.26949   0.19994   0.02803   0.02674   0.11902   0.03602   0.01202   0.04617   0.06269   0.17544   0.00000   0.25603   0.25184   0.05475   0.02927   0.10550   0.01912   0.02701   0.12191   0.05265   0.06744   8.21407   1.57677   1.06140   1.46072   1.07918  
  7 421.0427   1953.965510  x:  0.38606   0.00000   0.27473   0.20013   0.02718   0.02279   0.11711   0.03627   0.02124   0.04347   0.06582   0.16289   0.00000   0.25561   0.25035   0.05916   0.04402   0.10553   0.01905   0.02053   0.12089   0.04483   0.04878   8.21413   1.57558   1.06357   1.46175   1.07927  
  8 230.1038   1952.870509  x:  0.39930   0.00000   0.28148   0.20043   0.02903   0.02630   0.11674   0.03851   0.02205   0.04303   0.07283   0.14632   0.00000   0.25604   0.24889   0.06508   0.05385   0.10656   0.01904   0.03298   0.12142   0.04583   0.03607   8.21421   1.57412   1.06616   1.46327   1.07938  
  9 135.3464   1950.480295  x:  0.45049   0.00000   0.30369   0.19789   0.03121   0.03702   0.11259   0.04277   0.01968   0.04113   0.08225   0.08362   0.00000   0.25297   0.23820   0.06520   0.04964   0.10642   0.01885   0.02516   0.12138   0.05934   0.03535   8.21456   1.56829   1.07684   1.46903   1.07976  
 10 91.7818   1949.913069  x:  0.46444   0.00000   0.30974   0.19618   0.02755   0.02763   0.11236   0.04168   0.02006   0.04229   0.08329   0.06666   0.00000   0.25300   0.23475   0.06534   0.04835   0.10664   0.01882   0.02838   0.12145   0.05915   0.03999   8.21469   1.56652   1.08024   1.47097   1.07987  
 11 115.4208   1949.824706  x:  0.46632   0.00000   0.31113   0.19215   0.03231   0.02717   0.11507   0.04101   0.02004   0.04422   0.08332   0.06470   0.00000   0.25489   0.23153   0.06730   0.04826   0.10739   0.01890   0.02835   0.12051   0.05561   0.04212   8.21484   1.56545   1.08260   1.47276   1.07992  
 12 17.4878   1949.659041  x:  0.46799   0.00000   0.31480   0.18042   0.02817   0.03025   0.12181   0.04167   0.01967   0.04796   0.08334   0.06345   0.00000   0.26179   0.22256   0.07131   0.04669   0.10919   0.01906   0.02790   0.11810   0.05093   0.04299   8.21532   1.56255   1.08938   1.47804   1.08004  
 13 24.5937   1949.403238  x:  0.46748   0.00000   0.32385   0.16109   0.02937   0.02602   0.12654   0.04340   0.01896   0.04957   0.08180   0.06446   0.00000   0.27738   0.20666   0.07126   0.04241   0.11005   0.01911   0.02724   0.11714   0.05626   0.03702   8.21632   1.55765   1.10203   1.48830   1.08020  
 14 32.0828   1949.001178  x:  0.46370   0.00000   0.34549   0.13648   0.02940   0.02851   0.12036   0.03878   0.02088   0.04197   0.07872   0.06682   0.00000   0.30868   0.18087   0.06502   0.04981   0.10734   0.01876   0.02891   0.12105   0.05861   0.04188   8.21830   1.55125   1.12295   1.50653   1.08027  
 15 40.5627   1948.841837  x:  0.46059   0.00000   0.35484   0.13382   0.02963   0.02758   0.11263   0.04547   0.02013   0.04131   0.08400   0.06821   0.00000   0.31871   0.16890   0.06563   0.04763   0.10579   0.01877   0.02865   0.11996   0.05488   0.04336   8.21936   1.55302   1.12745   1.51299   1.07979  
 16 21.2606   1948.671119  x:  0.45753   0.00000   0.36349   0.13439   0.02924   0.02789   0.10694   0.03862   0.01964   0.04574   0.08814   0.06901   0.00000   0.32438   0.15696   0.06762   0.04394   0.10512   0.01892   0.02811   0.11815   0.05402   0.04171   8.22075   1.56011   1.12727   1.51809   1.07866  
 17 18.6091   1947.781888  x:  0.44881   0.00000   0.39873   0.12865   0.02944   0.02877   0.11040   0.04297   0.02065   0.05022   0.07045   0.06760   0.00000   0.33139   0.11833   0.06693   0.04820   0.10638   0.01876   0.02913   0.10811   0.05742   0.04259   8.22925   1.61873   1.10616   1.53572   1.07005  
 18 17.5189   1945.284386  x:  0.43330   0.00000   0.47956   0.04331   0.02949   0.02773   0.11302   0.03953   0.01992   0.03560   0.09030   0.06338   0.00000   0.34487   0.08178   0.04498   0.03656   0.09769   0.01769   0.02867   0.10661   0.04479   0.03987   8.25682   1.80450   1.04158   1.57874   1.04129  
 19 56.8397   1944.277469  x:  0.43270   0.00000   0.49143   0.00748   0.02945   0.02780   0.09546   0.03812   0.01944   0.02500   0.08127   0.05965   0.00000   0.35690   0.07012   0.06426   0.02744   0.09523   0.01709   0.02825   0.11210   0.04280   0.03920   8.26774   1.87287   1.02366   1.58120   1.02934  
 20 81.5330   1943.687794  x:  0.43394   0.00000   0.48942   0.00000   0.02952   0.02802   0.09255   0.03802   0.01939   0.02379   0.08081   0.05760   0.00000   0.36582   0.06473   0.06400   0.02620   0.09578   0.01701   0.02819   0.11208   0.04190   0.03871   8.27095   1.89206   1.02008   1.57536   1.02549  
 21 81.5324   1942.953003  x:  0.43805   0.00000   0.48294   0.00000   0.02974   0.02874   0.08305   0.03766   0.01922   0.01941   0.07937   0.05072   0.00000   0.39580   0.04631   0.06331   0.02191   0.09719   0.01674   0.02797   0.11221   0.03883   0.03706   8.28176   1.95671   1.00794   1.55524   1.01252  
 22 124097.1581   1942.409371  x:  0.43755   0.00000   0.47961   0.00000   0.02985   0.02959   0.08052   0.03866   0.01929   0.02608   0.07621   0.04804   0.00000   0.40269   0.04692   0.06289   0.02202   0.07835   0.01708   0.02826   0.10455   0.03885   0.03658   8.28862   1.98123   1.02069   1.54071   1.00612  
 23 26.2587   1940.196110  x:  0.42485   0.00000   0.46922   0.00000   0.03000   0.02858   0.09324   0.03697   0.01964   0.01306   0.07812   0.04815   0.00000   0.37449   0.04286   0.06338   0.01483   0.07124   0.01616   0.02850   0.10435   0.03637   0.03556   8.31164   2.01861   1.11159   1.48480   0.99071  
 24 37.8925   1938.955516  x:  0.41293   0.00000   0.48930   0.00000   0.03027   0.02939   0.08080   0.03797   0.01988   0.02037   0.07465   0.04915   0.00000   0.35854   0.04228   0.05898   0.01393   0.08742   0.01608   0.02889   0.09050   0.03585   0.03623   8.32909   2.04890   1.15724   1.41928   0.98037  
 25 64.2562   1933.592203  x:  0.39456   0.00000   0.46782   0.00000   0.03052   0.03056   0.07663   0.03768   0.02059   0.02072   0.06402   0.04100   0.00000   0.33157   0.03288   0.05102   0.00304   0.08443   0.01502   0.02961   0.06765   0.03020   0.03248   8.38406   1.80204   1.03156   1.34870   1.06471  
 26  9.6819   1929.872442  x:  0.37697   0.00000   0.44352   0.00000   0.03085   0.03201   0.07276   0.03723   0.02239   0.01911   0.05289   0.03370   0.00000   0.30813   0.02548   0.04209   0.00929   0.08302   0.01395   0.03142   0.04362   0.02631   0.02938   8.44371   1.57833   0.93413   1.30828   0.93275  
 27  5.7627   1928.705510  x:  0.37371   0.00000   0.42091   0.00000   0.03110   0.03250   0.07175   0.03707   0.02329   0.01895   0.05100   0.03208   0.00000   0.31100   0.02226   0.03978   0.01198   0.08444   0.01365   0.03240   0.03490   0.02690   0.02905   8.45933   1.62518   0.96770   1.33046   1.11370  
 28  4.4867   1926.973342  x:  0.37074   0.00000   0.36982   0.00000   0.03108   0.03269   0.07459   0.03625   0.02480   0.02111   0.05200   0.03493   0.00000   0.32370   0.01756   0.03885   0.01046   0.08970   0.01351   0.03409   0.02518   0.03219   0.03065   8.47895   1.72528   1.04653   1.46692   1.02362  
 29  2.2615   1926.009000  x:  0.36681   0.00000   0.34693   0.00000   0.03115   0.03223   0.08191   0.03488   0.02682   0.01976   0.05791   0.04426   0.00000   0.32811   0.02140   0.04125   0.01121   0.09000   0.01359   0.03630   0.02904   0.03885   0.03498   8.46295   1.61710   0.99346   1.38696   1.04541  
 30  0.6004   1925.595163  x:  0.37505   0.00000   0.35535   0.00000   0.03131   0.03236   0.08064   0.03404   0.02905   0.01788   0.05915   0.04140   0.00000   0.32962   0.02710   0.04199   0.01160   0.09329   0.01369   0.03840   0.03497   0.04068   0.03672   8.43761   1.64908   1.04447   1.45642   1.03455  
 31  0.2224   1925.227716  x:  0.37539   0.00000   0.36587   0.00000   0.03162   0.03294   0.08128   0.03435   0.03388   0.01514   0.06049   0.04237   0.00000   0.33806   0.02801   0.04566   0.01228   0.09476   0.01366   0.04301   0.02839   0.03901   0.03915   8.42115   1.62832   1.04048   1.41998   1.01681  
 32  0.0478   1925.124393  x:  0.38037   0.00000   0.35972   0.00000   0.03187   0.03316   0.08388   0.03332   0.03605   0.01563   0.05808   0.04244   0.00000   0.34974   0.02690   0.04484   0.01262   0.09544   0.01378   0.04460   0.03046   0.03749   0.03690   8.41539   1.62909   1.03754   1.41859   1.01563  
 33  0.0222   1925.071827  x:  0.38211   0.00000   0.36285   0.00000   0.03195   0.03374   0.08242   0.03359   0.03760   0.01604   0.05804   0.04138   0.00000   0.35021   0.02738   0.04296   0.01274   0.09453   0.01376   0.04510   0.02929   0.04005   0.03510   8.42738   1.61394   1.03003   1.41516   1.02058  
 34  0.0280   1924.974205  x:  0.38410   0.00000   0.36373   0.00000   0.03194   0.03356   0.07932   0.03440   0.04116   0.01695   0.05848   0.04360   0.00000   0.34478   0.02667   0.04463   0.01308   0.09282   0.01365   0.04535   0.02865   0.03753   0.03542   8.47298   1.62205   1.03876   1.43624   1.03546  
 35  0.0243   1924.858136  x:  0.38980   0.00000   0.36311   0.00000   0.03187   0.03322   0.08200   0.03450   0.04488   0.01654   0.05944   0.04060   0.00000   0.33645   0.02384   0.04526   0.01319   0.09300   0.01341   0.04468   0.02992   0.03898   0.03712   8.50609   1.63221   1.04026   1.42494   1.03238  
 36  0.0311   1924.750023  x:  0.39019   0.00000   0.36799   0.00000   0.03187   0.03257   0.08324   0.03378   0.04724   0.01570   0.05617   0.04496   0.00000   0.33355   0.02325   0.04136   0.01302   0.09301   0.01324   0.04359   0.03075   0.03953   0.03731   8.47456   1.63003   1.04421   1.42227   1.01995  
 37  0.0292   1924.483908  x:  0.39760   0.00000   0.36864   0.00000   0.03191   0.03204   0.09088   0.03262   0.04912   0.01872   0.06102   0.04655   0.00000   0.33455   0.02284   0.04268   0.01236   0.09346   0.01325   0.04023   0.02963   0.03899   0.03513   8.30285   1.58270   1.03962   1.41944   1.00269  
 38  0.0798   1924.156304  x:  0.40278   0.00000   0.37919   0.00000   0.03195   0.03138   0.08755   0.03351   0.04801   0.01777   0.05986   0.04808   0.00000   0.34915   0.01619   0.04714   0.01220   0.09292   0.01317   0.03795   0.03166   0.04238   0.03607   8.17710   1.57041   1.04174   1.42313   1.01925  
 39  0.0879   1923.902151  x:  0.40706   0.00000   0.39516   0.00000   0.03223   0.03010   0.09210   0.03510   0.04311   0.01906   0.05785   0.04686   0.00000   0.35443   0.01842   0.04611   0.01263   0.09157   0.01338   0.03927   0.02927   0.04265   0.03974   8.17096   1.58689   1.07442   1.43607   1.04766  
 40  0.0423   1923.780280  x:  0.40703   0.00000   0.39807   0.00000   0.03237   0.03035   0.09304   0.03342   0.04032   0.01826   0.06089   0.04653   0.00000   0.35017   0.01517   0.04423   0.01298   0.09172   0.01328   0.04189   0.02933   0.04179   0.03888   8.28459   1.58337   1.08596   1.44069   1.04648  
 41  0.0934   1923.744082  x:  0.40868   0.00000   0.39770   0.00000   0.03238   0.03056   0.09418   0.03373   0.03971   0.01886   0.05861   0.04710   0.00000   0.34441   0.01549   0.04567   0.01326   0.09110   0.01335   0.04368   0.02970   0.04258   0.03789   8.32039   1.57548   1.08240   1.44131   1.03663  
 42  0.0356   1923.733631  x:  0.41127   0.00000   0.39721   0.00000   0.03233   0.03057   0.09400   0.03437   0.03976   0.01936   0.05966   0.04759   0.00000   0.34469   0.01550   0.04474   0.01363   0.09064   0.01350   0.04444   0.02991   0.04252   0.03837   8.30323   1.57502   1.07776   1.43907   1.03371  
 43  0.0149   1923.730506  x:  0.41273   0.00000   0.39690   0.00000   0.03238   0.03053   0.09366   0.03368   0.03957   0.01933   0.05947   0.04781   0.00000   0.34443   0.01540   0.04502   0.01392   0.09077   0.01362   0.04453   0.02964   0.04264   0.03850   8.27480   1.57485   1.07666   1.43801   1.03634  
 44  0.0183   1923.728778  x:  0.41380   0.00000   0.39653   0.00000   0.03240   0.03058   0.09359   0.03416   0.03943   0.01903   0.05947   0.04779   0.00000   0.34417   0.01540   0.04507   0.01408   0.09100   0.01380   0.04424   0.02958   0.04257   0.03833   8.26757   1.57513   1.07772   1.43852   1.03577  
 45  0.0037   1923.727326  x:  0.41420   0.00000   0.39673   0.00000   0.03234   0.03055   0.09351   0.03386   0.03955   0.01906   0.05941   0.04765   0.00000   0.34408   0.01545   0.04493   0.01409   0.09064   0.01408   0.04389   0.02959   0.04243   0.03841   8.28901   1.57552   1.07771   1.43836   1.03300  
 46  0.0082   1923.725752  x:  0.41343   0.00000   0.39699   0.00000   0.03240   0.03051   0.09374   0.03398   0.03948   0.01915   0.05944   0.04770   0.00000   0.34455   0.01524   0.04511   0.01402   0.09070   0.01449   0.04399   0.02960   0.04247   0.03841   8.30289   1.57395   1.07692   1.43797   1.03617  
 47  0.0042   1923.725383  x:  0.41303   0.00000   0.39684   0.00000   0.03240   0.03052   0.09368   0.03396   0.03962   0.01911   0.05948   0.04774   0.00000   0.34420   0.01536   0.04509   0.01397   0.09079   0.01460   0.04410   0.02961   0.04252   0.03843   8.28749   1.57484   1.07765   1.43834   1.03545  
 48  0.0100   1923.725350  x:  0.41302   0.00000   0.39681   0.00000   0.03238   0.03052   0.09367   0.03397   0.03961   0.01911   0.05944   0.04771   0.00000   0.34417   0.01530   0.04507   0.01395   0.09075   0.01461   0.04411   0.02960   0.04251   0.03846   8.28300   1.57487   1.07770   1.43841   1.03516  
 49  0.0044   1923.725346  x:  0.41304   0.00000   0.39684   0.00000   0.03238   0.03053   0.09367   0.03396   0.03958   0.01911   0.05945   0.04770   0.00000   0.34418   0.01531   0.04507   0.01394   0.09073   0.01461   0.04411   0.02961   0.04250   0.03845   8.28205   1.57484   1.07770   1.43839   1.03522  
 50  0.0007   1923.725345  x:  0.41309   0.00000   0.39683   0.00000   0.03238   0.03053   0.09367   0.03396   0.03959   0.01911   0.05945   0.04770   0.00000   0.34417   0.01531   0.04507   0.01394   0.09074   0.01461   0.04411   0.02960   0.04249   0.03844   8.28226   1.57483   1.07766   1.43835   1.03526  
 51  0.0001   1923.725345  x:  0.41310   0.00000   0.39683   0.00000   0.03238   0.03053   0.09367   0.03396   0.03959   0.01911   0.05945   0.04771   0.00000   0.34417   0.01531   0.04507   0.01393   0.09074   0.01461   0.04411   0.02960   0.04250   0.03845   8.28256   1.57484   1.07768   1.43836   1.03525  
 52  0.0002   1923.725345  x:  0.41310   0.00000   0.39683   0.00000   0.03238   0.03053   0.09367   0.03396   0.03959   0.01911   0.05945   0.04771   0.00000   0.34417   0.01531   0.04507   0.01393   0.09074   0.01461   0.04411   0.02960   0.04250   0.03845   8.28256   1.57485   1.07768   1.43836   1.03525  
 53  0.0000   1923.725345  x:  0.41310   0.00000   0.39683   0.00000   0.03238   0.03053   0.09367   0.03396   0.03959   0.01911   0.05945   0.04771   0.00000   0.34417   0.01531   0.04507   0.01393   0.09074   0.01461   0.04411   0.02960   0.04250   0.03845   8.28256   1.57485   1.07768   1.43836   1.03525  
 54  0.0000   1923.725345  x:  0.41310   0.00000   0.39683   0.00000   0.03238   0.03053   0.09367   0.03396   0.03959   0.01911   0.05945   0.04771   0.00000   0.34417   0.01531   0.04507   0.01393   0.09074   0.01461   0.04411   0.02960   0.04250   0.03845   8.28256   1.57485   1.07768   1.43836   1.03525  