

TREE # 1

  0  0.0000   2086.828198  x:  0.00000   0.02651   0.06893   0.02767   0.08875   0.09382   0.04654   0.06277   0.10064   0.03317   0.10661   0.01902   0.03899   0.01773   0.02818   0.08211   0.07643   0.03780   0.07247   0.06132   0.09682   0.09464   0.08185   2.00000   1.68459   1.30864   1.47953   0.40000  
  1 99.0000   2086.823862  x:  0.00000   0.02651   0.06893   0.02767   0.08875   0.09382   0.04654   0.06277   0.10064   0.03317   0.10661   0.01902   0.03900   0.01773   0.02818   0.08211   0.07643   0.03780   0.07247   0.06132   0.09682   0.09464   0.08185   2.00000   1.68459   1.30864   1.47953   0.40000  
  2 883.7076   2071.052875  x:  0.00000   0.01568   0.05435   0.03085   0.08055   0.08928   0.04275   0.06755   0.10012   0.02868   0.11137   0.00000   0.06377   0.01109   0.03259   0.07827   0.07091   0.03613   0.07104   0.07111   0.08520   0.10641   0.10775   2.00417   1.68409   1.30662   1.48174   0.41452  
  3 586.0984   2056.398806  x:  0.00000   0.01660   0.01092   0.03290   0.05771   0.07722   0.03484   0.07665   0.09857   0.02127   0.12208   0.00000   0.03478   0.00160   0.03687   0.06815   0.05681   0.03318   0.06720   0.08773   0.05118   0.12952   0.14007   2.01753   1.68236   1.30024   1.48855   0.45666  
  4 384.1451   2055.184532  x:  0.00000   0.01656   0.00591   0.03297   0.05438   0.07544   0.03405   0.07773   0.09838   0.02084   0.12420   0.00000   0.03162   0.00761   0.03734   0.06670   0.05487   0.03295   0.06667   0.08979   0.04596   0.13320   0.14428   2.01995   1.68205   1.29907   1.48975   0.46380  
  5 789.5723   2052.115978  x:  0.00000   0.01612   0.02238   0.03143   0.04385   0.06946   0.03435   0.07930   0.09813   0.02456   0.13583   0.00000   0.02356   0.01247   0.03564   0.06209   0.04946   0.03370   0.06506   0.09310   0.02719   0.14778   0.15279   2.03196   1.68058   1.29326   1.49554   0.49582  
  6 281.0253   2044.991458  x:  0.00000   0.01446   0.01742   0.02081   0.03873   0.06290   0.04919   0.07287   0.09723   0.03970   0.18376   0.00000   0.02566   0.01122   0.01868   0.05945   0.05202   0.04153   0.06497   0.07720   0.03471   0.18645   0.13653   2.07844   1.67503   1.27097   1.51661   0.59974  
  7 207.0957   2041.167025  x:  0.00000   0.01379   0.02050   0.03697   0.05223   0.06615   0.05219   0.06846   0.09736   0.03504   0.21358   0.00000   0.02023   0.01217   0.04210   0.06409   0.05744   0.04195   0.06799   0.06715   0.04840   0.20625   0.13220   2.11817   1.67043   1.25275   1.53333   0.67339  
  8 332.0385   2038.904011  x:  0.00000   0.01394   0.02490   0.03053   0.06850   0.07852   0.04311   0.06556   0.09857   0.02073   0.22224   0.00000   0.01490   0.01421   0.03260   0.07280   0.06530   0.03291   0.06993   0.07004   0.05761   0.20188   0.14443   2.15374   1.66637   1.23839   1.54541   0.71049  
  9 137.8617   2037.630289  x:  0.00000   0.01371   0.02366   0.02975   0.07706   0.08856   0.03449   0.06666   0.10053   0.03925   0.22047   0.00000   0.01366   0.01385   0.03213   0.07828   0.06874   0.03397   0.07036   0.07321   0.05796   0.18592   0.15267   2.19632   1.66155   1.22317   1.55682   0.73039  
 10 105.2516   2032.487412  x:  0.00000   0.01558   0.01755   0.03418   0.07303   0.10260   0.04666   0.07229   0.10467   0.02941   0.19211   0.00000   0.02869   0.01118   0.03198   0.07755   0.06236   0.04872   0.06619   0.07001   0.03222   0.12030   0.13770   2.39354   1.63914   1.15837   1.60217   0.77414  
 11 131.7093   2026.516457  x:  0.00000   0.01778   0.01873   0.02836   0.04935   0.09163   0.03422   0.07431   0.10284   0.02696   0.13083   0.00000   0.04197   0.01072   0.03996   0.06520   0.04893   0.03288   0.06558   0.08317   0.04513   0.08994   0.11369   2.64087   1.61237   1.08331   1.65460   0.81010  
 12 332.1262   2023.131502  x:  0.00000   0.01817   0.01815   0.03943   0.05591   0.08215   0.03862   0.07347   0.09966   0.02823   0.09042   0.00000   0.04341   0.01080   0.03074   0.06670   0.06106   0.03607   0.06624   0.08107   0.04167   0.10552   0.11283   2.80485   1.59612   1.04067   1.68462   0.81276  
 13 300.2963   2017.773127  x:  0.00000   0.01765   0.01810   0.01561   0.06430   0.06597   0.04151   0.06775   0.09341   0.02842   0.10811   0.00000   0.03872   0.01070   0.04491   0.07223   0.06435   0.03690   0.06760   0.07135   0.03770   0.13029   0.12372   3.07672   1.57242   0.98833   1.72245   0.77352  
 14 234.3087   2011.720514  x:  0.00000   0.01632   0.02079   0.03951   0.05853   0.05224   0.03579   0.06566   0.08901   0.03017   0.16353   0.00000   0.02981   0.01245   0.02978   0.07193   0.05635   0.02542   0.06633   0.07055   0.04652   0.15845   0.13514   3.46937   1.54041   0.92394   1.77060   0.70865  
 15 790.4964   2010.074278  x:  0.00000   0.01613   0.02296   0.03992   0.04900   0.07426   0.03757   0.06967   0.09321   0.02797   0.17348   0.00000   0.02616   0.01328   0.03015   0.06447   0.05676   0.03900   0.06620   0.08276   0.05514   0.17411   0.13683   3.57739   1.53451   0.92145   1.77576   0.69426  
 16 233.2115   2008.597144  x:  0.00000   0.01610   0.02157   0.03923   0.04872   0.09062   0.04168   0.07362   0.10152   0.03082   0.17484   0.00000   0.02747   0.01281   0.03195   0.05851   0.05817   0.02279   0.06722   0.07918   0.04871   0.18239   0.13290   3.66909   1.53524   0.95205   1.76221   0.69297  
 17 96.6751   2003.825617  x:  0.00000   0.01661   0.02146   0.04004   0.05040   0.08802   0.01850   0.07277   0.11505   0.02673   0.17442   0.00000   0.03048   0.01297   0.02966   0.06008   0.05268   0.03337   0.06655   0.06638   0.04601   0.18787   0.12948   3.97898   1.54570   1.09209   1.69441   0.70523  
 18 232.7771   1999.814887  x:  0.00000   0.01705   0.02400   0.04096   0.05203   0.07112   0.04256   0.06855   0.11642   0.02896   0.17356   0.00000   0.02654   0.01412   0.02883   0.06840   0.04740   0.03683   0.06714   0.07981   0.05974   0.18134   0.14223   4.29650   1.55975   1.23975   1.62047   0.72143  
 19 760.7334   1999.259348  x:  0.00000   0.01717   0.02383   0.04136   0.04933   0.06895   0.04112   0.07018   0.10055   0.02873   0.17683   0.00000   0.02765   0.01396   0.03007   0.06649   0.06176   0.03592   0.06917   0.08659   0.05703   0.17831   0.13866   4.33636   1.56623   1.25681   1.60899   0.72367  
 20 87.3269   1999.092310  x:  0.00000   0.01718   0.02388   0.04147   0.05165   0.07215   0.04103   0.07079   0.08907   0.02908   0.17606   0.00000   0.02789   0.01398   0.02952   0.06579   0.05688   0.03587   0.06834   0.08552   0.05666   0.17900   0.13849   4.34705   1.57447   1.25832   1.60382   0.72448  
 21 23.9799   1998.214703  x:  0.00000   0.01749   0.02391   0.04196   0.04083   0.07516   0.04147   0.06860   0.08951   0.02869   0.17402   0.00000   0.02802   0.01400   0.03026   0.07313   0.05874   0.03491   0.07116   0.07701   0.05767   0.17773   0.14384   4.39818   1.67197   1.23559   1.56302   0.72794  
 22 16.4081   1997.524419  x:  0.00000   0.01794   0.02327   0.04088   0.05135   0.07059   0.04042   0.07200   0.09682   0.02839   0.17519   0.00000   0.02982   0.01380   0.03002   0.06670   0.05696   0.03577   0.06929   0.08537   0.05452   0.17772   0.13936   4.43888   1.75146   1.21660   1.53134   0.73047  
 23 131.1152   1997.212905  x:  0.00000   0.01816   0.02290   0.04142   0.05163   0.07107   0.04045   0.06143   0.09685   0.02864   0.17443   0.00000   0.03025   0.01367   0.03070   0.05957   0.05901   0.03565   0.06124   0.08465   0.05407   0.17581   0.14183   4.44911   1.76296   1.22049   1.54153   0.73037  
 24  5.6004   1981.601077  x:  0.00000   0.03336   0.01719   0.03580   0.04971   0.04973   0.04781   0.10554   0.08934   0.02351   0.14109   0.00000   0.06949   0.01113   0.04105   0.05297   0.06178   0.04000   0.03509   0.08111   0.02991   0.12628   0.16648   4.95506   2.24398   1.48836   2.21527   0.72066  
 25 41.5909   1979.487017  x:  0.00000   0.03554   0.01466   0.03663   0.05137   0.04897   0.04786   0.09196   0.08844   0.02335   0.13643   0.00000   0.07651   0.01015   0.04128   0.05033   0.05631   0.04185   0.05998   0.08711   0.02025   0.11972   0.16716   5.02822   2.31161   1.52630   2.31111   0.71905  
 26 491.4411   1979.399101  x:  0.00000   0.03564   0.01425   0.03676   0.05107   0.04978   0.04743   0.08965   0.08854   0.02339   0.13637   0.00000   0.07735   0.00997   0.04163   0.05510   0.05551   0.04135   0.05806   0.08992   0.01850   0.12061   0.16503   5.03095   2.31118   1.52614   2.31126   0.71921  
 27 16.5096   1965.706354  x:  0.00000   0.04734   0.01332   0.03565   0.05123   0.07019   0.04107   0.09810   0.09802   0.02327   0.13017   0.00000   0.10085   0.01005   0.04802   0.05203   0.05568   0.03924   0.05610   0.08254   0.01602   0.11735   0.20577   5.38742   1.55831   1.12323   1.50529   0.82326  
 28 11.3258   1955.855862  x:  0.00000   0.05181   0.01637   0.03604   0.04555   0.08062   0.03143   0.07638   0.10029   0.02553   0.14294   0.00000   0.11753   0.01162   0.05035   0.08493   0.03923   0.03254   0.07294   0.12071   0.04653   0.15812   0.24680   5.99769   1.63304   1.17992   1.69752   0.95229  
 29  1.3137   1948.666708  x:  0.00000   0.07114   0.00839   0.03582   0.05135   0.07943   0.03897   0.09220   0.10155   0.02310   0.13846   0.00000   0.14817   0.00866   0.04128   0.06312   0.07458   0.03506   0.07261   0.10381   0.04064   0.16100   0.27996   7.33832   1.87217   1.26409   1.93109   1.11942  
 30  0.7849   1945.450041  x:  0.00000   0.08708   0.01480   0.03419   0.04574   0.05943   0.03761   0.08435   0.09354   0.02277   0.12665   0.00000   0.17379   0.00958   0.03828   0.05498   0.05709   0.03497   0.06513   0.10365   0.03855   0.15644   0.28353   8.20905   1.67909   1.16703   1.71003   1.18778  
 31  0.6147   1944.316716  x:  0.00000   0.09610   0.01538   0.03484   0.05100   0.07285   0.03940   0.07736   0.09794   0.02812   0.13467   0.00000   0.18413   0.00929   0.03455   0.06258   0.04671   0.03440   0.06248   0.09540   0.03714   0.15972   0.27729   8.79655   1.73833   1.20546   1.79672   1.19927  
 32  0.3464   1943.459961  x:  0.00000   0.10802   0.01408   0.03375   0.04357   0.06917   0.03663   0.08093   0.10019   0.02363   0.13965   0.00000   0.19127   0.00820   0.03786   0.06900   0.05706   0.03252   0.06185   0.09808   0.03644   0.15844   0.25228   9.39742   1.75757   1.21702   1.81877   1.19219  
 33  0.2373   1942.928632  x:  0.00000   0.11681   0.01449   0.03462   0.05193   0.06827   0.03578   0.08324   0.09578   0.02605   0.13669   0.00000   0.18837   0.00870   0.03938   0.06214   0.05223   0.03439   0.06615   0.09711   0.03575   0.15947   0.23296   9.71965   1.72149   1.19059   1.77821   1.15677  
 34  0.1333   1942.410285  x:  0.00000   0.11965   0.01656   0.03765   0.04974   0.07220   0.03761   0.08083   0.09900   0.02324   0.13421   0.00000   0.16653   0.01115   0.03658   0.06043   0.05522   0.03335   0.07288   0.10013   0.04013   0.16408   0.23613   9.57718   1.73074   1.19696   1.80434   1.10583  
 35  0.0403   1942.003860  x:  0.00000   0.12892   0.01349   0.03786   0.04495   0.06693   0.03780   0.07954   0.09797   0.02684   0.12726   0.00000   0.15417   0.01064   0.03650   0.06399   0.05126   0.03278   0.06814   0.10016   0.04157   0.15871   0.24225   9.68450   1.73108   1.19691   1.79723   1.10834  
 36  0.0458   1941.764215  x:  0.00000   0.13682   0.01371   0.03635   0.04922   0.06903   0.03720   0.08218   0.09752   0.02490   0.13421   0.00000   0.14968   0.01053   0.03673   0.06387   0.05380   0.03335   0.06314   0.09667   0.03899   0.16033   0.25178   9.87138   1.72786   1.19249   1.79230   1.13986  
 37  0.1070   1941.682092  x:  0.00000   0.14094   0.01488   0.03468   0.04891   0.06990   0.03640   0.07972   0.09770   0.02391   0.13107   0.00000   0.14921   0.01042   0.03906   0.06253   0.05290   0.03378   0.06442   0.10023   0.03757   0.15619   0.24972   9.84166   1.74969   1.20702   1.81295   1.15031  
 38  0.0212   1941.595667  x:  0.00000   0.14351   0.01554   0.03445   0.04772   0.07068   0.03669   0.08063   0.09858   0.02627   0.13288   0.00000   0.14827   0.00998   0.03904   0.06427   0.05403   0.03421   0.06786   0.10082   0.03655   0.15555   0.25126   9.59053   1.71414   1.19127   1.77963   1.16167  
 39  0.0829   1941.492442  x:  0.00000   0.14624   0.01502   0.03496   0.04734   0.06922   0.03798   0.08238   0.09762   0.02446   0.13283   0.00000   0.14973   0.00906   0.03671   0.06423   0.05161   0.03407   0.06872   0.09883   0.03521   0.15655   0.24823   9.22054   1.73988   1.19988   1.79345   1.17237  
 40  0.1403   1941.412622  x:  0.00000   0.14943   0.01500   0.03602   0.04979   0.06933   0.03706   0.07994   0.09717   0.02493   0.13144   0.00000   0.15096   0.00938   0.03676   0.06474   0.05427   0.03296   0.06661   0.09946   0.03732   0.15860   0.24444   8.94538   1.74290   1.20717   1.80116   1.15936  
 41  0.1060   1941.385176  x:  0.00000   0.15211   0.01493   0.03562   0.04850   0.06974   0.03678   0.08058   0.09798   0.02486   0.13192   0.00000   0.15331   0.00961   0.03817   0.06309   0.05318   0.03351   0.06482   0.09894   0.03789   0.15963   0.24568   8.91877   1.73140   1.20086   1.79214   1.15530  
 42  0.0197   1941.376944  x:  0.00000   0.15362   0.01504   0.03532   0.04838   0.06944   0.03712   0.08093   0.09782   0.02487   0.13151   0.00000   0.15456   0.00988   0.03788   0.06360   0.05334   0.03388   0.06549   0.09827   0.03830   0.15723   0.24757   8.90148   1.73693   1.20302   1.79417   1.15014  
 43  0.0105   1941.374998  x:  0.00000   0.15398   0.01481   0.03540   0.04850   0.06950   0.03702   0.08060   0.09769   0.02483   0.13204   0.00000   0.15495   0.00992   0.03772   0.06326   0.05331   0.03362   0.06584   0.09875   0.03813   0.15750   0.24810   8.91164   1.73656   1.20319   1.79390   1.14581  
 44  0.0064   1941.374610  x:  0.00000   0.15405   0.01477   0.03538   0.04857   0.06950   0.03703   0.08077   0.09779   0.02484   0.13168   0.00000   0.15511   0.00990   0.03779   0.06350   0.05331   0.03359   0.06576   0.09881   0.03788   0.15749   0.24825   8.90714   1.73596   1.20301   1.79352   1.14457  
 45  0.0026   1941.374574  x:  0.00000   0.15402   0.01480   0.03542   0.04853   0.06951   0.03705   0.08074   0.09776   0.02483   0.13165   0.00000   0.15503   0.00992   0.03779   0.06348   0.05332   0.03363   0.06574   0.09880   0.03785   0.15757   0.24833   8.90675   1.73616   1.20291   1.79361   1.14410  
 46  0.0005   1941.374573  x:  0.00000   0.15401   0.01480   0.03542   0.04853   0.06950   0.03704   0.08072   0.09775   0.02483   0.13166   0.00000   0.15506   0.00992   0.03778   0.06349   0.05332   0.03363   0.06573   0.09880   0.03784   0.15756   0.24832   8.90706   1.73612   1.20292   1.79357   1.14409  
 47  0.0003   1941.374572  x:  0.00000   0.15402   0.01481   0.03543   0.04852   0.06950   0.03704   0.08073   0.09776   0.02483   0.13166   0.00000   0.15506   0.00991   0.03778   0.06348   0.05332   0.03363   0.06573   0.09879   0.03784   0.15756   0.24832   8.90676   1.73612   1.20293   1.79358   1.14403  
 48  0.0001   1941.374572  x:  0.00000   0.15402   0.01481   0.03542   0.04853   0.06950   0.03704   0.08072   0.09776   0.02483   0.13166   0.00000   0.15506   0.00991   0.03778   0.06349   0.05332   0.03363   0.06573   0.09880   0.03785   0.15756   0.24832   8.90703   1.73612   1.20292   1.79358   1.14402  
 49  0.0002   1941.374572  x:  0.00000   0.15402   0.01481   0.03542   0.04853   0.06950   0.03704   0.08072   0.09776   0.02483   0.13166   0.00000   0.15506   0.00991   0.03778   0.06349   0.05332   0.03363   0.06573   0.09880   0.03785   0.15756   0.24833   8.90695   1.73612   1.20292   1.79358   1.14403  
 50  0.0001   1941.374572  x:  0.00000   0.15402   0.01481   0.03542   0.04853   0.06950   0.03704   0.08072   0.09776   0.02483   0.13166   0.00000   0.15506   0.00991   0.03778   0.06349   0.05332   0.03363   0.06573   0.09880   0.03785   0.15756   0.24832   8.90698   1.73612   1.20292   1.79358   1.14403  
 51  0.0000   1941.374572  x:  0.00000   0.15402   0.01481   0.03542   0.04853   0.06950   0.03704   0.08072   0.09776   0.02483   0.13166   0.00000   0.15506   0.00991   0.03778   0.06349   0.05332   0.03363   0.06573   0.09880   0.03785   0.15756   0.24832   8.90698   1.73612   1.20292   1.79358   1.14403  
 52  0.0000   1941.374572  x:  0.00000   0.15402   0.01481   0.03542   0.04853   0.06950   0.03704   0.08072   0.09776   0.02483   0.13166   0.00000   0.15506   0.00991   0.03778   0.06349   0.05332   0.03363   0.06573   0.09880   0.03785   0.15756   0.24832   8.90698   1.73612   1.20292   1.79358   1.14403  

TREE # 2

  0  0.0000   1975.997133  x:  0.19931   0.00000   0.18809   0.03717   0.04445   0.00942   0.10114   0.02193   0.06945   0.04759   0.05016   0.06619   0.02962   0.17442   0.02857   0.03413   0.01888   0.06736   0.04541   0.06237   0.06702   0.06265   0.05228   8.90698   1.58936   1.16315   1.61564   1.14403  
  1 99.0000   1975.995761  x:  0.19931   0.00000   0.18809   0.03717   0.04445   0.00942   0.10114   0.02193   0.06945   0.04760   0.05016   0.06619   0.02961   0.17442   0.02857   0.03413   0.01888   0.06736   0.04541   0.06237   0.06702   0.06265   0.05228   8.90698   1.58936   1.16315   1.61564   1.14403  
  2 508.3231   1968.459314  x:  0.20321   0.00000   0.18408   0.06801   0.04143   0.00217   0.10075   0.01986   0.06877   0.05266   0.05101   0.05426   0.00000   0.16811   0.02234   0.02879   0.01637   0.07649   0.04128   0.06774   0.06069   0.06486   0.04600   8.90691   1.59034   1.16231   1.61672   1.14425  
  3 348.1837   1967.887118  x:  0.20366   0.00000   0.18216   0.07323   0.04092   0.00655   0.10067   0.01893   0.06857   0.05356   0.05123   0.05092   0.00000   0.16540   0.02077   0.02764   0.01621   0.07861   0.04017   0.06899   0.05901   0.06545   0.04439   8.90688   1.59068   1.16205   1.61709   1.14433  
  4 340.5309   1966.230130  x:  0.20176   0.00000   0.16814   0.07466   0.03989   0.00663   0.10018   0.01148   0.06755   0.05423   0.05207   0.03586   0.00000   0.14677   0.02590   0.02544   0.01906   0.08519   0.03566   0.07300   0.05200   0.06790   0.03824   8.90671   1.59278   1.16066   1.61931   1.14475  
  5 147.9440   1965.223952  x:  0.19941   0.00000   0.15553   0.07522   0.03940   0.00614   0.09983   0.01854   0.06703   0.05467   0.05261   0.02613   0.00000   0.13037   0.02734   0.02462   0.02040   0.08970   0.03280   0.07585   0.04706   0.06973   0.03438   8.90655   1.59477   1.15938   1.62139   1.14512  
  6 303.6050   1964.253722  x:  0.19424   0.00000   0.13567   0.08327   0.03986   0.00644   0.09942   0.01872   0.06578   0.05500   0.05402   0.03555   0.00000   0.10668   0.03139   0.02721   0.01649   0.09258   0.03451   0.07822   0.04590   0.07134   0.03650   8.90624   1.59887   1.15669   1.62589   1.14578  
  7 92.8374   1964.078110  x:  0.18983   0.00000   0.12972   0.08721   0.04038   0.00657   0.09950   0.01879   0.06648   0.05433   0.05278   0.03420   0.00000   0.10441   0.03266   0.02529   0.02034   0.08983   0.03617   0.07625   0.05046   0.07014   0.03889   8.90601   1.60192   1.15482   1.62945   1.14612  
  8 33.2374   1963.954870  x:  0.18444   0.00000   0.12589   0.08910   0.04033   0.00667   0.09963   0.01854   0.06714   0.05421   0.05196   0.03195   0.00000   0.10551   0.03342   0.02680   0.01651   0.08668   0.03531   0.07418   0.05166   0.06862   0.03829   8.90564   1.60664   1.15208   1.63509   1.14658  
  9 26.0810   1963.716546  x:  0.17474   0.00000   0.12399   0.09079   0.03917   0.00673   0.09976   0.01890   0.06695   0.05599   0.05333   0.03491   0.00000   0.10887   0.03434   0.02578   0.01928   0.08565   0.03336   0.07331   0.04671   0.06785   0.03399   8.90447   1.62167   1.14373   1.65319   1.14794  
 10 27.0930   1963.061206  x:  0.16401   0.00000   0.13027   0.09157   0.04011   0.00679   0.09944   0.01915   0.06525   0.05613   0.05464   0.03203   0.00000   0.11055   0.03539   0.02474   0.01735   0.09185   0.03920   0.07927   0.04289   0.07183   0.04225   8.90054   1.67103   1.11822   1.71265   1.15223  
 11 60.8988   1962.161302  x:  0.17367   0.00000   0.13796   0.09263   0.03969   0.00687   0.09844   0.01952   0.06466   0.05364   0.05208   0.03293   0.00000   0.10695   0.03593   0.03028   0.01903   0.09513   0.03190   0.08063   0.05386   0.07124   0.03717   8.89482   1.74125   1.08666   1.79707   1.15812  
 12 125.3758   1961.739431  x:  0.18495   0.00000   0.13688   0.09138   0.03914   0.00683   0.09796   0.01960   0.06541   0.05429   0.05154   0.03365   0.00000   0.10634   0.03606   0.02227   0.01566   0.09149   0.03403   0.07701   0.05262   0.06849   0.03516   8.89217   1.77217   1.07749   1.83394   1.16056  
 13 118.4201   1961.468715  x:  0.19515   0.00000   0.13320   0.09224   0.03894   0.00689   0.09770   0.01948   0.06595   0.05592   0.05234   0.03243   0.00000   0.10842   0.03591   0.02666   0.01798   0.08729   0.03675   0.07323   0.04648   0.06679   0.03798   8.89021   1.79319   1.07716   1.85854   1.16202  
 14 80.4602   1960.957607  x:  0.20161   0.00000   0.12531   0.09294   0.04124   0.00692   0.09797   0.02004   0.06301   0.05223   0.05455   0.03349   0.00000   0.11661   0.03674   0.02430   0.01782   0.08610   0.02853   0.07877   0.04567   0.07203   0.04322   8.88597   1.82905   1.10964   1.89836   1.16340  
 15 28.7698   1959.342579  x:  0.20879   0.00000   0.11851   0.09549   0.03748   0.00728   0.09857   0.02097   0.06035   0.05366   0.05384   0.03362   0.00000   0.12824   0.03939   0.02734   0.01719   0.09017   0.04248   0.09101   0.05256   0.07676   0.03152   8.87139   1.94706   1.23707   2.02817   1.16727  
 16 153.6434   1956.723626  x:  0.20696   0.00000   0.14365   0.10480   0.03728   0.00799   0.09785   0.02164   0.07117   0.06496   0.04729   0.03385   0.00000   0.11544   0.04555   0.02528   0.01639   0.09357   0.03402   0.07790   0.04852   0.06381   0.03959   8.84751   2.13499   1.45150   2.23448   1.17299  
 17 296.8423   1956.540506  x:  0.20640   0.00000   0.14776   0.10724   0.03924   0.00805   0.09741   0.02196   0.06781   0.05781   0.05240   0.03306   0.00000   0.11301   0.04620   0.02540   0.01638   0.09160   0.03526   0.07361   0.04734   0.06469   0.03793   8.84586   2.14591   1.46472   2.24667   1.17318  
 18 53.6223   1956.499633  x:  0.20632   0.00000   0.14878   0.10757   0.03637   0.00811   0.09712   0.02204   0.06477   0.05738   0.05070   0.03302   0.00000   0.11236   0.04632   0.02534   0.01644   0.08982   0.03515   0.07317   0.04692   0.06623   0.03826   8.84536   2.14517   1.46506   2.24641   1.17287  
 19  6.0684   1956.244879  x:  0.20698   0.00000   0.15187   0.10891   0.04360   0.00810   0.09602   0.02220   0.05901   0.06217   0.04739   0.03282   0.00000   0.11175   0.04699   0.02550   0.01667   0.08384   0.03547   0.07551   0.04650   0.06932   0.03658   8.84170   2.12921   1.45768   2.23446   1.16961  
 20  8.1223   1952.233923  x:  0.22144   0.00000   0.17301   0.12195   0.03315   0.00961   0.09080   0.02577   0.07310   0.07205   0.07000   0.03280   0.00000   0.12570   0.05747   0.02600   0.01555   0.06233   0.03556   0.09799   0.05240   0.07645   0.03777   8.78340   1.85911   1.32420   2.02742   1.11655  
 21 64.7194   1947.723334  x:  0.23875   0.00000   0.18106   0.13580   0.03757   0.01100   0.09624   0.03070   0.06687   0.05923   0.05214   0.03838   0.00000   0.15734   0.06931   0.02645   0.01292   0.09141   0.03918   0.08827   0.04927   0.06911   0.03840   8.71828   1.55860   1.17369   1.79230   1.05843  
 22 467.7263   1947.608735  x:  0.23931   0.00000   0.18069   0.13532   0.03716   0.01101   0.09964   0.03083   0.06462   0.06410   0.05589   0.03800   0.00000   0.15855   0.06953   0.02629   0.01234   0.09418   0.03883   0.08323   0.05187   0.07281   0.03880   8.71664   1.55644   1.16946   1.78140   1.05914  
 23 21.4903   1947.096835  x:  0.24173   0.00000   0.18393   0.13758   0.03821   0.01119   0.10723   0.03109   0.07198   0.06127   0.05130   0.03911   0.00000   0.16119   0.07098   0.02634   0.01226   0.09301   0.03957   0.08271   0.05027   0.08074   0.03717   8.70962   1.59069   1.14816   1.69421   1.08028  
 24 16.2785   1946.827090  x:  0.24290   0.00000   0.18470   0.13786   0.03741   0.01130   0.10173   0.03156   0.06563   0.06268   0.05443   0.03878   0.00000   0.16342   0.07165   0.02624   0.01208   0.09446   0.03918   0.08562   0.05138   0.07180   0.03851   8.70602   1.61033   1.13722   1.64734   1.09303  
 25 66.3961   1946.817179  x:  0.24291   0.00000   0.18454   0.13785   0.03749   0.01132   0.09866   0.03156   0.06619   0.06285   0.05429   0.03884   0.00000   0.16371   0.07168   0.02623   0.01202   0.09494   0.03921   0.08477   0.05151   0.07293   0.03841   8.70593   1.61069   1.13704   1.64629   1.09504  
 26  4.4879   1946.651729  x:  0.24382   0.00000   0.18490   0.13878   0.03749   0.01135   0.09988   0.03183   0.06597   0.06285   0.05430   0.03872   0.00000   0.16388   0.07257   0.02619   0.01221   0.09512   0.03909   0.08495   0.05135   0.07243   0.03840   8.70638   1.60167   1.14165   1.65498   1.18428  
 27  2.6160   1944.052379  x:  0.25328   0.00000   0.17089   0.16318   0.03724   0.01218   0.09813   0.03644   0.06373   0.06439   0.05172   0.03286   0.00000   0.14516   0.09488   0.02326   0.01734   0.10708   0.03313   0.07658   0.04502   0.06528   0.03627   8.79134   1.86052   1.27972   1.92212   1.15873  
 28  0.5740   1942.576607  x:  0.25206   0.00000   0.15762   0.18164   0.03794   0.01253   0.10068   0.04080   0.07019   0.06502   0.05420   0.03072   0.00000   0.12397   0.11954   0.02513   0.01426   0.10211   0.03381   0.08493   0.04734   0.07307   0.03585   8.89824   1.70857   1.18166   1.75904   1.13662  
 29  0.1431   1942.016462  x:  0.25229   0.00000   0.15602   0.17871   0.03800   0.01186   0.09710   0.04308   0.06214   0.06244   0.05172   0.03587   0.00000   0.13370   0.13353   0.02481   0.01351   0.09739   0.03762   0.07673   0.05185   0.06698   0.03882   8.96263   1.71805   1.19167   1.77414   1.14884  
 30  0.0372   1941.525731  x:  0.24883   0.00000   0.15632   0.16394   0.03658   0.01005   0.09824   0.04266   0.06611   0.06480   0.05617   0.03450   0.00000   0.13286   0.15029   0.02461   0.01705   0.09470   0.03580   0.08327   0.04787   0.06999   0.03623   8.98063   1.75679   1.22117   1.82158   1.14836  
 31  0.0291   1941.405263  x:  0.24745   0.00000   0.15688   0.15568   0.03804   0.00939   0.09921   0.04118   0.06587   0.06388   0.05329   0.03286   0.00000   0.13293   0.15386   0.02482   0.01415   0.09609   0.03485   0.08105   0.04780   0.06993   0.03674   8.93788   1.74191   1.20617   1.80082   1.14395  
 32  0.0371   1941.386400  x:  0.24757   0.00000   0.15774   0.15386   0.03795   0.00944   0.09870   0.03999   0.06550   0.06345   0.05319   0.03333   0.00000   0.13227   0.15313   0.02487   0.01516   0.09787   0.03536   0.08049   0.04881   0.06957   0.03718   8.90558   1.73120   1.19929   1.78721   1.14314  
 33  0.0266   1941.379164  x:  0.24807   0.00000   0.15796   0.15396   0.03780   0.00966   0.09869   0.03880   0.06572   0.06323   0.05344   0.03374   0.00000   0.13101   0.15270   0.02486   0.01463   0.09851   0.03560   0.08085   0.04856   0.06922   0.03708   8.89080   1.73683   1.20395   1.79487   1.14459  
 34  0.0106   1941.374991  x:  0.24873   0.00000   0.15768   0.15492   0.03793   0.00989   0.09899   0.03786   0.06584   0.06358   0.05331   0.03368   0.00000   0.13137   0.15364   0.02478   0.01486   0.09774   0.03544   0.08055   0.04836   0.06968   0.03694   8.89960   1.73620   1.20283   1.79385   1.14392  
 35  0.0042   1941.374596  x:  0.24853   0.00000   0.15756   0.15501   0.03784   0.00990   0.09877   0.03779   0.06572   0.06350   0.05332   0.03362   0.00000   0.13161   0.15398   0.02484   0.01481   0.09767   0.03542   0.08074   0.04854   0.06947   0.03705   8.90494   1.73612   1.20287   1.79355   1.14395  
 36  0.0047   1941.374573  x:  0.24836   0.00000   0.15755   0.15506   0.03784   0.00991   0.09880   0.03779   0.06574   0.06348   0.05332   0.03364   0.00000   0.13166   0.15403   0.02483   0.01480   0.09776   0.03543   0.08072   0.04854   0.06952   0.03704   8.90684   1.73616   1.20298   1.79358   1.14404  
 37  0.0012   1941.374572  x:  0.24833   0.00000   0.15755   0.15506   0.03785   0.00991   0.09880   0.03779   0.06573   0.06349   0.05332   0.03363   0.00000   0.13165   0.15402   0.02483   0.01481   0.09776   0.03542   0.08072   0.04852   0.06950   0.03704   8.90701   1.73612   1.20292   1.79357   1.14403  
 38  0.0002   1941.374572  x:  0.24833   0.00000   0.15756   0.15506   0.03785   0.00991   0.09880   0.03778   0.06573   0.06349   0.05332   0.03363   0.00000   0.13166   0.15402   0.02483   0.01481   0.09776   0.03542   0.08072   0.04853   0.06950   0.03704   8.90700   1.73612   1.20292   1.79358   1.14403  
 39  0.0000   1941.374572  x:  0.24832   0.00000   0.15756   0.15506   0.03785   0.00991   0.09880   0.03778   0.06573   0.06349   0.05332   0.03363   0.00000   0.13166   0.15402   0.02483   0.01481   0.09776   0.03542   0.08072   0.04853   0.06950   0.03704   8.90699   1.73612   1.20292   1.79358   1.14403  
 40  0.0000   1941.374572  x:  0.24832   0.00000   0.15756   0.15506   0.03785   0.00991   0.09880   0.03778   0.06573   0.06349   0.05332   0.03363   0.00000   0.13166   0.15402   0.02483   0.01481   0.09776   0.03542   0.08072   0.04853   0.06950   0.03704   8.90697   1.73612   1.20292   1.79358   1.14403  
 41  0.0000   1941.374572  x:  0.24832   0.00000   0.15756   0.15506   0.03785   0.00991   0.09880   0.03778   0.06573   0.06349   0.05332   0.03363   0.00000   0.13166   0.15402   0.02483   0.01481   0.09776   0.03542   0.08072   0.04853   0.06950   0.03704   8.90698   1.73612   1.20292   1.79358   1.14403  
 42  0.0000   1941.374572  x:  0.24832   0.00000   0.15756   0.15506   0.03785   0.00991   0.09880   0.03778   0.06573   0.06349   0.05332   0.03363   0.00000   0.13166   0.15402   0.02483   0.01481   0.09776   0.03542   0.08072   0.04853   0.06950   0.03704   8.90698   1.73612   1.20292   1.79358   1.14403  
 43  0.0000   1941.374572  x:  0.24832   0.00000   0.15756   0.15506   0.03785   0.00991   0.09880   0.03778   0.06573   0.06349   0.05332   0.03363   0.00000   0.13166   0.15402   0.02483   0.01481   0.09776   0.03542   0.08072   0.04853   0.06950   0.03704   8.90698   1.73612   1.20292   1.79358   1.14403  
 44  0.0000   1941.374572  x:  0.24832   0.00000   0.15756   0.15506   0.03785   0.00991   0.09880   0.03778   0.06573   0.06349   0.05332   0.03363   0.00000   0.13166   0.15402   0.02483   0.01481   0.09776   0.03542   0.08072   0.04853   0.06950   0.03704   8.90698   1.73612   1.20292   1.79358   1.14403  
 45  0.0000   1941.374572  x:  0.24832   0.00000   0.15756   0.15506   0.03785   0.00991   0.09880   0.03778   0.06573   0.06349   0.05332   0.03363   0.00000   0.13166   0.15402   0.02483   0.01481   0.09776   0.03542   0.08072   0.04853   0.06950   0.03704   8.90698   1.73612   1.20292   1.79358   1.14403  
 46  0.0000   1941.374572  x:  0.24832   0.00000   0.15756   0.15506   0.03785   0.00991   0.09880   0.03778   0.06573   0.06349   0.05332   0.03363   0.00000   0.13166   0.15402   0.02483   0.01481   0.09776   0.03542   0.08072   0.04853   0.06950   0.03704   8.90698   1.73612   1.20292   1.79358   1.14403  
 47  0.0000   1941.374572  x:  0.24832   0.00000   0.15756   0.15506   0.03785   0.00991   0.09880   0.03778   0.06573   0.06349   0.05332   0.03363   0.00000   0.13166   0.15402   0.02483   0.01481   0.09776   0.03542   0.08072   0.04853   0.06950   0.03704   8.90698   1.73612   1.20292   1.79358   1.14403  
check convergence!
