

TREE # 1

  0  0.0000   2019.925184  x:  0.06240   0.00000   0.10528   0.01687   0.06473   0.07922   0.03987   0.03309   0.07539   0.04612   0.06905   0.11289   0.01612   0.04198   0.00887   0.07326   0.05947   0.05977   0.07469   0.04742   0.11509   0.05833   0.08797   0.08102   2.00000   1.60051   1.06451   1.41109   0.40000  
  1 99.0000   2019.924006  x:  0.06240   0.00000   0.10528   0.01687   0.06472   0.07922   0.03987   0.03309   0.07539   0.04612   0.06905   0.11289   0.01612   0.04198   0.00887   0.07326   0.05947   0.05977   0.07469   0.04742   0.11509   0.05833   0.08797   0.08102   2.00000   1.60051   1.06451   1.41109   0.40000  
  2 455.0276   2008.716711  x:  0.06719   0.00000   0.11061   0.01609   0.05158   0.07165   0.03815   0.01121   0.07152   0.04674   0.06607   0.11959   0.00000   0.03408   0.01629   0.07023   0.04986   0.06123   0.07151   0.04792   0.11695   0.05551   0.09408   0.08579   2.00447   1.59946   1.06429   1.41323   0.41433  
  3 573.7404   2005.527677  x:  0.06623   0.00000   0.11160   0.01666   0.04637   0.06943   0.03879   0.00000   0.07081   0.04573   0.06494   0.12015   0.00000   0.03574   0.01602   0.06962   0.04717   0.05916   0.07084   0.04772   0.11743   0.05526   0.09296   0.08482   2.00674   1.59896   1.06417   1.41437   0.41981  
  4 589.5168   2003.312406  x:  0.06207   0.00000   0.11184   0.01151   0.03030   0.06604   0.04154   0.00000   0.07223   0.05494   0.06172   0.11516   0.00000   0.02964   0.00414   0.06910   0.04582   0.06419   0.07199   0.04825   0.11849   0.05597   0.08551   0.08058   2.02019   1.59649   1.06284   1.42131   0.44080  
  5 175.3754   2001.867910  x:  0.05946   0.00000   0.11011   0.01637   0.01895   0.06721   0.04349   0.00000   0.07668   0.06652   0.05908   0.10562   0.00000   0.03153   0.01210   0.07119   0.05161   0.07360   0.07562   0.04918   0.11868   0.05854   0.07879   0.07785   2.04000   1.59323   1.06056   1.43147   0.46315  
  6 170.8502   1998.367016  x:  0.06730   0.00000   0.10895   0.00811   0.03005   0.07965   0.04045   0.00000   0.08970   0.05792   0.05067   0.09009   0.00000   0.03346   0.01313   0.07888   0.07454   0.06855   0.08420   0.04770   0.11638   0.06324   0.08936   0.08518   2.12088   1.58095   1.05177   1.47147   0.52857  
  7 112.1926   1997.105865  x:  0.06982   0.00000   0.10871   0.01981   0.03643   0.08489   0.03882   0.00000   0.09386   0.05467   0.05082   0.08967   0.00000   0.02959   0.00777   0.08116   0.08401   0.06698   0.08679   0.04721   0.11520   0.06401   0.09343   0.08746   2.16065   1.57520   1.04773   1.49064   0.55493  
  8 436.5149   1993.083284  x:  0.06191   0.00000   0.10548   0.01671   0.05544   0.09593   0.03708   0.00000   0.09213   0.05728   0.07875   0.13282   0.00000   0.03303   0.00953   0.08032   0.10600   0.07213   0.08445   0.04759   0.11131   0.05865   0.08756   0.07862   2.30573   1.55672   1.03589   1.55617   0.60460  
  9 197.8356   1982.528996  x:  0.08415   0.00000   0.09307   0.01663   0.05709   0.07817   0.05531   0.00000   0.04258   0.05680   0.09251   0.11431   0.00000   0.03619   0.00904   0.05245   0.10544   0.07724   0.05158   0.04716   0.11835   0.05061   0.07398   0.09825   2.70602   1.51785   1.01986   1.71434   0.58991  
 10 163.8029   1966.662279  x:  0.06824   0.00000   0.10748   0.01665   0.02836   0.03645   0.03457   0.00000   0.06377   0.06635   0.07953   0.09988   0.00000   0.04189   0.00655   0.05458   0.06178   0.08620   0.05961   0.05172   0.13124   0.04770   0.13106   0.07781   3.39023   1.46370   1.00408   1.96726   0.51505  
 11 587.3832   1961.699226  x:  0.08205   0.00000   0.11773   0.01645   0.01243   0.06135   0.03045   0.00000   0.07672   0.06979   0.05459   0.11484   0.00000   0.04167   0.00562   0.06776   0.03213   0.08483   0.07391   0.04820   0.12870   0.05312   0.11750   0.09019   3.60100   1.45741   1.00743   2.03258   0.48888  
 12 445.0654   1960.808505  x:  0.08264   0.00000   0.12502   0.01696   0.02226   0.05388   0.03565   0.00000   0.07947   0.07436   0.04241   0.11825   0.00000   0.04213   0.00633   0.06876   0.02657   0.08603   0.07515   0.05017   0.12450   0.05263   0.11184   0.09045   3.64484   1.46750   1.01728   2.03185   0.48933  
 13 99.0527   1957.180761  x:  0.09288   0.00000   0.15018   0.01663   0.01383   0.03396   0.03005   0.00000   0.08680   0.07254   0.04033   0.12378   0.00000   0.04269   0.00511   0.07250   0.04829   0.08542   0.07839   0.05364   0.10076   0.05224   0.10112   0.09919   3.82870   1.54406   1.08425   1.98623   0.49069  
 14 129.9761   1948.663222  x:  0.09075   0.00000   0.18167   0.01664   0.01453   0.06238   0.04460   0.00000   0.08153   0.08238   0.06417   0.11078   0.00000   0.04646   0.00429   0.06483   0.02935   0.09306   0.06825   0.04884   0.09066   0.05671   0.12557   0.09312   4.30303   1.76282   1.26949   1.83860   0.52064  
 15 393.5058   1945.111851  x:  0.09022   0.00000   0.15658   0.01744   0.01745   0.06165   0.02332   0.00000   0.07168   0.08246   0.05150   0.11741   0.00000   0.04864   0.00308   0.06867   0.02962   0.09809   0.06891   0.05188   0.12730   0.05676   0.12655   0.09105   4.48041   1.84901   1.33561   1.77642   0.53354  
 16 315.9597   1944.310097  x:  0.09292   0.00000   0.14026   0.01765   0.01407   0.05795   0.03565   0.00000   0.07478   0.08070   0.04894   0.12391   0.00000   0.04859   0.00277   0.07220   0.03236   0.09889   0.07379   0.05185   0.13695   0.05536   0.13177   0.09334   4.52460   1.87161   1.34910   1.75931   0.53556  
 17 172.2802   1944.067080  x:  0.09532   0.00000   0.12924   0.01764   0.01510   0.05400   0.03392   0.00000   0.07940   0.08210   0.05237   0.12375   0.00000   0.04843   0.00303   0.07107   0.02687   0.09719   0.07588   0.04981   0.13269   0.05444   0.13091   0.09558   4.53567   1.87871   1.34724   1.75281   0.53756  
 18 35.5188   1943.842744  x:  0.09422   0.00000   0.12282   0.01781   0.01311   0.05624   0.03270   0.00000   0.07890   0.08326   0.04682   0.12562   0.00000   0.04853   0.00310   0.06603   0.02737   0.09610   0.07296   0.05409   0.12478   0.05406   0.13404   0.09424   4.54302   1.88657   1.33125   1.74269   0.53848  
 19 16.6303   1942.404077  x:  0.09492   0.00000   0.13192   0.01774   0.01123   0.05182   0.03269   0.00000   0.06939   0.08546   0.04480   0.12700   0.00000   0.04865   0.00290   0.07180   0.02555   0.09772   0.07238   0.04274   0.12205   0.05929   0.13695   0.09309   4.57998   1.93589   1.19329   1.66820   0.54647  
 20 36.3884   1942.071500  x:  0.09692   0.00000   0.13632   0.01759   0.01125   0.05158   0.03334   0.00000   0.07200   0.08444   0.04862   0.12557   0.00000   0.04910   0.00269   0.07178   0.02309   0.09748   0.07276   0.05332   0.12569   0.05653   0.13501   0.09460   4.58824   1.94544   1.16006   1.64903   0.54888  
 21 95.0900   1941.904426  x:  0.09812   0.00000   0.13931   0.01765   0.01102   0.05264   0.03333   0.00000   0.07815   0.08497   0.04808   0.12570   0.00000   0.05002   0.00263   0.06372   0.02452   0.09754   0.07168   0.05051   0.12983   0.05075   0.13389   0.09550   4.58983   1.94177   1.15029   1.63887   0.54983  
 22 18.2866   1940.631522  x:  0.10453   0.00000   0.14451   0.01771   0.01133   0.04881   0.03416   0.00000   0.08441   0.08823   0.05029   0.13275   0.00000   0.05074   0.00268   0.04927   0.02548   0.09839   0.06737   0.05217   0.13396   0.07663   0.13630   0.09913   4.58423   1.84633   1.12266   1.55112   0.56395  
 23 16.1429   1936.293246  x:  0.11770   0.00000   0.15233   0.01855   0.01009   0.04624   0.03293   0.00000   0.07460   0.09776   0.04993   0.14116   0.00000   0.05665   0.00102   0.06595   0.02427   0.10787   0.05378   0.05197   0.12213   0.06165   0.14853   0.10364   4.56321   1.54274   1.04786   1.28181   0.60958  
 24 227.3562   1936.015862  x:  0.11810   0.00000   0.15361   0.01862   0.01033   0.04610   0.03263   0.00000   0.06748   0.09710   0.05002   0.14144   0.00000   0.05748   0.00091   0.06084   0.02374   0.10949   0.06676   0.05279   0.12017   0.05905   0.14990   0.10341   4.56043   1.52330   1.04376   1.26570   0.61314  
 25 58.2822   1932.862960  x:  0.12558   0.00000   0.15640   0.01892   0.00852   0.04294   0.03181   0.00000   0.06163   0.09626   0.04909   0.14816   0.00000   0.06199   0.00000   0.05830   0.01854   0.12022   0.06342   0.05267   0.12225   0.05460   0.15872   0.10619   4.45874   1.57158   1.09046   1.38269   0.63911  
 26  5.1223   1932.467728  x:  0.12863   0.00000   0.15815   0.01902   0.00810   0.04277   0.03162   0.00000   0.05784   0.11200   0.04998   0.14995   0.00000   0.06246   0.00058   0.05899   0.02097   0.10566   0.06474   0.05371   0.12550   0.05276   0.16313   0.10838   4.44087   1.58054   1.09905   1.40454   0.64345  
 27 50.9073   1925.197102  x:  0.14029   0.00000   0.15181   0.01707   0.02044   0.04436   0.02772   0.00000   0.05420   0.06717   0.05091   0.17644   0.00000   0.06748   0.01296   0.05847   0.02614   0.15268   0.06168   0.05340   0.11502   0.04031   0.17331   0.11810   4.79310   1.58910   1.08075   1.53260   0.77170  
 28  1.1270   1918.238733  x:  0.15522   0.00000   0.14410   0.01781   0.02717   0.05069   0.02838   0.00000   0.06810   0.09844   0.05613   0.19471   0.00000   0.07439   0.00448   0.07144   0.03681   0.10400   0.06374   0.05275   0.13117   0.06019   0.17403   0.12928   5.87516   1.60725   1.05243   1.67553   0.92594  
 29  1.0709   1914.620186  x:  0.14799   0.00000   0.15793   0.01592   0.01184   0.04637   0.03114   0.00000   0.06332   0.08707   0.04976   0.19393   0.00000   0.07302   0.00891   0.06065   0.01791   0.09469   0.06087   0.05129   0.14555   0.05173   0.17057   0.13006   6.69650   1.57742   1.10209   1.68178   1.00816  
 30  1.1458   1912.859287  x:  0.14600   0.00000   0.15066   0.01710   0.01100   0.04419   0.03096   0.00000   0.04945   0.07453   0.05103   0.19095   0.00000   0.07950   0.00539   0.05810   0.02952   0.09717   0.05832   0.05242   0.13712   0.04294   0.16836   0.12758   7.44430   1.66992   1.10933   1.70449   1.08806  
 31  0.6797   1912.166095  x:  0.14630   0.00000   0.14918   0.01830   0.01493   0.04292   0.03019   0.00000   0.05867   0.07538   0.05251   0.18527   0.00000   0.08582   0.00286   0.05736   0.02679   0.10186   0.05784   0.05229   0.12515   0.04957   0.16386   0.12519   8.00309   1.65301   1.11408   1.70153   1.14854  
 32  0.3976   1912.009295  x:  0.14580   0.00000   0.15278   0.01824   0.01265   0.04367   0.03049   0.00000   0.05594   0.07886   0.05138   0.18194   0.00000   0.08788   0.00287   0.05778   0.02269   0.10426   0.05877   0.05223   0.12853   0.04803   0.16402   0.12383   8.25727   1.64161   1.10627   1.68673   1.17219  
 33  0.2291   1911.988478  x:  0.14547   0.00000   0.15280   0.01788   0.01266   0.04409   0.03068   0.00000   0.05610   0.07936   0.05175   0.18116   0.00000   0.08761   0.00265   0.05905   0.02427   0.10507   0.05936   0.05245   0.13167   0.04798   0.16435   0.12361   8.33484   1.63812   1.10841   1.68446   1.17512  
 34  0.0557   1911.975654  x:  0.14457   0.00000   0.15239   0.01742   0.01317   0.04389   0.03042   0.00000   0.05579   0.08009   0.05198   0.18030   0.00000   0.08646   0.00301   0.05861   0.02423   0.10528   0.05887   0.05241   0.13109   0.04802   0.16550   0.12330   8.43130   1.63849   1.10088   1.68049   1.17467  
 35  0.0457   1911.970666  x:  0.14441   0.00000   0.15224   0.01740   0.01266   0.04400   0.03035   0.00000   0.05652   0.07952   0.05198   0.18015   0.00000   0.08569   0.00320   0.05846   0.02421   0.10530   0.05908   0.05244   0.13041   0.04825   0.16567   0.12363   8.47768   1.63801   1.10376   1.68212   1.17171  
 36  0.0348   1911.966297  x:  0.14475   0.00000   0.15221   0.01766   0.01300   0.04407   0.03052   0.00000   0.05625   0.07989   0.05185   0.18035   0.00000   0.08517   0.00305   0.05848   0.02414   0.10457   0.05911   0.05243   0.13013   0.04789   0.16603   0.12415   8.51332   1.63882   1.10743   1.68532   1.16600  
 37  0.0250   1911.964133  x:  0.14519   0.00000   0.15239   0.01782   0.01292   0.04382   0.03057   0.00000   0.05598   0.07953   0.05174   0.18064   0.00000   0.08515   0.00298   0.05870   0.02409   0.10514   0.05911   0.05238   0.13060   0.04827   0.16597   0.12447   8.52699   1.63886   1.10495   1.68527   1.16147  
 38  0.0112   1911.963551  x:  0.14534   0.00000   0.15247   0.01780   0.01286   0.04397   0.03047   0.00000   0.05620   0.07965   0.05179   0.18073   0.00000   0.08541   0.00295   0.05858   0.02409   0.10527   0.05902   0.05238   0.13066   0.04793   0.16580   0.12447   8.53146   1.63802   1.10367   1.68454   1.15977  
 39  0.0042   1911.963193  x:  0.14529   0.00000   0.15245   0.01771   0.01289   0.04400   0.03044   0.00000   0.05608   0.07972   0.05188   0.18085   0.00000   0.08574   0.00297   0.05851   0.02408   0.10531   0.05903   0.05245   0.13060   0.04810   0.16563   0.12430   8.53424   1.63758   1.10433   1.68427   1.15821  
 40  0.0018   1911.963119  x:  0.14522   0.00000   0.15240   0.01770   0.01289   0.04391   0.03049   0.00000   0.05613   0.07968   0.05185   0.18088   0.00000   0.08583   0.00298   0.05857   0.02409   0.10517   0.05906   0.05241   0.13059   0.04806   0.16558   0.12424   8.53614   1.63798   1.10425   1.68435   1.15789  
 41  0.0016   1911.963109  x:  0.14521   0.00000   0.15242   0.01771   0.01289   0.04395   0.03049   0.00000   0.05611   0.07966   0.05182   0.18087   0.00000   0.08586   0.00298   0.05858   0.02410   0.10515   0.05904   0.05240   0.13059   0.04806   0.16561   0.12422   8.53696   1.63789   1.10417   1.68438   1.15791  
 42  0.0007   1911.963107  x:  0.14521   0.00000   0.15243   0.01772   0.01289   0.04394   0.03048   0.00000   0.05612   0.07966   0.05183   0.18087   0.00000   0.08587   0.00299   0.05857   0.02410   0.10515   0.05905   0.05241   0.13060   0.04805   0.16564   0.12421   8.53728   1.63791   1.10421   1.68439   1.15795  
 43  0.0002   1911.963107  x:  0.14521   0.00000   0.15243   0.01772   0.01289   0.04394   0.03048   0.00000   0.05612   0.07966   0.05183   0.18086   0.00000   0.08587   0.00298   0.05857   0.02410   0.10515   0.05905   0.05241   0.13059   0.04806   0.16564   0.12421   8.53721   1.63789   1.10419   1.68437   1.15793  
 44  0.0001   1911.963107  x:  0.14521   0.00000   0.15243   0.01772   0.01289   0.04394   0.03048   0.00000   0.05612   0.07966   0.05183   0.18086   0.00000   0.08587   0.00299   0.05857   0.02410   0.10515   0.05905   0.05241   0.13060   0.04806   0.16565   0.12421   8.53711   1.63789   1.10419   1.68436   1.15792  
 45  0.0001   1911.963107  x:  0.14521   0.00000   0.15243   0.01772   0.01289   0.04394   0.03048   0.00000   0.05612   0.07966   0.05183   0.18086   0.00000   0.08588   0.00298   0.05857   0.02410   0.10515   0.05905   0.05241   0.13060   0.04806   0.16565   0.12421   8.53710   1.63789   1.10419   1.68436   1.15792  
 46  0.0000   1911.963107  x:  0.14522   0.00000   0.15243   0.01772   0.01289   0.04394   0.03048   0.00000   0.05612   0.07966   0.05183   0.18086   0.00000   0.08588   0.00298   0.05857   0.02410   0.10515   0.05905   0.05241   0.13060   0.04806   0.16565   0.12421   8.53710   1.63789   1.10419   1.68436   1.15792  
 47  0.0000   1911.963107  x:  0.14522   0.00000   0.15243   0.01772   0.01289   0.04394   0.03048   0.00000   0.05612   0.07966   0.05183   0.18086   0.00000   0.08588   0.00298   0.05857   0.02410   0.10515   0.05905   0.05241   0.13060   0.04806   0.16565   0.12421   8.53711   1.63789   1.10419   1.68436   1.15792  