

TREE # 1

  0  0.0000   2269.943635  x:  0.00000   0.02673   0.07651   0.02560   0.08945   0.09403   0.04843   0.06225   0.10175   0.03596   0.10771   0.02298   0.03995   0.02218   0.02521   0.07908   0.07759   0.03873   0.07730   0.05414   0.10113   0.08980   0.07026   2.00000   1.88596   1.28393   1.61475   0.40000  
  1 99.0000   2269.936552  x:  0.00000   0.02674   0.07651   0.02560   0.08945   0.09403   0.04843   0.06226   0.10175   0.03596   0.10771   0.02298   0.03995   0.02218   0.02521   0.07908   0.07759   0.03873   0.07730   0.05414   0.10113   0.08980   0.07027   2.00000   1.88596   1.28393   1.61475   0.40000  
  2 1117.0557   2254.171366  x:  0.00000   0.01106   0.06946   0.01989   0.07880   0.08825   0.04824   0.06728   0.10491   0.04451   0.11805   0.00765   0.06705   0.03103   0.02003   0.06898   0.07320   0.03891   0.08283   0.06082   0.09599   0.10500   0.09786   2.00349   1.88495   1.28287   1.61640   0.41311  
  3 683.7284   2249.342162  x:  0.00000   0.01080   0.06641   0.01795   0.07378   0.08563   0.04826   0.06916   0.10625   0.04530   0.12192   0.00000   0.06360   0.02857   0.01813   0.06441   0.07124   0.03917   0.08489   0.06259   0.09363   0.10975   0.10149   2.00521   1.88444   1.28238   1.61720   0.41909  
  4 462.7462   2240.011900  x:  0.00000   0.00939   0.05286   0.03789   0.03660   0.07130   0.05196   0.06847   0.11252   0.02825   0.15261   0.00000   0.04366   0.06586   0.02186   0.02366   0.06151   0.04499   0.09621   0.07055   0.08571   0.12874   0.09987   2.02407   1.88005   1.27621   1.62669   0.46475  
  5 341.1323   2238.282466  x:  0.00000   0.00851   0.05365   0.04999   0.02903   0.07164   0.05249   0.06144   0.11173   0.04785   0.16491   0.00000   0.03821   0.07018   0.02522   0.02233   0.06316   0.04534   0.09513   0.06678   0.08841   0.12903   0.09848   2.03873   1.87728   1.27130   1.63434   0.48575  
  6 136.2308   2233.141728  x:  0.00000   0.00615   0.06628   0.09198   0.03120   0.08197   0.04991   0.04315   0.10405   0.03904   0.21068   0.00000   0.03012   0.05814   0.03195   0.05090   0.07535   0.04077   0.08320   0.04909   0.10415   0.13471   0.12185   2.11237   1.86391   1.24737   1.67250   0.57221  
  7 162.2573   2229.412107  x:  0.00000   0.00372   0.07870   0.11990   0.05880   0.09511   0.04569   0.06938   0.09618   0.04453   0.23301   0.00000   0.01006   0.06803   0.03640   0.06500   0.08409   0.03636   0.06872   0.05462   0.11706   0.15377   0.13890   2.18362   1.85238   1.22583   1.70845   0.62208  
  8 210.3108   2228.121543  x:  0.00000   0.00288   0.08192   0.12339   0.06570   0.09872   0.04592   0.06231   0.09593   0.04567   0.23626   0.00000   0.00318   0.07171   0.03480   0.06675   0.08511   0.03667   0.06862   0.05480   0.12037   0.16735   0.14401   2.21431   1.84821   1.21815   1.72293   0.62402  
  9 130.4374   2225.120422  x:  0.00000   0.00208   0.08834   0.13361   0.08366   0.10714   0.04657   0.05181   0.09700   0.04683   0.24693   0.00000   0.00790   0.06508   0.02874   0.06135   0.08475   0.03897   0.06900   0.05715   0.12900   0.20906   0.12855   2.32606   1.83302   1.19096   1.77505   0.63036  
 10 336.8146   2212.256337  x:  0.00000   0.00136   0.09056   0.15890   0.08625   0.10776   0.04091   0.06225   0.10326   0.04631   0.26191   0.00000   0.00763   0.04460   0.01841   0.01816   0.06532   0.04056   0.09910   0.03846   0.14368   0.18494   0.15106   2.82461   1.76976   1.08450   1.99620   0.59930  
 11 219.1572   2205.567226  x:  0.00000   0.00153   0.08049   0.16552   0.06417   0.09649   0.04392   0.06013   0.10500   0.04514   0.26909   0.00000   0.00734   0.03861   0.01873   0.03397   0.05532   0.04478   0.10528   0.08525   0.14163   0.16336   0.15613   3.16585   1.72858   1.01966   2.14201   0.58053  
 12 838.5907   2199.964008  x:  0.00000   0.00194   0.05970   0.14064   0.02995   0.07698   0.04715   0.07041   0.09462   0.04241   0.25731   0.00000   0.00684   0.05518   0.01569   0.05576   0.07674   0.03432   0.06607   0.06630   0.11764   0.16628   0.15037   3.40593   1.70716   0.99984   2.22840   0.57653  
 13 285.1655   2197.501079  x:  0.00000   0.00248   0.05114   0.10268   0.03400   0.07115   0.04662   0.07116   0.09948   0.04244   0.24549   0.00000   0.00739   0.06721   0.05178   0.06932   0.07960   0.04931   0.07155   0.05202   0.09274   0.16437   0.14440   3.55197   1.70548   1.01722   2.26219   0.59535  
 14 161.4704   2194.723621  x:  0.00000   0.00331   0.06184   0.06093   0.04075   0.07843   0.04805   0.06089   0.10415   0.04177   0.23531   0.00000   0.00797   0.07966   0.05946   0.06387   0.07554   0.02575   0.07087   0.05530   0.08179   0.15154   0.13714   3.68805   1.71509   1.05657   2.27739   0.62233  
 15 169.4918   2192.608150  x:  0.00000   0.00386   0.07484   0.03255   0.03839   0.08650   0.04937   0.05628   0.10015   0.04056   0.22705   0.00000   0.00806   0.08619   0.04893   0.05550   0.07721   0.04467   0.06214   0.06006   0.09304   0.14092   0.13537   3.81282   1.73417   1.10756   2.27882   0.64292  
 16 191.0580   2188.416693  x:  0.00000   0.00429   0.07472   0.03676   0.02511   0.07970   0.05236   0.06819   0.09215   0.04123   0.21185   0.00000   0.00775   0.09251   0.02725   0.07385   0.08033   0.04444   0.09760   0.05633   0.12306   0.14638   0.13123   4.08338   1.79889   1.24659   2.25481   0.66285  
 17 178.4231   2183.697033  x:  0.00000   0.00399   0.04528   0.07402   0.04329   0.05849   0.04844   0.06323   0.10804   0.04334   0.21870   0.00000   0.00774   0.08274   0.02345   0.07002   0.06855   0.04549   0.07755   0.06084   0.12609   0.14692   0.14090   4.38056   1.88434   1.40613   2.21417   0.66639  
 18 292.0180   2181.658465  x:  0.00000   0.00310   0.05692   0.09398   0.02886   0.08055   0.04755   0.06882   0.10562   0.04264   0.23684   0.00000   0.00766   0.07104   0.04054   0.06540   0.06859   0.04426   0.06733   0.06454   0.10714   0.15543   0.14901   4.51072   1.93212   1.47154   2.19038   0.65309  
 19 176.9727   2181.171224  x:  0.00000   0.00289   0.05915   0.09434   0.03452   0.07886   0.04898   0.06826   0.09735   0.04288   0.25135   0.00000   0.00751   0.07091   0.03578   0.06343   0.08062   0.04585   0.07215   0.06667   0.09395   0.15253   0.14820   4.54052   1.95260   1.47734   2.18112   0.64974  
 20 46.2233   2180.080320  x:  0.00000   0.00270   0.06676   0.08142   0.03304   0.07121   0.03619   0.07126   0.10803   0.04284   0.26756   0.00000   0.00664   0.07736   0.03295   0.07152   0.07534   0.04570   0.07134   0.06236   0.09551   0.15215   0.14397   4.59808   2.03506   1.44383   2.14813   0.65000  
 21 24.8872   2178.891858  x:  0.00000   0.00265   0.06503   0.06792   0.03311   0.06887   0.05712   0.07437   0.11290   0.04255   0.27587   0.00000   0.00618   0.08102   0.03520   0.07591   0.06826   0.04416   0.06920   0.05768   0.10076   0.15163   0.14297   4.66801   2.14011   1.39718   2.10637   0.65486  
 22 188.9709   2177.642002  x:  0.00000   0.00309   0.04802   0.06255   0.03140   0.07607   0.05024   0.06854   0.09848   0.04162   0.25893   0.00000   0.00695   0.07910   0.04340   0.06770   0.07454   0.04009   0.07024   0.06234   0.10435   0.15274   0.14595   4.73119   2.23805   1.35011   2.06783   0.66738  
 23 116.6927   2177.244107  x:  0.00000   0.00333   0.05716   0.06869   0.03019   0.07002   0.05131   0.06659   0.10271   0.04193   0.24154   0.00000   0.00776   0.07665   0.04179   0.06427   0.07969   0.04156   0.07093   0.06480   0.09500   0.15409   0.14870   4.74865   2.26415   1.33667   2.05813   0.67507  
 24 38.2763   2176.827625  x:  0.00000   0.00358   0.05406   0.07229   0.03110   0.07909   0.05048   0.06607   0.10284   0.04261   0.23523   0.00000   0.00808   0.07964   0.02976   0.06871   0.06894   0.04574   0.07262   0.06250   0.08131   0.15321   0.14788   4.75679   2.27089   1.33327   2.05740   0.68044  
 25  8.9538   2157.183980  x:  0.00000   0.00502   0.06194   0.00000   0.02689   0.03124   0.05114   0.05739   0.06295   0.04604   0.27297   0.00000   0.01021   0.09183   0.02344   0.05858   0.01995   0.04211   0.08021   0.06622   0.05931   0.20168   0.18226   5.00455   2.26598   1.37702   2.17235   0.72980  
 26  5.8456   2157.183980  x:  0.00000   0.00502   0.06194   0.00000   0.02689   0.03124   0.05114   0.05739   0.06295   0.04604   0.27297   0.00000   0.01021   0.09183   0.02344   0.05858   0.01995   0.04211   0.08021   0.06622   0.05931   0.20168   0.18226   5.00455   2.26598   1.37702   2.17235   0.72980  
 27 91.7664   2145.976840  x:  0.00000   0.03286   0.05891   0.10555   0.02936   0.04189   0.05081   0.06512   0.07722   0.05222   0.27684   0.00000   0.02061   0.08666   0.01598   0.05274   0.04083   0.04214   0.08381   0.06815   0.06105   0.21176   0.19924   5.00487   2.26523   1.37658   2.17302   0.73301  
 28 1355.3119   2125.002064  x:  0.00000   0.06707   0.04538   0.09728   0.02573   0.06154   0.04730   0.07856   0.10283   0.06336   0.28359   0.00000   0.08844   0.07121   0.00000   0.03390   0.05735   0.04095   0.09435   0.07445   0.06497   0.23512   0.24112   5.00596   2.26261   1.37581   2.17466   0.74304  
 29 392.2384   2116.083246  x:  0.00000   0.10332   0.03128   0.08919   0.02199   0.08179   0.04367   0.09253   0.12947   0.07489   0.29044   0.00000   0.15846   0.05504   0.00806   0.01427   0.07440   0.03978   0.10545   0.08119   0.06899   0.25933   0.28470   5.00710   2.25983   1.37502   2.17638   0.75361  
 30 7040.0763   2112.343816  x:  0.00000   0.15123   0.03893   0.08321   0.02801   0.06528   0.04781   0.09091   0.13426   0.06740   0.27584   0.00000   0.16125   0.03463   0.00776   0.03100   0.06103   0.04437   0.11736   0.09229   0.05851   0.25926   0.30494   5.00951   2.25329   1.37713   2.17676   0.76989  
 31 123.9251   2110.299057  x:  0.00000   0.18226   0.03778   0.08016   0.02293   0.05379   0.04797   0.08779   0.13336   0.06089   0.25689   0.00000   0.15765   0.04200   0.00713   0.01275   0.05170   0.04256   0.12264   0.09502   0.05706   0.25244   0.31659   5.01223   2.24588   1.38005   2.17658   0.78661  
 32 120.6945   2108.805564  x:  0.00000   0.20764   0.02795   0.07546   0.02354   0.06562   0.04423   0.08670   0.12710   0.06132   0.21823   0.00000   0.15738   0.05527   0.00683   0.02080   0.06110   0.03974   0.12321   0.09209   0.06398   0.23119   0.32543   5.01810   2.23019   1.38642   2.17573   0.81852  
 33 73.8652   2107.817733  x:  0.00000   0.21598   0.03998   0.07447   0.02588   0.07246   0.04570   0.08825   0.12359   0.06741   0.18691   0.00000   0.16462   0.04914   0.00684   0.01531   0.06667   0.04271   0.11765   0.08662   0.06517   0.20960   0.32594   5.02421   2.21440   1.39277   2.17440   0.84781  
 34 95.6196   2107.135805  x:  0.00000   0.21375   0.03280   0.07829   0.01935   0.06687   0.04634   0.08912   0.12385   0.06637   0.16891   0.00000   0.17918   0.04161   0.00695   0.01611   0.06268   0.04142   0.11288   0.08613   0.06174   0.19104   0.32010   5.03090   2.19792   1.39901   2.17257   0.87494  
 35 68.8092   2106.843862  x:  0.00000   0.21208   0.03109   0.08028   0.02717   0.06296   0.04614   0.08945   0.12533   0.06456   0.16444   0.00000   0.18851   0.04398   0.00705   0.01599   0.05939   0.04101   0.11278   0.08781   0.06077   0.18260   0.31529   5.03547   2.18712   1.40268   2.17131   0.89123  
 36 74.9491   2106.556939  x:  0.00000   0.21206   0.03732   0.08171   0.02409   0.06168   0.04524   0.08817   0.12719   0.06295   0.16723   0.00000   0.19669   0.05064   0.00715   0.01912   0.05787   0.04214   0.11661   0.09093   0.06116   0.17720   0.30810   5.04218   2.17208   1.40713   2.16940   0.91176  
 37 52.4977   2105.979071  x:  0.00000   0.21694   0.03440   0.08052   0.02441   0.06868   0.04771   0.08408   0.12584   0.06029   0.18482   0.00000   0.19531   0.04531   0.00701   0.01511   0.06195   0.04246   0.12506   0.09139   0.05996   0.17718   0.28785   5.06172   2.13071   1.41788   2.16315   0.96220  
 38 46.7844   2105.628337  x:  0.00000   0.21622   0.03403   0.07975   0.02463   0.06437   0.04145   0.09000   0.12632   0.06828   0.19218   0.00000   0.18976   0.04454   0.00696   0.01618   0.06071   0.03990   0.12021   0.08862   0.06236   0.18990   0.28287   5.07806   2.09934   1.42394   2.15709   0.99546  
 39 47.7010   2105.414691  x:  0.00000   0.21111   0.03334   0.07964   0.02432   0.06341   0.04891   0.09207   0.12787   0.06767   0.19415   0.00000   0.18554   0.04677   0.00700   0.01736   0.05992   0.04360   0.11472   0.08823   0.06273   0.20152   0.28619   5.09118   2.07671   1.42649   2.15157   1.01615  
 40 52.5568   2105.225057  x:  0.00000   0.20150   0.03564   0.08019   0.02472   0.06536   0.04609   0.08875   0.12935   0.06035   0.19414   0.00000   0.18072   0.04555   0.00710   0.01730   0.06007   0.04072   0.11363   0.09010   0.06012   0.21041   0.29563   5.10621   2.05450   1.42625   2.14428   1.03198  
 41 38.6556   2105.108846  x:  0.00000   0.19429   0.03442   0.08077   0.02495   0.06402   0.04446   0.08571   0.12845   0.06352   0.19552   0.00000   0.17708   0.04441   0.00711   0.01680   0.05946   0.04474   0.11975   0.09122   0.06082   0.21057   0.30478   5.12020   2.03811   1.42239   2.13658   1.03865  
 42 24.7935   2105.023786  x:  0.00000   0.19130   0.03490   0.08089   0.02496   0.06334   0.04765   0.08682   0.12741   0.06593   0.19800   0.00000   0.17518   0.04412   0.00714   0.01711   0.05892   0.04031   0.12294   0.09120   0.06136   0.20794   0.31069   5.13343   2.02503   1.41685   2.12883   1.04084  
 43 29.1489   2104.732515  x:  0.00000   0.19157   0.03507   0.08000   0.02448   0.06367   0.04591   0.09733   0.12517   0.06157   0.20832   0.00000   0.17201   0.04459   0.00713   0.01727   0.05942   0.04308   0.11852   0.08882   0.05975   0.19558   0.32182   5.18984   1.97608   1.38825   2.09440   1.03941  
 44 33.8641   2103.917152  x:  0.00000   0.20050   0.03498   0.07886   0.02510   0.06345   0.04582   0.08056   0.12923   0.06628   0.21272   0.00000   0.17516   0.04478   0.00714   0.01813   0.05936   0.04185   0.10291   0.09041   0.06417   0.18727   0.32250   5.35364   1.84344   1.30103   1.99239   1.02423  
 45 73.6992   2102.852025  x:  0.00000   0.20630   0.03510   0.07842   0.02446   0.06449   0.04629   0.08830   0.13029   0.06429   0.19443   0.00000   0.18192   0.04607   0.00713   0.01749   0.05994   0.04231   0.11770   0.08768   0.05988   0.19706   0.30440   5.57715   1.67020   1.18307   1.85155   1.00053  
 46 181.4684   2102.807996  x:  0.00000   0.20621   0.03521   0.07850   0.02437   0.06453   0.04631   0.08996   0.12818   0.06332   0.19372   0.00000   0.18202   0.04476   0.00710   0.01692   0.06003   0.04235   0.11759   0.09253   0.06394   0.19761   0.30360   5.58944   1.66681   1.18059   1.84296   1.00068  
 47 16.5621   2102.597683  x:  0.00000   0.20679   0.03516   0.07849   0.02451   0.06531   0.04634   0.08978   0.12140   0.06642   0.19502   0.00000   0.18351   0.04660   0.00713   0.01672   0.06102   0.04238   0.11617   0.09690   0.05714   0.19974   0.30425   5.66310   1.67517   1.18464   1.78894   1.00889  
 48 14.6195   2102.396258  x:  0.00000   0.20689   0.03571   0.07833   0.02473   0.06427   0.04658   0.08882   0.12499   0.06340   0.19641   0.00000   0.18353   0.04549   0.00717   0.01773   0.05977   0.04256   0.11789   0.08948   0.06280   0.20047   0.30497   5.73713   1.68607   1.18964   1.73758   1.01768  
 49 77.3551   2102.354908  x:  0.00000   0.20636   0.03529   0.07754   0.02452   0.06488   0.04658   0.09016   0.13199   0.06449   0.19602   0.00000   0.18067   0.04552   0.00712   0.01732   0.06047   0.04254   0.11813   0.09200   0.06202   0.19918   0.30431   5.75594   1.68968   1.18975   1.73228   1.01983  
 50 14.4403   2101.273224  x:  0.00000   0.19793   0.03587   0.07610   0.02461   0.06194   0.04675   0.08917   0.12841   0.06278   0.19983   0.00000   0.17529   0.04437   0.00721   0.01752   0.05987   0.04230   0.11814   0.09050   0.06111   0.20582   0.30334   6.39381   1.82288   1.15057   1.83396   1.08456  
 51 10.7640   2100.991710  x:  0.00000   0.19934   0.03564   0.07659   0.02446   0.06974   0.04615   0.08989   0.12840   0.06407   0.19826   0.00000   0.17566   0.04436   0.00720   0.01751   0.04908   0.04272   0.11846   0.09057   0.06117   0.20556   0.30271   6.55583   1.83779   1.17846   1.86506   1.07642  
 52 35.4042   2100.006690  x:  0.00000   0.20452   0.03656   0.07304   0.02446   0.06140   0.04684   0.08947   0.12858   0.06169   0.19162   0.00000   0.17873   0.04455   0.00726   0.01708   0.05962   0.04245   0.12120   0.09070   0.06075   0.20353   0.29996   7.16395   1.88696   1.29655   1.98349   1.03721  
 53 293.4761   2096.549187  x:  0.00000   0.22706   0.03900   0.02403   0.02405   0.05821   0.04819   0.08503   0.12395   0.06344   0.19130   0.00000   0.17124   0.04233   0.00780   0.01720   0.05107   0.04238   0.11567   0.09454   0.05624   0.19106   0.31764   8.38290   1.72608   1.17618   1.82702   1.08939  
 54  0.3214   2095.480893  x:  0.00000   0.21140   0.03916   0.00968   0.02462   0.05696   0.04907   0.08766   0.12646   0.06268   0.18948   0.00000   0.18178   0.04269   0.00840   0.01729   0.05121   0.04280   0.11853   0.09327   0.05768   0.19545   0.30782   8.37308   1.78780   1.20482   1.87116   1.08786  
 55  0.0882   2094.751183  x:  0.00000   0.18290   0.03871   0.01588   0.02516   0.05630   0.04922   0.08970   0.12773   0.06200   0.18953   0.00000   0.19437   0.04337   0.00890   0.01736   0.05137   0.04297   0.12154   0.09147   0.05935   0.20108   0.29412   7.89959   1.86172   1.25063   1.93411   1.07035  
 56  0.9849   2094.531614  x:  0.00000   0.17562   0.03775   0.01248   0.02525   0.05871   0.04866   0.08827   0.12562   0.06400   0.19257   0.00000   0.19116   0.04440   0.00915   0.01695   0.05223   0.04219   0.12003   0.09051   0.05944   0.19943   0.29381   7.36983   1.85231   1.25157   1.93797   1.05147  
 57  0.4033   2094.503676  x:  0.00000   0.18151   0.03783   0.01299   0.02499   0.05738   0.04864   0.08795   0.12491   0.06356   0.19140   0.00000   0.18848   0.04426   0.00914   0.01700   0.05156   0.04218   0.11905   0.09077   0.05893   0.19784   0.29411   7.27535   1.83855   1.24664   1.92851   1.04895  
 58  0.0918   2094.496575  x:  0.00000   0.17980   0.03857   0.01288   0.02504   0.05695   0.04895   0.08796   0.12544   0.06288   0.19094   0.00000   0.18709   0.04356   0.00944   0.01720   0.05102   0.04253   0.11941   0.09130   0.05846   0.19833   0.29344   7.28070   1.83823   1.24797   1.92732   1.05347  
 59  0.0028   2094.465843  x:  0.00000   0.18160   0.03909   0.01322   0.02503   0.05849   0.04913   0.08776   0.12487   0.06325   0.19048   0.00000   0.18594   0.04511   0.01144   0.01680   0.05199   0.04236   0.12018   0.09072   0.05876   0.19709   0.29160   7.29962   1.84770   1.25323   1.93278   1.04995  
 60  0.0029   2094.448912  x:  0.00000   0.18070   0.03796   0.01294   0.02502   0.05679   0.04874   0.08799   0.12497   0.06345   0.19173   0.00000   0.18790   0.04421   0.01234   0.01689   0.05168   0.04189   0.11889   0.08987   0.05806   0.19753   0.29315   7.29061   1.84023   1.24725   1.92855   1.04952  
 61  0.0094   2094.447139  x:  0.00000   0.18144   0.03799   0.01304   0.02502   0.05746   0.04870   0.08800   0.12514   0.06334   0.19098   0.00000   0.18855   0.04393   0.01267   0.01694   0.05180   0.04196   0.11890   0.08996   0.05792   0.19785   0.29359   7.29088   1.83890   1.24626   1.92747   1.05050  
 62  0.0023   2094.447017  x:  0.00000   0.18155   0.03804   0.01302   0.02500   0.05735   0.04875   0.08801   0.12518   0.06335   0.19094   0.00000   0.18876   0.04404   0.01275   0.01692   0.05182   0.04196   0.11902   0.08999   0.05796   0.19778   0.29374   7.28872   1.83944   1.24684   1.92788   1.05087  
 63  0.0022   2094.447014  x:  0.00000   0.18157   0.03804   0.01302   0.02501   0.05735   0.04875   0.08801   0.12518   0.06335   0.19097   0.00000   0.18880   0.04402   0.01275   0.01692   0.05182   0.04196   0.11902   0.08999   0.05795   0.19776   0.29373   7.28828   1.83947   1.24694   1.92792   1.05086  
 64  0.0004   2094.447014  x:  0.00000   0.18158   0.03804   0.01302   0.02500   0.05735   0.04875   0.08801   0.12518   0.06335   0.19097   0.00000   0.18881   0.04402   0.01275   0.01692   0.05181   0.04196   0.11902   0.08999   0.05795   0.19776   0.29373   7.28828   1.83946   1.24694   1.92792   1.05088  
 65  0.0000   2094.447014  x:  0.00000   0.18158   0.03804   0.01302   0.02500   0.05735   0.04875   0.08801   0.12518   0.06335   0.19097   0.00000   0.18881   0.04402   0.01275   0.01692   0.05181   0.04196   0.11902   0.08999   0.05795   0.19776   0.29373   7.28828   1.83946   1.24694   1.92792   1.05088  
 66  0.0000   2094.447014  x:  0.00000   0.18158   0.03804   0.01302   0.02500   0.05735   0.04875   0.08801   0.12518   0.06335   0.19097   0.00000   0.18881   0.04402   0.01275   0.01692   0.05181   0.04196   0.11902   0.08999   0.05795   0.19776   0.29373   7.28828   1.83946   1.24694   1.92792   1.05088  
 67  0.0000   2094.447014  x:  0.00000   0.18158   0.03804   0.01302   0.02500   0.05735   0.04875   0.08801   0.12518   0.06335   0.19097   0.00000   0.18881   0.04402   0.01275   0.01692   0.05181   0.04196   0.11902   0.08999   0.05795   0.19776   0.29373   7.28828   1.83946   1.24694   1.92792   1.05088  
 68  0.0000   2094.447014  x:  0.00000   0.18158   0.03804   0.01302   0.02500   0.05735   0.04875   0.08801   0.12518   0.06335   0.19097   0.00000   0.18881   0.04402   0.01275   0.01692   0.05181   0.04196   0.11902   0.08999   0.05795   0.19776   0.29373   7.28828   1.83946   1.24694   1.92792   1.05088  

TREE # 2

  0  0.0000   2134.778807  x:  0.21012   0.00000   0.20513   0.04296   0.05030   0.01947   0.08808   0.01186   0.08532   0.03156   0.04893   0.07083   0.02491   0.20340   0.03296   0.04621   0.02907   0.07053   0.03958   0.06405   0.06046   0.05808   0.05732   7.28828   1.67700   1.20376   1.72823   1.05088  
  1 99.0000   2134.777544  x:  0.21012   0.00000   0.20513   0.04296   0.05030   0.01948   0.08808   0.01186   0.08532   0.03156   0.04893   0.07083   0.02491   0.20340   0.03297   0.04621   0.02907   0.07053   0.03958   0.06405   0.06046   0.05808   0.05732   7.28828   1.67700   1.20376   1.72823   1.05088  
  2 473.8102   2123.532773  x:  0.22294   0.00000   0.21150   0.06916   0.05451   0.00353   0.08813   0.00984   0.09254   0.02560   0.04994   0.06144   0.00000   0.20936   0.05521   0.05214   0.03211   0.08326   0.02615   0.07040   0.04736   0.05817   0.05383   7.28828   1.67791   1.20251   1.72974   1.05141  
  3 665.7756   2118.866297  x:  0.22896   0.00000   0.20849   0.10853   0.05507   0.00498   0.08787   0.01694   0.09790   0.02413   0.05070   0.04984   0.00000   0.20498   0.04971   0.04820   0.01931   0.08573   0.01002   0.07480   0.02964   0.05785   0.05143   7.28833   1.67954   1.20082   1.73182   1.05192  
  4 265.1647   2117.308202  x:  0.22839   0.00000   0.19846   0.13521   0.05342   0.00539   0.08756   0.01971   0.09997   0.02470   0.05163   0.04233   0.00000   0.19317   0.05242   0.04461   0.03018   0.08275   0.02297   0.07684   0.02148   0.05707   0.05224   7.28838   1.68169   1.19874   1.73433   1.05233  
  5 132.2223   2114.855251  x:  0.21792   0.00000   0.16754   0.17688   0.05019   0.00577   0.08656   0.02053   0.10028   0.02488   0.05373   0.03862   0.00000   0.15827   0.08104   0.04470   0.02530   0.07468   0.02960   0.07633   0.03483   0.05683   0.05542   7.28850   1.68719   1.19373   1.74058   1.05303  
  6 133.6100   2114.019162  x:  0.20779   0.00000   0.14954   0.18819   0.05354   0.00585   0.08624   0.01886   0.09951   0.02184   0.05332   0.04611   0.00000   0.13976   0.08636   0.04925   0.03248   0.08038   0.02272   0.07468   0.03146   0.05742   0.05414   7.28854   1.69046   1.19119   1.74411   1.05305  
  7 93.2642   2113.909191  x:  0.20439   0.00000   0.14618   0.18742   0.05500   0.00588   0.08681   0.01685   0.10049   0.02201   0.05207   0.04490   0.00000   0.13796   0.08822   0.04789   0.02960   0.08426   0.02480   0.07569   0.02817   0.05721   0.05329   7.28853   1.69236   1.18996   1.74614   1.05282  
  8 23.8802   2113.804617  x:  0.19966   0.00000   0.14433   0.18620   0.05586   0.00574   0.08860   0.02023   0.10353   0.02290   0.05113   0.04140   0.00000   0.13986   0.08876   0.04737   0.03099   0.08563   0.02345   0.07847   0.02948   0.05733   0.05249   7.28847   1.69836   1.18636   1.75267   1.05197  
  9 11.3724   2113.423301  x:  0.19013   0.00000   0.14515   0.18629   0.05213   0.00617   0.09059   0.01436   0.10821   0.01933   0.05517   0.04089   0.00000   0.14806   0.08816   0.04996   0.03171   0.08247   0.02193   0.08153   0.02877   0.05707   0.05310   7.28821   1.72484   1.17127   1.78138   1.04826  
 10 27.9052   2112.666582  x:  0.18721   0.00000   0.15353   0.18583   0.05405   0.00625   0.09045   0.02101   0.10801   0.02102   0.05488   0.05252   0.00000   0.15725   0.09124   0.05030   0.02948   0.08359   0.02464   0.07710   0.02522   0.05624   0.05449   7.28762   1.78332   1.14044   1.84485   1.03999  
 11 88.3669   2111.722550  x:  0.19901   0.00000   0.16165   0.18107   0.05759   0.00703   0.08583   0.01475   0.10031   0.02091   0.04715   0.04733   0.00000   0.15633   0.08723   0.04562   0.03255   0.09040   0.02152   0.07150   0.03135   0.05673   0.05210   7.28693   1.85293   1.10916   1.92035   1.03003  
 12 141.0371   2111.194699  x:  0.21283   0.00000   0.16150   0.17012   0.05596   0.00721   0.08466   0.01749   0.09713   0.02110   0.05108   0.04044   0.00000   0.14913   0.08717   0.05333   0.03142   0.08819   0.02003   0.07529   0.02614   0.05655   0.05090   7.28659   1.89051   1.10060   1.96115   1.02465  
 13 90.2885   2110.822111  x:  0.22466   0.00000   0.15808   0.16453   0.05339   0.00737   0.08706   0.01734   0.10335   0.01912   0.05483   0.04486   0.00000   0.14747   0.08774   0.04548   0.03240   0.08859   0.01788   0.08175   0.02570   0.05594   0.05186   7.28642   1.91343   1.11028   1.98620   1.02165  
 14 40.8750   2109.808223  x:  0.24277   0.00000   0.15054   0.16231   0.05494   0.00809   0.09391   0.01327   0.11875   0.02122   0.04661   0.05042   0.00000   0.15606   0.08281   0.05647   0.03051   0.09311   0.02153   0.08225   0.03003   0.05557   0.05293   7.28614   1.97092   1.16752   2.04975   1.01498  
 15 57.6574   2107.295613  x:  0.24998   0.00000   0.15296   0.15226   0.06004   0.00940   0.09500   0.01445   0.11769   0.01151   0.04467   0.04301   0.00000   0.17417   0.09318   0.05290   0.03371   0.08935   0.01609   0.06349   0.02189   0.05749   0.04977   7.28566   2.09747   1.32063   2.19094   1.00169  
 16 162.0590   2105.968153  x:  0.24836   0.00000   0.16439   0.15031   0.05994   0.01091   0.09113   0.01020   0.10883   0.02680   0.05336   0.04221   0.00000   0.18125   0.09796   0.05233   0.03703   0.09612   0.01172   0.06745   0.02051   0.05797   0.04729   7.28537   2.17423   1.41761   2.27745   0.99473  
 17 377.7829   2104.946934  x:  0.24418   0.00000   0.17912   0.15102   0.05969   0.01167   0.08516   0.01343   0.09878   0.01881   0.05769   0.04374   0.00000   0.18193   0.09712   0.05534   0.03604   0.10767   0.01494   0.08160   0.02513   0.05735   0.04689   7.28518   2.22534   1.48455   2.33587   0.99149  
 18 280.1230   2104.769936  x:  0.24175   0.00000   0.18707   0.15001   0.05662   0.01183   0.08539   0.01287   0.10099   0.01870   0.05106   0.04419   0.00000   0.17702   0.09846   0.05569   0.03659   0.10666   0.01349   0.08467   0.02335   0.05629   0.05088   7.28515   2.23095   1.49393   2.34370   0.99382  
 19 32.0414   2104.658135  x:  0.24042   0.00000   0.19450   0.14950   0.05837   0.01184   0.08771   0.01223   0.10682   0.01827   0.05243   0.04426   0.00000   0.17154   0.09815   0.05601   0.03641   0.10628   0.01407   0.08315   0.02399   0.05676   0.04685   7.28512   2.22963   1.49626   2.34547   1.00004  
 20 13.9113   2104.341097  x:  0.24178   0.00000   0.19799   0.14802   0.06083   0.01202   0.09171   0.01230   0.10954   0.01772   0.05819   0.04161   0.00000   0.17126   0.09748   0.05669   0.03655   0.11178   0.01385   0.07916   0.02482   0.05831   0.05723   7.28503   2.20789   1.48920   2.33842   1.03443  
 21 11.8104   2102.545902  x:  0.25430   0.00000   0.19832   0.14140   0.05279   0.01385   0.09467   0.01248   0.10465   0.01674   0.05271   0.04468   0.00000   0.19022   0.10316   0.05863   0.03818   0.11685   0.01211   0.08331   0.02314   0.05400   0.04519   7.28469   2.07270   1.43934   2.28737   1.23492  
 22 85.4144   2102.358488  x:  0.25544   0.00000   0.19803   0.14060   0.06048   0.01397   0.08766   0.01110   0.10664   0.01704   0.05163   0.04555   0.00000   0.19247   0.10377   0.05862   0.03820   0.11276   0.01195   0.08727   0.02247   0.05793   0.04613   7.28482   2.05867   1.43305   2.27867   1.25093  
 23 45.3022   2102.089721  x:  0.25649   0.00000   0.19825   0.13971   0.05858   0.01430   0.07668   0.01216   0.11321   0.01717   0.05328   0.04467   0.00000   0.19422   0.10468   0.05941   0.03864   0.11570   0.01164   0.08479   0.02294   0.05105   0.04669   7.28598   2.03944   1.41808   2.24597   1.24503  
 24 12.6957   2099.839601  x:  0.26929   0.00000   0.20682   0.14065   0.04601   0.01673   0.07586   0.01395   0.12491   0.01558   0.05395   0.04518   0.00000   0.20817   0.11574   0.06347   0.04058   0.13007   0.01190   0.08317   0.02196   0.07418   0.04558   7.29718   1.87402   1.28067   1.93931   1.15820  
 25 83.8468   2098.571489  x:  0.27696   0.00000   0.21255   0.14257   0.05877   0.01773   0.09104   0.01056   0.12292   0.01416   0.05460   0.04575   0.00000   0.21585   0.12145   0.06523   0.04219   0.12919   0.01047   0.08847   0.02202   0.05927   0.04749   7.30348   1.78062   1.20358   1.76772   1.10706  
 26 333.5022   2098.351330  x:  0.27829   0.00000   0.21307   0.14343   0.05881   0.01794   0.09212   0.01034   0.12386   0.01389   0.05465   0.04580   0.00000   0.21643   0.12269   0.06547   0.04230   0.12986   0.01065   0.08828   0.02199   0.05898   0.04786   7.30404   1.70961   1.19186   1.79283   1.06584  
 27  4.5245   2096.090203  x:  0.30047   0.00000   0.21722   0.17870   0.06317   0.02207   0.09515   0.01266   0.12156   0.01900   0.04874   0.04152   0.00000   0.21359   0.15187   0.06421   0.04136   0.12413   0.01674   0.08869   0.02677   0.05428   0.04990   7.23490   1.90267   1.27955   1.99519   1.02789  
 28  0.2801   2095.165166  x:  0.30631   0.00000   0.20951   0.19212   0.05950   0.02777   0.08834   0.01279   0.11856   0.01328   0.05330   0.04086   0.00000   0.19979   0.17724   0.06377   0.04060   0.12623   0.01143   0.08969   0.02642   0.06146   0.04774   7.34262   1.84754   1.23892   1.94386   1.07572  
 29  0.0794   2094.813818  x:  0.30284   0.00000   0.19958   0.19301   0.05774   0.03194   0.08908   0.01306   0.11865   0.01821   0.05287   0.04212   0.00000   0.18931   0.19204   0.06290   0.03797   0.12508   0.01407   0.08793   0.02379   0.05770   0.04889   7.33929   1.80335   1.22766   1.88848   1.05922  
 30  0.0574   2094.680296  x:  0.29667   0.00000   0.19379   0.19045   0.05799   0.03461   0.09108   0.01254   0.11876   0.01632   0.05196   0.04216   0.00000   0.18463   0.19624   0.06315   0.03762   0.12520   0.01242   0.08839   0.02514   0.05549   0.04896   7.29811   1.84454   1.25496   1.93323   1.03541  
 31  0.0616   2094.598024  x:  0.29071   0.00000   0.19210   0.18814   0.05941   0.03716   0.09066   0.01269   0.12026   0.01588   0.05103   0.04207   0.00000   0.18767   0.19455   0.06379   0.03763   0.12546   0.01373   0.08797   0.02586   0.05885   0.04857   7.25612   1.84699   1.25289   1.93931   1.06186  
 32  0.0244   2094.499250  x:  0.28677   0.00000   0.19696   0.18744   0.05917   0.04117   0.09061   0.01240   0.12076   0.01696   0.05277   0.04217   0.00000   0.19342   0.18680   0.06471   0.03939   0.12658   0.01266   0.08731   0.02494   0.05748   0.04860   7.28978   1.82818   1.23533   1.91314   1.04564  
 33  0.0165   2094.455219  x:  0.29099   0.00000   0.19919   0.18848   0.05786   0.04342   0.09020   0.01241   0.11866   0.01671   0.05162   0.04190   0.00000   0.19190   0.18259   0.06341   0.03868   0.12516   0.01343   0.08836   0.02459   0.05653   0.04894   7.29666   1.84117   1.25133   1.93049   1.05367  
 34  0.0155   2094.448068  x:  0.29299   0.00000   0.19822   0.18892   0.05772   0.04394   0.08991   0.01300   0.11879   0.01700   0.05166   0.04193   0.00000   0.19098   0.18194   0.06316   0.03844   0.12489   0.01299   0.08815   0.02504   0.05750   0.04879   7.28830   1.84063   1.24826   1.92951   1.05091  
 35  0.0095   2094.447131  x:  0.29368   0.00000   0.19774   0.18884   0.05784   0.04406   0.08990   0.01272   0.11895   0.01692   0.05187   0.04197   0.00000   0.19091   0.18170   0.06323   0.03817   0.12509   0.01306   0.08801   0.02503   0.05740   0.04873   7.28727   1.83968   1.24646   1.92806   1.05053  
 36  0.0027   2094.447025  x:  0.29378   0.00000   0.19772   0.18876   0.05797   0.04404   0.08999   0.01276   0.11902   0.01692   0.05184   0.04197   0.00000   0.19096   0.18160   0.06333   0.03809   0.12516   0.01302   0.08801   0.02500   0.05732   0.04874   7.28858   1.83937   1.24687   1.92793   1.05103  
 37  0.0013   2094.447016  x:  0.29376   0.00000   0.19775   0.18880   0.05796   0.04402   0.08999   0.01274   0.11903   0.01692   0.05181   0.04196   0.00000   0.19096   0.18158   0.06335   0.03806   0.12519   0.01302   0.08801   0.02500   0.05736   0.04875   7.28833   1.83944   1.24699   1.92790   1.05084  
 38  0.0003   2094.447014  x:  0.29374   0.00000   0.19776   0.18881   0.05795   0.04402   0.08999   0.01275   0.11902   0.01692   0.05181   0.04196   0.00000   0.19096   0.18158   0.06335   0.03805   0.12518   0.01302   0.08801   0.02500   0.05735   0.04875   7.28824   1.83948   1.24694   1.92793   1.05089  
 39  0.0001   2094.447014  x:  0.29373   0.00000   0.19776   0.18881   0.05795   0.04402   0.08999   0.01275   0.11902   0.01692   0.05182   0.04196   0.00000   0.19097   0.18158   0.06335   0.03804   0.12518   0.01302   0.08801   0.02500   0.05735   0.04875   7.28828   1.83946   1.24694   1.92792   1.05087  
 40  0.0000   2094.447014  x:  0.29373   0.00000   0.19776   0.18881   0.05795   0.04402   0.08999   0.01275   0.11902   0.01692   0.05181   0.04196   0.00000   0.19097   0.18158   0.06335   0.03804   0.12518   0.01302   0.08801   0.02500   0.05735   0.04875   7.28828   1.83946   1.24694   1.92792   1.05088  
 41  0.0000   2094.447014  x:  0.29373   0.00000   0.19776   0.18881   0.05795   0.04402   0.08999   0.01275   0.11902   0.01692   0.05181   0.04196   0.00000   0.19097   0.18158   0.06335   0.03804   0.12518   0.01302   0.08801   0.02500   0.05735   0.04875   7.28827   1.83946   1.24694   1.92792   1.05088  
 42  0.0000   2094.447014  x:  0.29373   0.00000   0.19776   0.18881   0.05795   0.04402   0.08999   0.01275   0.11902   0.01692   0.05181   0.04196   0.00000   0.19097   0.18158   0.06335   0.03804   0.12518   0.01302   0.08801   0.02500   0.05735   0.04875   7.28828   1.83946   1.24694   1.92792   1.05088  