

TREE # 1

  0  0.0000   2077.224319  x:  0.00000   0.07024   0.04776   0.03360   0.06119   0.07281   0.05267   0.05775   0.09842   0.02903   0.15392   0.01310   0.06987   0.01906   0.02464   0.06173   0.07579   0.04108   0.06848   0.07674   0.08509   0.11017   0.17003   2.00000   1.59836   1.43975   1.42678   0.40000  
  1 99.0000   2063.593316  x:  0.09752   0.08455   0.04280   0.03719   0.05628   0.06945   0.05354   0.05832   0.09780   0.02614   0.15677   0.01191   0.07852   0.02895   0.02850   0.05691   0.07578   0.04061   0.06937   0.08034   0.07988   0.11171   0.17549   2.00226   1.59851   1.43889   1.42734   0.40525  
  2 1807.0611   2047.980300  x:  0.09481   0.11015   0.02893   0.04550   0.04235   0.06015   0.05568   0.05975   0.09578   0.01796   0.16162   0.00000   0.10115   0.04669   0.03549   0.04323   0.07571   0.03954   0.07164   0.08910   0.06294   0.11284   0.18808   2.00896   1.59901   1.43629   1.42881   0.42016  
  3 359.3613   2038.819789  x:  0.09068   0.14168   0.01062   0.05337   0.01961   0.04559   0.05813   0.06125   0.09116   0.01121   0.16932   0.04083   0.12867   0.04988   0.03715   0.02013   0.07551   0.03919   0.07508   0.09911   0.02961   0.11417   0.21011   2.02357   1.60021   1.43071   1.43174   0.44954  
  4 512.8347   2036.453300  x:  0.09000   0.15283   0.02728   0.05471   0.02030   0.04205   0.05871   0.06164   0.08872   0.01986   0.17239   0.04333   0.13673   0.04413   0.03558   0.01769   0.07552   0.03985   0.07711   0.10146   0.01515   0.11373   0.22055   2.03450   1.60111   1.42669   1.43376   0.46804  
  5 203.5844   2032.891313  x:  0.08935   0.16949   0.02735   0.04969   0.03327   0.04189   0.05930   0.06098   0.08316   0.01567   0.17834   0.04242   0.14637   0.02422   0.03140   0.03072   0.07578   0.04162   0.08136   0.10184   0.02533   0.11095   0.24523   2.07062   1.60409   1.41379   1.44005   0.52194  
  6 150.2508   2028.445247  x:  0.08842   0.16115   0.02816   0.03480   0.03759   0.05655   0.05607   0.05787   0.07922   0.02286   0.18152   0.04719   0.12864   0.05254   0.02735   0.03586   0.07579   0.04008   0.07914   0.09242   0.03252   0.10421   0.27560   2.15416   1.61073   1.38562   1.45324   0.62325  
  7 180.2459   2023.116033  x:  0.09088   0.12806   0.02167   0.05233   0.02390   0.06041   0.05302   0.05968   0.08614   0.01564   0.17796   0.03293   0.09570   0.04043   0.03972   0.02222   0.07537   0.03733   0.07158   0.08308   0.02195   0.10239   0.28904   2.26453   1.61892   1.35094   1.46893   0.72879  
  8 256.2126   2020.296987  x:  0.09251   0.10596   0.01515   0.04883   0.01808   0.04332   0.05745   0.05992   0.09248   0.02441   0.17111   0.02672   0.10494   0.03849   0.02459   0.01878   0.07456   0.04362   0.07299   0.09346   0.02286   0.11561   0.26635   2.35159   1.62446   1.32799   1.47842   0.77031  
  9 131.0220   2017.583778  x:  0.09259   0.09633   0.02105   0.04576   0.02749   0.03275   0.06121   0.06025   0.09855   0.01598   0.16399   0.03227   0.11704   0.04355   0.04017   0.02287   0.07450   0.04138   0.07540   0.10384   0.02191   0.12831   0.22861   2.46039   1.63067   1.30197   1.48887   0.80215  
 10 244.6174   2013.678020  x:  0.09202   0.11782   0.01987   0.04786   0.02288   0.05833   0.06040   0.05991   0.09966   0.02096   0.15769   0.03465   0.12434   0.03920   0.04087   0.02181   0.07471   0.03381   0.07573   0.10513   0.02302   0.13412   0.16842   2.63695   1.63940   1.26456   1.50330   0.82599  
 11 265.0453   2010.230284  x:  0.09171   0.13334   0.02337   0.05051   0.02664   0.04871   0.05199   0.05906   0.09275   0.00752   0.15754   0.03487   0.11638   0.04274   0.02776   0.02253   0.07520   0.04805   0.07355   0.09320   0.01806   0.12023   0.15264   2.79812   1.64539   1.23730   1.51297   0.81507  
 12 202.8995   2006.121723  x:  0.09090   0.14955   0.01750   0.05643   0.03030   0.02717   0.04569   0.05886   0.08263   0.02283   0.15897   0.03655   0.10877   0.04407   0.03517   0.02340   0.07576   0.05643   0.07172   0.07999   0.02384   0.09865   0.15034   3.03198   1.65318   1.20071   1.52558   0.78798  
 13 696.2146   1992.995219  x:  0.09103   0.14246   0.02566   0.03938   0.01814   0.03844   0.08121   0.05674   0.07061   0.01602   0.16479   0.03444   0.12421   0.03752   0.03705   0.01848   0.07350   0.04328   0.07659   0.08595   0.02758   0.06012   0.21944   3.78939   1.67401   1.09590   1.56067   0.66472  
 14 627.0117   1988.612764  x:  0.09027   0.14202   0.01638   0.05064   0.03743   0.04902   0.06895   0.05896   0.07811   0.01977   0.17015   0.03487   0.12379   0.04008   0.02981   0.02498   0.07381   0.03568   0.07646   0.08821   0.01595   0.08857   0.25433   4.05488   1.67788   1.06971   1.56947   0.61910  
 15 613.0671   1987.148580  x:  0.08950   0.14573   0.02457   0.05115   0.02900   0.04967   0.05295   0.05832   0.08431   0.01759   0.17364   0.03647   0.12282   0.04034   0.03151   0.02140   0.07447   0.03807   0.07589   0.09046   0.02744   0.10708   0.26765   4.14540   1.67592   1.07077   1.56931   0.60571  
 16 280.3364   1986.476577  x:  0.08950   0.14788   0.02259   0.04038   0.02296   0.04908   0.04868   0.05610   0.08544   0.01787   0.17573   0.03438   0.11848   0.03766   0.03561   0.02737   0.07495   0.04047   0.07651   0.09165   0.02229   0.11290   0.27013   4.18674   1.66940   1.08820   1.56379   0.60341  
 17 84.4110   1983.787412  x:  0.08896   0.15520   0.02185   0.03265   0.03135   0.04607   0.06179   0.05715   0.08584   0.01775   0.18488   0.03290   0.10547   0.03617   0.03518   0.01377   0.07533   0.03942   0.07665   0.09680   0.02446   0.12164   0.27344   4.36185   1.62724   1.20492   1.52626   0.60652  
 18 126.3808   1981.918500  x:  0.08852   0.15416   0.02477   0.04750   0.02520   0.04630   0.06937   0.06049   0.08573   0.01770   0.18989   0.03599   0.10554   0.04060   0.03207   0.02792   0.07563   0.03890   0.07802   0.09984   0.02699   0.12060   0.27608   4.50182   1.59192   1.30254   1.49453   0.61072  
 19 469.3401   1981.135524  x:  0.08909   0.14505   0.02342   0.04853   0.02860   0.05196   0.05421   0.05946   0.08486   0.01823   0.18649   0.03575   0.12142   0.03973   0.03302   0.02537   0.07565   0.03914   0.07666   0.09489   0.02533   0.11064   0.27709   4.55454   1.57804   1.34137   1.48129   0.61301  
 20 113.3474   1981.101275  x:  0.08909   0.14617   0.02359   0.04791   0.02826   0.05121   0.05506   0.06005   0.08704   0.01808   0.18087   0.03576   0.12228   0.03971   0.03272   0.02557   0.07591   0.03790   0.07637   0.09149   0.02533   0.11116   0.27797   4.55717   1.57822   1.34269   1.48001   0.61335  
 21  6.9443   1981.075753  x:  0.08907   0.14688   0.02344   0.04831   0.02857   0.05210   0.05555   0.05981   0.08694   0.01835   0.17590   0.03591   0.12209   0.03977   0.03334   0.02541   0.07587   0.04040   0.07664   0.09238   0.02535   0.11135   0.27880   4.55939   1.57900   1.34319   1.47863   0.61373  
 22  6.8292   1981.028702  x:  0.08907   0.14774   0.02352   0.04854   0.02860   0.05137   0.05386   0.05906   0.08463   0.01803   0.17063   0.03580   0.12061   0.03975   0.03261   0.02550   0.07547   0.03806   0.07691   0.09586   0.02540   0.11084   0.27937   4.56371   1.58116   1.34345   1.47572   0.61467  
 23  7.6092   1979.337146  x:  0.08814   0.14760   0.02250   0.04648   0.02613   0.05166   0.05474   0.07886   0.07645   0.01709   0.17674   0.03122   0.12547   0.03891   0.03510   0.02508   0.08190   0.03911   0.06768   0.09753   0.02441   0.11575   0.27890   4.72881   1.67175   1.33354   1.36962   0.65207  
 24  7.7657   1978.235394  x:  0.08745   0.14883   0.02135   0.05032   0.02618   0.05079   0.05605   0.05960   0.08833   0.01700   0.18374   0.02868   0.12680   0.03906   0.03544   0.02349   0.07592   0.03843   0.08124   0.09637   0.02375   0.11416   0.27830   4.83346   1.72170   1.32756   1.31161   0.67555  
 25 145.9466   1975.969334  x:  0.08603   0.15292   0.02018   0.05295   0.02544   0.04873   0.06068   0.04201   0.09386   0.01677   0.18480   0.02424   0.13334   0.03780   0.03634   0.02487   0.07383   0.03815   0.05166   0.10244   0.02297   0.11605   0.27927   5.02923   1.71129   1.32414   1.34080   0.71495  
 26 24.0483   1964.244248  x:  0.07970   0.16415   0.01157   0.05562   0.01806   0.04415   0.05939   0.06482   0.10944   0.01377   0.18479   0.00000   0.14822   0.03509   0.04183   0.01796   0.06607   0.03543   0.07170   0.12017   0.01778   0.11992   0.28122   5.98204   1.63640   1.30875   1.51401   0.90510  
 27 470.6436   1963.792238  x:  0.07943   0.16232   0.01146   0.05767   0.01650   0.04387   0.06183   0.05763   0.09823   0.01297   0.18417   0.00000   0.15072   0.03492   0.04277   0.01647   0.08019   0.03458   0.07738   0.11473   0.01759   0.12626   0.28112   6.03682   1.63167   1.30787   1.52419   0.91585  
 28 102.2962   1963.760547  x:  0.07941   0.16179   0.01157   0.05790   0.01607   0.04387   0.06251   0.05688   0.09446   0.01276   0.18402   0.00000   0.15140   0.03488   0.04318   0.01632   0.07643   0.03462   0.07782   0.11254   0.01761   0.12838   0.28107   6.04155   1.63117   1.30776   1.52490   0.91668  
 29 11.8967   1958.804745  x:  0.06806   0.18863   0.01927   0.05478   0.03068   0.04206   0.06440   0.06095   0.08044   0.01341   0.18238   0.00000   0.16867   0.05257   0.03883   0.02140   0.07610   0.04053   0.08061   0.11110   0.02249   0.12593   0.28136   7.31454   1.39094   1.15294   1.40198   1.00132  
 30  1.0916   1957.162569  x:  0.06400   0.19575   0.02167   0.05629   0.03558   0.04246   0.06361   0.05990   0.07769   0.01419   0.18188   0.00000   0.17767   0.05886   0.03682   0.02344   0.07539   0.04231   0.08454   0.10817   0.02379   0.12142   0.28200   7.77014   1.64410   1.29041   1.59793   1.02355  
 31  9.5402   1954.155676  x:  0.04870   0.21375   0.01757   0.05567   0.02471   0.04300   0.05099   0.06586   0.10243   0.01500   0.18749   0.00000   0.18183   0.06068   0.03833   0.02234   0.07546   0.03854   0.07578   0.10928   0.01803   0.09885   0.27707   9.39784   1.61952   1.24108   1.49526   1.03259  
 32  0.7609   1952.264533  x:  0.03593   0.20879   0.01385   0.05613   0.02184   0.04533   0.06397   0.05901   0.07831   0.01506   0.18915   0.00000   0.17289   0.05544   0.04146   0.02108   0.07437   0.03667   0.07729   0.09757   0.02013   0.11553   0.27188  10.72199   1.61077   1.25795   1.50439   0.98643  
 33  0.6292   1951.654448  x:  0.03020   0.19956   0.01946   0.05600   0.02247   0.04416   0.06197   0.05763   0.08671   0.01409   0.18866   0.00000   0.16352   0.05173   0.03805   0.01954   0.07643   0.03939   0.08018   0.10557   0.02215   0.11435   0.27094  11.36114   1.62342   1.27023   1.55657   0.94485  
 34  0.4252   1951.549520  x:  0.02989   0.19332   0.01741   0.05461   0.02532   0.04358   0.05892   0.05967   0.08601   0.01421   0.18835   0.00000   0.16099   0.04997   0.03852   0.02089   0.07559   0.03936   0.07927   0.10518   0.02061   0.11369   0.27042  11.50683   1.61975   1.25880   1.55173   0.93281  
 35  0.1210   1951.532331  x:  0.03103   0.19017   0.01732   0.05512   0.02440   0.04320   0.05889   0.06094   0.08655   0.01450   0.18762   0.00000   0.16188   0.04994   0.03870   0.02113   0.07554   0.03886   0.07841   0.10472   0.02108   0.11464   0.26939  11.53829   1.61421   1.25280   1.54017   0.93641  
 36  0.0189   1951.519907  x:  0.03193   0.18827   0.01737   0.05597   0.02492   0.04322   0.05904   0.05939   0.08644   0.01458   0.18694   0.00000   0.16274   0.05041   0.03865   0.02098   0.07563   0.03920   0.07948   0.10456   0.02104   0.11476   0.26879  11.68591   1.61724   1.25690   1.54477   0.94153  
 37  0.0549   1951.509788  x:  0.03250   0.19016   0.01747   0.05559   0.02463   0.04310   0.05923   0.06014   0.08659   0.01422   0.18724   0.00000   0.16225   0.05061   0.03858   0.02107   0.07570   0.03918   0.07869   0.10522   0.02072   0.11437   0.26938  11.89092   1.61843   1.25643   1.54645   0.94189  
 38  0.0716   1951.508121  x:  0.03302   0.19072   0.01736   0.05537   0.02475   0.04340   0.05901   0.06005   0.08640   0.01445   0.18731   0.00000   0.16205   0.05047   0.03864   0.02096   0.07556   0.03911   0.07887   0.10488   0.02095   0.11425   0.26954  11.89763   1.61679   1.25570   1.54495   0.94087  
 39  0.0051   1951.508020  x:  0.03313   0.19075   0.01741   0.05533   0.02474   0.04328   0.05909   0.06002   0.08640   0.01442   0.18724   0.00000   0.16209   0.05038   0.03866   0.02100   0.07562   0.03909   0.07894   0.10487   0.02095   0.11422   0.26955  11.89241   1.61675   1.25558   1.54495   0.94036  
 40  0.0042   1951.508014  x:  0.03314   0.19075   0.01741   0.05535   0.02473   0.04329   0.05907   0.06004   0.08640   0.01442   0.18723   0.00000   0.16214   0.05036   0.03867   0.02098   0.07562   0.03912   0.07894   0.10487   0.02094   0.11419   0.26953  11.89186   1.61685   1.25562   1.54508   0.94026  
 41  0.0005   1951.508014  x:  0.03313   0.19075   0.01740   0.05535   0.02473   0.04329   0.05908   0.06004   0.08640   0.01442   0.18723   0.00000   0.16216   0.05036   0.03866   0.02099   0.07561   0.03911   0.07894   0.10487   0.02094   0.11419   0.26952  11.89206   1.61687   1.25564   1.54510   0.94025  
 42  0.0001   1951.508014  x:  0.03313   0.19076   0.01740   0.05535   0.02473   0.04329   0.05907   0.06004   0.08640   0.01442   0.18723   0.00000   0.16216   0.05036   0.03866   0.02099   0.07561   0.03911   0.07894   0.10487   0.02094   0.11420   0.26952  11.89212   1.61686   1.25563   1.54509   0.94024  
 43  0.0000   1951.508014  x:  0.03313   0.19076   0.01740   0.05535   0.02473   0.04329   0.05907   0.06004   0.08640   0.01442   0.18723   0.00000   0.16216   0.05036   0.03866   0.02099   0.07561   0.03911   0.07894   0.10487   0.02094   0.11420   0.26952  11.89209   1.61686   1.25563   1.54509   0.94024  
 44  0.0000   1951.508014  x:  0.03313   0.19076   0.01740   0.05535   0.02473   0.04329   0.05907   0.06004   0.08640   0.01442   0.18723   0.00000   0.16216   0.05036   0.03866   0.02099   0.07561   0.03911   0.07894   0.10487   0.02094   0.11420   0.26952  11.89209   1.61686   1.25563   1.54509   0.94024  

TREE # 2

  0  0.0000   1968.858326  x:  0.28031   0.00000   0.16025   0.09040   0.05675   0.01618   0.10334   0.01990   0.06475   0.03441   0.06494   0.05391   0.00998   0.21475   0.10099   0.02712   0.01286   0.08474   0.04419   0.05482   0.03326   0.04645   0.05869  11.89209   1.48709   1.21633   1.39943   0.94024  
  1 99.0000   1958.635848  x:  0.28074   0.01022   0.15502   0.10871   0.04226   0.06551   0.10585   0.04318   0.07012   0.02598   0.06972   0.04580   0.04601   0.21317   0.12341   0.01654   0.02204   0.08643   0.04960   0.05785   0.02641   0.04427   0.05895  11.89209   1.48767   1.21570   1.40069   0.94021  
  2 396.0824   1955.872473  x:  0.28047   0.00000   0.15011   0.11792   0.03183   0.06659   0.10603   0.04344   0.07278   0.02229   0.07181   0.04227   0.04532   0.21112   0.13431   0.01366   0.01946   0.08679   0.05185   0.05911   0.02459   0.04357   0.05906  11.89208   1.48819   1.21519   1.40155   0.94017  
  3 170.5856   1954.937978  x:  0.27997   0.00000   0.14104   0.13178   0.02520   0.06465   0.10559   0.04285   0.07558   0.02735   0.07327   0.04296   0.04645   0.20672   0.14856   0.02725   0.02510   0.08649   0.05323   0.05942   0.02851   0.04433   0.05900  11.89207   1.48965   1.21385   1.40355   0.94024  
  4 108.2335   1954.402426  x:  0.27860   0.00000   0.12831   0.14389   0.03582   0.05887   0.10432   0.04157   0.07476   0.03192   0.07215   0.04774   0.04758   0.19946   0.15876   0.02302   0.02423   0.08635   0.04918   0.05725   0.02974   0.04518   0.05892  11.89207   1.49251   1.21147   1.40719   0.94052  
  5 48.2623   1954.139402  x:  0.27574   0.00000   0.11803   0.14231   0.03517   0.05249   0.10412   0.04015   0.06922   0.02772   0.06892   0.04672   0.04598   0.19040   0.15521   0.02465   0.02571   0.08538   0.05047   0.05781   0.02743   0.04479   0.05849  11.89206   1.49771   1.20752   1.41361   0.94114  
  6 18.7499   1953.988746  x:  0.27341   0.00000   0.11533   0.13959   0.03240   0.04996   0.10455   0.03951   0.07132   0.03121   0.07012   0.04658   0.04261   0.18512   0.15169   0.02422   0.02203   0.08535   0.05015   0.05777   0.03105   0.04507   0.05881  11.89205   1.50287   1.20375   1.42009   0.94175  
  7 23.4288   1953.904737  x:  0.27204   0.00000   0.11897   0.13911   0.03295   0.04800   0.10473   0.03754   0.07456   0.03134   0.07218   0.04701   0.03835   0.18453   0.15179   0.02433   0.02379   0.08605   0.04929   0.05717   0.02827   0.04508   0.05889  11.89204   1.50797   1.20036   1.42659   0.94231  
  8 17.2121   1953.852067  x:  0.27152   0.00000   0.12327   0.13963   0.03431   0.04612   0.10465   0.03732   0.07371   0.02896   0.07150   0.04674   0.03702   0.18679   0.15353   0.02550   0.02219   0.08614   0.04970   0.05739   0.03017   0.04507   0.05877  11.89203   1.51330   1.19731   1.43342   0.94285  
  9 16.0401   1953.805541  x:  0.27173   0.00000   0.12447   0.13961   0.03274   0.04495   0.10442   0.03761   0.07087   0.03178   0.06938   0.04681   0.03688   0.19077   0.15466   0.02444   0.02240   0.08559   0.04987   0.05746   0.02922   0.04499   0.05863  11.89201   1.52106   1.19387   1.44331   0.94355  
 10 13.0004   1953.703867  x:  0.27296   0.00000   0.11891   0.13889   0.03294   0.04833   0.10401   0.03661   0.07143   0.03010   0.07112   0.04723   0.03572   0.19678   0.15404   0.02445   0.02304   0.08456   0.04939   0.05680   0.03015   0.04545   0.05887  11.89196   1.54276   1.18678   1.47072   0.94536  
 11 18.0339   1953.653759  x:  0.27328   0.00000   0.11805   0.13883   0.03344   0.04688   0.10404   0.03882   0.07411   0.02978   0.07168   0.04631   0.03870   0.19597   0.15342   0.02519   0.02204   0.08547   0.04986   0.05722   0.02872   0.04466   0.05865  11.89195   1.55449   1.18493   1.48524   0.94624  
 12 26.8798   1953.602372  x:  0.27287   0.00000   0.12045   0.13990   0.03275   0.04762   0.10425   0.03763   0.07430   0.02945   0.07048   0.04588   0.04074   0.18989   0.15320   0.02374   0.02386   0.08698   0.04991   0.05745   0.03020   0.04482   0.05868  11.89193   1.56726   1.18655   1.50045   0.94702  
 13 20.0432   1953.571285  x:  0.27227   0.00000   0.12205   0.14060   0.03278   0.04970   0.10431   0.03824   0.07277   0.02975   0.07041   0.04646   0.03996   0.18576   0.15357   0.02471   0.02235   0.08643   0.04960   0.05700   0.02894   0.04503   0.05871  11.89193   1.57515   1.18994   1.50944   0.94740  
 14 22.3397   1953.528242  x:  0.27082   0.00000   0.12253   0.13984   0.03299   0.04915   0.10370   0.04095   0.07187   0.02974   0.07255   0.04631   0.03878   0.18451   0.15496   0.02375   0.02388   0.08373   0.05031   0.05715   0.02987   0.04423   0.05872  11.89195   1.58645   1.20264   1.52100   0.94758  
 15 11.1325   1953.380783  x:  0.26672   0.00000   0.12178   0.13728   0.03260   0.04866   0.10231   0.03663   0.07318   0.02967   0.07285   0.04611   0.04156   0.18641   0.15815   0.02395   0.02241   0.08095   0.05046   0.05735   0.02899   0.04498   0.05889  11.89201   1.62499   1.25240   1.55896   0.94792  
 16 39.9524   1953.292493  x:  0.26637   0.00000   0.12026   0.13898   0.03227   0.04898   0.10389   0.03872   0.07415   0.02921   0.06981   0.04594   0.03876   0.18887   0.15731   0.02418   0.02254   0.08668   0.04960   0.05709   0.02918   0.04507   0.05879  11.89206   1.64814   1.28312   1.58108   0.94807  
 17 55.3829   1953.274306  x:  0.26896   0.00000   0.12047   0.14157   0.03207   0.04860   0.10484   0.03807   0.07306   0.02936   0.07164   0.04629   0.03903   0.18945   0.15515   0.02410   0.02228   0.08731   0.05025   0.05748   0.02910   0.04415   0.05893  11.89207   1.65273   1.28883   1.58471   0.94810  
 18 10.7777   1953.264981  x:  0.27192   0.00000   0.12072   0.14265   0.03181   0.04825   0.10480   0.03834   0.07345   0.02914   0.07129   0.04562   0.03895   0.18938   0.15427   0.02401   0.02234   0.08604   0.04961   0.05710   0.02906   0.04538   0.05905  11.89208   1.65486   1.29089   1.58558   0.94814  
 19  5.0152   1953.253133  x:  0.27588   0.00000   0.12069   0.14212   0.03188   0.04852   0.10409   0.03816   0.07429   0.02911   0.07016   0.04608   0.03836   0.18882   0.15490   0.02391   0.02227   0.08539   0.05021   0.05741   0.02910   0.04406   0.05857  11.89211   1.65718   1.29215   1.58534   0.94823  
 20  3.9046   1953.229878  x:  0.28054   0.00000   0.12043   0.13955   0.03171   0.04816   0.10362   0.03823   0.07334   0.02907   0.07155   0.04626   0.03838   0.18794   0.15753   0.02381   0.02213   0.08742   0.05027   0.05746   0.02899   0.04519   0.05935  11.89218   1.66106   1.29280   1.58331   0.94846  
 21  4.4617   1953.132005  x:  0.28051   0.00000   0.11978   0.13926   0.03148   0.04839   0.10749   0.03736   0.07262   0.02920   0.07264   0.04181   0.03833   0.18767   0.16062   0.02364   0.02190   0.08737   0.04745   0.05592   0.02914   0.04261   0.05702  11.89249   1.67389   1.29077   1.57177   0.94950  
 22  4.0311   1952.797218  x:  0.27343   0.00000   0.11824   0.14423   0.02852   0.04861   0.11432   0.03813   0.07555   0.02695   0.07181   0.04511   0.03757   0.18811   0.16553   0.02039   0.02109   0.08452   0.05250   0.05877   0.02796   0.04569   0.05810  11.89360   1.71581   1.28228   1.53200   0.95315  
 23 35.0197   1952.655818  x:  0.26974   0.00000   0.11809   0.14849   0.02650   0.04917   0.10290   0.03863   0.07564   0.02617   0.07250   0.04340   0.03732   0.18859   0.16510   0.01969   0.02054   0.08614   0.05177   0.05759   0.02774   0.04397   0.06073  11.89405   1.72703   1.27893   1.51953   0.95447  
 24 19.1217   1952.555370  x:  0.26915   0.00000   0.11762   0.15017   0.02624   0.04976   0.09974   0.03851   0.07556   0.02639   0.07379   0.04201   0.03642   0.18843   0.16610   0.01879   0.02013   0.08712   0.05291   0.06061   0.02737   0.04664   0.05394  11.89437   1.72157   1.27715   1.52025   0.95491  
 25  5.0540   1951.691025  x:  0.26958   0.00000   0.11403   0.15724   0.01754   0.04904   0.10420   0.03883   0.07791   0.02095   0.07504   0.04197   0.03463   0.18624   0.18039   0.01312   0.01769   0.08575   0.05204   0.06000   0.02573   0.04409   0.05634  11.89693   1.64936   1.26368   1.54564   0.95714  
 26 17.6491   1951.608240  x:  0.26966   0.00000   0.11335   0.15822   0.01906   0.04994   0.10492   0.03804   0.07827   0.02208   0.07470   0.03777   0.03323   0.18590   0.18199   0.01260   0.01740   0.08566   0.05538   0.06093   0.02523   0.04444   0.05911  11.89719   1.64197   1.26231   1.54831   0.95708  
 27 35.3136   1951.606942  x:  0.26965   0.00000   0.11336   0.15823   0.01905   0.04991   0.10491   0.03803   0.07829   0.02208   0.07471   0.03779   0.03327   0.18590   0.18201   0.01256   0.01738   0.08572   0.05592   0.06006   0.02525   0.04452   0.05886  11.89720   1.64188   1.26221   1.54836   0.95560  
 28  1.1839   1951.595708  x:  0.26958   0.00000   0.11336   0.15831   0.01909   0.04993   0.10490   0.03804   0.07832   0.02196   0.07473   0.03779   0.03320   0.18591   0.18225   0.01262   0.01736   0.08569   0.05556   0.06063   0.02521   0.04443   0.05902  11.89733   1.64128   1.26106   1.54888   0.93763  
 29  2.9648   1951.519424  x:  0.26943   0.00000   0.11364   0.16055   0.02114   0.05010   0.10498   0.03841   0.07880   0.02013   0.07536   0.03887   0.03305   0.18661   0.18677   0.01483   0.01702   0.08618   0.05537   0.05988   0.02455   0.04353   0.05898  11.89631   1.62038   1.25621   1.54871   0.94055  
 30  0.0507   1951.509298  x:  0.26953   0.00000   0.11426   0.16174   0.02120   0.05034   0.10490   0.03870   0.07889   0.02116   0.07562   0.03934   0.03320   0.18728   0.18952   0.01436   0.01746   0.08635   0.05522   0.05998   0.02463   0.04318   0.05904  11.89533   1.61453   1.25481   1.54577   0.94013  
 31  0.0101   1951.508085  x:  0.26953   0.00000   0.11428   0.16215   0.02089   0.05040   0.10487   0.03869   0.07895   0.02102   0.07564   0.03905   0.03314   0.18731   0.19056   0.01446   0.01743   0.08643   0.05539   0.06004   0.02474   0.04326   0.05912  11.89450   1.61614   1.25537   1.54497   0.94023  
 32  0.0028   1951.508020  x:  0.26953   0.00000   0.11422   0.16219   0.02095   0.05037   0.10487   0.03867   0.07895   0.02097   0.07563   0.03910   0.03314   0.18725   0.19072   0.01440   0.01741   0.08641   0.05536   0.06004   0.02474   0.04328   0.05909  11.89409   1.61674   1.25557   1.54498   0.94025  
 33  0.0012   1951.508015  x:  0.26952   0.00000   0.11419   0.16217   0.02094   0.05036   0.10487   0.03866   0.07894   0.02099   0.07562   0.03911   0.03313   0.18723   0.19075   0.01442   0.01740   0.08640   0.05535   0.06004   0.02473   0.04329   0.05908  11.89369   1.61687   1.25563   1.54507   0.94025  
 34  0.0006   1951.508014  x:  0.26952   0.00000   0.11420   0.16216   0.02094   0.05036   0.10487   0.03866   0.07894   0.02099   0.07561   0.03911   0.03313   0.18723   0.19076   0.01442   0.01741   0.08640   0.05535   0.06004   0.02473   0.04329   0.05907  11.89329   1.61686   1.25563   1.54509   0.94025  
 35  0.0004   1951.508014  x:  0.26952   0.00000   0.11420   0.16215   0.02094   0.05036   0.10487   0.03866   0.07894   0.02099   0.07561   0.03911   0.03313   0.18723   0.19076   0.01442   0.01740   0.08640   0.05535   0.06004   0.02473   0.04329   0.05907  11.89277   1.61686   1.25563   1.54510   0.94024  
 36  0.0003   1951.508014  x:  0.26952   0.00000   0.11420   0.16215   0.02094   0.05036   0.10487   0.03866   0.07894   0.02099   0.07561   0.03911   0.03313   0.18723   0.19076   0.01442   0.01740   0.08640   0.05535   0.06004   0.02473   0.04329   0.05907  11.89220   1.61686   1.25563   1.54509   0.94024  
 37  0.0003   1951.508014  x:  0.26952   0.00000   0.11420   0.16216   0.02094   0.05036   0.10487   0.03866   0.07894   0.02099   0.07561   0.03911   0.03313   0.18723   0.19076   0.01442   0.01740   0.08640   0.05535   0.06004   0.02473   0.04329   0.05907  11.89210   1.61686   1.25563   1.54509   0.94024  
 38  0.0001   1951.508014  x:  0.26952   0.00000   0.11420   0.16216   0.02094   0.05036   0.10487   0.03866   0.07894   0.02099   0.07561   0.03911   0.03313   0.18723   0.19076   0.01442   0.01740   0.08640   0.05535   0.06004   0.02473   0.04329   0.05907  11.89208   1.61686   1.25563   1.54509   0.94024  