

TREE # 1

  0  0.0000   1999.856022  x:  0.09506   0.00354   0.08297   0.02331   0.07178   0.05743   0.09763   0.04092   0.08494   0.06080   0.05573   0.13447   0.00000   0.05603   0.01126   0.03973   0.03206   0.07638   0.04941   0.07281   0.09269   0.04484   0.16073   0.11368   2.00000   1.82590   1.05964   1.30737   0.40000  
  1 99.0000   1999.855483  x:  0.09506   0.00354   0.08297   0.02331   0.07178   0.05743   0.09763   0.04092   0.08494   0.06080   0.05573   0.13447   0.00000   0.05603   0.01126   0.03973   0.03206   0.07638   0.04941   0.07281   0.09269   0.04484   0.16073   0.11368   2.00000   1.82590   1.05964   1.30737   0.40000  
  2 280.0641   1997.380245  x:  0.09743   0.00000   0.08583   0.02606   0.07036   0.05666   0.10053   0.03776   0.08374   0.06207   0.05150   0.13503   0.00000   0.06154   0.01261   0.03530   0.02932   0.08088   0.04419   0.07415   0.09147   0.04248   0.16234   0.11606   2.00230   1.82561   1.06073   1.30714   0.40507  
  3 764.2754   1994.243891  x:  0.10178   0.00077   0.09084   0.02679   0.06758   0.05541   0.10568   0.03238   0.08161   0.06408   0.04367   0.13613   0.00000   0.06931   0.00368   0.02703   0.02512   0.08824   0.03443   0.07654   0.08921   0.03818   0.16527   0.12040   2.00725   1.82513   1.06313   1.30663   0.41518  
  4 727.5584   1992.522803  x:  0.10545   0.00085   0.09386   0.01398   0.06458   0.05512   0.10941   0.03008   0.08017   0.06465   0.03687   0.13701   0.00000   0.06789   0.00567   0.02164   0.02577   0.09107   0.02614   0.07819   0.08758   0.03619   0.16783   0.12408   2.01475   1.82476   1.06678   1.30588   0.42752  
  5 210.5825   1990.000941  x:  0.11329   0.00070   0.09802   0.02080   0.05757   0.05665   0.11610   0.03267   0.07806   0.06460   0.02818   0.13946   0.00000   0.04812   0.00619   0.02212   0.03718   0.08965   0.01535   0.08051   0.08457   0.03654   0.17452   0.13195   2.04341   1.82381   1.08027   1.30310   0.46879  
  6 137.8230   1985.588578  x:  0.12807   0.00061   0.10293   0.01792   0.04805   0.05979   0.12734   0.03521   0.07532   0.06450   0.03594   0.14566   0.00000   0.05463   0.00587   0.04092   0.04409   0.08853   0.04440   0.08048   0.07933   0.03876   0.19056   0.14682   2.13626   1.82096   1.12265   1.29470   0.58705  
  7 195.5138   1981.049706  x:  0.11684   0.00088   0.08773   0.02002   0.07543   0.05955   0.11229   0.03434   0.08335   0.06063   0.05393   0.14582   0.00000   0.05930   0.00713   0.02720   0.02239   0.07322   0.03479   0.07167   0.08782   0.04622   0.19035   0.13570   2.24880   1.81903   1.17030   1.28594   0.68535  
  8 177.7123   1978.679069  x:  0.09572   0.00109   0.08143   0.02107   0.07807   0.05422   0.09533   0.03406   0.08477   0.06261   0.05013   0.14083   0.00000   0.06691   0.00746   0.02500   0.03853   0.08944   0.03328   0.07548   0.09320   0.03555   0.17658   0.11466   2.33626   1.81980   1.20005   1.28178   0.71817  
  9 130.8573   1975.497487  x:  0.08258   0.00121   0.09405   0.02237   0.06386   0.05458   0.09693   0.03638   0.07996   0.06489   0.03499   0.13188   0.00000   0.06343   0.00802   0.03528   0.01736   0.09450   0.03498   0.08063   0.09322   0.03960   0.15215   0.10167   2.47886   1.82457   1.23705   1.27948   0.72104  
 10 126.6654   1967.692603  x:  0.09977   0.00183   0.11405   0.02817   0.05278   0.06358   0.12183   0.02463   0.07439   0.06573   0.03921   0.11737   0.00000   0.08613   0.00963   0.02246   0.03773   0.07820   0.02853   0.07266   0.08772   0.05358   0.11190   0.11931   2.92198   1.84360   1.33577   1.27991   0.67934  
 11 286.9007   1957.698645  x:  0.13112   0.00284   0.10647   0.03266   0.07228   0.05805   0.13290   0.04547   0.08399   0.06654   0.03410   0.12920   0.00000   0.08606   0.01309   0.02546   0.02772   0.10119   0.02942   0.07897   0.08219   0.02232   0.16358   0.15125   3.50053   1.87326   1.44423   1.29090   0.60422  
 12 497.8834   1955.682749  x:  0.13300   0.00305   0.10067   0.03369   0.06902   0.05174   0.12772   0.03204   0.08267   0.06840   0.03047   0.13971   0.00000   0.08596   0.01307   0.02632   0.02850   0.11284   0.02955   0.08331   0.08371   0.04678   0.18975   0.15326   3.63723   1.88269   1.45849   1.29926   0.58781  
 13 328.5542   1954.771531  x:  0.12874   0.00306   0.10140   0.03429   0.05767   0.05542   0.12403   0.01950   0.07825   0.06844   0.03590   0.14663   0.00000   0.08514   0.01357   0.02694   0.02715   0.10744   0.02725   0.08118   0.08490   0.04082   0.20157   0.14906   3.68991   1.88974   1.44822   1.31029   0.58558  
 14 101.1121   1953.798447  x:  0.12193   0.00298   0.10503   0.03486   0.04571   0.06027   0.12196   0.02950   0.07315   0.06892   0.03652   0.15520   0.00000   0.09252   0.01362   0.02127   0.02840   0.09988   0.02401   0.07760   0.08604   0.04184   0.21354   0.14231   3.75543   1.90141   1.42060   1.33111   0.58741  
 15 131.6957   1951.551893  x:  0.11312   0.00283   0.11709   0.03537   0.06230   0.06237   0.12831   0.02628   0.07214   0.06950   0.02053   0.16263   0.00000   0.09923   0.01355   0.02467   0.03364   0.08746   0.02619   0.07594   0.08444   0.04050   0.21992   0.13365   3.90540   1.93309   1.33102   1.39035   0.60020  
 16 154.4901   1949.054683  x:  0.11320   0.00300   0.12319   0.03485   0.06747   0.05172   0.13630   0.02708   0.07719   0.07000   0.03935   0.15706   0.00000   0.09322   0.01418   0.02038   0.03101   0.10222   0.02427   0.08380   0.08056   0.04149   0.21090   0.13391   4.08830   1.97309   1.21033   1.46627   0.62002  
 17 292.1610   1948.072667  x:  0.12331   0.00342   0.10241   0.03616   0.05941   0.05309   0.12697   0.02603   0.07952   0.06601   0.03099   0.14759   0.00000   0.09416   0.01430   0.01998   0.02674   0.10621   0.02580   0.07762   0.08434   0.04032   0.20112   0.14409   4.15581   1.98717   1.16258   1.49373   0.62857  
 18 118.8125   1948.039881  x:  0.12411   0.00345   0.10151   0.03595   0.05971   0.05337   0.12529   0.02645   0.07790   0.06764   0.03139   0.14639   0.00000   0.09519   0.01423   0.02229   0.02672   0.10566   0.02389   0.07880   0.08362   0.04048   0.20091   0.14489   4.15839   1.98707   1.16059   1.49411   0.62891  
 19 15.3926   1948.024811  x:  0.12455   0.00345   0.10191   0.03603   0.06015   0.05346   0.12342   0.02646   0.07599   0.06884   0.03125   0.14497   0.00000   0.09477   0.01427   0.02110   0.02659   0.10513   0.02486   0.07965   0.08249   0.04040   0.20120   0.14533   4.15999   1.98593   1.15922   1.49319   0.62909  
 20  6.7620   1947.973916  x:  0.12497   0.00343   0.10554   0.03605   0.05984   0.05231   0.12012   0.02648   0.07697   0.06520   0.03112   0.14060   0.00000   0.09544   0.01422   0.02146   0.02687   0.10424   0.02439   0.08000   0.08256   0.04051   0.20338   0.14574   4.16773   1.97584   1.15193   1.48396   0.62991  
 21  4.7087   1947.655481  x:  0.12274   0.00341   0.10807   0.03548   0.05951   0.05773   0.12253   0.02592   0.08224   0.07279   0.03130   0.13253   0.00000   0.09485   0.01404   0.02138   0.02746   0.10518   0.02395   0.07631   0.08646   0.04101   0.20906   0.14348   4.21924   1.90533   1.10336   1.41974   0.63527  
 22 26.0681   1947.185684  x:  0.11986   0.00337   0.10253   0.03523   0.05975   0.05154   0.12850   0.02612   0.07554   0.06871   0.03117   0.13917   0.00000   0.09483   0.01399   0.02099   0.02744   0.10247   0.02363   0.07810   0.08351   0.03962   0.20841   0.14056   4.29366   1.80286   1.03453   1.32824   0.64286  
 23 122.0116   1947.112175  x:  0.12091   0.00329   0.10436   0.03512   0.06063   0.05604   0.12503   0.02614   0.07654   0.06722   0.03148   0.14524   0.00000   0.09453   0.01399   0.02087   0.02719   0.10406   0.02357   0.07988   0.08265   0.03989   0.20580   0.14160   4.30567   1.78637   1.02488   1.31616   0.64413  
 24 33.5978   1947.076984  x:  0.12205   0.00323   0.10645   0.03503   0.06034   0.05341   0.12236   0.02631   0.07775   0.06944   0.03131   0.14850   0.00000   0.09425   0.01399   0.02114   0.02704   0.10367   0.02358   0.07828   0.08371   0.03952   0.20425   0.14273   4.31116   1.77904   1.02273   1.31451   0.64477  
 25 10.5848   1946.612855  x:  0.12225   0.00318   0.10693   0.03483   0.06194   0.05494   0.12400   0.02640   0.07191   0.06752   0.03141   0.14607   0.00000   0.09320   0.01390   0.02163   0.02662   0.10700   0.02282   0.07649   0.08896   0.03896   0.20409   0.14285   4.37990   1.69467   1.03072   1.35133   0.65352  
 26  7.0207   1946.482922  x:  0.12141   0.00321   0.10471   0.03502   0.05974   0.05424   0.12425   0.02589   0.07837   0.06886   0.03043   0.14525   0.00000   0.09401   0.01395   0.02081   0.02647   0.10433   0.02289   0.08018   0.08253   0.03872   0.20433   0.14197   4.39940   1.67605   1.03361   1.35997   0.65618  
 27 36.3421   1943.408181  x:  0.12042   0.00333   0.10737   0.03575   0.06251   0.05451   0.12284   0.02466   0.07512   0.06768   0.02742   0.14316   0.00000   0.09580   0.01489   0.02292   0.02130   0.12357   0.01318   0.05855   0.06071   0.03563   0.20079   0.14032   4.83914   1.74305   1.11647   1.33760   0.73203  
 28  7.2265   1940.802049  x:  0.12405   0.00346   0.10765   0.03739   0.06080   0.05224   0.12573   0.02319   0.07706   0.07055   0.02235   0.14247   0.00000   0.10039   0.01577   0.01691   0.01704   0.12425   0.01056   0.08436   0.08476   0.02912   0.19607   0.14331   5.25256   1.80941   1.19410   1.31510   0.80355  
 29 512.1179   1938.752947  x:  0.12602   0.00371   0.11086   0.03884   0.05638   0.05295   0.12896   0.02440   0.07665   0.07064   0.02244   0.14072   0.00000   0.09283   0.01729   0.02231   0.02411   0.12611   0.02968   0.09035   0.08538   0.02653   0.19006   0.13904   5.88807   1.88158   1.24292   1.35362   0.86657  
 30  0.9208   1937.137184  x:  0.13098   0.00402   0.11211   0.03908   0.05992   0.05475   0.13083   0.02794   0.07651   0.06982   0.03045   0.13874   0.00000   0.09639   0.01823   0.02075   0.02856   0.11926   0.02209   0.08458   0.08288   0.03700   0.18777   0.13638   6.78577   1.93152   1.21344   1.45864   0.90278  
 31  0.5558   1936.415732  x:  0.13464   0.00404   0.11144   0.03959   0.05557   0.05496   0.13003   0.02525   0.07558   0.06960   0.02455   0.13971   0.00000   0.09649   0.01901   0.02101   0.02421   0.11275   0.01809   0.07808   0.08125   0.03223   0.18648   0.13471   7.47567   1.85714   1.17254   1.37674   0.90361  
 32  0.3887   1936.255526  x:  0.13558   0.00388   0.11317   0.03903   0.05889   0.05441   0.13098   0.02531   0.07687   0.07030   0.02641   0.14063   0.00000   0.09424   0.01909   0.02044   0.02398   0.11572   0.01966   0.08404   0.08240   0.03262   0.18575   0.13160   7.80137   1.87390   1.19868   1.37964   0.88572  
 33  0.1550   1936.217708  x:  0.13619   0.00376   0.11174   0.03895   0.05782   0.05444   0.12971   0.02529   0.07661   0.07000   0.02508   0.13989   0.00000   0.09571   0.01892   0.02072   0.02471   0.11619   0.01917   0.08313   0.08326   0.03260   0.18630   0.13056   7.93441   1.88391   1.19652   1.39718   0.87217  
 34  0.1016   1936.210989  x:  0.13633   0.00360   0.11167   0.03877   0.05761   0.05445   0.12956   0.02549   0.07635   0.06994   0.02589   0.13991   0.00000   0.09631   0.01869   0.02075   0.02438   0.11589   0.01952   0.08211   0.08310   0.03258   0.18651   0.13022   7.94479   1.87569   1.19127   1.38959   0.86667  
 35  0.0120   1936.208427  x:  0.13638   0.00336   0.11197   0.03868   0.05781   0.05435   0.12968   0.02535   0.07650   0.07006   0.02563   0.14013   0.00000   0.09710   0.01837   0.02069   0.02456   0.11616   0.01969   0.08232   0.08258   0.03266   0.18578   0.13017   7.92159   1.87556   1.19161   1.38930   0.86627  
 36  0.0100   1936.207041  x:  0.13655   0.00313   0.11203   0.03866   0.05776   0.05449   0.12971   0.02531   0.07648   0.07002   0.02582   0.13994   0.00000   0.09703   0.01816   0.02080   0.02445   0.11606   0.01951   0.08236   0.08296   0.03250   0.18599   0.12993   7.92477   1.87820   1.19319   1.39175   0.86801  
 37  0.0023   1936.206599  x:  0.13674   0.00303   0.11197   0.03877   0.05771   0.05442   0.12964   0.02541   0.07643   0.07000   0.02568   0.14012   0.00000   0.09676   0.01816   0.02070   0.02442   0.11606   0.01953   0.08235   0.08297   0.03265   0.18622   0.12991   7.93599   1.87732   1.19276   1.39044   0.86855  
 38  0.0067   1936.206460  x:  0.13676   0.00299   0.11202   0.03887   0.05773   0.05440   0.12969   0.02538   0.07645   0.07002   0.02573   0.14024   0.00000   0.09664   0.01823   0.02075   0.02449   0.11606   0.01953   0.08236   0.08283   0.03259   0.18622   0.12993   7.93740   1.87706   1.19231   1.39057   0.86847  
 39  0.0008   1936.206402  x:  0.13674   0.00297   0.11202   0.03892   0.05774   0.05445   0.12970   0.02538   0.07647   0.07001   0.02571   0.14010   0.00000   0.09670   0.01829   0.02076   0.02447   0.11608   0.01956   0.08233   0.08288   0.03260   0.18620   0.12998   7.93344   1.87716   1.19251   1.39066   0.86828  
 40  0.0018   1936.206380  x:  0.13671   0.00296   0.11202   0.03890   0.05774   0.05442   0.12967   0.02538   0.07645   0.07001   0.02572   0.14017   0.00000   0.09674   0.01832   0.02073   0.02448   0.11605   0.01953   0.08234   0.08290   0.03260   0.18617   0.12995   7.93260   1.87723   1.19265   1.39059   0.86820  
 41  0.0005   1936.206373  x:  0.13670   0.00296   0.11203   0.03886   0.05773   0.05442   0.12968   0.02538   0.07645   0.07002   0.02572   0.14017   0.00000   0.09672   0.01834   0.02074   0.02446   0.11606   0.01954   0.08236   0.08288   0.03260   0.18617   0.12994   7.93283   1.87724   1.19257   1.39064   0.86822  
 42  0.0001   1936.206371  x:  0.13671   0.00296   0.11202   0.03884   0.05773   0.05442   0.12968   0.02538   0.07646   0.07001   0.02572   0.14016   0.00000   0.09672   0.01834   0.02074   0.02447   0.11606   0.01954   0.08235   0.08289   0.03260   0.18618   0.12994   7.93295   1.87718   1.19254   1.39059   0.86826  
 43  0.0001   1936.206371  x:  0.13672   0.00296   0.11202   0.03884   0.05773   0.05442   0.12968   0.02538   0.07646   0.07001   0.02572   0.14017   0.00000   0.09672   0.01834   0.02074   0.02447   0.11606   0.01954   0.08235   0.08289   0.03260   0.18618   0.12995   7.93307   1.87720   1.19255   1.39061   0.86827  
 44  0.0001   1936.206371  x:  0.13672   0.00296   0.11202   0.03884   0.05773   0.05442   0.12968   0.02538   0.07646   0.07001   0.02572   0.14017   0.00000   0.09672   0.01834   0.02074   0.02447   0.11606   0.01954   0.08235   0.08289   0.03260   0.18619   0.12995   7.93311   1.87720   1.19256   1.39061   0.86827  
 45  0.0000   1936.206371  x:  0.13672   0.00296   0.11202   0.03884   0.05773   0.05442   0.12968   0.02538   0.07646   0.07001   0.02572   0.14017   0.00000   0.09672   0.01834   0.02074   0.02447   0.11606   0.01954   0.08235   0.08289   0.03260   0.18619   0.12995   7.93312   1.87720   1.19256   1.39061   0.86827  
 46  0.0000   1936.206371  x:  0.13672   0.00296   0.11202   0.03884   0.05773   0.05442   0.12968   0.02538   0.07646   0.07001   0.02572   0.14017   0.00000   0.09672   0.01834   0.02074   0.02447   0.11606   0.01954   0.08235   0.08289   0.03260   0.18619   0.12995   7.93312   1.87720   1.19256   1.39061   0.86827  