

TREE # 1

  0  0.0000   2193.659459  x:  0.20925   0.02571   0.03211   0.02495   0.05815   0.02188   0.05666   0.08536   0.02661   0.17168   0.20925   0.02571   0.03211   0.02495   0.05815   0.02188   0.05666   0.08536   0.02661   0.17168   0.21568   8.40433   1.36669   1.17604   1.21122   1.00000  
  1 99.0000   2171.919724  x:  0.21320   0.04330   0.01640   0.05335   0.07282   0.09495   0.07955   0.11091   0.06075   0.18547   0.20792   0.05979   0.02723   0.01541   0.07241   0.02740   0.05812   0.10321   0.07677   0.16388   0.22027   8.40437   1.36796   1.17287   1.21379   0.99993  
  2 552.0575   2167.888255  x:  0.22222   0.03787   0.00587   0.04905   0.08487   0.08471   0.10076   0.14762   0.05911   0.21679   0.20357   0.05399   0.02238   0.02811   0.08863   0.02252   0.05901   0.13049   0.07471   0.14397   0.23167   8.40454   1.37195   1.16492   1.22018   0.99931  
  3 119.9616   2167.038521  x:  0.22602   0.03819   0.01752   0.04867   0.08774   0.08118   0.10630   0.15886   0.05828   0.22831   0.20176   0.05328   0.02373   0.02323   0.09178   0.02437   0.05883   0.13808   0.07444   0.13629   0.23618   8.40463   1.37393   1.16114   1.22321   0.99892  
  4 166.6749   2166.620631  x:  0.22871   0.03888   0.01462   0.04836   0.08706   0.07865   0.10591   0.16231   0.05745   0.23523   0.20047   0.05371   0.02604   0.01408   0.09023   0.02669   0.05854   0.13968   0.07379   0.13163   0.23929   8.40473   1.37590   1.15763   1.22604   0.99850  
  5 74.7137   2166.243187  x:  0.23505   0.04292   0.01398   0.05058   0.08215   0.07818   0.09909   0.16264   0.05688   0.24857   0.19788   0.05710   0.02771   0.01784   0.08154   0.02913   0.05968   0.13714   0.07386   0.12345   0.24616   8.40505   1.38190   1.14715   1.23461   0.99703  
  6 40.3583   2166.102798  x:  0.23782   0.04173   0.01459   0.05057   0.08120   0.07956   0.09667   0.16110   0.05673   0.25367   0.19686   0.05695   0.02399   0.01676   0.08032   0.02449   0.05943   0.13492   0.07412   0.12208   0.24907   8.40529   1.38590   1.14040   1.24026   0.99596  
  7 38.1844   2165.898209  x:  0.24177   0.03640   0.01480   0.04841   0.08283   0.08308   0.09593   0.15582   0.05698   0.25975   0.19569   0.05420   0.02539   0.01729   0.08491   0.02688   0.05815   0.13068   0.07436   0.12501   0.25315   8.40594   1.39600   1.12393   1.25447   0.99310  
  8 32.1691   2165.754964  x:  0.24214   0.04255   0.01437   0.04865   0.08424   0.08104   0.09926   0.15283   0.05784   0.25966   0.19563   0.05393   0.02681   0.01711   0.08736   0.02524   0.05891   0.13039   0.07361   0.12926   0.25381   8.40670   1.40629   1.10836   1.26873   0.98995  
  9 30.7327   2165.665131  x:  0.24013   0.04176   0.01426   0.05023   0.08411   0.07906   0.10116   0.15325   0.05711   0.25629   0.19606   0.05588   0.02345   0.01681   0.08564   0.02762   0.05949   0.13248   0.07379   0.13046   0.25229   8.40738   1.41416   1.09779   1.27945   0.98730  
 10 30.3166   2165.602904  x:  0.23763   0.03924   0.01439   0.05064   0.08348   0.07886   0.10141   0.15502   0.05672   0.25245   0.19651   0.05727   0.02579   0.01688   0.08347   0.02593   0.05942   0.13474   0.07428   0.12965   0.25028   8.40801   1.42046   1.09046   1.28789   0.98498  
 11 35.1407   2165.573646  x:  0.23568   0.04017   0.01445   0.04864   0.08291   0.08029   0.09961   0.15704   0.05754   0.24971   0.19671   0.05534   0.02545   0.01685   0.08348   0.02629   0.05877   0.13527   0.07386   0.12711   0.24859   8.40855   1.42433   1.08803   1.29281   0.98326  
 12 13.7041   2165.564749  x:  0.23513   0.04027   0.01437   0.05008   0.08324   0.08028   0.09875   0.15766   0.05684   0.24906   0.19673   0.05520   0.02552   0.01680   0.08494   0.02626   0.05945   0.13424   0.07352   0.12573   0.24795   8.40907   1.42661   1.08931   1.29542   0.98194  
 13  5.0639   2165.538016  x:  0.23503   0.04023   0.01434   0.04837   0.08385   0.07915   0.09970   0.15826   0.05705   0.24905   0.19679   0.05770   0.02540   0.01697   0.08568   0.02619   0.05874   0.13140   0.07411   0.12444   0.24686   8.41180   1.43680   1.09986   1.30641   0.97561  
 14  6.0541   2165.488137  x:  0.23580   0.03995   0.01423   0.05001   0.08354   0.07962   0.10129   0.15831   0.05785   0.25004   0.19690   0.05468   0.02560   0.01685   0.08337   0.02628   0.05868   0.13173   0.07390   0.12586   0.24631   8.41746   1.45726   1.12199   1.32793   0.96344  
 15 23.3446   2165.474341  x:  0.23600   0.04020   0.01430   0.04925   0.08298   0.08017   0.09963   0.15762   0.05681   0.25016   0.19698   0.05549   0.02555   0.01673   0.08422   0.02628   0.05972   0.13439   0.07369   0.12697   0.24713   8.41931   1.46342   1.12843   1.33388   0.96065  
 16 14.0297   2165.472397  x:  0.23591   0.04019   0.01430   0.04959   0.08315   0.07991   0.09919   0.15732   0.05724   0.24991   0.19704   0.05570   0.02553   0.01677   0.08448   0.02627   0.05889   0.13491   0.07352   0.12688   0.24780   8.41983   1.46468   1.12937   1.33459   0.96099  
 17  2.9490   2165.468693  x:  0.23544   0.04005   0.01431   0.04943   0.08362   0.07970   0.09949   0.15684   0.05764   0.24896   0.19718   0.05551   0.02553   0.01675   0.08432   0.02627   0.05958   0.13495   0.07376   0.12614   0.24992   8.42168   1.46823   1.13120   1.33557   0.96395  
 18  2.3124   2165.465070  x:  0.23520   0.04028   0.01426   0.04943   0.08308   0.08012   0.09998   0.15723   0.05656   0.24861   0.19724   0.05546   0.02554   0.01680   0.08431   0.02626   0.05895   0.13460   0.07368   0.12627   0.25075   8.42397   1.47208   1.13291   1.33640   0.96787  
 19  4.2747   2165.459907  x:  0.23542   0.04007   0.01429   0.04948   0.08264   0.07992   0.09946   0.15823   0.05737   0.24912   0.19711   0.05564   0.02554   0.01677   0.08444   0.02626   0.05932   0.13421   0.07327   0.12725   0.24960   8.42788   1.47771   1.13527   1.33761   0.97434  
 20  5.4243   2165.457804  x:  0.23563   0.04017   0.01427   0.04941   0.08349   0.07980   0.09924   0.15767   0.05704   0.24956   0.19698   0.05547   0.02554   0.01679   0.08420   0.02626   0.05919   0.13454   0.07373   0.12698   0.24832   8.42986   1.47968   1.13617   1.33825   0.97701  
 21  3.7729   2165.456947  x:  0.23572   0.04011   0.01427   0.04943   0.08303   0.07986   0.09964   0.15704   0.05717   0.24971   0.19694   0.05550   0.02553   0.01678   0.08439   0.02625   0.05922   0.13481   0.07356   0.12646   0.24780   8.43115   1.47993   1.13647   1.33871   0.97791  
 22  1.4353   2165.446585  x:  0.23591   0.04008   0.01413   0.04930   0.08375   0.08017   0.09958   0.15723   0.05698   0.24954   0.19777   0.05575   0.02550   0.01671   0.08396   0.02623   0.05928   0.13468   0.07218   0.12652   0.24812   8.45459   1.47428   1.13850   1.34728   0.98456  
 23  1.1260   2165.442042  x:  0.23587   0.04007   0.01406   0.04932   0.08296   0.07931   0.09927   0.15741   0.05694   0.24944   0.19764   0.05522   0.02551   0.01674   0.08434   0.02621   0.05919   0.13462   0.07367   0.12672   0.24834   8.46521   1.47222   1.13917   1.35032   0.98684  
 24 11.5912   2165.417354  x:  0.23412   0.03995   0.01368   0.04912   0.08316   0.07874   0.09930   0.15727   0.05673   0.24939   0.19000   0.05518   0.02549   0.01676   0.08418   0.02615   0.05914   0.13454   0.07292   0.12720   0.24881   8.52677   1.47174   1.13875   1.35129   0.98732  
 25  4.1230   2165.250334  x:  0.23223   0.03917   0.01105   0.04787   0.08284   0.07384   0.09842   0.15620   0.05521   0.25385   0.19737   0.05360   0.02535   0.01645   0.08397   0.02575   0.05922   0.13397   0.07001   0.12691   0.24965   8.94927   1.47830   1.13160   1.34510   0.98162  
 26 34.4662   2165.242786  x:  0.23678   0.03915   0.01088   0.04779   0.08285   0.07358   0.09844   0.15667   0.05502   0.25154   0.19704   0.05352   0.02535   0.01644   0.08401   0.02574   0.05922   0.13409   0.06989   0.12650   0.24958   8.96858   1.47871   1.13120   1.34471   0.98130  
 27 10.5133   2165.228029  x:  0.23628   0.03890   0.01202   0.04740   0.08268   0.07225   0.09801   0.15573   0.05458   0.24983   0.19741   0.05295   0.02526   0.01731   0.08387   0.02551   0.05927   0.13378   0.06882   0.12699   0.24887   8.97413   1.47726   1.13125   1.34243   0.98105  
 28  0.0052   2165.225829  x:  0.23624   0.03897   0.01195   0.04727   0.08251   0.07158   0.09765   0.15527   0.05429   0.25001   0.19724   0.05284   0.02547   0.01696   0.08357   0.02573   0.05924   0.13340   0.06849   0.12683   0.24899   8.93859   1.47720   1.13132   1.34281   0.98103  
 29  0.0270   2165.225737  x:  0.23628   0.03890   0.01194   0.04725   0.08253   0.07164   0.09769   0.15528   0.05431   0.24995   0.19727   0.05280   0.02543   0.01695   0.08362   0.02566   0.05924   0.13340   0.06849   0.12686   0.24897   8.92597   1.47740   1.13125   1.34289   0.98079  
 30  0.0109   2165.225734  x:  0.23628   0.03891   0.01193   0.04725   0.08253   0.07162   0.09769   0.15529   0.05431   0.24995   0.19728   0.05281   0.02543   0.01697   0.08362   0.02566   0.05924   0.13341   0.06849   0.12686   0.24896   8.92498   1.47739   1.13125   1.34286   0.98077  
 31  0.0009   2165.225734  x:  0.23628   0.03891   0.01193   0.04725   0.08253   0.07162   0.09769   0.15529   0.05431   0.24995   0.19728   0.05280   0.02543   0.01697   0.08362   0.02566   0.05924   0.13341   0.06848   0.12686   0.24896   8.92499   1.47738   1.13125   1.34286   0.98077  
 32  0.0000   2165.225734  x:  0.23628   0.03891   0.01193   0.04725   0.08253   0.07162   0.09769   0.15529   0.05431   0.24995   0.19728   0.05280   0.02543   0.01697   0.08362   0.02566   0.05924   0.13341   0.06848   0.12686   0.24896   8.92499   1.47738   1.13125   1.34286   0.98077  
 33  0.0000   2165.225734  x:  0.23628   0.03891   0.01193   0.04725   0.08253   0.07162   0.09769   0.15529   0.05431   0.24995   0.19728   0.05280   0.02543   0.01697   0.08362   0.02566   0.05924   0.13341   0.06848   0.12686   0.24896   8.92499   1.47738   1.13125   1.34286   0.98077  