

TREE # 1

  0  0.0000   2368.509874  x:  0.05032   0.01632   0.08956   0.00000   0.09761   0.07483   0.04441   0.04587   0.09617   0.09361   0.07809   0.10397   0.01740   0.04308   0.00279   0.09268   0.06816   0.04472   0.05635   0.05997   0.16998   0.09050   0.09862   0.06894   2.00000   1.48410   1.07905   1.57148   0.40000  
  1 99.0000   2340.249198  x:  0.07231   0.01943   0.10085   0.07807   0.09299   0.05773   0.04057   0.03189   0.09617   0.13056   0.08213   0.12193   0.00000   0.07890   0.02631   0.11072   0.06204   0.05108   0.04288   0.06743   0.17858   0.09867   0.12682   0.09093   2.00626   1.48356   1.07937   1.57276   0.41265  
  2 765.9415   2311.243412  x:  0.10090   0.01924   0.12164   0.04807   0.07601   0.01702   0.03540   0.00576   0.09622   0.18576   0.07965   0.15385   0.00000   0.11713   0.00000   0.14629   0.04847   0.06022   0.01381   0.07938   0.19125   0.10570   0.17241   0.11952   2.02238   1.48202   1.08107   1.57546   0.44179  
  3 427.4026   2304.847746  x:  0.11122   0.01853   0.13089   0.03302   0.06724   0.00426   0.03455   0.02553   0.09646   0.20843   0.07678   0.16661   0.00000   0.13239   0.00282   0.16187   0.04380   0.06351   0.00988   0.08356   0.19631   0.10715   0.19042   0.12984   2.03074   1.48131   1.08203   1.57677   0.45538  
  4 737.9452   2298.186370  x:  0.12568   0.01688   0.14644   0.01002   0.05198   0.02880   0.03488   0.03762   0.09773   0.24443   0.06941   0.18603   0.00000   0.15595   0.00909   0.18682   0.03865   0.06780   0.02101   0.08906   0.20345   0.10697   0.21777   0.14430   2.04639   1.48008   1.08393   1.57910   0.47878  
  5 646.4509   2294.308037  x:  0.11457   0.01145   0.16075   0.01001   0.03374   0.01742   0.04611   0.03213   0.09876   0.26483   0.04563   0.19027   0.00000   0.15972   0.01019   0.20594   0.05672   0.05608   0.04426   0.08023   0.19713   0.07982   0.22348   0.13319   2.08264   1.47759   1.09043   1.58267   0.51199  
  6 116.2630   2291.296680  x:  0.09887   0.02754   0.17478   0.01326   0.04079   0.02167   0.03895   0.03551   0.10073   0.28034   0.03719   0.19002   0.00000   0.16129   0.00552   0.22548   0.05528   0.04980   0.03514   0.07052   0.18236   0.04768   0.22209   0.11749   2.13531   1.47472   1.09947   1.58752   0.55117  
  7 143.3706   2288.678031  x:  0.08632   0.01253   0.18134   0.01052   0.04243   0.02289   0.03619   0.03152   0.10195   0.28722   0.05067   0.18378   0.00000   0.16528   0.01695   0.24327   0.05035   0.05427   0.02539   0.06744   0.16140   0.03305   0.21373   0.10494   2.19950   1.47210   1.10992   1.59329   0.58984  
  8 176.6964   2284.787331  x:  0.08069   0.01965   0.18269   0.01332   0.04333   0.02110   0.04297   0.03246   0.10149   0.28412   0.05763   0.16921   0.00000   0.17463   0.01048   0.26692   0.04596   0.06275   0.03196   0.07421   0.11934   0.05675   0.19208   0.09931   2.33397   1.46827   1.13027   1.60547   0.65507  
  9 192.7295   2278.886505  x:  0.11494   0.01241   0.15795   0.01326   0.04499   0.02350   0.02995   0.03224   0.09726   0.24937   0.03838   0.15138   0.00000   0.18266   0.01316   0.27043   0.04867   0.05234   0.02403   0.08756   0.11593   0.05027   0.16408   0.13356   2.58152   1.46620   1.16342   1.62794   0.73495  
 10 190.8473   2274.652328  x:  0.12904   0.03066   0.13853   0.01150   0.04081   0.02053   0.04964   0.02931   0.09658   0.22048   0.06135   0.15331   0.00000   0.18423   0.01676   0.25783   0.04611   0.05781   0.02994   0.08609   0.14301   0.03731   0.16427   0.14766   2.79793   1.46806   1.18869   1.64806   0.78355  
 11 338.6368   2268.471592  x:  0.11798   0.01394   0.12926   0.01971   0.05012   0.02319   0.04256   0.03619   0.09869   0.20141   0.06589   0.17341   0.00000   0.17827   0.00000   0.22676   0.04719   0.06163   0.03293   0.07088   0.18166   0.05725   0.19338   0.13660   3.06410   1.47609   1.21402   1.67336   0.81397  
 12 315.0638   2265.242400  x:  0.10450   0.02308   0.13214   0.01144   0.05275   0.02017   0.03180   0.02608   0.09903   0.19898   0.05567   0.18610   0.00000   0.16776   0.02516   0.19981   0.05077   0.05856   0.02666   0.07060   0.20281   0.08225   0.21282   0.12312   3.26616   1.48619   1.22940   1.69276   0.81719  
 13 442.9609   2261.440151  x:  0.10059   0.01922   0.15112   0.01363   0.04284   0.02565   0.04881   0.02855   0.09758   0.22702   0.04835   0.18531   0.00000   0.14445   0.02483   0.17153   0.04424   0.05442   0.01142   0.09403   0.20647   0.08623   0.21612   0.11921   3.46912   1.50414   1.23656   1.71285   0.78340  
 14 228.1811   2258.189006  x:  0.10310   0.01819   0.17162   0.01352   0.04410   0.01990   0.03663   0.02765   0.09665   0.26216   0.05249   0.18043   0.00000   0.12287   0.02281   0.15095   0.03251   0.05871   0.02814   0.11235   0.20514   0.07997   0.21390   0.12172   3.67308   1.52535   1.24023   1.73325   0.73540  
 15 524.1115   2254.928536  x:  0.10980   0.02150   0.18240   0.00986   0.04453   0.02226   0.02973   0.03096   0.10048   0.29480   0.06430   0.17263   0.00000   0.12247   0.01788   0.16636   0.06815   0.06618   0.02489   0.09511   0.19909   0.07776   0.20412   0.12842   3.88841   1.55477   1.23579   1.75521   0.65742  
 16 238.6954   2252.360353  x:  0.11038   0.01925   0.17911   0.00594   0.05025   0.02082   0.04104   0.02970   0.10203   0.30554   0.05437   0.17061   0.00000   0.14043   0.01903   0.19232   0.05283   0.06059   0.02672   0.06798   0.19100   0.07432   0.19780   0.12900   4.03858   1.57974   1.22730   1.77048   0.59066  
 17 230.8149   2251.421417  x:  0.10347   0.02106   0.17134   0.00733   0.03596   0.02148   0.03483   0.03085   0.10142   0.29679   0.05328   0.17653   0.00000   0.15284   0.01539   0.20944   0.04833   0.05804   0.02679   0.07634   0.18432   0.06754   0.20127   0.12209   4.09424   1.59285   1.21912   1.77627   0.56249  
 18 98.2511   2251.145693  x:  0.10186   0.02013   0.16993   0.00683   0.04301   0.02101   0.03766   0.03076   0.10051   0.29089   0.05133   0.18135   0.00000   0.15722   0.01544   0.21584   0.05123   0.05968   0.02816   0.08531   0.17912   0.06293   0.20681   0.12048   4.11218   1.59972   1.21297   1.77837   0.55414  
 19 52.7353   2250.968665  x:  0.10550   0.02013   0.17542   0.00703   0.04138   0.02106   0.03792   0.03070   0.09976   0.28210   0.05186   0.18564   0.00000   0.15502   0.01608   0.21460   0.05139   0.05917   0.02795   0.08195   0.16699   0.06001   0.21577   0.12412   4.12387   1.61202   1.19915   1.78013   0.55340  
 20 16.8466   2250.751553  x:  0.10418   0.02010   0.17878   0.00666   0.04126   0.02069   0.03755   0.03061   0.10322   0.28054   0.05136   0.17955   0.00000   0.16097   0.01538   0.21162   0.05125   0.05980   0.02789   0.08264   0.17130   0.06036   0.21293   0.12280   4.13919   1.64363   1.16288   1.78332   0.56336  
 21 11.1964   2250.691669  x:  0.10407   0.02003   0.17448   0.00708   0.04174   0.02078   0.03751   0.03052   0.09810   0.28295   0.05216   0.18193   0.00000   0.15651   0.01555   0.21423   0.05096   0.05829   0.02791   0.08240   0.17260   0.06148   0.21136   0.12269   4.14366   1.65301   1.15432   1.78399   0.56683  
 22 11.6079   2250.663677  x:  0.10417   0.02011   0.17108   0.00734   0.04129   0.02075   0.03758   0.03041   0.10043   0.28422   0.05073   0.18362   0.00000   0.15422   0.01580   0.21469   0.05057   0.06121   0.02762   0.08203   0.17204   0.06122   0.21089   0.12279   4.14604   1.65691   1.15359   1.78406   0.56810  
 23  5.3717   2250.580237  x:  0.10444   0.02015   0.16590   0.00698   0.04217   0.02060   0.03770   0.03047   0.10651   0.28685   0.05259   0.18608   0.00000   0.15415   0.01567   0.21376   0.05085   0.05649   0.02803   0.08255   0.16954   0.06125   0.21128   0.12306   4.15358   1.66666   1.15826   1.78407   0.57073  
 24  6.2217   2249.720823  x:  0.10333   0.02081   0.15498   0.00419   0.04157   0.02049   0.03744   0.03091   0.09469   0.29129   0.05144   0.18741   0.00000   0.17173   0.01268   0.20470   0.05226   0.06023   0.02777   0.08032   0.15943   0.05571   0.21448   0.12195   4.23292   1.75782   1.22521   1.78627   0.59172  
 25 17.8547   2248.437578  x:  0.10548   0.01857   0.17579   0.00594   0.04192   0.01924   0.03752   0.02977   0.10120   0.27384   0.05163   0.18598   0.00000   0.16311   0.00979   0.23573   0.04656   0.05987   0.02763   0.08405   0.17156   0.05860   0.21622   0.12410   4.35725   1.88517   1.32486   1.80202   0.62203  
 26 74.0819   2244.652456  x:  0.10653   0.01581   0.17049   0.00248   0.04155   0.01612   0.03627   0.02768   0.09982   0.26123   0.05159   0.20592   0.00000   0.18236   0.00000   0.26045   0.03925   0.06005   0.02621   0.08298   0.16005   0.05076   0.21450   0.12515   4.76723   1.92316   1.41466   2.18303   0.70701  
 27 14.9935   2244.652456  x:  0.10653   0.01581   0.17049   0.00248   0.04155   0.01612   0.03627   0.02768   0.09982   0.26123   0.05159   0.20592   0.00000   0.18236   0.00000   0.26045   0.03925   0.06005   0.02621   0.08298   0.16005   0.05076   0.21450   0.12515   4.76723   1.92316   1.41466   2.18303   0.70701  
 28 14.3210   2244.128497  x:  0.10692   0.01539   0.17015   0.01134   0.04249   0.01462   0.03657   0.02304   0.09973   0.26204   0.05234   0.20489   0.00000   0.18236   0.00010   0.25987   0.04030   0.05994   0.02337   0.08281   0.16016   0.05165   0.21484   0.12554   4.76776   1.92288   1.41460   2.18252   0.70726  
 29 122.0420   2243.917337  x:  0.10758   0.01495   0.16925   0.00977   0.04273   0.01355   0.03696   0.01714   0.09959   0.26341   0.05215   0.20294   0.00000   0.18239   0.00006   0.25874   0.04188   0.05987   0.01981   0.08252   0.16037   0.05309   0.21543   0.12620   4.76880   1.92234   1.41449   2.18150   0.70777  
 30 55.9284   2243.857263  x:  0.10808   0.01496   0.16858   0.00976   0.04296   0.01395   0.03710   0.01750   0.09953   0.26456   0.05212   0.20135   0.00000   0.18237   0.00000   0.25773   0.04272   0.05997   0.01941   0.08232   0.16059   0.05400   0.21592   0.12669   4.76974   1.92186   1.41438   2.18061   0.70821  
 31 25.2926   2243.740905  x:  0.10972   0.01554   0.16591   0.00965   0.04309   0.01121   0.03690   0.01731   0.09927   0.26935   0.05226   0.19493   0.00000   0.18199   0.00000   0.25315   0.04347   0.06039   0.02238   0.08156   0.16180   0.05608   0.21790   0.12833   4.77438   1.91944   1.41382   2.17620   0.71031  
 32 57.0474   2243.667326  x:  0.11019   0.01590   0.16442   0.00987   0.04244   0.01330   0.03627   0.01584   0.09932   0.27271   0.05235   0.19085   0.00000   0.18130   0.00000   0.24943   0.04097   0.06028   0.02401   0.08124   0.16301   0.05538   0.21916   0.12880   4.77894   1.91708   1.41323   2.17190   0.71225  
 33 41.6002   2243.588962  x:  0.10979   0.01573   0.16350   0.00987   0.04145   0.01232   0.03597   0.01695   0.09950   0.27590   0.05242   0.18761   0.00000   0.18017   0.00000   0.24538   0.03750   0.05962   0.02163   0.08143   0.16448   0.05310   0.22019   0.12841   4.78552   1.91367   1.41232   2.16576   0.71485  
 34 41.0427   2243.375082  x:  0.10477   0.01632   0.16607   0.00987   0.04209   0.01237   0.03861   0.01677   0.10062   0.28077   0.05134   0.18781   0.00000   0.17644   0.00000   0.23710   0.04231   0.05902   0.02214   0.08615   0.16772   0.04774   0.22062   0.12339   4.81342   1.89928   1.40783   2.14034   0.72459  
 35 27.5922   2242.824740  x:  0.09768   0.01339   0.17470   0.00965   0.04281   0.01230   0.03168   0.01695   0.10194   0.28631   0.05130   0.19656   0.00000   0.17156   0.00000   0.22651   0.04108   0.06121   0.02220   0.08844   0.17109   0.05955   0.21930   0.11630   4.89417   1.85784   1.39368   2.06788   0.75002  
 36 80.0425   2242.356192  x:  0.09951   0.01973   0.18017   0.00961   0.04164   0.01231   0.04041   0.01690   0.10181   0.28732   0.05211   0.20458   0.00000   0.16934   0.00000   0.22337   0.03734   0.06163   0.02206   0.08532   0.17324   0.06639   0.21793   0.11812   4.97012   1.81908   1.37922   2.00097   0.77107  
 37 191.2343   2241.613191  x:  0.11079   0.01077   0.18112   0.00964   0.04017   0.01262   0.04191   0.01711   0.10045   0.28339   0.05248   0.21156   0.00000   0.16905   0.00000   0.22803   0.03984   0.05917   0.02372   0.07927   0.17606   0.06106   0.21643   0.12940   5.08264   1.76211   1.35552   1.90447   0.79671  
 38 203.8453   2241.243492  x:  0.11579   0.01714   0.17921   0.00962   0.04178   0.01254   0.03475   0.01722   0.10008   0.28002   0.05211   0.21230   0.00000   0.17089   0.00000   0.23400   0.04242   0.05879   0.02256   0.07875   0.17641   0.05611   0.21655   0.13440   5.14467   1.73104   1.34092   1.85320   0.80756  
 39 255.8217   2240.610552  x:  0.11128   0.01625   0.16672   0.00955   0.04708   0.01267   0.03742   0.01726   0.10214   0.27234   0.05174   0.19974   0.00000   0.18296   0.00000   0.25489   0.03873   0.06484   0.02261   0.08971   0.16962   0.05416   0.22038   0.12989   5.25609   1.67691   1.30755   1.77066   0.81303  
 40 108.3049   2240.379455  x:  0.10688   0.01691   0.16533   0.00999   0.03930   0.01293   0.03726   0.01738   0.10206   0.27200   0.05429   0.19496   0.00000   0.18649   0.00000   0.26047   0.04114   0.05925   0.02297   0.08684   0.16571   0.05458   0.22181   0.12550   5.29876   1.65730   1.29072   1.74552   0.80794  
 41 71.9714   2240.026555  x:  0.10268   0.01646   0.17114   0.00953   0.04632   0.01270   0.03767   0.01735   0.10044   0.27671   0.05103   0.19168   0.00000   0.18764   0.00000   0.26177   0.04105   0.05586   0.02350   0.07534   0.16106   0.05249   0.22295   0.12130   5.37185   1.62568   1.25527   1.71426   0.78818  
 42 63.9713   2239.405060  x:  0.10625   0.01578   0.18253   0.00940   0.04106   0.01269   0.03722   0.01741   0.10032   0.28727   0.05274   0.19398   0.00000   0.18513   0.00000   0.25628   0.04177   0.06792   0.02239   0.07826   0.15967   0.05114   0.22291   0.12487   5.50823   1.56860   1.18487   1.66714   0.74459  
 43 113.3600   2239.173357  x:  0.10910   0.01560   0.18149   0.00924   0.04296   0.01264   0.03730   0.01738   0.10177   0.28870   0.05173   0.19752   0.00000   0.18332   0.00000   0.25229   0.04013   0.05925   0.02297   0.08627   0.16352   0.05473   0.22211   0.12771   5.56106   1.54755   1.15859   1.65345   0.72874  
 44 88.5909   2239.037498  x:  0.10710   0.01597   0.16944   0.00937   0.04312   0.01277   0.03748   0.01740   0.10235   0.28242   0.05227   0.20192   0.00000   0.18010   0.00000   0.24693   0.04082   0.06088   0.02282   0.08259   0.17224   0.05632   0.22070   0.12571   5.59877   1.53546   1.14556   1.65400   0.72416  
 45 22.9614   2238.810525  x:  0.10754   0.01606   0.17090   0.00924   0.04353   0.01298   0.03741   0.01740   0.09453   0.26726   0.05342   0.19549   0.00000   0.17486   0.00000   0.23991   0.04073   0.06068   0.02269   0.08410   0.16615   0.05694   0.22131   0.12616   5.68288   1.51899   1.13826   1.68047   0.73608  
 46 13.8748   2238.741450  x:  0.10784   0.01606   0.17185   0.00926   0.04335   0.01291   0.03736   0.01740   0.09746   0.26561   0.05288   0.19424   0.00000   0.17520   0.00359   0.23970   0.04079   0.06068   0.02266   0.08379   0.16543   0.05686   0.22155   0.12646   5.71327   1.51463   1.13728   1.69058   0.74067  
 47 62.2810   2238.532816  x:  0.10872   0.01606   0.17414   0.00934   0.04273   0.01262   0.03720   0.01741   0.10902   0.26526   0.05104   0.19246   0.00000   0.17823   0.00037   0.24121   0.04099   0.06069   0.02259   0.08238   0.16426   0.05625   0.22208   0.12733   5.79668   1.50457   1.13639   1.71859   0.75323  
 48 174.2062   2238.209888  x:  0.10820   0.01597   0.17304   0.00874   0.04383   0.01278   0.03707   0.01744   0.10333   0.27807   0.05470   0.19644   0.00000   0.18517   0.00000   0.24997   0.04079   0.06020   0.02250   0.08287   0.16806   0.05460   0.22176   0.12681   5.90600   1.50030   1.14158   1.75256   0.76607  
 49 65.1625   2238.209888  x:  0.10820   0.01597   0.17304   0.00874   0.04383   0.01278   0.03707   0.01744   0.10333   0.27807   0.05470   0.19644   0.00000   0.18517   0.00000   0.24997   0.04079   0.06020   0.02250   0.08287   0.16806   0.05460   0.22176   0.12681   5.90600   1.50030   1.14158   1.75256   0.76607  
 50 51.5833   2238.136892  x:  0.10881   0.01554   0.17231   0.00710   0.04370   0.01514   0.03736   0.01941   0.10277   0.27835   0.05355   0.19590   0.00000   0.18492   0.00008   0.24998   0.04231   0.06028   0.02105   0.08284   0.16783   0.05551   0.22186   0.12743   5.90638   1.50129   1.14216   1.75225   0.76553  
 51 31.0729   2238.101951  x:  0.10940   0.01542   0.17161   0.00747   0.04371   0.01476   0.03751   0.01936   0.10221   0.27864   0.05288   0.19538   0.00000   0.18464   0.00000   0.24995   0.04339   0.06039   0.02057   0.08278   0.16762   0.05627   0.22197   0.12802   5.90679   1.50235   1.14279   1.75192   0.76494  
 52 20.7965   2238.052585  x:  0.11116   0.01624   0.16916   0.00634   0.04342   0.01506   0.03732   0.01816   0.10079   0.27983   0.05183   0.19351   0.00000   0.18349   0.00000   0.24958   0.04397   0.06080   0.02287   0.08237   0.16718   0.05775   0.22238   0.12978   5.90868   1.50709   1.14560   1.75051   0.76238  
 53 24.2289   2237.989748  x:  0.11302   0.01674   0.16595   0.00826   0.04342   0.01607   0.03681   0.01959   0.09969   0.28170   0.05256   0.19091   0.00000   0.18170   0.00000   0.24879   0.04183   0.06080   0.02388   0.08169   0.16699   0.05824   0.22296   0.13164   5.91207   1.51546   1.15055   1.74813   0.75795  
 54 33.7551   2237.915367  x:  0.11411   0.01618   0.16295   0.00662   0.04329   0.01476   0.03672   0.01949   0.09952   0.28371   0.05420   0.18840   0.00000   0.17982   0.00000   0.24775   0.03914   0.06028   0.02180   0.08133   0.16722   0.05749   0.22355   0.13272   5.91672   1.52662   1.15715   1.74514   0.75223  
 55 51.3471   2237.829859  x:  0.11280   0.01597   0.16246   0.00713   0.04436   0.01661   0.03775   0.01724   0.10162   0.28536   0.05579   0.18751   0.00000   0.17875   0.00000   0.24672   0.04092   0.05986   0.02101   0.08265   0.16830   0.05539   0.22397   0.13141   5.92359   1.54227   1.16627   1.74156   0.74475  
 56 36.6202   2237.744889  x:  0.11062   0.01645   0.16359   0.00657   0.04497   0.01498   0.03805   0.01950   0.10384   0.28637   0.05611   0.18790   0.00000   0.17862   0.00000   0.24604   0.04341   0.05999   0.02258   0.08409   0.16945   0.05415   0.22419   0.12924   5.93123   1.55906   1.17600   1.73817   0.73717  
 57 75.3625   2237.659137  x:  0.10835   0.01615   0.16803   0.00703   0.04362   0.01515   0.03574   0.01903   0.10420   0.28561   0.05265   0.19112   0.00000   0.18100   0.00000   0.24661   0.04162   0.06097   0.02197   0.08354   0.16994   0.05728   0.22391   0.12696   5.94052   1.57737   1.18642   1.73599   0.73046  
 58 34.8513   2237.630699  x:  0.10900   0.01575   0.17031   0.00705   0.04322   0.01516   0.03868   0.01908   0.10279   0.28437   0.05287   0.19316   0.00000   0.18247   0.00000   0.24740   0.04093   0.06072   0.02227   0.08275   0.16966   0.05775   0.22354   0.12762   5.94497   1.58426   1.19017   1.73666   0.72945  
 59 18.4689   2237.595338  x:  0.11133   0.01615   0.17277   0.00676   0.04380   0.01524   0.03709   0.01906   0.10047   0.28190   0.05482   0.19589   0.00000   0.18433   0.00000   0.24901   0.04195   0.05994   0.02203   0.08215   0.16875   0.05617   0.22289   0.12995   5.95234   1.59330   1.19490   1.73984   0.73039  
 60 17.1356   2237.565202  x:  0.11229   0.01383   0.17212   0.00687   0.04407   0.01521   0.03672   0.01907   0.10126   0.27987   0.05400   0.19639   0.00000   0.18506   0.00000   0.25066   0.04173   0.06079   0.02265   0.08285   0.16744   0.05458   0.22254   0.13091   5.96080   1.60114   1.19888   1.74551   0.73372  
 61 13.9031   2237.492387  x:  0.11337   0.01639   0.16947   0.00711   0.04403   0.01505   0.03749   0.01909   0.10419   0.27540   0.05174   0.19656   0.00000   0.18636   0.00000   0.25472   0.04069   0.06232   0.02176   0.08460   0.16418   0.05215   0.22196   0.13199   5.98358   1.62091   1.20886   1.76169   0.74341  
 62 57.2774   2237.385605  x:  0.11070   0.01615   0.16580   0.00710   0.04229   0.01516   0.03719   0.01906   0.10516   0.27283   0.05520   0.19422   0.00000   0.18739   0.00000   0.25878   0.04158   0.05918   0.02217   0.08406   0.16168   0.05589   0.22188   0.12931   6.01958   1.64908   1.22333   1.78870   0.75871  
 63 46.6372   2237.289094  x:  0.10778   0.01628   0.16619   0.00672   0.04671   0.01505   0.03733   0.01905   0.10057   0.27564   0.05409   0.19157   0.00000   0.18616   0.00000   0.25750   0.04139   0.06026   0.02204   0.08100   0.16456   0.05536   0.22253   0.12640   6.05481   1.67294   1.23628   1.81610   0.77156  
 64 44.4778   2237.212814  x:  0.10826   0.01622   0.16898   0.00718   0.04173   0.01504   0.03721   0.01903   0.09914   0.28046   0.05332   0.19088   0.00000   0.18407   0.00000   0.25283   0.04200   0.06130   0.02181   0.08164   0.16859   0.05395   0.22312   0.12687   6.08417   1.68951   1.24616   1.83913   0.77926  
 65 43.6807   2237.155988  x:  0.11080   0.01602   0.17192   0.00689   0.04368   0.01483   0.03720   0.01906   0.10244   0.28449   0.05306   0.19225   0.00000   0.18244   0.00000   0.24753   0.04128   0.05967   0.02185   0.08387   0.17022   0.05696   0.22322   0.12941   6.10881   1.69999   1.25360   1.85810   0.78192  
 66 33.3347   2237.100069  x:  0.11067   0.01598   0.17036   0.00670   0.04372   0.01488   0.03721   0.01903   0.10394   0.28393   0.05492   0.19572   0.00000   0.18096   0.00000   0.24317   0.04210   0.06320   0.02154   0.08070   0.16697   0.05788   0.22208   0.12929   6.13863   1.70465   1.26087   1.87851   0.77561  
 67 14.3352   2237.022546  x:  0.10945   0.01593   0.16738   0.00700   0.04332   0.01491   0.03714   0.01902   0.10175   0.28095   0.05253   0.19809   0.00000   0.18022   0.00000   0.24044   0.04187   0.05888   0.02181   0.08093   0.16423   0.05599   0.22083   0.12807   6.18224   1.70859   1.27060   1.90645   0.76350  
 68 39.3148   2236.958382  x:  0.10945   0.01598   0.16740   0.00685   0.04376   0.01500   0.03718   0.01899   0.09973   0.27816   0.05402   0.19480   0.00000   0.18250   0.00000   0.24452   0.04120   0.06107   0.02151   0.08521   0.16670   0.05695   0.22121   0.12806   6.22176   1.71010   1.27805   1.92860   0.75190  
 69 31.5773   2236.930925  x:  0.11032   0.01595   0.16883   0.00690   0.04350   0.01490   0.03714   0.01899   0.10202   0.27802   0.05342   0.19204   0.00000   0.18341   0.00000   0.24829   0.04167   0.06027   0.02162   0.08193   0.16845   0.05622   0.22211   0.12893   6.24065   1.71001   1.28055   1.93584   0.74765  
 70 18.5109   2236.863070  x:  0.10989   0.01577   0.17259   0.00677   0.04340   0.01481   0.03715   0.01898   0.10136   0.28628   0.05329   0.19250   0.00000   0.18066   0.00000   0.25612   0.04141   0.06031   0.02161   0.08291   0.16102   0.05480   0.22463   0.12850   6.30337   1.70617   1.28133   1.93433   0.74746  
 71  7.1426   2236.427936  x:  0.11099   0.01603   0.16034   0.00700   0.04378   0.01455   0.03727   0.01894   0.10191   0.30171   0.05288   0.20335   0.00000   0.19671   0.00000   0.26099   0.04207   0.06030   0.02150   0.08263   0.16720   0.05371   0.22107   0.12960   6.73485   1.67983   1.27609   1.89543   0.76291  
 72 33.6040   2235.857742  x:  0.11174   0.01600   0.17052   0.00717   0.04381   0.01429   0.03744   0.01892   0.10162   0.28183   0.05287   0.18974   0.00000   0.18578   0.00000   0.24747   0.04282   0.06083   0.02125   0.08308   0.16608   0.05688   0.22002   0.13036   7.29889   1.64884   1.26207   1.83927   0.78473  
 73 140.0777   2235.819397  x:  0.11186   0.01585   0.16905   0.00718   0.04388   0.01427   0.03745   0.01891   0.10156   0.27923   0.05294   0.19396   0.00000   0.18037   0.00000   0.24924   0.04280   0.06082   0.02123   0.08306   0.16964   0.05791   0.22568   0.13047   7.33710   1.65055   1.25336   1.83655   0.78439  
 74 16.6466   2235.778878  x:  0.11180   0.01583   0.16933   0.00717   0.04381   0.01418   0.03741   0.01889   0.10150   0.28028   0.05282   0.19232   0.00000   0.18262   0.00000   0.24825   0.04283   0.06078   0.02116   0.08300   0.16782   0.05738   0.22446   0.13042   7.37797   1.65936   1.23002   1.83575   0.78037  
 75  8.0629   2235.778522  x:  0.11181   0.01583   0.16932   0.00717   0.04381   0.01418   0.03741   0.01890   0.10150   0.28033   0.05281   0.19241   0.00000   0.18215   0.00000   0.24855   0.04283   0.06078   0.02116   0.08300   0.16804   0.05745   0.22361   0.13042   7.37851   1.65947   1.22985   1.83578   0.78032  
 76  0.6376   2235.753342  x:  0.11252   0.01557   0.16802   0.00699   0.04372   0.01490   0.03755   0.01944   0.10090   0.28252   0.05200   0.19228   0.00000   0.18257   0.00000   0.24959   0.04396   0.06084   0.02029   0.08296   0.16727   0.05792   0.22389   0.13113   7.48278   1.67305   1.24212   1.85379   0.77741  
 77  0.1588   2235.742852  x:  0.11255   0.01563   0.16777   0.00753   0.04374   0.01398   0.03748   0.01883   0.10088   0.28340   0.05211   0.19249   0.00000   0.18288   0.00000   0.25009   0.04386   0.06083   0.02060   0.08296   0.16699   0.05771   0.22390   0.13116   7.53168   1.67884   1.24740   1.86200   0.77621  
 78  0.3466   2235.742087  x:  0.11247   0.01566   0.16781   0.00752   0.04376   0.01410   0.03747   0.01884   0.10101   0.28336   0.05228   0.19269   0.00000   0.18303   0.00000   0.25017   0.04378   0.06081   0.02073   0.08295   0.16701   0.05757   0.22387   0.13108   7.56014   1.67766   1.24646   1.85898   0.77675  
 79  0.0259   2235.742076  x:  0.11246   0.01566   0.16783   0.00751   0.04376   0.01407   0.03747   0.01884   0.10101   0.28333   0.05226   0.19267   0.00000   0.18303   0.00000   0.25016   0.04377   0.06081   0.02071   0.08296   0.16702   0.05757   0.22387   0.13107   7.56204   1.67755   1.24643   1.85900   0.77683  
 80  0.0019   2235.742076  x:  0.11246   0.01566   0.16783   0.00751   0.04376   0.01407   0.03747   0.01884   0.10101   0.28333   0.05226   0.19267   0.00000   0.18303   0.00000   0.25016   0.04376   0.06081   0.02071   0.08296   0.16703   0.05757   0.22387   0.13107   7.56209   1.67755   1.24643   1.85905   0.77684  
 81  0.0001   2235.742076  x:  0.11246   0.01566   0.16783   0.00751   0.04376   0.01407   0.03747   0.01884   0.10101   0.28334   0.05226   0.19267   0.00000   0.18303   0.00000   0.25016   0.04376   0.06081   0.02071   0.08296   0.16702   0.05757   0.22387   0.13107   7.56208   1.67755   1.24643   1.85905   0.77684  
 82  0.0000   2235.742076  x:  0.11246   0.01566   0.16783   0.00751   0.04376   0.01407   0.03747   0.01884   0.10101   0.28334   0.05226   0.19267   0.00000   0.18303   0.00000   0.25016   0.04376   0.06081   0.02071   0.08296   0.16702   0.05757   0.22387   0.13107   7.56208   1.67755   1.24643   1.85905   0.77684  