

TREE # 1

  0  0.0000   2019.454009  x:  0.20925   0.02571   0.03211   0.02495   0.05815   0.02188   0.05666   0.08536   0.02661   0.17168   0.20925   0.02571   0.03211   0.02495   0.05815   0.02188   0.05666   0.08536   0.02661   0.17168   0.21568   8.40433   1.73875   1.30248   1.33039   1.00000  
  1 99.0000   1949.312872  x:  0.20245   0.00607   0.11697   0.01535   0.06455   0.02611   0.05754   0.07625   0.03155   0.16487   0.20898   0.00000   0.02314   0.26889   0.05486   0.04125   0.07180   0.09104   0.02364   0.16841   0.20958   8.40447   1.73883   1.30107   1.33332   0.99812  
  2 1352.7119   1948.313691  x:  0.19925   0.00000   0.11963   0.01310   0.06614   0.02544   0.05760   0.07140   0.02974   0.16143   0.20901   0.00000   0.01916   0.26788   0.05275   0.03843   0.07408   0.09336   0.02419   0.16679   0.20642   8.40456   1.73890   1.30052   1.33477   0.99702  
  3 112.7764   1946.934765  x:  0.18925   0.00566   0.12858   0.00958   0.07057   0.02414   0.05784   0.05784   0.02684   0.15054   0.20911   0.00000   0.00956   0.26528   0.04698   0.03099   0.08098   0.10016   0.02520   0.16167   0.19635   8.40484   1.73913   1.29867   1.33954   0.99331  
  4 205.8766   1946.146669  x:  0.17933   0.00603   0.13609   0.01633   0.07317   0.02490   0.05822   0.04781   0.02618   0.14003   0.20922   0.00000   0.01588   0.26270   0.04483   0.02934   0.08698   0.10523   0.02456   0.15676   0.18624   8.40517   1.73936   1.29655   1.34495   0.98913  
  5 139.1695   1945.643181  x:  0.16905   0.00595   0.14120   0.01116   0.07249   0.02588   0.05794   0.04907   0.02895   0.13009   0.20933   0.00000   0.01825   0.25982   0.04888   0.03699   0.08861   0.10720   0.02289   0.15210   0.17544   8.40564   1.73968   1.29352   1.35260   0.98322  
  6 68.4330   1945.417008  x:  0.16299   0.00543   0.14311   0.01522   0.07076   0.02549   0.05796   0.05443   0.02885   0.12547   0.20941   0.00000   0.01466   0.25919   0.05029   0.03814   0.08685   0.10653   0.02383   0.14974   0.16885   8.40607   1.73999   1.29077   1.35958   0.97778  
  7 56.1409   1945.209014  x:  0.15785   0.00556   0.14291   0.01321   0.06861   0.02461   0.05777   0.05909   0.02708   0.12399   0.20952   0.00000   0.01767   0.26003   0.04836   0.03253   0.08339   0.10362   0.02463   0.14842   0.16298   8.40682   1.74056   1.28617   1.37145   0.96837  
  8 40.3240   1944.797928  x:  0.15316   0.00519   0.13798   0.01362   0.06864   0.02862   0.05783   0.05369   0.03156   0.12894   0.20965   0.00000   0.01612   0.26164   0.04706   0.03136   0.07725   0.09717   0.02071   0.14896   0.15698   8.40921   1.74257   1.27237   1.40761   0.93928  
  9 42.2612   1944.373964  x:  0.15183   0.00572   0.13335   0.01363   0.07023   0.02417   0.05774   0.04886   0.02904   0.13403   0.20965   0.00000   0.01636   0.26295   0.04821   0.03565   0.07666   0.09512   0.02747   0.15031   0.15496   8.41208   1.74519   1.25675   1.44961   0.90499  
 10 122.6308   1943.973959  x:  0.15587   0.00586   0.13290   0.01387   0.07162   0.02461   0.05739   0.05302   0.02409   0.13480   0.20913   0.00000   0.01592   0.26267   0.04877   0.03605   0.08443   0.10073   0.02230   0.15157   0.15973   8.41512   1.74845   1.24276   1.49050   0.87060  
 11 92.2947   1943.838473  x:  0.15889   0.00531   0.13458   0.01375   0.07091   0.02527   0.05726   0.05510   0.02902   0.13298   0.20869   0.00000   0.01601   0.26201   0.04832   0.03413   0.08698   0.10376   0.02447   0.15167   0.16347   8.41642   1.75015   1.23860   1.50543   0.85744  
 12 72.8949   1943.777217  x:  0.16206   0.00524   0.13814   0.01373   0.06818   0.02439   0.05737   0.05357   0.02839   0.12854   0.20790   0.00000   0.01614   0.26108   0.04858   0.03424   0.08319   0.10297   0.02390   0.15069   0.16782   8.41753   1.75244   1.23976   1.51199   0.85005  
 13 16.8511   1943.766373  x:  0.16250   0.00526   0.13872   0.01362   0.06903   0.02581   0.05735   0.05368   0.02777   0.12788   0.20772   0.00000   0.01620   0.26089   0.04847   0.03441   0.08267   0.10234   0.02462   0.15033   0.16845   8.41801   1.75364   1.24143   1.51310   0.84813  
 14  9.5399   1943.737120  x:  0.16298   0.00515   0.13959   0.01370   0.07263   0.02470   0.05726   0.05447   0.02832   0.12729   0.20729   0.00000   0.01633   0.26057   0.04794   0.03455   0.08252   0.10018   0.02418   0.14919   0.16916   8.41997   1.75890   1.24957   1.51590   0.84163  
 15 12.4263   1943.630788  x:  0.16214   0.00508   0.13877   0.01369   0.06909   0.02510   0.05758   0.05389   0.02823   0.12995   0.20674   0.00000   0.01599   0.26084   0.04932   0.03405   0.08551   0.09944   0.02447   0.14770   0.16812   8.42870   1.78270   1.28614   1.52601   0.81644  
 16 20.7031   1943.607779  x:  0.16175   0.00509   0.13790   0.01372   0.06959   0.02506   0.05728   0.05415   0.02827   0.12982   0.20742   0.00000   0.01620   0.26113   0.04772   0.03484   0.08324   0.10281   0.02434   0.14991   0.16747   8.43115   1.78951   1.29424   1.52924   0.81233  
 17 14.5091   1943.594822  x:  0.16169   0.00510   0.13763   0.01370   0.07038   0.02504   0.05775   0.05393   0.02827   0.12885   0.20863   0.00000   0.01624   0.26132   0.04991   0.03377   0.08283   0.10313   0.02432   0.15226   0.16730   8.43347   1.79605   1.29824   1.53314   0.81307  
 18  6.1882   1943.547386  x:  0.16197   0.00505   0.13780   0.01370   0.06929   0.02507   0.05711   0.05400   0.02827   0.12677   0.21218   0.00000   0.01606   0.26110   0.04774   0.03477   0.08500   0.10026   0.02445   0.15634   0.16754   8.44365   1.82433   1.31162   1.55098   0.82130  
 19 13.5750   1943.462372  x:  0.16259   0.00499   0.13917   0.01364   0.06964   0.02501   0.05811   0.05427   0.02821   0.13015   0.21163   0.00000   0.01633   0.26068   0.04839   0.03459   0.08342   0.10261   0.02446   0.15001   0.16859   8.46355   1.87757   1.33510   1.58554   0.83962  
 20 28.8696   1943.456251  x:  0.16266   0.00501   0.13829   0.01369   0.06967   0.02501   0.05656   0.05413   0.02822   0.12955   0.20924   0.00000   0.01630   0.26098   0.04866   0.03442   0.08351   0.10268   0.02447   0.15005   0.16857   8.46550   1.88097   1.33692   1.58813   0.84111  
 21  6.7433   1943.453454  x:  0.16267   0.00502   0.13773   0.01366   0.06966   0.02501   0.05750   0.05414   0.02823   0.12908   0.20737   0.00000   0.01628   0.26113   0.04846   0.03450   0.08368   0.10262   0.02448   0.15040   0.16852   8.46683   1.88222   1.33788   1.58944   0.84190  
 22  4.7884   1943.450714  x:  0.16236   0.00497   0.13918   0.01365   0.06963   0.02501   0.05740   0.05424   0.02821   0.12998   0.20643   0.00000   0.01631   0.26065   0.04850   0.03453   0.08363   0.10253   0.02450   0.15141   0.16843   8.47131   1.88103   1.33961   1.59131   0.84309  
 23  1.1200   1943.435377  x:  0.16260   0.00492   0.13805   0.01361   0.06965   0.02501   0.05744   0.05418   0.02822   0.12921   0.20775   0.00000   0.01623   0.26096   0.04844   0.03449   0.08376   0.10276   0.02449   0.15052   0.16881   8.50148   1.87167   1.34968   1.60172   0.84981  
 24  4.1442   1943.355228  x:  0.17154   0.00411   0.13930   0.01331   0.06972   0.02498   0.05744   0.05417   0.02802   0.12898   0.20784   0.00000   0.01588   0.26021   0.04832   0.03428   0.08384   0.10275   0.02443   0.15028   0.16056   8.70581   1.87231   1.34801   1.60155   0.85049  
 25  2.5853   1943.062071  x:  0.16134   0.00152   0.13877   0.01226   0.07019   0.02491   0.05745   0.05434   0.02769   0.12846   0.20830   0.00000   0.01450   0.25903   0.04776   0.03334   0.08433   0.10282   0.02421   0.15030   0.16744   9.44816   1.87772   1.33877   1.59755   0.85099  
 26 133.5729   1943.034951  x:  0.16179   0.00262   0.13771   0.01260   0.06996   0.02491   0.05743   0.05495   0.02771   0.12927   0.20829   0.00000   0.01529   0.25842   0.04812   0.03388   0.08378   0.10250   0.02432   0.15072   0.16853   9.63111   1.87541   1.33570   1.59540   0.85278  
 27  0.1616   1943.030303  x:  0.16241   0.00237   0.13793   0.01278   0.06997   0.02494   0.05744   0.05451   0.02786   0.12895   0.20826   0.00000   0.01524   0.25692   0.04812   0.03389   0.08396   0.10272   0.02428   0.15052   0.16774   9.73705   1.87460   1.33596   1.59695   0.85452  
 28  0.0639   1943.024521  x:  0.16151   0.00240   0.13720   0.01251   0.06995   0.02487   0.05744   0.05462   0.02775   0.12890   0.20829   0.00000   0.01532   0.25301   0.04794   0.03349   0.08380   0.10255   0.02440   0.15055   0.16778   9.70217   1.87666   1.33661   1.59788   0.85338  
 29  0.0068   1943.023653  x:  0.16208   0.00244   0.13702   0.01270   0.06996   0.02492   0.05743   0.05462   0.02779   0.12904   0.20823   0.00000   0.01529   0.25232   0.04809   0.03377   0.08379   0.10259   0.02430   0.15058   0.16795   9.67968   1.87571   1.33608   1.59754   0.85363  
 30  0.0199   1943.023646  x:  0.16209   0.00244   0.13704   0.01269   0.06995   0.02491   0.05743   0.05463   0.02779   0.12902   0.20822   0.00000   0.01532   0.25232   0.04810   0.03377   0.08380   0.10262   0.02431   0.15057   0.16795   9.67914   1.87549   1.33593   1.59742   0.85375  
 31  0.0006   1943.023646  x:  0.16208   0.00244   0.13704   0.01270   0.06995   0.02491   0.05743   0.05463   0.02779   0.12902   0.20822   0.00000   0.01532   0.25232   0.04810   0.03377   0.08380   0.10262   0.02431   0.15057   0.16795   9.67911   1.87548   1.33592   1.59740   0.85375  
 32  0.0000   1943.023646  x:  0.16209   0.00244   0.13704   0.01270   0.06995   0.02491   0.05743   0.05463   0.02779   0.12902   0.20822   0.00000   0.01532   0.25232   0.04810   0.03377   0.08380   0.10262   0.02431   0.15057   0.16795   9.67910   1.87548   1.33592   1.59740   0.85375  