

TREE # 1

  0  0.0000   2097.570315  x:  0.01972   0.20925   0.02571   0.03211   0.02495   0.05815   0.02188   0.05666   0.08536   0.02661   0.17168   0.20925   0.02571   0.03211   0.02495   0.05815   0.02188   0.05666   0.08536   0.02661   0.17168   0.21568   8.40433   1.59157   1.06741   1.11767   1.00000  
  1 99.0000   2083.324262  x:  0.00000   0.20954   0.03029   0.02302   0.01927   0.05994   0.05093   0.06149   0.09623   0.05769   0.17361   0.20532   0.03194   0.03427   0.04580   0.07957   0.02608   0.06485   0.09705   0.03054   0.17122   0.21547   8.40437   1.59148   1.06528   1.12141   0.99959  
  2 418.6998   2080.735902  x:  0.00000   0.21032   0.02502   0.01287   0.01615   0.06258   0.03798   0.06871   0.11569   0.05500   0.17843   0.19444   0.03122   0.03237   0.04276   0.10320   0.02207   0.07522   0.11873   0.03224   0.17069   0.21472   8.40448   1.59123   1.05976   1.13198   0.99842  
  3 117.9810   2080.128092  x:  0.00000   0.21078   0.02661   0.02297   0.01997   0.06310   0.03698   0.07025   0.12293   0.05320   0.18107   0.18772   0.03086   0.03060   0.04160   0.10989   0.02329   0.07772   0.12720   0.03309   0.17047   0.21425   8.40457   1.59110   1.05611   1.13911   0.99758  
  4 110.6663   2079.468786  x:  0.00000   0.21155   0.03086   0.02034   0.01860   0.06123   0.04488   0.06633   0.12795   0.04565   0.18702   0.16955   0.02976   0.02594   0.03892   0.10561   0.02668   0.07354   0.13589   0.03465   0.17024   0.21298   8.40485   1.59082   1.04520   1.16136   0.99482  
  5 50.4434   2078.822321  x:  0.00000   0.21174   0.02908   0.02031   0.02000   0.06023   0.04067   0.06338   0.12780   0.05126   0.19297   0.14922   0.03129   0.02785   0.04319   0.09686   0.02174   0.06917   0.14033   0.03739   0.17031   0.21149   8.40529   1.59066   1.02986   1.19327   0.99060  
  6 77.5075   2078.489273  x:  0.00000   0.21088   0.02563   0.02098   0.01735   0.06161   0.03824   0.06645   0.12334   0.05442   0.19431   0.14437   0.02945   0.02692   0.04255   0.09637   0.02868   0.07174   0.13713   0.03572   0.17076   0.21085   8.40569   1.59099   1.01822   1.21874   0.98683  
  7 56.2563   2077.965671  x:  0.00000   0.20876   0.02677   0.01954   0.02152   0.06365   0.04137   0.07161   0.11556   0.05324   0.19374   0.14681   0.02906   0.02701   0.03894   0.10142   0.02400   0.07759   0.12887   0.03399   0.17165   0.21023   8.40648   1.59221   0.99820   1.26476   0.97947  
  8 85.3185   2077.736582  x:  0.00000   0.20766   0.02885   0.02114   0.01688   0.06247   0.04052   0.06986   0.11546   0.05038   0.19191   0.15294   0.03151   0.02882   0.04144   0.10414   0.02289   0.07708   0.12632   0.03531   0.17175   0.21020   8.40694   1.59339   0.98985   1.28681   0.97544  
  9 70.7905   2077.595592  x:  0.00000   0.20692   0.02798   0.01990   0.01995   0.06079   0.03950   0.06608   0.11857   0.05036   0.18934   0.16012   0.03106   0.02905   0.04322   0.10489   0.02511   0.07405   0.12637   0.03508   0.17138   0.21036   8.40735   1.59496   0.98560   1.30239   0.97201  
 10 50.9102   2077.542438  x:  0.00000   0.20681   0.02711   0.02051   0.01881   0.06074   0.04006   0.06534   0.12080   0.05217   0.18768   0.16349   0.02939   0.02840   0.04151   0.10365   0.02393   0.07254   0.12756   0.03370   0.17088   0.21051   8.40761   1.59631   0.98541   1.30884   0.97006  
 11 27.8668   2077.509247  x:  0.00000   0.20720   0.02757   0.02029   0.01896   0.06194   0.04024   0.06736   0.12214   0.05250   0.18584   0.16545   0.03096   0.02934   0.04061   0.10085   0.02451   0.07289   0.12949   0.03394   0.17001   0.21068   8.40799   1.59887   0.98836   1.31400   0.96748  
 12 12.9390   2077.467479  x:  0.00000   0.20814   0.02744   0.02031   0.01901   0.06224   0.04038   0.06874   0.12202   0.05139   0.18370   0.16622   0.02937   0.02825   0.04330   0.09899   0.02400   0.07451   0.13101   0.03386   0.16877   0.21089   8.40877   1.60441   0.99615   1.32154   0.96259  
 13 15.3910   2077.304965  x:  0.00000   0.21166   0.02747   0.02038   0.01899   0.05946   0.04008   0.06541   0.11800   0.05256   0.17882   0.16463   0.03023   0.02792   0.04111   0.10161   0.02427   0.07604   0.13226   0.03553   0.16563   0.21153   8.41238   1.63108   1.03380   1.35243   0.94081  
 14 30.9169   2077.226240  x:  0.00000   0.21154   0.02712   0.02047   0.01898   0.06244   0.04040   0.06647   0.11926   0.05171   0.18107   0.16373   0.03065   0.02957   0.04191   0.10368   0.02425   0.07230   0.12977   0.03264   0.16717   0.21158   8.41434   1.64641   1.05245   1.36726   0.93052  
 15 37.5581   2077.189325  x:  0.00000   0.20991   0.02813   0.02027   0.01900   0.06213   0.03997   0.06753   0.12150   0.05237   0.18479   0.16443   0.02974   0.02878   0.04165   0.10317   0.02431   0.07234   0.12743   0.03484   0.16967   0.21139   8.41546   1.65588   1.06088   1.37417   0.92635  
 16 23.3859   2077.172692  x:  0.00000   0.20847   0.02679   0.02047   0.01898   0.06110   0.04053   0.06711   0.12219   0.05211   0.18694   0.16501   0.03066   0.02879   0.04167   0.10242   0.02415   0.07382   0.12725   0.03430   0.17105   0.21122   8.41608   1.66163   1.06401   1.37703   0.92528  
 17 15.5850   2077.159976  x:  0.00000   0.20709   0.02805   0.02028   0.01899   0.06097   0.04012   0.06637   0.12165   0.05239   0.18810   0.16547   0.03040   0.02929   0.04173   0.10207   0.02429   0.07472   0.12820   0.03305   0.17171   0.21103   8.41674   1.66792   1.06559   1.37898   0.92550  
 18 10.9772   2077.127302  x:  0.00000   0.20415   0.02725   0.02043   0.01894   0.06247   0.04050   0.06605   0.11901   0.05222   0.18882   0.16638   0.02971   0.02950   0.04172   0.10246   0.02429   0.07371   0.13093   0.03462   0.17182   0.21059   8.41878   1.68752   1.06803   1.38355   0.92827  
 19 15.0146   2077.100982  x:  0.00000   0.20377   0.02755   0.02036   0.01898   0.06148   0.04009   0.06720   0.11889   0.05253   0.18760   0.16602   0.03102   0.02738   0.04198   0.10285   0.02410   0.07256   0.13076   0.03404   0.17095   0.21047   8.42061   1.70435   1.06943   1.38711   0.93163  
 20 22.0383   2077.073770  x:  0.00000   0.20535   0.02743   0.02036   0.01894   0.06030   0.04045   0.06762   0.12078   0.05233   0.18535   0.16476   0.03010   0.02922   0.04184   0.10295   0.02420   0.07300   0.12883   0.03396   0.16968   0.21059   8.42271   1.72237   1.07073   1.39088   0.93607  
 21 26.1742   2077.067856  x:  0.00000   0.20654   0.02743   0.02035   0.01892   0.06160   0.04040   0.06658   0.12138   0.05240   0.18504   0.16462   0.03035   0.02879   0.04183   0.10281   0.02416   0.07371   0.12817   0.03406   0.16967   0.21074   8.42331   1.72609   1.07117   1.39188   0.93757  
 22  8.7627   2077.062395  x:  0.00000   0.20949   0.02737   0.02034   0.01892   0.06135   0.04042   0.06680   0.12082   0.05248   0.18608   0.16535   0.03031   0.02884   0.04187   0.10282   0.02417   0.07349   0.12874   0.03403   0.17077   0.21118   8.42452   1.72808   1.07263   1.39366   0.94121  
 23  2.3363   2077.042374  x:  0.00000   0.20762   0.02743   0.02032   0.01891   0.06143   0.04056   0.06680   0.12117   0.05263   0.18653   0.16546   0.03037   0.02895   0.04196   0.10304   0.02416   0.07355   0.12835   0.03401   0.16920   0.21100   8.43141   1.72981   1.08203   1.40219   0.96039  
 24  2.5514   2077.038827  x:  0.00000   0.20707   0.02745   0.02031   0.01891   0.06142   0.04061   0.06680   0.12123   0.05265   0.18496   0.16498   0.03038   0.02891   0.04199   0.10311   0.02416   0.07354   0.12851   0.03406   0.17145   0.21079   8.43339   1.72988   1.08286   1.40298   0.96204  
 25  1.4681   2076.438638  x:  0.00000   0.20942   0.02831   0.01804   0.01760   0.06157   0.04927   0.06745   0.12431   0.06259   0.18754   0.15982   0.03185   0.02861   0.04841   0.11066   0.02463   0.07535   0.13434   0.03558   0.16919   0.20041   8.88830   1.72812   1.07532   1.42194   0.95184  
 26  1.1507   2076.398206  x:  0.00000   0.20801   0.02839   0.01789   0.01751   0.06157   0.04984   0.06748   0.12452   0.06321   0.18761   0.15883   0.03195   0.02855   0.04883   0.11116   0.02466   0.07548   0.13479   0.03573   0.16932   0.21071   8.91827   1.72802   1.07467   1.42321   0.95111  
 27 21.1496   2076.385035  x:  0.00000   0.20794   0.02751   0.01823   0.01771   0.06189   0.04970   0.06804   0.12509   0.06481   0.18715   0.16108   0.03174   0.02884   0.04886   0.11262   0.02415   0.07599   0.13454   0.03535   0.16980   0.21086   8.90962   1.72408   1.07447   1.41375   0.95444  
 28  0.0114   2076.384552  x:  0.00000   0.20809   0.02761   0.01809   0.01764   0.06181   0.04966   0.06791   0.12522   0.06509   0.18717   0.16086   0.03178   0.02880   0.04887   0.11278   0.02427   0.07591   0.13464   0.03542   0.16971   0.21082   8.89593   1.72366   1.07442   1.41238   0.95396  
 29  0.0108   2076.384528  x:  0.00000   0.20806   0.02762   0.01811   0.01765   0.06182   0.04964   0.06793   0.12520   0.06511   0.18718   0.16084   0.03179   0.02880   0.04888   0.11276   0.02424   0.07592   0.13466   0.03542   0.16971   0.21082   8.88851   1.72379   1.07451   1.41270   0.95383  
 30  0.0050   2076.384527  x:  0.00000   0.20806   0.02761   0.01811   0.01764   0.06182   0.04965   0.06793   0.12520   0.06511   0.18718   0.16085   0.03178   0.02880   0.04888   0.11276   0.02425   0.07592   0.13465   0.03542   0.16972   0.21082   8.88792   1.72379   1.07449   1.41272   0.95384  
 31  0.0005   2076.384527  x:  0.00000   0.20806   0.02761   0.01811   0.01765   0.06182   0.04965   0.06792   0.12520   0.06511   0.18718   0.16085   0.03178   0.02880   0.04888   0.11276   0.02425   0.07592   0.13465   0.03542   0.16972   0.21082   8.88787   1.72378   1.07449   1.41271   0.95384  
 32  0.0000   2076.384527  x:  0.00000   0.20806   0.02761   0.01811   0.01765   0.06182   0.04965   0.06792   0.12520   0.06511   0.18718   0.16085   0.03178   0.02880   0.04888   0.11276   0.02425   0.07592   0.13465   0.03542   0.16972   0.21082   8.88786   1.72378   1.07449   1.41271   0.95384  
 33  0.0000   2076.384527  x:  0.00000   0.20806   0.02761   0.01811   0.01765   0.06182   0.04965   0.06792   0.12520   0.06511   0.18718   0.16085   0.03178   0.02880   0.04888   0.11276   0.02425   0.07592   0.13465   0.03542   0.16972   0.21082   8.88786   1.72378   1.07449   1.41271   0.95384  
 34  0.0000   2076.384527  x:  0.00000   0.20806   0.02761   0.01811   0.01765   0.06182   0.04965   0.06792   0.12520   0.06511   0.18718   0.16085   0.03178   0.02880   0.04888   0.11276   0.02425   0.07592   0.13465   0.03542   0.16972   0.21082   8.88786   1.72378   1.07449   1.41271   0.95384  
 35  0.0000   2076.384527  x:  0.00000   0.20806   0.02761   0.01811   0.01765   0.06182   0.04965   0.06792   0.12520   0.06511   0.18718   0.16085   0.03178   0.02880   0.04888   0.11276   0.02425   0.07592   0.13465   0.03542   0.16972   0.21082   8.88786   1.72378   1.07449   1.41271   0.95384  