

TREE # 1

  0  0.0000   2346.814842  x:  0.00000   0.05657   0.05378   0.03172   0.07930   0.09088   0.04725   0.07187   0.11645   0.04601   0.11426   0.02178   0.05954   0.01962   0.03207   0.07478   0.08223   0.03592   0.07050   0.06858   0.10247   0.11509   0.08733   2.00000   1.91939   1.22785   1.33569   0.40000  
  1 99.0000   2315.782694  x:  0.26882   0.11742   0.03593   0.03553   0.06404   0.08892   0.03854   0.08332   0.12635   0.06038   0.12593   0.02275   0.10179   0.03321   0.04573   0.06813   0.08480   0.02800   0.06552   0.08072   0.09658   0.13142   0.11568   2.00445   1.91969   1.22679   1.33648   0.41501  
  2 2361.1735   2284.245574  x:  0.25603   0.15724   0.00000   0.04631   0.03479   0.08568   0.02562   0.09833   0.13953   0.06575   0.13698   0.01236   0.13980   0.03565   0.05556   0.05695   0.08893   0.01749   0.05684   0.09539   0.08520   0.15482   0.14653   2.01326   1.91984   1.22585   1.33769   0.44128  
  3 411.4396   2279.502117  x:  0.25426   0.16941   0.00000   0.03973   0.00883   0.08500   0.04328   0.09691   0.14195   0.05865   0.13875   0.01050   0.14271   0.03032   0.04918   0.05470   0.09058   0.04447   0.05549   0.09399   0.07582   0.16310   0.15554   2.02651   1.91994   1.22531   1.33899   0.46826  
  4 192.4854   2276.971436  x:  0.25246   0.18307   0.00000   0.03822   0.03395   0.08427   0.05538   0.09267   0.14333   0.04942   0.13874   0.00974   0.14034   0.02988   0.04181   0.05326   0.09047   0.05609   0.05808   0.08909   0.06218   0.17301   0.16509   2.05809   1.92025   1.22430   1.34182   0.52215  
  5 126.8602   2271.845841  x:  0.25471   0.17792   0.00000   0.05428   0.02064   0.08330   0.04890   0.08142   0.13200   0.05219   0.12721   0.01154   0.11066   0.04384   0.05625   0.06165   0.08312   0.03858   0.07049   0.07672   0.06360   0.17105   0.15607   2.15692   1.92120   1.22293   1.34963   0.64612  
  6 130.7026   2268.873887  x:  0.25764   0.16334   0.00000   0.03973   0.01566   0.08493   0.03718   0.08939   0.12444   0.04965   0.12359   0.01112   0.11591   0.02617   0.04370   0.06147   0.08498   0.02494   0.06370   0.08467   0.07488   0.16062   0.14332   2.23271   1.92212   1.22295   1.35519   0.70674  
  7 157.3755   2266.862814  x:  0.25790   0.14537   0.00000   0.04014   0.01990   0.08661   0.03600   0.09655   0.12705   0.06005   0.12674   0.01273   0.13230   0.03806   0.04744   0.05690   0.09071   0.03838   0.05264   0.09597   0.08642   0.14679   0.13417   2.31695   1.92365   1.22377   1.36092   0.73524  
  8 126.7997   2260.412456  x:  0.25888   0.12598   0.00000   0.04618   0.02082   0.08596   0.05553   0.08376   0.16445   0.07312   0.15345   0.01123   0.14433   0.01506   0.06060   0.05345   0.09319   0.02968   0.06215   0.08505   0.08353   0.13091   0.14435   2.65155   1.93111   1.23034   1.38196   0.73503  
  9 125.9797   2253.292751  x:  0.25753   0.12397   0.00000   0.02047   0.01522   0.08510   0.05922   0.07889   0.18944   0.06636   0.17301   0.00844   0.14156   0.04328   0.04678   0.05456   0.09075   0.01471   0.07061   0.07643   0.07620   0.13199   0.15411   3.05753   1.94060   1.23881   1.40692   0.71853  
 10 733.8279   2243.373271  x:  0.25725   0.14479   0.00000   0.04157   0.01501   0.08433   0.02425   0.09507   0.18778   0.05336   0.17307   0.00726   0.11342   0.04384   0.02464   0.06658   0.08162   0.03747   0.06918   0.08292   0.06797   0.15954   0.15461   3.62380   1.95470   1.25059   1.44092   0.68165  
 11 835.3814   2238.599501  x:  0.25471   0.16754   0.00000   0.02979   0.01997   0.08480   0.02574   0.10395   0.15883   0.04251   0.15425   0.00955   0.10288   0.03721   0.05572   0.06974   0.07912   0.04358   0.06059   0.09379   0.06587   0.18210   0.15033   3.93361   1.96334   1.25633   1.45884   0.65778  
 12 762.5370   2235.576452  x:  0.25225   0.18535   0.00000   0.03969   0.02048   0.08478   0.04785   0.09966   0.12083   0.05269   0.12693   0.01091   0.11146   0.03714   0.04890   0.06478   0.08259   0.03483   0.05439   0.09311   0.06743   0.19482   0.14737   4.11471   1.96960   1.25875   1.46832   0.64138  
 13 402.8791   2235.148174  x:  0.25196   0.18814   0.00000   0.04218   0.02015   0.08382   0.04331   0.09187   0.11435   0.04413   0.11746   0.00929   0.11953   0.03753   0.04995   0.05979   0.08595   0.03682   0.05807   0.08785   0.06854   0.19007   0.14909   4.13903   1.97181   1.25781   1.46844   0.63882  
 14 61.8178   2235.052290  x:  0.25122   0.19360   0.00000   0.04043   0.02031   0.08377   0.04138   0.09179   0.11408   0.04727   0.11357   0.01001   0.11831   0.03703   0.04975   0.05884   0.08519   0.03794   0.05806   0.08749   0.06672   0.18135   0.15148   4.14419   1.97508   1.25479   1.46622   0.63850  
 15 12.7870   2234.969529  x:  0.25086   0.19781   0.00000   0.04271   0.02017   0.08416   0.04403   0.09383   0.11538   0.04353   0.11239   0.00907   0.11759   0.03756   0.04958   0.06023   0.08453   0.03668   0.05705   0.08930   0.06769   0.17504   0.15120   4.14817   1.98045   1.24949   1.46226   0.63851  
 16 12.2387   2234.596971  x:  0.24912   0.20546   0.00000   0.04264   0.02007   0.08327   0.04311   0.09216   0.11330   0.04346   0.12081   0.01687   0.12079   0.03717   0.04937   0.06420   0.08673   0.03712   0.05991   0.08761   0.07278   0.17432   0.14684   4.16486   2.01282   1.21727   1.43717   0.64051  
 17 13.6304   2234.069134  x:  0.24913   0.20356   0.00000   0.04164   0.01995   0.08303   0.04132   0.09054   0.11359   0.04670   0.12222   0.00525   0.12065   0.03685   0.04997   0.06023   0.08640   0.03751   0.05836   0.08711   0.06994   0.17890   0.14419   4.18574   2.05311   1.17761   1.40496   0.64297  
 18 66.3827   2233.744916  x:  0.24962   0.19545   0.00000   0.04262   0.01884   0.08361   0.04098   0.09239   0.11657   0.04554   0.11605   0.01037   0.12049   0.03700   0.05004   0.05570   0.08428   0.03593   0.05566   0.08930   0.06498   0.18358   0.15052   4.19936   2.07703   1.15484   1.38492   0.64477  
 19 66.6137   2233.505856  x:  0.24941   0.19170   0.00000   0.04137   0.01936   0.08332   0.04130   0.09560   0.11725   0.04745   0.11094   0.00751   0.12224   0.03690   0.05002   0.06401   0.08544   0.03701   0.06069   0.09065   0.06990   0.18584   0.16042   4.20837   2.08336   1.15189   1.37683   0.64682  
 20 12.6657   2229.783531  x:  0.24234   0.19984   0.00000   0.04709   0.01714   0.08014   0.03386   0.08389   0.11209   0.04681   0.13307   0.00000   0.12282   0.03656   0.05327   0.06257   0.08836   0.03271   0.02394   0.08776   0.09118   0.18567   0.20243   4.36092   2.08897   1.23098   1.29836   0.68699  
 21 13.1022   2223.336728  x:  0.23101   0.21672   0.00000   0.05651   0.01184   0.08359   0.03030   0.09920   0.11056   0.04997   0.15710   0.00000   0.13683   0.03703   0.05757   0.03241   0.08962   0.02746   0.04858   0.10978   0.09281   0.18534   0.22126   4.59045   2.09096   1.35115   1.19042   0.74713  
 22 307.9056   2219.369899  x:  0.22345   0.22893   0.00000   0.06032   0.00665   0.08518   0.02308   0.10214   0.13063   0.05525   0.14848   0.00000   0.16957   0.03797   0.06245   0.05829   0.09261   0.02248   0.04592   0.10849   0.05973   0.18900   0.20111   4.72966   2.08778   1.41290   1.14544   0.78309  
 23 205.4170   2216.983102  x:  0.21801   0.24760   0.00000   0.05809   0.00635   0.07731   0.02178   0.11416   0.16587   0.06240   0.12722   0.00000   0.17967   0.03626   0.06445   0.04701   0.08652   0.02233   0.04194   0.08809   0.08106   0.20311   0.18672   4.80927   2.08004   1.41448   1.17155   0.80340  
 24 62.6015   2211.702936  x:  0.20875   0.26443   0.00000   0.06240   0.00173   0.08915   0.01365   0.09080   0.18206   0.06820   0.12909   0.00000   0.18699   0.03544   0.06480   0.04161   0.10106   0.01644   0.04153   0.12156   0.08500   0.20909   0.19980   4.97486   2.05441   1.35439   1.31843   0.84226  
 25 72.3955   2209.686698  x:  0.20605   0.26074   0.00000   0.06644   0.00000   0.07553   0.01223   0.10908   0.16617   0.06579   0.14404   0.00000   0.19850   0.03648   0.06808   0.04194   0.08710   0.01562   0.04082   0.10960   0.07481   0.20231   0.21168   5.03420   2.04390   1.32844   1.37578   0.85567  
 26 108.4765   2209.571886  x:  0.20574   0.26092   0.00000   0.06667   0.00001   0.08526   0.01187   0.11121   0.16490   0.06569   0.14532   0.00000   0.20009   0.03656   0.06853   0.04196   0.08464   0.01584   0.04058   0.10603   0.07483   0.20216   0.21287   5.03862   2.04191   1.32620   1.37846   0.85657  
 27 11.0695   2206.564703  x:  0.19951   0.26656   0.00000   0.07145   0.00416   0.07626   0.01304   0.13380   0.15999   0.06477   0.15735   0.00000   0.20600   0.03734   0.07169   0.03946   0.11420   0.01183   0.03805   0.09749   0.06115   0.19853   0.22612   5.17745   1.94940   1.25051   1.42531   0.88022  
 28  6.5630   2205.197577  x:  0.19641   0.26986   0.00000   0.07141   0.00661   0.06765   0.01354   0.12324   0.15912   0.06526   0.16093   0.00000   0.21862   0.03693   0.07086   0.04203   0.08249   0.01355   0.03974   0.10935   0.06300   0.19896   0.22928   5.22853   1.91650   1.22442   1.44154   0.88914  
 29 77.5566   2202.766152  x:  0.18645   0.28064   0.00000   0.07031   0.00642   0.07720   0.02727   0.12863   0.16312   0.06534   0.16252   0.00000   0.23293   0.03698   0.07000   0.04487   0.08317   0.01651   0.04182   0.11331   0.05678   0.20597   0.23536   5.41729   2.26002   1.41338   1.64832   0.92517  
 30  2.0904   2200.526647  x:  0.17399   0.30177   0.00000   0.06861   0.00446   0.09005   0.03835   0.12788   0.16767   0.06322   0.16080   0.00000   0.24090   0.03620   0.06779   0.04533   0.09381   0.02062   0.04229   0.11747   0.06132   0.21263   0.24140   5.68344   1.93926   1.22033   1.50267   0.95013  
 31  2.5261   2193.689631  x:  0.10555   0.37442   0.00000   0.06088   0.00946   0.07555   0.02490   0.12539   0.15836   0.04924   0.13567   0.00000   0.28382   0.02650   0.06023   0.05394   0.11152   0.03119   0.05576   0.13077   0.06677   0.24342   0.26046   7.06469   2.19691   1.33251   1.53922   1.10345  
 32  0.9392   2190.123423  x:  0.06151   0.39451   0.00000   0.06716   0.00980   0.08584   0.03152   0.11877   0.14766   0.04425   0.13240   0.00000   0.29763   0.02950   0.05759   0.04781   0.08845   0.01339   0.05532   0.12555   0.06091   0.24388   0.25931   7.74358   2.01982   1.25670   1.41309   1.15099  
 33  0.5304   2186.807626  x:  0.01602   0.38030   0.00000   0.06779   0.01150   0.08198   0.02683   0.11698   0.14678   0.04843   0.14950   0.00000   0.29297   0.03817   0.06202   0.04048   0.08972   0.02483   0.05517   0.10451   0.05134   0.22405   0.26019   8.29403   1.94857   1.23102   1.39664   1.16598  
 34  0.4854   2183.964994  x:  0.02109   0.30586   0.00000   0.06541   0.01151   0.07870   0.02310   0.11654   0.15243   0.05980   0.17498   0.00000   0.24076   0.04241   0.06443   0.04682   0.09664   0.02225   0.05094   0.09654   0.06882   0.20369   0.24385   7.94547   2.03780   1.25957   1.49461   1.07958  
 35  0.2878   2183.155752  x:  0.00973   0.28653   0.00000   0.05992   0.01156   0.08045   0.02471   0.11523   0.15739   0.05998   0.17005   0.00000   0.22952   0.03799   0.06101   0.04667   0.09719   0.01867   0.04827   0.10925   0.06483   0.21158   0.22981   8.01856   2.04570   1.24891   1.50347   1.06493  
 36  0.0910   2182.970081  x:  0.01704   0.27958   0.00000   0.05768   0.01122   0.08094   0.02566   0.11575   0.15883   0.05879   0.16618   0.00000   0.22665   0.03509   0.05987   0.04638   0.09672   0.01903   0.04764   0.11353   0.06134   0.21646   0.22524   7.90215   2.03937   1.24415   1.49895   1.05041  
 37  0.2667   2182.901964  x:  0.01577   0.28106   0.00000   0.05742   0.01109   0.08124   0.02649   0.11697   0.15826   0.05594   0.16264   0.00000   0.22925   0.03214   0.05951   0.04766   0.09472   0.01979   0.04943   0.11275   0.06267   0.22178   0.22854   7.90224   2.02946   1.24324   1.48669   1.04706  
 38  0.0161   2182.884272  x:  0.01534   0.27707   0.00000   0.05889   0.01090   0.08071   0.02632   0.11733   0.15875   0.05588   0.16331   0.00000   0.22848   0.03211   0.06044   0.04687   0.09408   0.01999   0.04987   0.11107   0.06216   0.22065   0.23020   7.85311   2.03025   1.24358   1.48647   1.03634  
 39  0.0300   2182.872846  x:  0.01552   0.27997   0.00000   0.05999   0.01058   0.08073   0.02629   0.11733   0.15898   0.05619   0.16210   0.00000   0.23091   0.03211   0.06058   0.04685   0.09488   0.01980   0.05010   0.11248   0.06268   0.22008   0.23146   7.78668   2.03473   1.24480   1.48733   1.03069  
 40  0.0289   2182.866233  x:  0.01520   0.27909   0.00000   0.05935   0.01035   0.08091   0.02625   0.11739   0.15773   0.05609   0.16229   0.00000   0.23108   0.03210   0.06004   0.04719   0.09487   0.01986   0.04966   0.11281   0.06227   0.21986   0.22977   7.72145   2.02882   1.24284   1.48520   1.02533  
 41  0.0309   2182.863813  x:  0.01506   0.27978   0.00000   0.05896   0.01029   0.08079   0.02616   0.11717   0.15792   0.05609   0.16310   0.00000   0.23141   0.03242   0.05997   0.04693   0.09447   0.01989   0.04960   0.11208   0.06269   0.22042   0.22981   7.69326   2.03091   1.24396   1.48603   1.02754  
 42  0.0139   2182.862848  x:  0.01506   0.27955   0.00000   0.05897   0.01023   0.08072   0.02619   0.11720   0.15833   0.05607   0.16304   0.00000   0.23087   0.03230   0.06013   0.04708   0.09475   0.01984   0.04976   0.11207   0.06230   0.22079   0.23000   7.67406   2.03188   1.24434   1.48670   1.02941  
 43  0.0087   2182.862621  x:  0.01508   0.27952   0.00000   0.05907   0.01023   0.08079   0.02621   0.11723   0.15816   0.05608   0.16289   0.00000   0.23049   0.03229   0.06018   0.04704   0.09460   0.01986   0.04974   0.11225   0.06246   0.22054   0.23005   7.66901   2.03080   1.24397   1.48599   1.03036  
 44  0.0031   2182.862601  x:  0.01506   0.27962   0.00000   0.05911   0.01025   0.08078   0.02619   0.11723   0.15809   0.05605   0.16284   0.00000   0.23053   0.03230   0.06016   0.04703   0.09459   0.01988   0.04973   0.11223   0.06240   0.22051   0.23003   7.66880   2.03124   1.24413   1.48609   1.03054  
 45  0.0004   2182.862585  x:  0.01507   0.27960   0.00000   0.05916   0.01027   0.08078   0.02621   0.11722   0.15808   0.05604   0.16285   0.00000   0.23049   0.03230   0.06011   0.04705   0.09461   0.01987   0.04972   0.11220   0.06244   0.22054   0.23002   7.66715   2.03124   1.24411   1.48612   1.03044  
 46  0.0005   2182.862577  x:  0.01507   0.27960   0.00000   0.05914   0.01030   0.08079   0.02620   0.11722   0.15813   0.05605   0.16287   0.00000   0.23051   0.03229   0.06011   0.04703   0.09461   0.01988   0.04972   0.11223   0.06242   0.22056   0.23001   7.66649   2.03101   1.24410   1.48603   1.03040  
 47  0.0003   2182.862575  x:  0.01506   0.27960   0.00000   0.05913   0.01030   0.08079   0.02620   0.11723   0.15811   0.05605   0.16287   0.00000   0.23052   0.03230   0.06013   0.04704   0.09461   0.01987   0.04973   0.11222   0.06242   0.22055   0.23003   7.66606   2.03106   1.24406   1.48599   1.03036  
 48  0.0003   2182.862575  x:  0.01506   0.27960   0.00000   0.05912   0.01030   0.08079   0.02620   0.11723   0.15811   0.05605   0.16286   0.00000   0.23052   0.03230   0.06013   0.04703   0.09462   0.01987   0.04973   0.11222   0.06242   0.22054   0.23002   7.66600   2.03108   1.24408   1.48600   1.03035  
 49  0.0000   2182.862575  x:  0.01506   0.27960   0.00000   0.05912   0.01030   0.08079   0.02620   0.11723   0.15811   0.05605   0.16286   0.00000   0.23052   0.03230   0.06013   0.04703   0.09462   0.01987   0.04973   0.11222   0.06242   0.22054   0.23002   7.66601   2.03108   1.24408   1.48601   1.03035  
 50  0.0000   2182.862575  x:  0.01506   0.27960   0.00000   0.05912   0.01030   0.08079   0.02620   0.11723   0.15811   0.05605   0.16286   0.00000   0.23052   0.03230   0.06013   0.04703   0.09462   0.01987   0.04973   0.11222   0.06242   0.22054   0.23002   7.66601   2.03108   1.24408   1.48601   1.03035  

TREE # 2

  0  0.0000   2231.320109  x:  0.17305   0.01568   0.20306   0.07393   0.05958   0.01644   0.10811   0.02943   0.06529   0.03722   0.06426   0.06271   0.03547   0.17006   0.08290   0.05601   0.00000   0.09616   0.05337   0.07676   0.05567   0.06001   0.05491   7.66601   1.85860   1.20275   1.33792   1.03035  
  1 99.0000   2231.318750  x:  0.17305   0.01568   0.20306   0.07393   0.05958   0.01644   0.10811   0.02943   0.06529   0.03722   0.06426   0.06271   0.03547   0.17006   0.08290   0.05601   0.00000   0.09616   0.05337   0.07676   0.05566   0.06001   0.05491   7.66601   1.85860   1.20275   1.33792   1.03035  
  2 504.4438   2226.514664  x:  0.17628   0.01308   0.20420   0.08311   0.05984   0.00435   0.10865   0.02764   0.06313   0.03843   0.06777   0.05485   0.03280   0.16987   0.09404   0.05675   0.00000   0.10236   0.05326   0.08115   0.04611   0.06273   0.04886   7.66606   1.85929   1.20220   1.33855   1.02977  
  3 459.9651   2223.270478  x:  0.18077   0.00844   0.20530   0.08438   0.06009   0.00673   0.10940   0.01351   0.05982   0.03788   0.07064   0.04172   0.02813   0.16850   0.09739   0.05568   0.00000   0.10900   0.05318   0.08536   0.02960   0.06513   0.03956   7.66623   1.86091   1.20155   1.33944   1.02823  
  4 304.5938   2220.815127  x:  0.18578   0.00527   0.20626   0.07872   0.06021   0.00678   0.11018   0.01780   0.05655   0.03667   0.07211   0.02643   0.02345   0.16628   0.09325   0.05356   0.00000   0.11443   0.05307   0.08821   0.00983   0.06660   0.02969   7.66649   1.86322   1.20081   1.34054   1.02595  
  5 301.4150   2220.550898  x:  0.18935   0.01114   0.20721   0.07802   0.06060   0.00678   0.11082   0.01779   0.05491   0.03678   0.07265   0.02095   0.02405   0.16499   0.09195   0.05368   0.00000   0.11682   0.05314   0.08919   0.01090   0.06714   0.02794   7.66671   1.86518   1.20010   1.34155   1.02406  
  6 63.3115   2220.295359  x:  0.19949   0.00760   0.20984   0.07625   0.06197   0.00682   0.11274   0.01847   0.05129   0.03757   0.07390   0.01928   0.02471   0.16155   0.09002   0.05524   0.00000   0.12228   0.05266   0.09073   0.01520   0.06799   0.02844   7.66747   1.87186   1.19767   1.34510   1.01755  
  7 36.8662   2220.003634  x:  0.21313   0.00948   0.21376   0.07601   0.06321   0.00680   0.11503   0.01836   0.04923   0.03763   0.07438   0.02478   0.02667   0.15729   0.08820   0.05745   0.00000   0.12718   0.05063   0.09087   0.01223   0.06793   0.03054   7.66875   1.88300   1.19379   1.35100   1.00675  
  8 69.1855   2219.571227  x:  0.22792   0.00846   0.21933   0.07844   0.06093   0.00682   0.11531   0.01824   0.05910   0.03478   0.07035   0.02252   0.02452   0.15498   0.08967   0.05844   0.00000   0.12369   0.04552   0.08593   0.01258   0.06495   0.03068   7.67172   1.90823   1.18592   1.36424   0.98272  
  9 45.4244   2218.881654  x:  0.23261   0.00866   0.22364   0.07663   0.05863   0.00717   0.11074   0.01828   0.05883   0.04581   0.07177   0.02416   0.02413   0.16014   0.09345   0.05599   0.00000   0.11395   0.04988   0.08591   0.01285   0.06745   0.02461   7.67787   1.95907   1.17206   1.39081   0.93564  
 10 62.3274   2218.022817  x:  0.22751   0.00843   0.22527   0.07961   0.06002   0.00740   0.10615   0.01881   0.05218   0.03783   0.07472   0.02139   0.02481   0.16810   0.09538   0.05261   0.00000   0.10902   0.05785   0.09001   0.01120   0.06985   0.03251   7.68601   2.02493   1.15616   1.42532   0.87644  
 11 159.6670   2217.626950  x:  0.21764   0.00894   0.22215   0.08078   0.06237   0.00745   0.10906   0.01931   0.05212   0.03337   0.07333   0.02457   0.02362   0.16855   0.09499   0.05361   0.00000   0.11730   0.05594   0.09101   0.01322   0.06658   0.02570   7.69023   2.05677   1.15196   1.44227   0.85148  
 12 78.6608   2217.328453  x:  0.20716   0.00903   0.21757   0.08124   0.06283   0.00755   0.11309   0.01920   0.05387   0.03889   0.07181   0.02263   0.02425   0.16619   0.09456   0.05707   0.00000   0.12590   0.05008   0.08997   0.01230   0.06481   0.02938   7.69392   2.08292   1.15136   1.45641   0.83449  
 13 84.7028   2217.163676  x:  0.20368   0.00922   0.21355   0.08076   0.05909   0.00772   0.11346   0.01941   0.05274   0.03733   0.07486   0.02283   0.02447   0.16076   0.09537   0.05978   0.00000   0.12562   0.04440   0.08847   0.01267   0.07113   0.02889   7.69669   2.09901   1.15697   1.46557   0.83222  
 14 25.3749   2216.470239  x:  0.20242   0.00870   0.19877   0.09016   0.06162   0.00782   0.10828   0.01974   0.05043   0.03909   0.07569   0.02253   0.02167   0.13832   0.09358   0.06096   0.00000   0.12018   0.05000   0.08920   0.01251   0.06817   0.02786   7.71058   2.17111   1.19913   1.50835   0.84703  
 15 32.7724   2215.631958  x:  0.20416   0.00817   0.18833   0.08328   0.06409   0.00818   0.10677   0.02019   0.05318   0.03703   0.07343   0.02192   0.03143   0.12868   0.10707   0.05530   0.00000   0.12076   0.05438   0.09241   0.01188   0.06494   0.02828   7.72885   2.26287   1.25663   1.56399   0.87224  
 16 146.6856   2213.536712  x:  0.21113   0.01061   0.18964   0.08693   0.06033   0.00904   0.11732   0.02196   0.05637   0.03925   0.07328   0.02540   0.01807   0.15152   0.11012   0.04260   0.00000   0.13120   0.05458   0.09581   0.01365   0.07299   0.03297   7.77412   2.48308   1.40098   1.70084   0.94280  
 17 196.3995   2212.238280  x:  0.21278   0.00773   0.20109   0.09389   0.06086   0.00947   0.12159   0.02253   0.05440   0.03885   0.07529   0.02289   0.02755   0.17393   0.10608   0.06089   0.00000   0.13147   0.05378   0.09373   0.01218   0.07186   0.02907   7.80468   2.62776   1.49747   1.79259   0.99088  
 18 374.8462   2211.991443  x:  0.20976   0.00837   0.21221   0.09200   0.06569   0.00954   0.11615   0.02274   0.05044   0.03894   0.07800   0.02272   0.02410   0.17384   0.10865   0.06256   0.00000   0.13059   0.04701   0.09362   0.01252   0.06737   0.02973   7.81043   2.64930   1.51338   1.80891   0.99869  
 19 54.5594   2211.847292  x:  0.20521   0.00775   0.22499   0.09343   0.06439   0.00968   0.11096   0.02286   0.05312   0.03926   0.07696   0.02307   0.02644   0.16920   0.10721   0.06050   0.00000   0.13397   0.04817   0.09478   0.01259   0.07017   0.02953   7.81447   2.65585   1.52073   1.81895   1.00178  
 20 20.6088   2211.721127  x:  0.20295   0.00824   0.23088   0.09202   0.06006   0.00983   0.11563   0.02299   0.05132   0.03877   0.07541   0.02313   0.02396   0.16557   0.11002   0.06255   0.00000   0.13359   0.05277   0.09354   0.01248   0.06910   0.03013   7.81906   2.65099   1.52337   1.82783   1.00149  
 21  8.9463   2211.085438  x:  0.19983   0.00674   0.23896   0.09691   0.06607   0.00976   0.13606   0.02322   0.04965   0.03931   0.07970   0.02162   0.02888   0.15902   0.11119   0.05368   0.00000   0.12458   0.05225   0.09308   0.01211   0.06954   0.02861   7.84437   2.60896   1.53014   1.87228   0.99500  
 22 22.9381   2208.938548  x:  0.20689   0.00910   0.22752   0.09597   0.07506   0.01068   0.12716   0.02468   0.06116   0.03973   0.08155   0.02284   0.02064   0.16166   0.11770   0.06611   0.00000   0.12661   0.05446   0.10899   0.01212   0.07723   0.03017   7.93153   2.45486   1.54619   2.01350   0.96965  
 23 72.5864   2207.714629  x:  0.21307   0.00780   0.21757   0.10350   0.06155   0.01164   0.11216   0.02569   0.04951   0.04069   0.07675   0.02222   0.02505   0.16695   0.12049   0.05937   0.00000   0.13428   0.04915   0.10124   0.01239   0.06993   0.02895   7.97951   2.37197   1.55275   2.08339   0.95644  
 24 170.5673   2207.430617  x:  0.21364   0.00793   0.21650   0.10350   0.06537   0.01170   0.10981   0.02583   0.05103   0.04058   0.08341   0.02187   0.02442   0.16735   0.12259   0.05867   0.00000   0.13872   0.05390   0.08872   0.01226   0.07131   0.02894   7.99122   2.35996   1.54772   2.07953   0.95637  
 25 15.7902   2191.255015  x:  0.22405   0.00472   0.21487   0.15430   0.08462   0.01843   0.12135   0.03821   0.04171   0.04754   0.06613   0.02106   0.01725   0.14797   0.18543   0.06262   0.00000   0.15315   0.05454   0.10091   0.01128   0.09823   0.02555   8.63547   1.90448   1.11264   1.35507   1.03141  
 26 29.9725   2189.798928  x:  0.22525   0.00459   0.21470   0.15872   0.07080   0.01954   0.12330   0.03980   0.05094   0.04807   0.09183   0.02190   0.01841   0.14584   0.18799   0.06119   0.00000   0.15646   0.05544   0.11299   0.01185   0.08448   0.02651   8.70086   1.85826   1.06952   1.28012   1.03814  
 27 248.6816   2189.644233  x:  0.22730   0.00450   0.21664   0.16000   0.07107   0.01973   0.12376   0.04014   0.05113   0.04832   0.09212   0.02188   0.01846   0.14685   0.18961   0.06112   0.00000   0.15647   0.05594   0.11354   0.01188   0.08482   0.02658   8.69792   1.85358   1.10802   1.26271   1.01239  
 28  3.5879   2185.242276  x:  0.23363   0.00089   0.22099   0.18958   0.05881   0.02372   0.11257   0.04752   0.04982   0.04886   0.10454   0.01886   0.01743   0.16281   0.22111   0.06090   0.00000   0.16849   0.05328   0.12377   0.00959   0.07680   0.02453   8.15218   2.14392   1.33637   1.63201   1.04939  
 29  1.2756   2183.877609  x:  0.23136   0.00000   0.22075   0.20400   0.06247   0.02569   0.11121   0.05140   0.04923   0.04856   0.10008   0.02000   0.01741   0.16500   0.23905   0.06000   0.00000   0.16700   0.05500   0.12147   0.01113   0.08011   0.02630   7.84665   2.10513   1.30495   1.57881   1.04696  
 30  0.5117   2182.970556  x:  0.23043   0.00000   0.22250   0.22832   0.06309   0.02929   0.11290   0.05790   0.04895   0.04729   0.09399   0.01858   0.01517   0.16361   0.27026   0.05703   0.00000   0.16345   0.05816   0.11810   0.00859   0.08190   0.02494   7.50905   2.01126   1.23176   1.46441   1.03085  
 31  0.3948   2182.892094  x:  0.22927   0.00000   0.22140   0.23189   0.06239   0.03002   0.11262   0.05919   0.04981   0.04721   0.09379   0.02038   0.01540   0.16323   0.27515   0.05655   0.00000   0.16022   0.05887   0.11735   0.01105   0.08076   0.02646   7.57947   2.01622   1.23569   1.47204   1.02894  
 32  0.1003   2182.871238  x:  0.23006   0.00000   0.22045   0.23360   0.06289   0.03061   0.11221   0.05998   0.04991   0.04691   0.09458   0.01990   0.01497   0.16300   0.27872   0.05626   0.00000   0.15857   0.05908   0.11728   0.01035   0.08078   0.02639   7.68014   2.03499   1.24594   1.48871   1.02950  
 33  0.0773   2182.867563  x:  0.23012   0.00000   0.22036   0.23286   0.06227   0.03108   0.11238   0.06028   0.04967   0.04693   0.09473   0.01985   0.01509   0.16251   0.27987   0.05590   0.00000   0.15761   0.05914   0.11713   0.01020   0.08065   0.02592   7.67053   2.02698   1.24259   1.48475   1.03078  
 34  0.0059   2182.864214  x:  0.23020   0.00000   0.22054   0.23060   0.06237   0.03161   0.11214   0.06039   0.04976   0.04701   0.09467   0.01978   0.01514   0.16262   0.28003   0.05597   0.00000   0.15737   0.05916   0.11709   0.01025   0.08084   0.02625   7.65914   2.03287   1.24360   1.48429   1.03209  
 35  0.0057   2182.863275  x:  0.23005   0.00000   0.22049   0.22994   0.06255   0.03183   0.11219   0.06040   0.04981   0.04705   0.09467   0.01987   0.01506   0.16276   0.28002   0.05602   0.00000   0.15777   0.05917   0.11721   0.01031   0.08087   0.02626   7.66530   2.03030   1.24438   1.48624   1.03063  
 36  0.0058   2182.862983  x:  0.23000   0.00000   0.22055   0.23008   0.06244   0.03198   0.11225   0.06041   0.04970   0.04703   0.09463   0.01990   0.01504   0.16296   0.28013   0.05601   0.00000   0.15821   0.05914   0.11726   0.01032   0.08075   0.02616   7.66789   2.03165   1.24424   1.48616   1.03010  
 37  0.0018   2182.862766  x:  0.23001   0.00000   0.22056   0.23038   0.06241   0.03216   0.11225   0.06035   0.04973   0.04699   0.09455   0.01980   0.01503   0.16287   0.27997   0.05604   0.00000   0.15833   0.05911   0.11724   0.01029   0.08075   0.02627   7.66550   2.03034   1.24356   1.48558   1.03026  
 38  0.0010   2182.862593  x:  0.23006   0.00000   0.22054   0.23052   0.06245   0.03229   0.11220   0.06021   0.04975   0.04702   0.09457   0.01989   0.01507   0.16282   0.27955   0.05608   0.00000   0.15817   0.05911   0.11721   0.01030   0.08080   0.02619   7.66512   2.03105   1.24401   1.48600   1.03056  
 39  0.0006   2182.862580  x:  0.23003   0.00000   0.22053   0.23052   0.06242   0.03230   0.11222   0.06019   0.04972   0.04703   0.09461   0.01987   0.01507   0.16284   0.27952   0.05606   0.00000   0.15811   0.05912   0.11722   0.01031   0.08078   0.02620   7.66615   2.03112   1.24413   1.48606   1.03038  
 40  0.0009   2182.862577  x:  0.23001   0.00000   0.22055   0.23053   0.06242   0.03230   0.11221   0.06017   0.04973   0.04704   0.09462   0.01987   0.01506   0.16286   0.27955   0.05605   0.00000   0.15810   0.05912   0.11723   0.01030   0.08079   0.02621   7.66596   2.03105   1.24405   1.48596   1.03028  
 41  0.0001   2182.862575  x:  0.23002   0.00000   0.22055   0.23052   0.06243   0.03230   0.11222   0.06014   0.04973   0.04704   0.09462   0.01987   0.01506   0.16287   0.27958   0.05605   0.00000   0.15811   0.05912   0.11723   0.01031   0.08079   0.02620   7.66579   2.03107   1.24406   1.48602   1.03036  
 42  0.0001   2182.862575  x:  0.23002   0.00000   0.22054   0.23052   0.06242   0.03230   0.11222   0.06014   0.04973   0.04704   0.09462   0.01987   0.01506   0.16286   0.27960   0.05605   0.00000   0.15811   0.05912   0.11723   0.01030   0.08079   0.02620   7.66602   2.03108   1.24408   1.48602   1.03036  
 43  0.0002   2182.862575  x:  0.23002   0.00000   0.22054   0.23052   0.06242   0.03230   0.11222   0.06013   0.04973   0.04704   0.09462   0.01987   0.01506   0.16286   0.27960   0.05605   0.00000   0.15811   0.05912   0.11723   0.01030   0.08079   0.02620   7.66603   2.03108   1.24408   1.48601   1.03035  
 44  0.0000   2182.862575  x:  0.23002   0.00000   0.22054   0.23052   0.06242   0.03230   0.11222   0.06013   0.04973   0.04703   0.09462   0.01987   0.01506   0.16286   0.27960   0.05605   0.00000   0.15811   0.05912   0.11723   0.01030   0.08079   0.02620   7.66601   2.03108   1.24408   1.48601   1.03035  