

TREE # 1

  0  0.0000   2093.749860  x:  0.00000   0.05923   0.06069   0.00000   0.10373   0.06586   0.04493   0.06620   0.10138   0.04223   0.13966   0.00579   0.07445   0.02649   0.02784   0.06381   0.07203   0.03767   0.06260   0.06786   0.07389   0.12131   0.14464   2.00000   1.38143   1.03932   1.29303   0.40000  
  1 99.0000   2076.751358  x:  0.09383   0.08535   0.05709   0.05039   0.09808   0.05804   0.04292   0.08032   0.10043   0.03984   0.14221   0.00000   0.09334   0.03337   0.02742   0.05941   0.07197   0.03314   0.05888   0.07143   0.06492   0.12304   0.15441   2.00245   1.38094   1.03798   1.29501   0.40705  
  2 1596.0323   2035.174813  x:  0.08843   0.17607   0.03058   0.01994   0.05800   0.00949   0.03257   0.13932   0.09070   0.02500   0.15039   0.00000   0.17952   0.05133   0.02607   0.03359   0.07201   0.00857   0.03707   0.09022   0.01036   0.13242   0.20305   2.01839   1.37743   1.03050   1.30676   0.45076  
  3 430.0599   2031.074108  x:  0.08713   0.19444   0.03154   0.01494   0.04571   0.02321   0.03474   0.15003   0.08790   0.02782   0.15121   0.00000   0.19742   0.05251   0.02841   0.03287   0.07290   0.03264   0.03483   0.09304   0.00391   0.13365   0.21614   2.02552   1.37583   1.02752   1.31175   0.46681  
  4 346.2539   2029.139597  x:  0.08445   0.20700   0.03678   0.01471   0.03618   0.02688   0.03774   0.15633   0.08539   0.03170   0.15097   0.00000   0.21022   0.05233   0.02928   0.03563   0.07342   0.03844   0.03686   0.09393   0.02363   0.13382   0.22740   2.03405   1.37391   1.02423   1.31748   0.48378  
  5 288.4055   2025.571694  x:  0.07300   0.21471   0.06036   0.03214   0.03109   0.02927   0.04614   0.15348   0.07979   0.04050   0.14545   0.00000   0.21969   0.03606   0.02708   0.05166   0.07376   0.03043   0.05316   0.08770   0.01671   0.12889   0.24922   2.06512   1.36699   1.01390   1.33690   0.53522  
  6 142.3247   2019.495142  x:  0.07231   0.20105   0.06142   0.03613   0.05165   0.03032   0.03469   0.12798   0.07375   0.02029   0.13049   0.00000   0.20890   0.05485   0.03231   0.04146   0.07175   0.03110   0.04245   0.07331   0.01739   0.11469   0.28230   2.16189   1.34666   0.98606   1.39247   0.66437  
  7 134.2411   2015.720450  x:  0.08343   0.18256   0.04112   0.02322   0.04472   0.02321   0.03853   0.11582   0.08131   0.04896   0.12747   0.00000   0.19041   0.05228   0.02645   0.03198   0.07207   0.02983   0.03308   0.07979   0.01583   0.11301   0.28961   2.24597   1.33145   0.96532   1.43557   0.75213  
  8 234.0730   2013.651888  x:  0.09152   0.17287   0.02780   0.01245   0.03660   0.02373   0.03969   0.12192   0.08784   0.03964   0.13348   0.00000   0.18014   0.04537   0.03041   0.04095   0.07311   0.02804   0.04279   0.08862   0.01577   0.11982   0.28061   2.30049   1.32410   0.95518   1.45863   0.79091  
  9 179.9200   2011.049753  x:  0.08912   0.16423   0.04044   0.01766   0.03427   0.02154   0.03947   0.14572   0.09766   0.03009   0.15202   0.00000   0.17004   0.04019   0.02421   0.03336   0.07441   0.03060   0.03472   0.10437   0.01636   0.13860   0.24640   2.39889   1.31540   0.94290   1.49154   0.83089  
 10 153.4194   2009.253920  x:  0.08675   0.16871   0.04147   0.01918   0.04439   0.02559   0.03734   0.15763   0.09221   0.04218   0.16256   0.00000   0.17309   0.05363   0.03620   0.03705   0.07298   0.02659   0.03929   0.10111   0.01481   0.14690   0.21524   2.48980   1.31165   0.93756   1.51388   0.84534  
 11 146.5371   2006.362087  x:  0.08660   0.18012   0.03403   0.01824   0.04179   0.02433   0.04106   0.15226   0.07514   0.04009   0.16364   0.00000   0.18399   0.05188   0.01930   0.04115   0.07197   0.02978   0.03909   0.07794   0.01554   0.14331   0.18138   2.64194   1.31090   0.93698   1.54050   0.84297  
 12 164.2418   2003.006568  x:  0.08790   0.19063   0.03993   0.01641   0.02877   0.01750   0.04164   0.13485   0.07167   0.03591   0.15466   0.00000   0.19479   0.03632   0.04021   0.03088   0.07128   0.03247   0.03526   0.06864   0.01576   0.13098   0.16465   2.85819   1.31437   0.94167   1.57062   0.82140  
 13 295.4382   1993.754961  x:  0.08696   0.21389   0.04761   0.01226   0.03582   0.04208   0.03492   0.10402   0.09673   0.03086   0.12258   0.00000   0.21948   0.03517   0.03044   0.03537   0.07587   0.01695   0.03458   0.10670   0.01553   0.10081   0.18597   3.49446   1.33206   0.96389   1.64725   0.73515  
 14 521.3108   1988.770358  x:  0.07760   0.20953   0.04051   0.02712   0.04134   0.01680   0.04197   0.10933   0.10271   0.03104   0.11229   0.00000   0.21714   0.04676   0.02916   0.04375   0.07606   0.03785   0.04648   0.11162   0.01546   0.10143   0.22310   3.83258   1.34600   0.97993   1.68088   0.68548  
 15 632.6225   1984.485062  x:  0.07858   0.19099   0.03872   0.02668   0.03570   0.02971   0.04088   0.13681   0.08600   0.03349   0.12371   0.00000   0.20026   0.04321   0.03077   0.03478   0.06846   0.02740   0.04344   0.08159   0.01514   0.12386   0.28167   4.13040   1.36665   1.00108   1.69727   0.64285  
 16 360.1783   1983.945681  x:  0.08357   0.18904   0.04685   0.01833   0.03692   0.02556   0.03746   0.13675   0.08036   0.03493   0.13177   0.00000   0.19737   0.04347   0.03050   0.04230   0.07167   0.02878   0.03867   0.08020   0.01449   0.12484   0.28862   4.16802   1.37395   1.00728   1.69167   0.64171  
 17 91.5060   1983.315024  x:  0.08462   0.18863   0.04848   0.01668   0.03705   0.02532   0.04352   0.13074   0.07295   0.03380   0.14853   0.00000   0.19488   0.04667   0.02949   0.03543   0.07678   0.02856   0.04521   0.08561   0.01410   0.12164   0.29195   4.21623   1.39555   1.02439   1.66387   0.65273  
 18 48.4710   1982.335344  x:  0.07927   0.18878   0.03939   0.02619   0.03485   0.02668   0.03672   0.12638   0.07704   0.03448   0.16301   0.00000   0.19373   0.04433   0.03142   0.04040   0.07430   0.02852   0.03889   0.08754   0.01496   0.11897   0.29184   4.29342   1.43704   1.05624   1.60685   0.67809  
 19 105.8960   1981.536915  x:  0.08302   0.18832   0.04250   0.01955   0.04137   0.02529   0.04137   0.13224   0.08961   0.03484   0.15200   0.00000   0.19487   0.04301   0.03019   0.03872   0.06819   0.02945   0.04097   0.08158   0.01522   0.12283   0.28764   4.35727   1.47428   1.08276   1.55339   0.70264  
 20 103.5489   1981.317499  x:  0.08334   0.18553   0.04423   0.01960   0.03658   0.02552   0.03840   0.13515   0.08559   0.03526   0.14077   0.00000   0.19344   0.04634   0.02962   0.03840   0.07291   0.02875   0.04200   0.08351   0.01459   0.12579   0.28481   4.37494   1.48486   1.08829   1.53726   0.70949  
 21 48.2640   1981.284240  x:  0.08331   0.18531   0.04343   0.01979   0.03802   0.02567   0.04000   0.13617   0.08273   0.03504   0.13844   0.00000   0.19329   0.04505   0.03032   0.03888   0.07331   0.02859   0.04045   0.08535   0.01480   0.12632   0.28452   4.37787   1.48639   1.08774   1.53433   0.71048  
 22 15.6214   1981.253416  x:  0.08344   0.18572   0.04343   0.01952   0.03881   0.02528   0.03789   0.13664   0.08103   0.03539   0.13807   0.00000   0.19276   0.04384   0.02982   0.03812   0.07086   0.02923   0.04172   0.08658   0.01501   0.12582   0.28458   4.38148   1.48707   1.08113   1.52996   0.71072  
 23  4.9071   1981.105341  x:  0.08309   0.18699   0.04432   0.01953   0.03628   0.02541   0.04032   0.13680   0.08086   0.03467   0.13873   0.00000   0.19021   0.04669   0.02980   0.03937   0.06678   0.02851   0.04055   0.08684   0.01442   0.12357   0.28509   4.39984   1.48883   1.04403   1.50741   0.71110  
 24 22.0986   1980.990585  x:  0.08265   0.18801   0.04306   0.01979   0.03840   0.02542   0.03938   0.13688   0.08300   0.03488   0.13994   0.00000   0.19076   0.04498   0.02991   0.03860   0.07298   0.02863   0.04093   0.08476   0.01470   0.12409   0.28604   4.41456   1.48832   1.01559   1.48955   0.71157  
 25 50.2573   1980.875157  x:  0.08276   0.18285   0.04303   0.01996   0.03847   0.02515   0.03943   0.13134   0.08279   0.03462   0.14124   0.00000   0.19914   0.04540   0.02980   0.03879   0.07144   0.02869   0.04104   0.08586   0.01446   0.13264   0.28682   4.43048   1.47248   1.00259   1.47271   0.71334  
 26  8.5415   1980.117607  x:  0.08176   0.17388   0.04308   0.01982   0.03813   0.02474   0.03934   0.14227   0.08195   0.03483   0.14542   0.00000   0.20777   0.04623   0.02979   0.03887   0.07228   0.02811   0.04090   0.08644   0.01387   0.11918   0.28839   4.53275   1.34240   0.95786   1.37194   0.72827  
 27 23.6909   1979.812045  x:  0.08008   0.18949   0.04308   0.01998   0.03838   0.02452   0.03934   0.13819   0.08208   0.03436   0.14488   0.00000   0.19553   0.04646   0.02974   0.03913   0.07235   0.02803   0.04107   0.08692   0.01380   0.12802   0.28981   4.57511   1.29165   0.94331   1.33498   0.73475  
 28 49.4028   1969.355531  x:  0.04883   0.22560   0.03726   0.01743   0.03988   0.01424   0.03598   0.18136   0.08542   0.02669   0.15336   0.00000   0.22880   0.05627   0.02396   0.04086   0.07360   0.01989   0.03974   0.10152   0.00272   0.14418   0.28231   5.94623   1.38836   0.97465   1.65112   0.96188  
 29  3.5674   1965.594454  x:  0.02666   0.24664   0.03792   0.01327   0.03983   0.02525   0.03630   0.17550   0.07874   0.02828   0.14066   0.00000   0.25191   0.05429   0.02867   0.03419   0.07386   0.01738   0.03649   0.08912   0.01692   0.13042   0.27569   6.96764   1.48235   1.04876   1.63796   1.01752  
 30  0.6314   1963.516089  x:  0.01358   0.23423   0.04481   0.01134   0.03651   0.01461   0.03879   0.15451   0.07790   0.02997   0.14116   0.00000   0.24114   0.04611   0.02959   0.03856   0.07293   0.02180   0.04166   0.08259   0.01466   0.12509   0.27885   7.70639   1.44956   1.01642   1.57596   1.02381  
 31  0.5035   1962.744057  x:  0.01612   0.21146   0.04470   0.00873   0.03792   0.01917   0.03855   0.14448   0.08209   0.02901   0.14801   0.00000   0.22260   0.04512   0.02847   0.03917   0.07310   0.01848   0.04084   0.08827   0.01024   0.12996   0.27483   7.93298   1.41462   0.98771   1.57428   0.99962  
 32  0.1978   1962.613851  x:  0.01338   0.20755   0.04218   0.01184   0.03850   0.01917   0.03787   0.14574   0.08262   0.02943   0.14866   0.00000   0.21928   0.04643   0.02831   0.03841   0.07339   0.01928   0.03993   0.09022   0.00939   0.13090   0.27176   8.03491   1.42087   0.99369   1.58984   0.99043  
 33  0.1745   1962.523854  x:  0.01453   0.20520   0.04030   0.00995   0.03929   0.01786   0.03722   0.14901   0.08245   0.02981   0.14732   0.00000   0.21765   0.04796   0.02806   0.03745   0.07356   0.02131   0.03871   0.09071   0.00924   0.13098   0.26881   8.12487   1.43723   1.00727   1.61046   0.97741  
 34  0.1298   1962.481405  x:  0.01394   0.20730   0.04048   0.00964   0.03866   0.01891   0.03788   0.15133   0.08065   0.02959   0.14540   0.00000   0.21980   0.04768   0.02819   0.03788   0.07340   0.02053   0.03975   0.08825   0.00900   0.12975   0.26772   8.24472   1.44802   1.01329   1.62028   0.96501  
 35  0.0875   1962.457051  x:  0.01530   0.20792   0.04104   0.01036   0.03841   0.01852   0.03791   0.15081   0.08119   0.02965   0.14697   0.00000   0.22055   0.04708   0.02836   0.03806   0.07313   0.02057   0.03985   0.08819   0.00929   0.13021   0.26811   8.32932   1.44223   1.00766   1.61628   0.95152  
 36  0.0460   1962.445969  x:  0.01476   0.20971   0.04124   0.01003   0.03853   0.01828   0.03764   0.15041   0.08179   0.02961   0.14710   0.00000   0.22136   0.04734   0.02824   0.03777   0.07329   0.02031   0.03928   0.08915   0.00944   0.13073   0.26804   8.45378   1.43763   1.00557   1.61274   0.95584  
 37  0.0798   1962.440187  x:  0.01537   0.20940   0.04087   0.01028   0.03866   0.01835   0.03768   0.15046   0.08128   0.02944   0.14633   0.00000   0.22081   0.04750   0.02822   0.03781   0.07347   0.02013   0.03950   0.08904   0.00923   0.13060   0.26831   8.51905   1.43932   1.00819   1.61193   0.96275  
 38  0.0375   1962.439281  x:  0.01542   0.20940   0.04093   0.01028   0.03862   0.01843   0.03772   0.15063   0.08141   0.02959   0.14641   0.00000   0.22114   0.04750   0.02825   0.03786   0.07333   0.02038   0.03954   0.08892   0.00930   0.13026   0.26837   8.53446   1.43987   1.00709   1.61322   0.96497  
 39  0.0116   1962.439237  x:  0.01541   0.20931   0.04099   0.01028   0.03857   0.01844   0.03774   0.15056   0.08141   0.02959   0.14647   0.00000   0.22107   0.04746   0.02826   0.03787   0.07334   0.02041   0.03952   0.08891   0.00926   0.13035   0.26840   8.53708   1.44007   1.00735   1.61357   0.96508  
 40  0.0025   1962.439236  x:  0.01541   0.20933   0.04099   0.01028   0.03857   0.01845   0.03773   0.15056   0.08141   0.02958   0.14646   0.00000   0.22108   0.04746   0.02826   0.03786   0.07335   0.02042   0.03952   0.08891   0.00927   0.13036   0.26840   8.53682   1.44009   1.00740   1.61362   0.96508  
 41  0.0003   1962.439236  x:  0.01541   0.20933   0.04099   0.01028   0.03857   0.01845   0.03773   0.15056   0.08141   0.02958   0.14646   0.00000   0.22108   0.04746   0.02826   0.03786   0.07335   0.02042   0.03952   0.08891   0.00926   0.13036   0.26840   8.53679   1.44008   1.00739   1.61361   0.96508  
 42  0.0000   1962.439236  x:  0.01541   0.20933   0.04099   0.01028   0.03857   0.01845   0.03773   0.15057   0.08141   0.02958   0.14646   0.00000   0.22108   0.04746   0.02826   0.03786   0.07335   0.02042   0.03952   0.08891   0.00926   0.13036   0.26840   8.53679   1.44008   1.00738   1.61361   0.96508  

TREE # 2

  0  0.0000   2002.448816  x:  0.21156   0.00000   0.17271   0.08311   0.02920   0.02797   0.09260   0.02279   0.05585   0.03425   0.05352   0.06048   0.03186   0.18015   0.06907   0.04275   0.03153   0.07304   0.00385   0.06301   0.10146   0.03432   0.05067   8.53679   1.33152   0.97787   1.47061   0.96508  
  1 99.0000   2002.447363  x:  0.21156   0.00000   0.17271   0.08312   0.02920   0.02797   0.09260   0.02279   0.05585   0.03425   0.05352   0.06048   0.03186   0.18015   0.06907   0.04275   0.03153   0.07304   0.00385   0.06301   0.10146   0.03432   0.05067   8.53679   1.33152   0.97787   1.47061   0.96508  
  2 462.5575   1996.600955  x:  0.21400   0.00000   0.17194   0.09149   0.02522   0.03123   0.09235   0.02360   0.05414   0.03488   0.05570   0.05599   0.03021   0.17985   0.07853   0.04105   0.03209   0.07439   0.00000   0.07085   0.09735   0.03104   0.04885   8.53678   1.33189   0.97755   1.47093   0.96513  
  3 1276.9858   1992.513753  x:  0.22180   0.00000   0.16373   0.10662   0.01339   0.01557   0.09147   0.02076   0.04856   0.03418   0.05800   0.03662   0.02144   0.17375   0.08314   0.03582   0.03295   0.07599   0.00109   0.06083   0.07942   0.02318   0.04453   8.53669   1.33446   0.97687   1.47171   0.96606  
  4 202.8725   1990.814916  x:  0.22764   0.00000   0.15550   0.11295   0.01236   0.02392   0.09088   0.02137   0.04520   0.03358   0.05829   0.02249   0.01652   0.16743   0.08095   0.03335   0.03309   0.07629   0.00189   0.05098   0.06409   0.02070   0.04262   8.53659   1.33697   0.97638   1.47239   0.96702  
  5 227.1458   1989.819902  x:  0.23457   0.00000   0.14372   0.11437   0.01973   0.02146   0.09034   0.02482   0.04307   0.03394   0.05809   0.01737   0.01899   0.15830   0.07774   0.03389   0.03286   0.07579   0.00212   0.05546   0.04568   0.02437   0.04274   8.53643   1.34084   0.97573   1.47351   0.96852  
  6 109.4119   1989.434627  x:  0.23958   0.00000   0.13480   0.11391   0.01636   0.02240   0.09009   0.02361   0.04255   0.03418   0.05844   0.02414   0.01943   0.15121   0.07829   0.03452   0.03387   0.07486   0.00232   0.05526   0.03746   0.02482   0.04316   8.53627   1.34449   0.97526   1.47461   0.96997  
  7 74.2794   1989.149779  x:  0.24614   0.00000   0.12262   0.11117   0.01536   0.02256   0.09003   0.02174   0.04523   0.03374   0.05759   0.02231   0.01913   0.14082   0.08121   0.03527   0.03541   0.07283   0.00217   0.05646   0.04232   0.02465   0.04424   8.53593   1.35180   0.97454   1.47692   0.97292  
  8 38.5112   1989.078429  x:  0.24792   0.00000   0.12062   0.11253   0.01655   0.02224   0.09011   0.02476   0.04500   0.03421   0.05785   0.02362   0.01860   0.13820   0.08186   0.03454   0.03394   0.07331   0.00221   0.05543   0.04442   0.02387   0.04379   8.53571   1.35634   0.97423   1.47848   0.97476  
  9 24.3726   1988.922763  x:  0.25014   0.00000   0.12117   0.11632   0.01773   0.02265   0.09047   0.02153   0.04284   0.03422   0.05858   0.02465   0.01992   0.13496   0.07993   0.03385   0.03041   0.07594   0.00224   0.05582   0.04698   0.02470   0.04274   8.53489   1.37229   0.97349   1.48420   0.98131  
 10 24.1119   1988.314742  x:  0.25383   0.00000   0.12993   0.11910   0.01314   0.02319   0.09139   0.02522   0.04274   0.03301   0.05736   0.02379   0.02048   0.13078   0.07659   0.03762   0.03638   0.08137   0.00222   0.05783   0.04832   0.02807   0.04326   8.53110   1.44544   0.97114   1.51121   1.01151  
 11 65.1550   1987.597953  x:  0.25517   0.00000   0.13787   0.11461   0.01921   0.02276   0.09117   0.02170   0.04556   0.03417   0.05719   0.02448   0.01720   0.13348   0.08480   0.03697   0.03764   0.07983   0.00261   0.05658   0.04423   0.02349   0.04440   8.52638   1.53389   0.97005   1.54530   1.04829  
 12 192.9081   1987.256982  x:  0.25324   0.00000   0.13623   0.11096   0.01525   0.02320   0.08994   0.02344   0.04586   0.03427   0.05770   0.02273   0.01967   0.13941   0.08517   0.03279   0.03149   0.07409   0.00287   0.05843   0.04291   0.02219   0.04369   8.52415   1.57239   0.97206   1.56201   1.06460  
 13 120.7031   1987.053837  x:  0.24940   0.00000   0.12916   0.11367   0.01590   0.02330   0.08831   0.02324   0.04294   0.03389   0.05925   0.02348   0.01632   0.14728   0.08400   0.03296   0.03331   0.07022   0.00288   0.05961   0.04418   0.02450   0.04184   8.52265   1.59257   0.97765   1.57449   1.07358  
 14 48.9080   1986.926393  x:  0.24583   0.00000   0.12390   0.11642   0.01648   0.02337   0.08781   0.02317   0.04290   0.03410   0.05894   0.02343   0.02052   0.15179   0.08489   0.03484   0.03494   0.07176   0.00293   0.05823   0.04457   0.02309   0.04217   8.52158   1.60291   0.98467   1.58438   1.07851  
 15 42.8822   1986.668529  x:  0.23800   0.00000   0.11792   0.11795   0.01565   0.02351   0.08887   0.02305   0.04680   0.03432   0.05625   0.02340   0.01718   0.15371   0.08495   0.03551   0.03210   0.07969   0.00297   0.05993   0.04354   0.02214   0.04536   8.51927   1.61705   1.00535   1.60725   1.08609  
 16 40.2446   1985.893088  x:  0.22297   0.00000   0.11800   0.11816   0.01527   0.02378   0.09214   0.02357   0.04471   0.03337   0.06049   0.02246   0.01888   0.14310   0.09273   0.02737   0.03506   0.08198   0.00322   0.05915   0.04227   0.02885   0.04194   8.51198   1.64888   1.07721   1.68167   1.10439  
 17 67.3127   1985.153227  x:  0.21711   0.00000   0.12264   0.12053   0.01492   0.02424   0.09217   0.02406   0.04033   0.03485   0.06238   0.02173   0.01802   0.13282   0.09259   0.03592   0.03390   0.07364   0.00345   0.06251   0.04166   0.02106   0.03910   8.50495   1.67621   1.14606   1.75357   1.11974  
 18 192.1382   1984.631352  x:  0.23260   0.00000   0.12817   0.12810   0.01565   0.02461   0.08684   0.02355   0.04539   0.03423   0.05769   0.02315   0.01854   0.13605   0.09158   0.03309   0.03456   0.06653   0.00364   0.06308   0.04209   0.02193   0.04651   8.49980   1.69190   1.19195   1.80575   1.12644  
 19 82.3147   1984.172865  x:  0.25680   0.00000   0.13045   0.12131   0.01509   0.02485   0.08497   0.02397   0.04387   0.03549   0.06004   0.02278   0.01802   0.14690   0.09191   0.03456   0.03426   0.07372   0.00368   0.06386   0.04308   0.02221   0.04018   8.49515   1.70270   1.22610   1.85111   1.12727  
 20 65.3699   1984.057291  x:  0.25964   0.00000   0.13021   0.12037   0.01535   0.02490   0.09057   0.02431   0.04063   0.03227   0.06123   0.02286   0.01793   0.14860   0.09158   0.03348   0.03490   0.07415   0.00365   0.06460   0.04340   0.02025   0.04343   8.49393   1.70372   1.22718   1.86065   1.12265  
 21 15.5516   1983.714085  x:  0.26162   0.00000   0.12980   0.12237   0.01432   0.02503   0.10356   0.02418   0.04055   0.03969   0.06188   0.02201   0.01779   0.15055   0.09332   0.03546   0.03369   0.07180   0.00374   0.06399   0.04346   0.02344   0.04566   8.48999   1.70460   1.21970   1.88755   1.10105  
 22 28.5126   1982.510724  x:  0.25808   0.00000   0.12896   0.12941   0.01520   0.02578   0.11139   0.02350   0.05118   0.03296   0.05795   0.02383   0.01816   0.14935   0.09341   0.03358   0.03484   0.06927   0.00373   0.06699   0.04224   0.02095   0.03209   8.47707   1.70537   1.18583   1.96922   1.02430  
 23 80.0824   1980.694323  x:  0.24799   0.00000   0.12849   0.13084   0.01357   0.02667   0.08702   0.02440   0.04169   0.03467   0.06156   0.02253   0.01744   0.14310   0.10011   0.03313   0.03414   0.07428   0.00370   0.06956   0.04311   0.02091   0.04076   8.45737   1.70583   1.13239   2.08550   0.90629  
 24 181.2832   1979.924499  x:  0.24892   0.00000   0.12836   0.13254   0.01333   0.02744   0.08811   0.02408   0.03429   0.03997   0.04835   0.02313   0.01749   0.14308   0.10252   0.02798   0.03760   0.07530   0.00379   0.07325   0.04372   0.01806   0.03786   8.44829   1.70237   1.13480   2.04980   0.88395  
 25  7.0544   1974.208253  x:  0.25991   0.00000   0.13028   0.15943   0.01081   0.03200   0.09546   0.02688   0.03779   0.03234   0.05859   0.02227   0.01701   0.14619   0.12997   0.03559   0.03335   0.07794   0.00585   0.08515   0.04254   0.02359   0.03702   8.37905   1.67273   1.15788   1.75572   0.72578  
 26 161.6212   1973.749679  x:  0.26038   0.00000   0.12999   0.16159   0.01111   0.03261   0.09557   0.02636   0.04164   0.03853   0.06638   0.02238   0.01725   0.14582   0.12577   0.03005   0.03821   0.07919   0.00583   0.08867   0.04287   0.01822   0.03763   8.37328   1.66567   1.15615   1.73319   0.72039  
 27 75.5082   1965.722736  x:  0.26345   0.00000   0.13087   0.19945   0.00733   0.03966   0.09531   0.02984   0.03881   0.03764   0.07226   0.02177   0.01669   0.14198   0.16099   0.03048   0.03923   0.08748   0.00854   0.10986   0.04275   0.01880   0.03647   8.26538   1.32269   0.95417   1.41661   0.97199  
 28 33.6519   1963.444833  x:  0.26710   0.00000   0.12974   0.21455   0.01174   0.04342   0.08563   0.02982   0.03811   0.03707   0.07545   0.02009   0.01575   0.14433   0.17952   0.02987   0.03945   0.08580   0.00931   0.12343   0.03945   0.01787   0.03761   8.36461   1.44004   1.00336   1.68642   0.99386  
 29  0.3667   1962.607958  x:  0.27084   0.00000   0.13107   0.22815   0.00923   0.04790   0.08876   0.02856   0.04060   0.03801   0.07412   0.02048   0.01563   0.14977   0.20212   0.02999   0.04034   0.08145   0.01038   0.14037   0.03831   0.01916   0.03856   8.54354   1.48962   1.02992   1.63154   0.98565  
 30  0.1262   1962.477373  x:  0.26892   0.00000   0.13029   0.22929   0.00886   0.04886   0.08938   0.02823   0.03974   0.03805   0.07342   0.02059   0.01539   0.14667   0.20831   0.02971   0.04090   0.08106   0.01064   0.14575   0.03877   0.01851   0.03744   8.55593   1.43248   1.00088   1.60798   0.96600  
 31  0.0681   1962.449606  x:  0.26807   0.00000   0.13072   0.22370   0.00942   0.04859   0.08805   0.02821   0.03890   0.03782   0.07327   0.02032   0.01555   0.14587   0.20969   0.02943   0.04113   0.08165   0.01056   0.14888   0.03868   0.01832   0.03785   8.54959   1.43970   1.01284   1.61380   0.96180  
 32  0.0083   1962.441390  x:  0.26791   0.00000   0.13052   0.22092   0.00908   0.04822   0.08899   0.02820   0.03946   0.03780   0.07313   0.02035   0.01546   0.14626   0.20967   0.02944   0.04103   0.08161   0.01048   0.14992   0.03850   0.01840   0.03780   8.53978   1.44298   1.00813   1.61626   0.96215  
 33  0.0106   1962.440069  x:  0.26834   0.00000   0.13033   0.22053   0.00935   0.04795   0.08907   0.02826   0.03960   0.03788   0.07329   0.02046   0.01539   0.14652   0.20945   0.02961   0.04099   0.08146   0.01044   0.15013   0.03856   0.01849   0.03771   8.53506   1.43987   1.00704   1.61343   0.96457  
 34  0.0054   1962.439631  x:  0.26858   0.00000   0.13024   0.22065   0.00920   0.04774   0.08884   0.02827   0.03953   0.03789   0.07343   0.02041   0.01536   0.14653   0.20938   0.02961   0.04096   0.08134   0.01041   0.15027   0.03853   0.01842   0.03770   8.53445   1.43949   1.00737   1.61335   0.96578  
 35  0.0013   1962.439301  x:  0.26841   0.00000   0.13041   0.22104   0.00926   0.04748   0.08888   0.02826   0.03951   0.03785   0.07340   0.02041   0.01544   0.14645   0.20938   0.02954   0.04100   0.08137   0.01035   0.15055   0.03857   0.01846   0.03778   8.53727   1.44008   1.00715   1.61321   0.96571  
 36  0.0014   1962.439252  x:  0.26838   0.00000   0.13038   0.22109   0.00927   0.04743   0.08893   0.02826   0.03953   0.03786   0.07334   0.02042   0.01541   0.14644   0.20935   0.02959   0.04100   0.08141   0.01033   0.15057   0.03856   0.01844   0.03773   8.53745   1.44011   1.00746   1.61368   0.96520  
 37  0.0006   1962.439245  x:  0.26839   0.00000   0.13035   0.22108   0.00927   0.04743   0.08889   0.02826   0.03951   0.03787   0.07334   0.02042   0.01540   0.14647   0.20932   0.02958   0.04099   0.08141   0.01032   0.15056   0.03857   0.01845   0.03772   8.53687   1.44009   1.00736   1.61363   0.96499  
 38  0.0004   1962.439239  x:  0.26841   0.00000   0.13036   0.22108   0.00927   0.04745   0.08891   0.02826   0.03953   0.03786   0.07334   0.02042   0.01541   0.14649   0.20930   0.02958   0.04098   0.08141   0.01029   0.15056   0.03857   0.01844   0.03775   8.53627   1.44005   1.00739   1.61357   0.96497  
 39  0.0002   1962.439236  x:  0.26840   0.00000   0.13036   0.22108   0.00926   0.04746   0.08891   0.02826   0.03952   0.03786   0.07335   0.02042   0.01541   0.14646   0.20932   0.02958   0.04099   0.08140   0.01028   0.15057   0.03857   0.01845   0.03773   8.53647   1.44008   1.00740   1.61361   0.96506  
 40  0.0001   1962.439236  x:  0.26840   0.00000   0.13036   0.22108   0.00926   0.04746   0.08891   0.02826   0.03952   0.03786   0.07335   0.02042   0.01541   0.14646   0.20932   0.02958   0.04099   0.08141   0.01028   0.15057   0.03857   0.01845   0.03773   8.53670   1.44008   1.00738   1.61361   0.96508  
 41  0.0002   1962.439236  x:  0.26840   0.00000   0.13036   0.22108   0.00926   0.04746   0.08891   0.02826   0.03952   0.03786   0.07335   0.02042   0.01541   0.14647   0.20933   0.02958   0.04099   0.08141   0.01028   0.15057   0.03857   0.01845   0.03773   8.53686   1.44007   1.00739   1.61361   0.96509  
 42  0.0001   1962.439236  x:  0.26840   0.00000   0.13036   0.22108   0.00926   0.04746   0.08891   0.02826   0.03952   0.03786   0.07335   0.02042   0.01541   0.14646   0.20933   0.02958   0.04099   0.08141   0.01028   0.15057   0.03857   0.01845   0.03773   8.53684   1.44008   1.00738   1.61360   0.96508  
 43  0.0000   1962.439236  x:  0.26840   0.00000   0.13036   0.22108   0.00926   0.04746   0.08891   0.02826   0.03952   0.03786   0.07335   0.02042   0.01541   0.14646   0.20933   0.02958   0.04099   0.08141   0.01028   0.15057   0.03857   0.01845   0.03773   8.53680   1.44007   1.00738   1.61361   0.96508  
 44  0.0000   1962.439236  x:  0.26840   0.00000   0.13036   0.22108   0.00926   0.04746   0.08891   0.02826   0.03952   0.03786   0.07335   0.02042   0.01541   0.14646   0.20933   0.02958   0.04099   0.08141   0.01028   0.15057   0.03857   0.01845   0.03773   8.53678   1.44007   1.00738   1.61361   0.96508  
 45  0.0000   1962.439236  x:  0.26840   0.00000   0.13036   0.22108   0.00926   0.04746   0.08891   0.02826   0.03952   0.03786   0.07335   0.02042   0.01541   0.14646   0.20933   0.02958   0.04099   0.08141   0.01028   0.15057   0.03857   0.01845   0.03773   8.53679   1.44007   1.00738   1.61361   0.96508  
 46  0.0000   1962.439236  x:  0.26840   0.00000   0.13036   0.22108   0.00926   0.04746   0.08891   0.02826   0.03952   0.03786   0.07335   0.02042   0.01541   0.14646   0.20933   0.02958   0.04099   0.08141   0.01028   0.15057   0.03857   0.01845   0.03773   8.53679   1.44007   1.00738   1.61361   0.96508  