

TREE # 1

  0  0.0000   2263.095631  x:  0.00000   0.03566   0.06984   0.02530   0.07660   0.10231   0.05230   0.06135   0.09866   0.03520   0.11507   0.02257   0.02704   0.04634   0.01170   0.09537   0.07245   0.03512   0.07279   0.06961   0.09713   0.11848   0.08446   2.00000   1.70175   1.32945   1.31932   0.40000  
  1 99.0000   2263.090985  x:  0.00000   0.03566   0.06984   0.02530   0.07660   0.10231   0.05230   0.06135   0.09866   0.03520   0.11507   0.02257   0.02705   0.04634   0.01170   0.09537   0.07245   0.03512   0.07279   0.06962   0.09713   0.11849   0.08446   2.00000   1.70175   1.32945   1.31932   0.40000  
  2 885.2791   2244.606679  x:  0.00000   0.02354   0.04949   0.02372   0.05821   0.09330   0.07053   0.05958   0.09394   0.03826   0.12037   0.00000   0.02544   0.05699   0.01147   0.09325   0.06083   0.02890   0.08224   0.09184   0.09828   0.13956   0.10903   2.00790   1.70136   1.32586   1.32412   0.40975  
  3 457.6814   2239.218856  x:  0.00000   0.02977   0.03518   0.02421   0.04509   0.08696   0.07486   0.05852   0.09100   0.03825   0.12513   0.00000   0.00930   0.05980   0.01085   0.09211   0.05365   0.02680   0.08629   0.09848   0.09833   0.15117   0.11765   2.01429   1.70106   1.32322   1.32786   0.41689  
  4 650.0527   2232.145672  x:  0.00000   0.02915   0.00690   0.02883   0.01896   0.07435   0.06504   0.05701   0.08600   0.03291   0.14019   0.00000   0.01000   0.05635   0.00915   0.09013   0.04244   0.02865   0.08872   0.09152   0.09792   0.16917   0.11895   2.02950   1.70029   1.31748   1.33643   0.43209  
  5 369.4063   2229.950844  x:  0.00000   0.02851   0.01707   0.03128   0.00843   0.06490   0.06128   0.05602   0.08244   0.03266   0.15336   0.00000   0.00909   0.05540   0.01187   0.08843   0.03683   0.02973   0.09007   0.08642   0.09741   0.18301   0.12179   2.04492   1.69940   1.31165   1.34499   0.44603  
  6 198.3320   2225.577963  x:  0.00000   0.02684   0.02377   0.03622   0.02692   0.04176   0.05482   0.05374   0.07353   0.03384   0.19189   0.00000   0.00566   0.05411   0.01353   0.08337   0.02754   0.03262   0.09259   0.07213   0.09574   0.22045   0.13071   2.09278   1.69651   1.29379   1.37120   0.48703  
  7 375.1663   2220.533867  x:  0.00000   0.02536   0.02581   0.03454   0.02778   0.05741   0.06145   0.05303   0.07428   0.03602   0.24346   0.00000   0.00112   0.05885   0.00404   0.07693   0.06249   0.03654   0.08755   0.05967   0.09260   0.25035   0.13897   2.16980   1.69082   1.26675   1.41079   0.53887  
  8 237.4000   2219.130500  x:  0.00000   0.02516   0.02458   0.03334   0.02851   0.06363   0.06130   0.05333   0.07607   0.03604   0.25807   0.00000   0.00000   0.06035   0.01411   0.07540   0.07092   0.03723   0.08598   0.05917   0.09174   0.25584   0.14081   2.19449   1.68878   1.25851   1.42292   0.55300  
  9 560.0738   2219.130500  x:  0.00000   0.02516   0.02458   0.03334   0.02851   0.06363   0.06130   0.05333   0.07607   0.03604   0.25807   0.00000   0.00000   0.06035   0.01411   0.07540   0.07092   0.03723   0.08598   0.05917   0.09174   0.25584   0.14081   2.19449   1.68878   1.25851   1.42292   0.55300  
 10 189.8924   2174.063450  x:  0.00000   0.10784   0.00000   0.02113   0.01128   0.06192   0.10628   0.05289   0.07807   0.05148   0.26144   0.00000   0.10239   0.09237   0.00639   0.07343   0.04680   0.01967   0.10515   0.13547   0.09649   0.27879   0.21155   2.20455   1.68622   1.25482   1.42584   0.55044  
 11 567.6480   2169.814969  x:  0.00000   0.12720   0.00833   0.01868   0.00784   0.06150   0.11662   0.05282   0.07855   0.05503   0.26193   0.00000   0.12571   0.09966   0.00491   0.07304   0.04114   0.01588   0.10959   0.15296   0.09758   0.28401   0.22780   2.20701   1.68562   1.25392   1.42654   0.54980  
 12 5176.5209   2167.775713  x:  0.00000   0.13799   0.00887   0.02418   0.02545   0.06102   0.11999   0.05352   0.07838   0.05308   0.25659   0.00000   0.13009   0.10074   0.01181   0.07417   0.03832   0.02367   0.11158   0.15801   0.09780   0.28474   0.23328   2.21076   1.68511   1.25244   1.42747   0.54855  
 13 249.1899   2164.911769  x:  0.00000   0.17075   0.00853   0.03916   0.01848   0.05544   0.12246   0.05520   0.07657   0.03660   0.22002   0.00000   0.11949   0.09293   0.00417   0.07998   0.03410   0.03620   0.11499   0.15933   0.09708   0.28022   0.24062   2.23205   1.68272   1.24418   1.43224   0.54119  
 14 106.5170   2163.486888  x:  0.00000   0.19133   0.00814   0.03872   0.01260   0.05253   0.12359   0.05444   0.07557   0.03446   0.18964   0.00000   0.11127   0.08720   0.01773   0.08385   0.03492   0.03257   0.11629   0.15957   0.09717   0.27566   0.24447   2.25110   1.68069   1.23672   1.43642   0.53501  
 15 211.7748   2161.682371  x:  0.00000   0.21113   0.00784   0.03005   0.01962   0.05196   0.12425   0.05252   0.07503   0.04212   0.15216   0.00000   0.10365   0.08011   0.01276   0.08652   0.03800   0.02095   0.11565   0.15876   0.09791   0.26909   0.24730   2.27779   1.67797   1.22627   1.44211   0.52706  
 16 223.6830   2160.988742  x:  0.00000   0.21187   0.00787   0.02307   0.01754   0.05695   0.12300   0.05247   0.07617   0.04862   0.13763   0.00000   0.10889   0.08010   0.01224   0.08511   0.03855   0.03152   0.11169   0.15845   0.10016   0.26356   0.24533   2.30233   1.67565   1.21664   1.44704   0.52171  
 17 72.5190   2159.248486  x:  0.00000   0.20277   0.00783   0.03648   0.01657   0.06707   0.11750   0.05745   0.07906   0.04761   0.11601   0.00000   0.13116   0.08392   0.01308   0.07979   0.03435   0.02614   0.09977   0.15839   0.10602   0.24619   0.23551   2.38983   1.66740   1.18288   1.46389   0.50572  
 18 105.3214   2156.301678  x:  0.00000   0.19779   0.00827   0.02440   0.02028   0.05334   0.11617   0.05219   0.07712   0.02709   0.11889   0.00000   0.14742   0.08341   0.01239   0.08234   0.04051   0.02430   0.09955   0.16090   0.10527   0.22516   0.22460   2.54727   1.65224   1.12445   1.49231   0.48350  
 19 167.4909   2152.698892  x:  0.00000   0.19931   0.00796   0.03262   0.01834   0.03440   0.11859   0.04879   0.07180   0.04627   0.14011   0.00000   0.14739   0.07694   0.01149   0.09126   0.03883   0.02694   0.10902   0.16341   0.09770   0.20691   0.21485   2.77688   1.62986   1.04276   1.53116   0.45917  
 20 414.8561   2149.857337  x:  0.00000   0.20501   0.00783   0.03000   0.01774   0.06679   0.12570   0.04923   0.07147   0.04640   0.16389   0.00000   0.12932   0.07243   0.01127   0.09619   0.03297   0.02481   0.11638   0.16615   0.09054   0.21152   0.21634   2.98920   1.60870   0.97544   1.56172   0.45148  
 21 363.2651   2146.549891  x:  0.00000   0.19769   0.00796   0.03012   0.01777   0.06016   0.12479   0.06678   0.08449   0.04625   0.17019   0.00000   0.10461   0.08785   0.01066   0.07948   0.04579   0.02586   0.09781   0.16878   0.10199   0.25887   0.23741   3.23551   1.58217   0.92895   1.57938   0.48242  
 22 179.1283   2144.675275  x:  0.00000   0.18565   0.00806   0.02777   0.01833   0.05450   0.11996   0.05374   0.07923   0.04472   0.16516   0.00000   0.10098   0.08910   0.01088   0.07633   0.02584   0.02573   0.09744   0.16449   0.10366   0.28199   0.24710   3.36439   1.56734   0.92385   1.57864   0.50968  
 23 198.4638   2142.930830  x:  0.00000   0.17329   0.00830   0.03503   0.01768   0.05762   0.11689   0.03769   0.06821   0.04491   0.15807   0.00000   0.10842   0.08485   0.01052   0.08137   0.03770   0.02696   0.10877   0.15885   0.09968   0.29996   0.25599   3.50518   1.55084   0.93427   1.56943   0.54382  
 24 250.0950   2140.844332  x:  0.00000   0.16348   0.00848   0.03093   0.01800   0.05775   0.11847   0.06347   0.06583   0.04427   0.15304   0.00000   0.11989   0.07385   0.01081   0.09410   0.03699   0.02684   0.12860   0.14934   0.08865   0.30323   0.25711   3.69713   1.52884   0.97140   1.54413   0.58922  
 25 219.2350   2137.427440  x:  0.00000   0.18298   0.00815   0.03200   0.01755   0.06122   0.12757   0.05337   0.10111   0.04714   0.16690   0.00000   0.11553   0.08355   0.01058   0.09435   0.03721   0.02603   0.12493   0.14934   0.09334   0.26763   0.23707   4.01416   1.49658   1.06710   1.47960   0.64903  
 26 180.9792   2136.367847  x:  0.00000   0.19149   0.00814   0.03076   0.01755   0.06357   0.12644   0.05722   0.07613   0.04811   0.17424   0.00000   0.10948   0.08710   0.01076   0.08263   0.03827   0.02603   0.11350   0.15732   0.09808   0.25621   0.23207   4.10556   1.49237   1.09944   1.45403   0.65524  
 27 114.8835   2135.706567  x:  0.00000   0.18323   0.00829   0.03102   0.01781   0.06397   0.11373   0.05677   0.07922   0.04811   0.17685   0.00000   0.10606   0.08137   0.01074   0.08869   0.03818   0.02658   0.10835   0.16572   0.09477   0.27391   0.24352   4.17330   1.51665   1.12866   1.41153   0.61033  
 28 23.1110   2135.592945  x:  0.00000   0.18001   0.00831   0.03150   0.01771   0.06337   0.12447   0.05636   0.07802   0.04788   0.17602   0.00000   0.10551   0.08229   0.01071   0.08959   0.03792   0.02666   0.10854   0.16178   0.09825   0.27837   0.24343   4.18604   1.52516   1.13277   1.40227   0.60149  
 29 21.5205   2135.543618  x:  0.00000   0.18239   0.00828   0.03140   0.01771   0.06319   0.12464   0.05625   0.07836   0.04792   0.17567   0.00000   0.10671   0.08534   0.01085   0.08271   0.03798   0.02656   0.11320   0.15695   0.09542   0.27984   0.24115   4.19272   1.53703   1.13120   1.39669   0.60118  
 30  6.6616   2135.517046  x:  0.00000   0.18360   0.00827   0.03113   0.01774   0.06344   0.12257   0.05666   0.07776   0.04805   0.17572   0.00000   0.10677   0.08872   0.01070   0.08392   0.03791   0.02641   0.11584   0.15524   0.09822   0.27911   0.24075   4.19687   1.54613   1.12937   1.39382   0.60295  
 31  8.7688   2135.469353  x:  0.00000   0.18226   0.00829   0.03131   0.01770   0.06329   0.12341   0.05645   0.07846   0.04790   0.17570   0.00000   0.10642   0.08408   0.01076   0.08444   0.03792   0.02651   0.11375   0.15849   0.09922   0.27413   0.24373   4.20562   1.56647   1.12539   1.39090   0.61031  
 32  6.3001   2135.452787  x:  0.00000   0.18238   0.00829   0.03127   0.01771   0.06317   0.12406   0.05632   0.07804   0.04792   0.17535   0.00000   0.10651   0.08521   0.01069   0.08688   0.03790   0.02649   0.11088   0.15929   0.09615   0.27391   0.24297   4.20917   1.57263   1.12523   1.39192   0.61228  
 33  5.8521   2135.388006  x:  0.00000   0.18581   0.00826   0.03097   0.01773   0.06299   0.12350   0.05612   0.07792   0.04800   0.17583   0.00000   0.10912   0.08047   0.01070   0.08934   0.03789   0.02628   0.10753   0.16200   0.09766   0.27993   0.23367   4.22557   1.58933   1.13194   1.40659   0.61421  
 34  4.2855   2135.071212  x:  0.00000   0.17825   0.00833   0.03065   0.01772   0.06234   0.12504   0.05591   0.07794   0.04754   0.17203   0.00000   0.10373   0.08701   0.00963   0.08510   0.03750   0.02619   0.11523   0.17122   0.09735   0.27975   0.23399   4.31141   1.65635   1.17683   1.49288   0.61047  
 35 13.1654   2134.874476  x:  0.00000   0.18065   0.00834   0.02986   0.01787   0.06237   0.12304   0.05554   0.07726   0.04771   0.17555   0.00000   0.10626   0.08594   0.00973   0.08393   0.03758   0.02572   0.11018   0.15812   0.09841   0.27740   0.24482   4.36368   1.69293   1.20254   1.54275   0.60723  
 36 45.2080   2131.358943  x:  0.00000   0.16975   0.00891   0.02045   0.01934   0.05308   0.11868   0.05178   0.07680   0.04436   0.15532   0.00000   0.12032   0.08723   0.00329   0.08277   0.03731   0.02161   0.10475   0.16176   0.10090   0.26353   0.23543   5.28673   1.52692   1.03076   1.43887   0.59913  
 37  2.6246   2130.424545  x:  0.00000   0.17845   0.00911   0.03152   0.01623   0.05536   0.11988   0.05193   0.07617   0.04344   0.15842   0.00000   0.11906   0.08507   0.00970   0.08554   0.03750   0.02485   0.10704   0.16029   0.09987   0.26091   0.23517   5.80121   1.52733   1.02718   1.45337   0.59887  
 38  0.4185   2130.214174  x:  0.00000   0.18435   0.00941   0.02801   0.01756   0.05735   0.12156   0.05332   0.07631   0.04456   0.16074   0.00000   0.11523   0.08324   0.00755   0.08727   0.03780   0.02491   0.10842   0.16106   0.09886   0.26225   0.23778   6.12682   1.55442   1.05477   1.47751   0.60252  
 39  0.2284   2130.179898  x:  0.00000   0.18051   0.00966   0.02740   0.01789   0.05713   0.12146   0.05349   0.07696   0.04471   0.16105   0.00000   0.11748   0.08490   0.00709   0.08626   0.03767   0.02455   0.10762   0.16238   0.09924   0.26301   0.23764   6.23095   1.53697   1.04008   1.46213   0.60625  
 40  0.0930   2130.173408  x:  0.00000   0.18058   0.01000   0.02781   0.01730   0.05683   0.12116   0.05316   0.07650   0.04471   0.16068   0.00000   0.11682   0.08487   0.00707   0.08607   0.03732   0.02446   0.10756   0.16187   0.09942   0.26520   0.23890   6.26549   1.53911   1.04107   1.46224   0.60618  
 41  0.0101   2130.158597  x:  0.00000   0.18088   0.01117   0.02726   0.01697   0.05717   0.12143   0.05335   0.07749   0.04458   0.16147   0.00000   0.11731   0.08495   0.00738   0.08645   0.03756   0.02452   0.10788   0.16233   0.09925   0.26300   0.23823   6.24791   1.53910   1.04279   1.46404   0.60852  
 42  0.0034   2130.153920  x:  0.00000   0.18090   0.01157   0.02752   0.01742   0.05712   0.12145   0.05347   0.07665   0.04451   0.16102   0.00000   0.11717   0.08482   0.00704   0.08622   0.03764   0.02441   0.10767   0.16226   0.09925   0.26343   0.23782   6.22322   1.53781   1.04099   1.46223   0.60604  
 43  0.0174   2130.153649  x:  0.00000   0.18077   0.01165   0.02747   0.01751   0.05703   0.12135   0.05335   0.07684   0.04452   0.16087   0.00000   0.11708   0.08486   0.00711   0.08621   0.03754   0.02449   0.10769   0.16199   0.09930   0.26359   0.23789   6.22291   1.53869   1.04124   1.46291   0.60603  
 44  0.0010   2130.153633  x:  0.00000   0.18076   0.01165   0.02749   0.01753   0.05703   0.12133   0.05337   0.07680   0.04453   0.16086   0.00000   0.11702   0.08484   0.00713   0.08620   0.03754   0.02449   0.10768   0.16199   0.09930   0.26352   0.23785   6.22444   1.53856   1.04124   1.46287   0.60622  
 45  0.0012   2130.153632  x:  0.00000   0.18074   0.01165   0.02749   0.01753   0.05704   0.12133   0.05337   0.07681   0.04453   0.16086   0.00000   0.11701   0.08483   0.00713   0.08621   0.03754   0.02449   0.10768   0.16198   0.09930   0.26353   0.23782   6.22473   1.53859   1.04126   1.46287   0.60619  
 46  0.0002   2130.153632  x:  0.00000   0.18074   0.01165   0.02749   0.01753   0.05704   0.12133   0.05337   0.07681   0.04453   0.16086   0.00000   0.11701   0.08483   0.00713   0.08621   0.03754   0.02449   0.10768   0.16198   0.09930   0.26353   0.23782   6.22472   1.53859   1.04126   1.46287   0.60618  
 47  0.0000   2130.153632  x:  0.00000   0.18074   0.01165   0.02749   0.01753   0.05704   0.12133   0.05337   0.07681   0.04453   0.16086   0.00000   0.11701   0.08483   0.00713   0.08621   0.03754   0.02449   0.10768   0.16198   0.09930   0.26352   0.23782   6.22471   1.53859   1.04126   1.46287   0.60618  
 48  0.0000   2130.153632  x:  0.00000   0.18074   0.01165   0.02749   0.01753   0.05704   0.12133   0.05337   0.07681   0.04453   0.16086   0.00000   0.11701   0.08483   0.00713   0.08621   0.03754   0.02449   0.10768   0.16198   0.09930   0.26352   0.23782   6.22470   1.53859   1.04126   1.46287   0.60618  
 49  0.0000   2130.153632  x:  0.00000   0.18074   0.01165   0.02749   0.01753   0.05704   0.12133   0.05337   0.07681   0.04453   0.16086   0.00000   0.11701   0.08483   0.00713   0.08621   0.03754   0.02449   0.10768   0.16198   0.09930   0.26352   0.23782   6.22470   1.53859   1.04126   1.46287   0.60618  

TREE # 2

  0  0.0000   2212.565466  x:  0.12933   0.02997   0.17457   0.01425   0.04012   0.05177   0.10356   0.00000   0.06758   0.06302   0.04559   0.07312   0.05803   0.14928   0.03056   0.02862   0.03387   0.04898   0.04934   0.05117   0.06556   0.07135   0.06515   6.22470   1.42300   1.01086   1.33367   0.60618  
  1 99.0000   2157.413593  x:  0.17128   0.00000   0.20353   0.12037   0.09143   0.07774   0.12611   0.14333   0.08884   0.07987   0.03937   0.04983   0.02676   0.16705   0.12881   0.05005   0.01226   0.06980   0.03391   0.05150   0.04101   0.06608   0.09309   6.22470   1.42367   1.00950   1.33547   0.60612  
  2 1012.5082   2146.739302  x:  0.18272   0.00000   0.21227   0.12537   0.09450   0.08023   0.13349   0.12506   0.09517   0.08202   0.03754   0.03467   0.00000   0.16681   0.14369   0.04797   0.01023   0.07369   0.02780   0.05241   0.02473   0.06255   0.10207   6.22469   1.42443   1.00873   1.33648   0.60613  
  3 262.7693   2143.383841  x:  0.20891   0.00000   0.23449   0.14561   0.10553   0.08518   0.14507   0.08759   0.10169   0.08338   0.04340   0.03372   0.00000   0.16715   0.17605   0.05444   0.04194   0.07501   0.04524   0.05470   0.03477   0.06203   0.11059   6.22461   1.42701   1.00622   1.34011   0.60641  
  4 162.7147   2141.214577  x:  0.22732   0.00000   0.25260   0.16833   0.11466   0.08624   0.14791   0.05468   0.09959   0.08105   0.04253   0.05308   0.00000   0.16773   0.19755   0.05565   0.01863   0.07077   0.04964   0.04925   0.05295   0.06362   0.10714   6.22454   1.43041   1.00352   1.34494   0.60679  
  5 97.4164   2141.030636  x:  0.22600   0.00000   0.25440   0.17929   0.11473   0.08321   0.14211   0.04978   0.09530   0.08105   0.04099   0.04799   0.00000   0.16776   0.19690   0.05620   0.01931   0.07253   0.04545   0.05334   0.05595   0.06356   0.10046   6.22451   1.43345   1.00202   1.34932   0.60681  
  6 19.7960   2140.963708  x:  0.22322   0.00000   0.25406   0.18618   0.11365   0.08216   0.14070   0.04772   0.09564   0.08278   0.04403   0.04655   0.00000   0.16721   0.19464   0.05546   0.01978   0.07132   0.04472   0.04960   0.05574   0.06476   0.10179   6.22447   1.43711   1.00063   1.35462   0.60678  
  7 12.6799   2140.882398  x:  0.21895   0.00000   0.25243   0.19375   0.11189   0.08217   0.14229   0.04556   0.09690   0.08401   0.04084   0.04768   0.00000   0.16598   0.19129   0.05515   0.01946   0.07084   0.04790   0.05136   0.05394   0.06439   0.10542   6.22440   1.44453   0.99847   1.36522   0.60672  
  8 14.9841   2140.761539  x:  0.21689   0.00000   0.24953   0.19596   0.11164   0.08374   0.14782   0.04444   0.09495   0.08115   0.04443   0.05032   0.00000   0.16447   0.19105   0.05653   0.01960   0.07382   0.04763   0.05195   0.05065   0.06038   0.10313   6.22427   1.45994   0.99635   1.38664   0.60658  
  9 14.0980   2140.496396  x:  0.21910   0.00000   0.24560   0.19038   0.11371   0.08337   0.15167   0.04495   0.09319   0.08072   0.03887   0.04899   0.00000   0.16323   0.19591   0.05569   0.02155   0.07050   0.04466   0.04771   0.05023   0.06456   0.09913   6.22399   1.49601   0.99576   1.43549   0.60622  
 10 32.6346   2140.268270  x:  0.22269   0.00000   0.24483   0.18291   0.11508   0.08029   0.14836   0.04608   0.09437   0.08465   0.04320   0.04574   0.00000   0.16348   0.19978   0.05428   0.01844   0.06944   0.04574   0.05315   0.05297   0.06671   0.10138   6.22377   1.52778   0.99956   1.47722   0.60592  
 11 64.6864   2140.110460  x:  0.22541   0.00000   0.24893   0.17900   0.11463   0.07813   0.14137   0.04659   0.09485   0.08566   0.04108   0.04638   0.00000   0.16515   0.19976   0.05554   0.01859   0.07417   0.04544   0.04991   0.05409   0.06037   0.10573   6.22368   1.54815   1.01072   1.50136   0.60583  
 12 30.9576   2139.694548  x:  0.22969   0.00000   0.26654   0.17837   0.11236   0.08654   0.13450   0.04703   0.09518   0.07657   0.04211   0.04696   0.00000   0.17007   0.19350   0.05444   0.01942   0.06641   0.04618   0.05158   0.04587   0.05997   0.10599   6.22363   1.59738   1.06565   1.54997   0.60617  
 13 26.6595   2139.400956  x:  0.22911   0.00000   0.27102   0.17906   0.11219   0.09096   0.13809   0.04457   0.10330   0.07676   0.04188   0.04531   0.00000   0.17006   0.19031   0.05443   0.01815   0.07547   0.04583   0.05106   0.04679   0.06736   0.10206   6.22364   1.63109   1.10986   1.57912   0.60697  
 14 53.8159   2139.075870  x:  0.22533   0.00000   0.25971   0.18177   0.11567   0.08718   0.14582   0.03961   0.10517   0.08105   0.04142   0.04257   0.00000   0.16500   0.19626   0.05603   0.01795   0.07025   0.04047   0.05217   0.05199   0.06068   0.10319   6.22372   1.66368   1.15811   1.60067   0.60898  
 15 34.4953   2138.886101  x:  0.22478   0.00000   0.24994   0.18390   0.11678   0.08136   0.14615   0.03663   0.09569   0.08181   0.04158   0.04326   0.00000   0.16262   0.20365   0.05297   0.01777   0.07271   0.04421   0.05136   0.04777   0.06348   0.10583   6.22377   1.68076   1.18182   1.60812   0.61091  
 16 30.0207   2138.742218  x:  0.22762   0.00000   0.24786   0.18434   0.11281   0.07881   0.14574   0.03481   0.09472   0.08973   0.04170   0.04707   0.00000   0.16434   0.20572   0.05854   0.01815   0.07160   0.04428   0.05179   0.04145   0.06461   0.10256   6.22375   1.69005   1.18547   1.60498   0.61377  
 17  7.2887   2137.707894  x:  0.24404   0.00000   0.25484   0.18575   0.09573   0.07399   0.16268   0.03130   0.08739   0.10056   0.04067   0.04288   0.00000   0.17571   0.20277   0.04403   0.01787   0.07233   0.04236   0.05142   0.04041   0.05849   0.10156   6.22354   1.74198   1.17407   1.56459   0.63404  
 18 13.1462   2136.646293  x:  0.24960   0.00000   0.26360   0.18282   0.10261   0.07084   0.17159   0.02309   0.08089   0.09432   0.04025   0.03308   0.00000   0.17684   0.19659   0.05886   0.01359   0.07321   0.03883   0.05085   0.03809   0.06318   0.11288   6.22336   1.78926   1.15650   1.52212   0.65079  
 19 58.4876   2135.758669  x:  0.24542   0.00000   0.26993   0.18031   0.12138   0.07137   0.16364   0.01523   0.09210   0.09021   0.04035   0.03920   0.00000   0.16683   0.19989   0.05093   0.01658   0.07414   0.03233   0.05362   0.02737   0.06295   0.11335   6.22328   1.81572   1.14020   1.49208   0.65679  
 20 46.8242   2135.320707  x:  0.24137   0.00000   0.27104   0.17846   0.12073   0.07935   0.15689   0.01168   0.09768   0.08795   0.03979   0.03244   0.00000   0.15829   0.20752   0.05059   0.01312   0.07303   0.04115   0.05010   0.02415   0.05828   0.10757   6.22329   1.81793   1.13251   1.48251   0.65343  
 21 28.9973   2134.737820  x:  0.23862   0.00000   0.27127   0.17742   0.10288   0.09018   0.15096   0.00713   0.10064   0.08148   0.03981   0.03297   0.00000   0.14970   0.22146   0.05194   0.01339   0.07444   0.03319   0.05243   0.02498   0.06140   0.11333   6.22334   1.80311   1.12405   1.47979   0.63990  
 22 25.0424   2133.938221  x:  0.24818   0.00000   0.27615   0.17809   0.10193   0.07326   0.16193   0.00284   0.10112   0.08101   0.03965   0.03059   0.00000   0.15573   0.21822   0.05182   0.01235   0.07382   0.03335   0.05212   0.01880   0.06104   0.11276   6.22338   1.75228   1.11729   1.49377   0.61162  
 23 20.9291   2133.693788  x:  0.25289   0.00000   0.28121   0.17711   0.10595   0.07664   0.16665   0.00174   0.09190   0.09160   0.03927   0.03005   0.00000   0.14880   0.21280   0.05060   0.01231   0.07467   0.03175   0.05241   0.01762   0.06059   0.11428   6.22335   1.73292   1.11554   1.49999   0.60530  
 24 30.9186   2133.650036  x:  0.25394   0.00000   0.28420   0.17683   0.10453   0.07358   0.16806   0.00272   0.09145   0.09184   0.03928   0.03003   0.00000   0.14302   0.21244   0.05072   0.01226   0.07454   0.03175   0.05242   0.01704   0.06073   0.11405   6.22330   1.72864   1.11531   1.50160   0.60823  
 25 10.1532   2133.483423  x:  0.24808   0.00000   0.28760   0.17422   0.10423   0.07370   0.16875   0.00203   0.09124   0.09229   0.03923   0.02939   0.00000   0.14570   0.21600   0.05054   0.01214   0.07468   0.03118   0.05257   0.01615   0.06088   0.11441   6.22292   1.70355   1.11428   1.51286   0.64328  
 26  6.9436   2133.346432  x:  0.26236   0.00000   0.27627   0.17593   0.10462   0.07881   0.16388   0.00206   0.09601   0.08757   0.03922   0.02846   0.00000   0.14433   0.20971   0.05045   0.01211   0.07490   0.03057   0.05271   0.01547   0.06063   0.11527   6.22321   1.69138   1.11194   1.51537   0.65202  
 27  3.3053   2131.910035  x:  0.25258   0.00000   0.27599   0.15398   0.10393   0.08811   0.16540   0.00693   0.09783   0.08880   0.03843   0.02215   0.00000   0.16807   0.21352   0.04778   0.01169   0.07643   0.02546   0.05366   0.00964   0.05958   0.11977   6.22943   1.61442   1.08015   1.50528   0.61737  
 28  3.2028   2131.228323  x:  0.25406   0.00000   0.27706   0.14146   0.10592   0.08771   0.16767   0.00787   0.10251   0.08939   0.03748   0.01946   0.00000   0.16962   0.21298   0.04531   0.00998   0.07728   0.02381   0.05373   0.01834   0.05764   0.12182   6.24280   1.54451   1.05381   1.49275   0.60802  
 29  0.3551   2130.729359  x:  0.25152   0.00000   0.27201   0.12614   0.10560   0.08812   0.16723   0.00828   0.10949   0.08785   0.03661   0.02848   0.00000   0.16597   0.20899   0.04503   0.01074   0.07869   0.02833   0.05334   0.01812   0.05556   0.12610   6.25949   1.50753   1.03122   1.45872   0.60171  
 30  0.0878   2130.404471  x:  0.24460   0.00000   0.26603   0.11902   0.10372   0.08547   0.16484   0.00804   0.11401   0.08629   0.03709   0.02384   0.00000   0.15790   0.19721   0.04486   0.01455   0.07905   0.02945   0.05350   0.01779   0.05561   0.12690   6.25337   1.53023   1.03336   1.44050   0.60368  
 31  0.0467   2130.221226  x:  0.23918   0.00000   0.26233   0.11977   0.10100   0.08435   0.16233   0.00811   0.11344   0.08558   0.03771   0.02478   0.00000   0.15669   0.18412   0.04465   0.01098   0.07812   0.02710   0.05335   0.01732   0.05673   0.12488   6.23364   1.54359   1.04000   1.44430   0.60624  
 32  0.0436   2130.165255  x:  0.23737   0.00000   0.26305   0.11935   0.09877   0.08492   0.16180   0.00803   0.10915   0.08615   0.03765   0.02431   0.00000   0.16021   0.17988   0.04487   0.01190   0.07710   0.02779   0.05324   0.01745   0.05737   0.12221   6.22063   1.53377   1.04140   1.46096   0.60683  
 33  0.0246   2130.156169  x:  0.23762   0.00000   0.26368   0.11653   0.09921   0.08495   0.16168   0.00775   0.10789   0.08602   0.03755   0.02438   0.00000   0.16072   0.18106   0.04457   0.01160   0.07678   0.02737   0.05333   0.01744   0.05715   0.12131   6.22276   1.53866   1.04218   1.46475   0.60665  
 34  0.0098   2130.154037  x:  0.23807   0.00000   0.26360   0.11719   0.09939   0.08462   0.16199   0.00731   0.10736   0.08620   0.03751   0.02451   0.00000   0.16080   0.18067   0.04442   0.01166   0.07672   0.02748   0.05340   0.01749   0.05690   0.12109   6.22688   1.53931   1.04085   1.46294   0.60599  
 35  0.0037   2130.153658  x:  0.23786   0.00000   0.26353   0.11700   0.09924   0.08478   0.16204   0.00714   0.10759   0.08622   0.03755   0.02450   0.00000   0.16079   0.18078   0.04458   0.01164   0.07680   0.02752   0.05338   0.01751   0.05705   0.12128   6.22406   1.53862   1.04112   1.46251   0.60614  
 36  0.0026   2130.153633  x:  0.23780   0.00000   0.26351   0.11700   0.09931   0.08482   0.16199   0.00713   0.10766   0.08621   0.03755   0.02450   0.00000   0.16084   0.18075   0.04453   0.01166   0.07681   0.02748   0.05337   0.01752   0.05704   0.12133   6.22465   1.53858   1.04128   1.46281   0.60621  
 37  0.0008   2130.153632  x:  0.23781   0.00000   0.26352   0.11701   0.09930   0.08483   0.16198   0.00713   0.10768   0.08621   0.03754   0.02449   0.00000   0.16086   0.18074   0.04453   0.01165   0.07681   0.02749   0.05337   0.01753   0.05703   0.12133   6.22474   1.53859   1.04126   1.46287   0.60619  
 38  0.0001   2130.153632  x:  0.23782   0.00000   0.26352   0.11701   0.09930   0.08483   0.16198   0.00713   0.10768   0.08621   0.03754   0.02449   0.00000   0.16086   0.18074   0.04453   0.01165   0.07681   0.02749   0.05337   0.01753   0.05703   0.12133   6.22471   1.53859   1.04126   1.46287   0.60618  
 39  0.0000   2130.153632  x:  0.23782   0.00000   0.26352   0.11701   0.09930   0.08483   0.16198   0.00713   0.10768   0.08621   0.03754   0.02449   0.00000   0.16086   0.18074   0.04453   0.01165   0.07681   0.02749   0.05337   0.01753   0.05704   0.12133   6.22470   1.53859   1.04126   1.46287   0.60618  
 40  0.0000   2130.153632  x:  0.23782   0.00000   0.26353   0.11701   0.09930   0.08483   0.16198   0.00713   0.10768   0.08621   0.03754   0.02449   0.00000   0.16086   0.18074   0.04453   0.01165   0.07681   0.02749   0.05337   0.01753   0.05704   0.12133   6.22471   1.53859   1.04126   1.46287   0.60618  
 41  0.0000   2130.153632  x:  0.23782   0.00000   0.26352   0.11701   0.09930   0.08483   0.16198   0.00713   0.10768   0.08621   0.03754   0.02449   0.00000   0.16086   0.18074   0.04453   0.01165   0.07681   0.02749   0.05337   0.01753   0.05703   0.12133   6.22470   1.53859   1.04126   1.46287   0.60618  
 42  0.0000   2130.153632  x:  0.23782   0.00000   0.26352   0.11701   0.09930   0.08483   0.16198   0.00713   0.10768   0.08621   0.03754   0.02449   0.00000   0.16086   0.18074   0.04453   0.01165   0.07681   0.02749   0.05337   0.01753   0.05703   0.12133   6.22470   1.53859   1.04126   1.46287   0.60618  