

TREE # 1

  0  0.0000   2293.516984  x:  0.00244   0.04400   0.05311   0.00000   0.10372   0.09705   0.04191   0.10739   0.13773   0.06428   0.11374   0.02436   0.06145   0.01956   0.01684   0.07546   0.08477   0.03825   0.08066   0.06455   0.09257   0.08750   0.08017   2.00000   1.69914   1.29173   1.66895   0.40000  
  1 99.0000   2259.120931  x:  0.02948   0.10248   0.03845   0.13065   0.13010   0.09940   0.02663   0.10959   0.13822   0.06760   0.12326   0.02010   0.10151   0.02410   0.00000   0.06879   0.09154   0.02885   0.08735   0.07038   0.08010   0.09904   0.11053   2.00445   1.69782   1.28901   1.67152   0.41510  
  2 1232.5022   2231.190983  x:  0.00747   0.14023   0.00898   0.11374   0.16214   0.10287   0.00000   0.10965   0.13355   0.06268   0.13601   0.00985   0.13589   0.02388   0.00000   0.05830   0.10171   0.01486   0.09719   0.07778   0.05708   0.11504   0.14367   2.01316   1.69503   1.28450   1.67613   0.44068  
  3 426.9325   2226.029926  x:  0.00158   0.15233   0.00000   0.10819   0.17276   0.10431   0.00823   0.10956   0.13192   0.06109   0.14014   0.00813   0.14681   0.02384   0.00000   0.05507   0.10496   0.01229   0.10027   0.07997   0.04924   0.12004   0.15425   2.01643   1.69399   1.28283   1.67782   0.44978  
  4 1181.2908   2216.872528  x:  0.01197   0.19279   0.02820   0.08100   0.20961   0.10908   0.02229   0.10856   0.12596   0.05683   0.15480   0.01428   0.18260   0.02391   0.00000   0.04547   0.11582   0.01918   0.11020   0.08616   0.02071   0.13620   0.18968   2.03074   1.68950   1.27569   1.68505   0.48659  
  5 613.7743   2214.264035  x:  0.01688   0.20643   0.02718   0.07267   0.22394   0.10930   0.02334   0.10577   0.12110   0.05566   0.15823   0.01578   0.19072   0.02987   0.00000   0.05453   0.11576   0.03300   0.10917   0.08210   0.05133   0.13591   0.19828   2.04934   1.68387   1.26775   1.69311   0.51953  
  6 139.1054   2210.342356  x:  0.02277   0.20965   0.02598   0.07233   0.23225   0.10572   0.02343   0.09992   0.11422   0.05794   0.15403   0.00898   0.18169   0.01126   0.00000   0.06494   0.10591   0.02514   0.09828   0.06984   0.04975   0.12124   0.19095   2.10130   1.66858   1.24779   1.71347   0.58986  
  7 108.7021   2206.802019  x:  0.02555   0.20801   0.02330   0.07405   0.23720   0.10160   0.02218   0.09447   0.10816   0.05999   0.14717   0.01235   0.16749   0.03187   0.00000   0.07023   0.09524   0.01457   0.08727   0.06116   0.03771   0.10509   0.17820   2.17171   1.64827   1.22146   1.74026   0.67616  
  8 428.3564   2203.730370  x:  0.01741   0.19738   0.01582   0.08222   0.23107   0.10088   0.01744   0.09598   0.11021   0.05843   0.14074   0.02177   0.15310   0.03262   0.00000   0.06018   0.09688   0.04077   0.09067   0.07561   0.02414   0.10417   0.16450   2.25123   1.62659   1.19365   1.76830   0.75211  
  9 245.3737   2200.702256  x:  0.00827   0.18066   0.02521   0.08969   0.21500   0.10512   0.01923   0.10342   0.11950   0.05579   0.14033   0.01769   0.14811   0.03159   0.00000   0.03929   0.10874   0.02803   0.10538   0.09079   0.03519   0.12005   0.15853   2.33771   1.60502   1.16661   1.79513   0.80755  
 10 193.8445   2198.500127  x:  0.01863   0.16243   0.02025   0.09010   0.19051   0.11011   0.01898   0.11097   0.12959   0.05366   0.14798   0.01621   0.15724   0.03260   0.00000   0.06281   0.12018   0.02311   0.11633   0.09315   0.03080   0.13966   0.16561   2.43473   1.58435   1.14247   1.81858   0.82851  
 11 128.9977   2193.959433  x:  0.01532   0.15605   0.01881   0.08881   0.16150   0.10809   0.01840   0.10983   0.13305   0.06951   0.16080   0.01572   0.18128   0.03283   0.00000   0.04562   0.11194   0.03423   0.10073   0.05901   0.02931   0.14294   0.18679   2.66869   1.54200   1.09935   1.85986   0.80911  
 12 123.0743   2184.918334  x:  0.00754   0.17835   0.02680   0.08263   0.17641   0.09826   0.02042   0.09832   0.12290   0.06160   0.16164   0.02205   0.19523   0.02744   0.00000   0.05445   0.08597   0.02543   0.07515   0.10545   0.03734   0.11043   0.19986   3.22179   1.45108   1.01427   1.94087   0.71900  
 13 297.1717   2180.163111  x:  0.01815   0.19576   0.02387   0.07840   0.21194   0.10116   0.02039   0.09684   0.11167   0.04990   0.14805   0.00709   0.17643   0.03050   0.00000   0.05333   0.10285   0.02922   0.10609   0.08797   0.03577   0.10036   0.18440   3.50822   1.41171   0.98407   1.97076   0.66891  
 14 355.9077   2179.221191  x:  0.01808   0.20107   0.02180   0.07785   0.22378   0.10322   0.01941   0.09794   0.10967   0.04991   0.14372   0.02233   0.16946   0.02675   0.00000   0.05424   0.10795   0.02497   0.11119   0.07974   0.03699   0.10572   0.17861   3.58140   1.40467   0.98136   1.97418   0.65788  
 15 310.3513   2178.019690  x:  0.01014   0.20636   0.02641   0.07931   0.24021   0.10756   0.01978   0.10288   0.11350   0.06051   0.14123   0.01715   0.15814   0.02839   0.00000   0.06159   0.10917   0.02722   0.09897   0.07604   0.03581   0.12885   0.16942   3.66608   1.40842   0.99742   1.96172   0.65334  
 16 96.3112   2175.857032  x:  0.03228   0.20091   0.01534   0.07521   0.25244   0.10777   0.01876   0.10418   0.12330   0.04654   0.15127   0.01509   0.15275   0.02832   0.00000   0.04853   0.10343   0.02654   0.08496   0.07872   0.03658   0.14218   0.16448   3.83714   1.44147   1.06629   1.90241   0.66333  
 17 87.1262   2172.433167  x:  0.02361   0.19219   0.01949   0.07715   0.25307   0.10239   0.01906   0.09857   0.12207   0.06816   0.15763   0.01795   0.16186   0.02800   0.00000   0.05422   0.10110   0.02596   0.11087   0.08446   0.03719   0.12319   0.17042   4.12161   1.51139   1.19218   1.78755   0.68950  
 18 209.9793   2171.804366  x:  0.01280   0.19529   0.02548   0.07992   0.24579   0.10613   0.01941   0.10057   0.11682   0.05334   0.15010   0.01840   0.16493   0.02808   0.00000   0.05869   0.10947   0.02695   0.10661   0.08034   0.03669   0.11801   0.17391   4.17004   1.52861   1.21043   1.76612   0.69477  
 19 84.1300   2171.649217  x:  0.01653   0.20296   0.02373   0.07746   0.23785   0.10799   0.01943   0.10239   0.11111   0.05620   0.14226   0.01783   0.16362   0.02808   0.00000   0.05737   0.11167   0.02632   0.10520   0.08272   0.03698   0.11931   0.17441   4.18313   1.54170   1.20775   1.75929   0.69615  
 20 18.3040   2171.466695  x:  0.01524   0.21186   0.02431   0.07623   0.23281   0.10494   0.01959   0.10093   0.11656   0.05339   0.14356   0.01772   0.16075   0.02810   0.00000   0.05829   0.10577   0.02639   0.10917   0.08151   0.03682   0.12174   0.17194   4.19906   1.57020   1.19230   1.75055   0.69747  
 21 15.2466   2171.263113  x:  0.01542   0.20705   0.02382   0.07673   0.23819   0.10708   0.01930   0.10169   0.11713   0.05607   0.15041   0.01804   0.16130   0.02803   0.00000   0.05773   0.11229   0.02619   0.10569   0.08189   0.03666   0.11817   0.17055   4.21699   1.60761   1.16956   1.74174   0.69852  
 22 22.4978   2171.192842  x:  0.01546   0.20041   0.02388   0.07776   0.24252   0.10665   0.01920   0.10123   0.11355   0.05523   0.14636   0.01776   0.16346   0.02804   0.00000   0.05738   0.10866   0.02641   0.10659   0.08158   0.03653   0.12087   0.17324   4.22298   1.61935   1.16294   1.74032   0.69892  
 23 13.4194   2171.027779  x:  0.01637   0.19908   0.02318   0.07659   0.24535   0.10395   0.01909   0.09893   0.12442   0.05687   0.13683   0.01766   0.16462   0.02798   0.00000   0.05703   0.11215   0.02612   0.10513   0.08147   0.03652   0.11907   0.17890   4.23584   1.62902   1.16628   1.75223   0.70114  
 24  2.4132   2165.693621  x:  0.00615   0.21888   0.01867   0.05585   0.24933   0.13780   0.01317   0.13148   0.12754   0.05495   0.14731   0.01513   0.17664   0.02684   0.00000   0.05246   0.10185   0.02075   0.11758   0.08194   0.02942   0.11645   0.21110   4.67370   1.89790   1.34027   2.19974   0.77765  
 25 21.6392   2163.717142  x:  0.00224   0.22488   0.01797   0.05012   0.24549   0.10839   0.01208   0.10443   0.11095   0.05245   0.15593   0.01309   0.19025   0.02673   0.00000   0.05140   0.12081   0.01827   0.11607   0.08411   0.02675   0.13238   0.20509   4.82060   1.98245   1.39619   2.34317   0.80321  
 26 190.5381   2163.448899  x:  0.00259   0.22622   0.01735   0.04754   0.24644   0.11266   0.01174   0.10532   0.11462   0.05285   0.15131   0.01273   0.20887   0.02652   0.00000   0.05099   0.11935   0.01825   0.11615   0.08396   0.02649   0.13256   0.18871   4.84089   1.97389   1.39021   2.33483   0.80808  
 27  8.6963   2158.681954  x:  0.00000   0.23546   0.01148   0.03117   0.25461   0.09334   0.00764   0.14176   0.12286   0.05457   0.15952   0.01043   0.22063   0.02646   0.00000   0.04680   0.12330   0.01521   0.11669   0.08438   0.02208   0.14242   0.20745   5.13162   1.72082   1.21543   2.03237   0.88428  
 28 19.6386   2156.859032  x:  0.00000   0.23907   0.00845   0.02505   0.25490   0.12486   0.00474   0.11174   0.12873   0.05569   0.16507   0.00926   0.21799   0.02660   0.00000   0.04432   0.12281   0.01389   0.11835   0.08651   0.01946   0.15137   0.22226   5.27134   1.59779   1.13061   1.88512   0.92060  
 29 232.3891   2155.397212  x:  0.00000   0.23489   0.00247   0.02015   0.26097   0.11871   0.00172   0.10892   0.12449   0.05843   0.16652   0.00711   0.21792   0.02588   0.00000   0.04723   0.12225   0.01967   0.11593   0.08452   0.02770   0.15141   0.22342   5.51951   1.56494   1.11389   1.85426   0.93726  
 30  0.4613   2154.439647  x:  0.00000   0.22644   0.00871   0.01983   0.26772   0.11380   0.00178   0.10684   0.11998   0.06014   0.16632   0.00383   0.21433   0.02469   0.00000   0.05178   0.11910   0.01993   0.11167   0.08231   0.03690   0.14837   0.22277   5.81567   1.50909   1.08373   1.78345   0.94771  
 31  0.7627   2153.653687  x:  0.00000   0.21385   0.00784   0.02039   0.26907   0.11022   0.00000   0.10461   0.11628   0.06047   0.16458   0.00519   0.20658   0.02298   0.00000   0.05276   0.11710   0.01571   0.10942   0.08092   0.03701   0.14215   0.21720   6.13239   1.57054   1.12226   1.86281   0.95015  
 32  0.4436   2153.653687  x:  0.00000   0.21385   0.00784   0.02039   0.26907   0.11022   0.00000   0.10461   0.11628   0.06047   0.16458   0.00519   0.20658   0.02298   0.00000   0.05276   0.11710   0.01571   0.10942   0.08092   0.03701   0.14215   0.21720   6.13239   1.57054   1.12226   1.86281   0.95015  
 33  0.3857   2153.529678  x:  0.00000   0.21322   0.00554   0.01885   0.26834   0.11084   0.00154   0.10499   0.11690   0.06020   0.16449   0.00700   0.20606   0.02365   0.00000   0.05231   0.11691   0.01743   0.10926   0.08106   0.03455   0.14199   0.21667   6.13252   1.57050   1.12216   1.86286   0.94992  
 34 44.2871   2153.464406  x:  0.00000   0.21210   0.00718   0.01703   0.26698   0.11157   0.00126   0.10565   0.11796   0.06005   0.16433   0.00782   0.20507   0.02447   0.00000   0.05159   0.11657   0.01844   0.10901   0.08126   0.03129   0.14158   0.21575   6.13276   1.57044   1.12199   1.86295   0.94948  
 35 38.0097   2153.431932  x:  0.00000   0.21069   0.00645   0.01649   0.26534   0.11221   0.00039   0.10642   0.11917   0.06012   0.16414   0.00683   0.20383   0.02483   0.00000   0.05099   0.11619   0.01758   0.10875   0.08144   0.02983   0.14101   0.21467   6.13306   1.57036   1.12175   1.86307   0.94892  
 36 24.3880   2153.406686  x:  0.00000   0.20898   0.00661   0.01656   0.26340   0.11300   0.00155   0.10729   0.12054   0.06036   0.16394   0.00623   0.20235   0.02494   0.00000   0.05056   0.11578   0.01676   0.10847   0.08161   0.02952   0.14039   0.21337   6.13346   1.57027   1.12143   1.86322   0.94820  
 37 32.6695   2153.359781  x:  0.00000   0.20497   0.00667   0.01732   0.25868   0.11435   0.00109   0.10904   0.12342   0.06104   0.16353   0.00772   0.19901   0.02468   0.00000   0.05031   0.11498   0.01714   0.10794   0.08186   0.03118   0.13920   0.21037   6.13450   1.57005   1.12059   1.86365   0.94632  
 38 33.2693   2153.352379  x:  0.00000   0.20416   0.00666   0.01672   0.25753   0.11414   0.00115   0.10882   0.12338   0.06104   0.16353   0.00708   0.19834   0.02436   0.00000   0.05091   0.11506   0.01788   0.10802   0.08174   0.03159   0.13910   0.20982   6.13494   1.56997   1.12025   1.86383   0.94557  
 39  9.7895   2153.344582  x:  0.00000   0.20318   0.00665   0.01619   0.25586   0.11325   0.00126   0.10789   0.12257   0.06101   0.16367   0.00752   0.19768   0.02421   0.00000   0.05177   0.11543   0.01720   0.10835   0.08143   0.03154   0.13934   0.20925   6.13589   1.56981   1.11950   1.86421   0.94396  
 40  8.1950   2153.338602  x:  0.00000   0.20252   0.00664   0.01716   0.25446   0.11240   0.00134   0.10709   0.12170   0.06110   0.16385   0.00742   0.19730   0.02468   0.00000   0.05172   0.11582   0.01747   0.10863   0.08126   0.03107   0.13965   0.20895   6.13708   1.56962   1.11860   1.86469   0.94201  
 41  8.9949   2153.332169  x:  0.00000   0.20255   0.00664   0.01695   0.25335   0.11209   0.00140   0.10677   0.12099   0.06083   0.16409   0.00741   0.19746   0.02427   0.00000   0.05010   0.11596   0.01753   0.10863   0.08152   0.03134   0.14004   0.20911   6.13931   1.56927   1.11702   1.86555   0.93854  
 42  5.6940   2153.313301  x:  0.00000   0.20409   0.00665   0.01675   0.25187   0.11304   0.00138   0.10782   0.12094   0.06047   0.16445   0.00731   0.19885   0.02532   0.00000   0.05092   0.11540   0.01742   0.10801   0.08228   0.03168   0.14057   0.21029   6.14789   1.56793   1.11138   1.86868   0.92579  
 43  9.3572   2153.306774  x:  0.00000   0.20453   0.00664   0.01714   0.25187   0.11327   0.00138   0.10810   0.12124   0.06062   0.16440   0.00736   0.19918   0.02423   0.00000   0.05136   0.11526   0.01746   0.10794   0.08211   0.03115   0.14048   0.21057   6.15112   1.56740   1.10949   1.86975   0.92131  
 44 21.6249   2153.299296  x:  0.00000   0.20444   0.00662   0.01688   0.25378   0.11282   0.00137   0.10755   0.12226   0.06122   0.16372   0.00745   0.19876   0.02449   0.00000   0.05102   0.11552   0.01745   0.10854   0.08060   0.03129   0.13943   0.21017   6.15601   1.56652   1.10768   1.87087   0.91607  
 45  7.4827   2153.295292  x:  0.00000   0.20369   0.00665   0.01697   0.25565   0.11252   0.00134   0.10724   0.12219   0.06064   0.16336   0.00752   0.19798   0.02446   0.00000   0.05111   0.11570   0.01744   0.10857   0.08187   0.03128   0.13903   0.20952   6.15989   1.56576   1.10734   1.87122   0.91367  
 46  4.4470   2153.290419  x:  0.00000   0.20276   0.00664   0.01685   0.25706   0.11318   0.00127   0.10791   0.12077   0.06136   0.16385   0.00750   0.19723   0.02447   0.00000   0.05108   0.11538   0.01744   0.10788   0.08152   0.03129   0.13992   0.20896   6.16724   1.56436   1.10829   1.87101   0.91211  
 47  3.1723   2153.273089  x:  0.00000   0.20219   0.00672   0.01722   0.25739   0.11366   0.00123   0.10816   0.12154   0.05883   0.16549   0.00739   0.19732   0.02445   0.00000   0.05114   0.11526   0.01742   0.10863   0.08016   0.03135   0.14161   0.20905   6.19779   1.55905   1.11326   1.86920   0.90964  
 48  7.0153   2153.234002  x:  0.00000   0.20327   0.00664   0.01683   0.25595   0.11290   0.00131   0.10727   0.12348   0.06171   0.16663   0.00731   0.19871   0.02445   0.00000   0.05115   0.11583   0.01745   0.10979   0.08219   0.03139   0.14189   0.21004   6.26935   1.54765   1.12386   1.86481   0.90571  
 49 38.9346   2153.206555  x:  0.00000   0.20471   0.00667   0.01718   0.25438   0.11249   0.00136   0.10767   0.12144   0.06061   0.16310   0.00749   0.19937   0.02447   0.00000   0.05119   0.11586   0.01745   0.10713   0.08144   0.03138   0.13827   0.21049   6.32045   1.54234   1.12733   1.86187   0.90555  
 50 27.2383   2153.128926  x:  0.00000   0.20705   0.00672   0.01736   0.25413   0.11574   0.00107   0.10887   0.11870   0.06048   0.15871   0.00743   0.19741   0.02444   0.00000   0.05119   0.11474   0.01743   0.11391   0.08186   0.03143   0.13889   0.21002   6.47312   1.53995   1.11765   1.85530   0.91556  
 51 21.0476   2152.969329  x:  0.00000   0.20750   0.00673   0.01711   0.25649   0.11316   0.00099   0.10713   0.12264   0.06088   0.16299   0.00712   0.19615   0.02446   0.00000   0.05128   0.11615   0.01739   0.10772   0.08162   0.03143   0.14224   0.20961   6.78735   1.53936   1.09252   1.84278   0.93876  
 52 115.1980   2152.957384  x:  0.00000   0.20478   0.00674   0.01699   0.25687   0.11303   0.00098   0.10792   0.12198   0.06097   0.16509   0.00717   0.19875   0.02445   0.00000   0.05127   0.11585   0.01740   0.10860   0.08164   0.03142   0.13987   0.21026   6.81080   1.54043   1.09106   1.84237   0.94037  
 53 18.7317   2152.954938  x:  0.00000   0.20349   0.00674   0.01697   0.25692   0.11368   0.00094   0.10722   0.12223   0.06107   0.16407   0.00710   0.19985   0.02444   0.00000   0.05128   0.11597   0.01739   0.10836   0.08163   0.03143   0.14047   0.21070   6.81584   1.54263   1.09204   1.84338   0.94030  
 54  2.3452   2152.947097  x:  0.00000   0.20310   0.00672   0.01680   0.25690   0.11183   0.00108   0.10882   0.12245   0.06110   0.16315   0.00705   0.20000   0.02444   0.00000   0.05125   0.11578   0.01741   0.10854   0.08163   0.03141   0.14128   0.21097   6.83264   1.55413   1.09824   1.84956   0.93929  
 55  3.3721   2152.936954  x:  0.00000   0.20432   0.00672   0.01695   0.25667   0.11313   0.00103   0.10756   0.12209   0.06100   0.16450   0.00710   0.19892   0.02442   0.00000   0.05124   0.11581   0.01740   0.10838   0.08160   0.03141   0.14016   0.21049   6.85457   1.56949   1.10680   1.85884   0.93806  
 56 13.6845   2152.931807  x:  0.00000   0.20458   0.00672   0.01696   0.25661   0.11311   0.00104   0.10773   0.12202   0.06092   0.16433   0.00705   0.19981   0.02441   0.00000   0.05123   0.11619   0.01738   0.10833   0.08156   0.03139   0.14028   0.20887   6.86623   1.57214   1.11043   1.87332   0.94069  
 57  1.4303   2152.930482  x:  0.00000   0.20430   0.00672   0.01697   0.25661   0.11296   0.00105   0.10750   0.12204   0.06093   0.16430   0.00708   0.19915   0.02441   0.00000   0.05121   0.11546   0.01739   0.10829   0.08155   0.03139   0.14016   0.21001   6.86929   1.57266   1.11134   1.87730   0.94146  
 58  3.3712   2152.930369  x:  0.00000   0.20424   0.00672   0.01696   0.25661   0.11302   0.00104   0.10760   0.12204   0.06093   0.16431   0.00709   0.19900   0.02441   0.00000   0.05122   0.11578   0.01738   0.10830   0.08155   0.03139   0.14012   0.21027   6.86958   1.57270   1.11141   1.87764   0.94152  
 59  0.7047   2152.927994  x:  0.00000   0.20433   0.00666   0.01696   0.25646   0.11319   0.00106   0.10771   0.12189   0.06081   0.16408   0.00715   0.19899   0.02442   0.00000   0.05121   0.11575   0.01743   0.10854   0.08152   0.03136   0.14019   0.21028   6.91409   1.56938   1.11231   1.87659   0.93854  
 60  0.0394   2152.927986  x:  0.00000   0.20435   0.00667   0.01697   0.25649   0.11318   0.00106   0.10769   0.12189   0.06083   0.16408   0.00714   0.19898   0.02442   0.00000   0.05121   0.11575   0.01742   0.10852   0.08153   0.03138   0.14018   0.21028   6.91600   1.56935   1.11214   1.87650   0.93872  
 61  0.0019   2152.927986  x:  0.00000   0.20435   0.00667   0.01697   0.25649   0.11318   0.00106   0.10770   0.12189   0.06083   0.16408   0.00714   0.19898   0.02442   0.00000   0.05121   0.11575   0.01742   0.10852   0.08153   0.03138   0.14018   0.21028   6.91609   1.56935   1.11213   1.87649   0.93874  
 62  0.0001   2152.927986  x:  0.00000   0.20435   0.00667   0.01697   0.25649   0.11318   0.00106   0.10770   0.12189   0.06083   0.16408   0.00714   0.19898   0.02442   0.00000   0.05121   0.11575   0.01742   0.10852   0.08153   0.03138   0.14018   0.21028   6.91610   1.56935   1.11213   1.87649   0.93874  
 63  0.0000   2152.927986  x:  0.00000   0.20435   0.00667   0.01697   0.25649   0.11318   0.00106   0.10770   0.12189   0.06083   0.16408   0.00714   0.19898   0.02442   0.00000   0.05121   0.11575   0.01742   0.10852   0.08153   0.03138   0.14018   0.21028   6.91610   1.56935   1.11213   1.87649   0.93874  

TREE # 2

  0  0.0000   2211.753539  x:  0.14463   0.02389   0.14246   0.07081   0.04270   0.01734   0.09712   0.00300   0.08245   0.04120   0.06797   0.06768   0.04295   0.15962   0.05308   0.08200   0.00640   0.12634   0.00000   0.13224   0.10143   0.07180   0.04655   6.91610   1.44039   1.07645   1.69545   0.93874  
  1 99.0000   2203.844187  x:  0.14605   0.02276   0.14259   0.07637   0.04192   0.01874   0.09665   0.00000   0.08361   0.04199   0.07039   0.06517   0.04061   0.15992   0.06104   0.08172   0.00678   0.12671   0.03803   0.13203   0.10657   0.07364   0.04372   6.91609   1.44053   1.07631   1.69562   0.93872  
  2 1671.3587   2160.085059  x:  0.16747   0.00535   0.14411   0.15362   0.03010   0.03540   0.08932   0.00000   0.10083   0.05300   0.10523   0.02632   0.00423   0.16388   0.16789   0.07413   0.00380   0.12973   0.03221   0.12425   0.17392   0.10010   0.00000   6.91597   1.44248   1.07437   1.69819   0.93820  
  3 509.1197   2158.717635  x:  0.17143   0.00888   0.14404   0.15924   0.03029   0.03156   0.08800   0.00000   0.10237   0.05263   0.10740   0.02104   0.00000   0.16407   0.17294   0.07168   0.01136   0.12914   0.03176   0.12219   0.18169   0.10280   0.01130   6.91595   1.44292   1.07390   1.69881   0.93815  
  4 242.5725   2157.644914  x:  0.17957   0.01493   0.14317   0.16243   0.03276   0.01926   0.08546   0.00000   0.10381   0.04999   0.10775   0.01607   0.00283   0.16436   0.17011   0.06545   0.00707   0.12672   0.03181   0.11735   0.19223   0.10427   0.01116   6.91591   1.44396   1.07277   1.70032   0.93803  
  5 107.9493   2157.136559  x:  0.18537   0.01414   0.14221   0.16299   0.03425   0.01821   0.08392   0.00000   0.10446   0.04870   0.10732   0.01815   0.00000   0.16429   0.16548   0.06158   0.00837   0.12471   0.03184   0.11379   0.19894   0.10461   0.00939   6.91587   1.44488   1.07181   1.70168   0.93789  
  6 86.0624   2156.780208  x:  0.19404   0.01245   0.14076   0.16393   0.03474   0.02359   0.08223   0.00000   0.10526   0.04801   0.10672   0.01845   0.00466   0.16450   0.15939   0.05766   0.00919   0.12173   0.03179   0.10877   0.20904   0.10523   0.00976   6.91580   1.44654   1.07006   1.70416   0.93767  
  7 106.0193   2156.696735  x:  0.19665   0.01131   0.14032   0.16342   0.03255   0.02445   0.08265   0.00000   0.10507   0.04923   0.10631   0.01695   0.00345   0.16433   0.15703   0.05934   0.00706   0.12081   0.03182   0.10779   0.21183   0.10510   0.01086   6.91575   1.44763   1.06901   1.70580   0.93751  
  8 33.0461   2156.647540  x:  0.19875   0.01158   0.14006   0.16294   0.03053   0.02378   0.08358   0.00000   0.10468   0.05079   0.10612   0.01665   0.00391   0.16414   0.15578   0.06252   0.00841   0.12029   0.03179   0.10758   0.21403   0.10477   0.00986   6.91569   1.44915   1.06758   1.70809   0.93731  
  9 26.7542   2156.617215  x:  0.20014   0.01265   0.14002   0.16272   0.03177   0.02395   0.08453   0.00000   0.10428   0.05129   0.10635   0.01817   0.00391   0.16389   0.15596   0.06507   0.00774   0.12040   0.03174   0.10812   0.21563   0.10463   0.01021   6.91560   1.45134   1.06564   1.71136   0.93703  
 10 16.7443   2156.574445  x:  0.20128   0.01180   0.13995   0.16150   0.03420   0.02406   0.08553   0.00000   0.10360   0.04991   0.10640   0.01655   0.00374   0.16342   0.15601   0.06664   0.00814   0.12128   0.03170   0.10961   0.21658   0.10414   0.00988   6.91539   1.45625   1.06153   1.71870   0.93641  
 11 18.6842   2156.454507  x:  0.20240   0.01029   0.14005   0.15942   0.03138   0.02312   0.08582   0.00000   0.10278   0.04725   0.10684   0.01808   0.00443   0.16234   0.15786   0.06444   0.00784   0.12422   0.03164   0.11305   0.21735   0.10367   0.01062   6.91466   1.47291   1.04839   1.74365   0.93431  
 12 33.7492   2156.374883  x:  0.20177   0.01350   0.14023   0.15884   0.03080   0.02470   0.08476   0.00000   0.10302   0.04926   0.10646   0.01703   0.00338   0.16186   0.15785   0.06201   0.00796   0.12478   0.03165   0.11333   0.21621   0.10357   0.00976   6.91412   1.48507   1.03995   1.76193   0.93279  
 13 57.7645   2156.313403  x:  0.19970   0.01158   0.13993   0.16047   0.03229   0.02356   0.08315   0.00000   0.10417   0.05260   0.10613   0.01716   0.00393   0.16227   0.15780   0.06186   0.00801   0.12283   0.03169   0.11058   0.21431   0.10433   0.01017   6.91365   1.49495   1.03526   1.77699   0.93158  
 14 35.1849   2156.270820  x:  0.19745   0.01210   0.13964   0.16303   0.03175   0.02387   0.08293   0.00000   0.10486   0.04963   0.10609   0.01721   0.00373   0.16302   0.15730   0.06365   0.00797   0.11986   0.03172   0.10705   0.21273   0.10487   0.01005   6.91326   1.50230   1.03521   1.78842   0.93075  
 15 21.1390   2156.152441  x:  0.19443   0.01184   0.13886   0.16699   0.03184   0.02364   0.08984   0.00000   0.10082   0.05058   0.10721   0.01718   0.00380   0.16488   0.15579   0.06072   0.00803   0.11807   0.03168   0.10737   0.21421   0.10262   0.01014   6.91162   1.52603   1.06100   1.82643   0.92871  
 16  9.9649   2155.900973  x:  0.19430   0.01179   0.13897   0.16514   0.03173   0.02375   0.08097   0.00000   0.10355   0.05016   0.10587   0.01714   0.00385   0.16468   0.15633   0.06292   0.00795   0.12062   0.03155   0.11075   0.21703   0.10344   0.00994   6.90794   1.57752   1.12350   1.90799   0.92506  
 17 53.0389   2155.871057  x:  0.19713   0.01180   0.13957   0.16237   0.03174   0.02373   0.08317   0.00000   0.10517   0.05023   0.10598   0.01711   0.00385   0.16240   0.15848   0.06243   0.00797   0.12086   0.03158   0.10788   0.21506   0.10511   0.00989   6.90744   1.58406   1.13084   1.91664   0.92550  
 18 14.6938   2155.861774  x:  0.19929   0.01174   0.13946   0.16287   0.03173   0.02372   0.08222   0.00000   0.10341   0.05025   0.10644   0.01710   0.00384   0.16122   0.15935   0.06236   0.00796   0.11987   0.03159   0.10763   0.21341   0.10390   0.00999   6.90716   1.58693   1.13227   1.91735   0.92730  
 19  2.8651   2155.824587  x:  0.20227   0.01155   0.13850   0.16655   0.03170   0.02373   0.08320   0.00000   0.10609   0.05018   0.10527   0.01714   0.00373   0.16125   0.15842   0.06228   0.00796   0.11956   0.03155   0.11051   0.21134   0.10483   0.00987   6.90564   1.60041   1.13495   1.91444   0.93909  
 20  3.1716   2155.746319  x:  0.19907   0.01145   0.13943   0.16487   0.03169   0.02375   0.08245   0.00000   0.10403   0.05026   0.10746   0.01712   0.00350   0.16350   0.15909   0.06262   0.00796   0.12233   0.03141   0.10714   0.21512   0.10558   0.00947   6.90230   1.62717   1.13915   1.90683   0.96364  
 21 12.3229   2155.723601  x:  0.19724   0.01141   0.14004   0.16332   0.03170   0.02373   0.08266   0.00000   0.10499   0.05019   0.10525   0.01719   0.00349   0.16202   0.16109   0.06209   0.00797   0.11897   0.03134   0.10778   0.21752   0.10378   0.00946   6.90135   1.63062   1.13960   1.90569   0.96735  
 22  4.3007   2155.512361  x:  0.19434   0.01119   0.13838   0.16450   0.03162   0.02379   0.08191   0.00000   0.10399   0.05042   0.11379   0.01700   0.00332   0.15213   0.16126   0.06115   0.00811   0.11246   0.03098   0.11228   0.22287   0.11237   0.00801   6.89250   1.62487   1.13762   1.90635   0.97095  
 23  1.4020   2154.007532  x:  0.20057   0.00931   0.13508   0.18484   0.03172   0.02371   0.08184   0.00000   0.10621   0.05043   0.11115   0.01728   0.00000   0.14637   0.17738   0.05976   0.00823   0.12264   0.02894   0.10564   0.24114   0.10985   0.00339   6.84511   1.58354   1.12510   1.91302   0.97875  
 24 14.8910   2154.007532  x:  0.20057   0.00931   0.13508   0.18484   0.03172   0.02371   0.08184   0.00000   0.10621   0.05043   0.11115   0.01728   0.00000   0.14637   0.17738   0.05976   0.00823   0.12264   0.02894   0.10564   0.24114   0.10985   0.00339   6.84511   1.58354   1.12510   1.91302   0.97875  
 25 27.1531   2153.683905  x:  0.20135   0.00828   0.13559   0.18596   0.03152   0.02423   0.08176   0.00000   0.10657   0.05067   0.11183   0.01750   0.00171   0.14841   0.17992   0.05963   0.00546   0.12234   0.02386   0.10566   0.24194   0.11010   0.00000   6.84512   1.58361   1.12506   1.91294   0.97839  
 26 70.4725   2153.343355  x:  0.20302   0.00656   0.13673   0.18841   0.03117   0.02498   0.08158   0.00000   0.10731   0.05110   0.11327   0.01772   0.00131   0.15260   0.18523   0.05977   0.00626   0.12185   0.01427   0.10582   0.24394   0.11114   0.00190   6.84515   1.58376   1.12498   1.91276   0.97760  
 27 98.0798   2153.254444  x:  0.20391   0.00734   0.13739   0.18976   0.03115   0.02482   0.08151   0.00000   0.10763   0.05119   0.11390   0.01754   0.00000   0.15460   0.18776   0.06038   0.00714   0.12188   0.01396   0.10619   0.24507   0.11151   0.00087   6.84517   1.58387   1.12493   1.91263   0.97713  
 28 40.6696   2153.254444  x:  0.20391   0.00734   0.13739   0.18976   0.03115   0.02482   0.08151   0.00000   0.10763   0.05119   0.11390   0.01754   0.00000   0.15460   0.18776   0.06038   0.00714   0.12188   0.01396   0.10619   0.24507   0.11151   0.00087   6.84517   1.58387   1.12493   1.91263   0.97713  
 29 78.7417   2153.196377  x:  0.20451   0.00786   0.13778   0.19066   0.03123   0.02454   0.08149   0.00000   0.10777   0.05117   0.11421   0.01742   0.00062   0.15585   0.18934   0.06088   0.00617   0.12205   0.01628   0.10655   0.24597   0.11182   0.00244   6.84519   1.58396   1.12488   1.91251   0.97674  
 30 29.6911   2153.126314  x:  0.20554   0.00797   0.13840   0.19218   0.03133   0.02425   0.08146   0.00000   0.10802   0.05113   0.11473   0.01733   0.00000   0.15791   0.19208   0.06151   0.00664   0.12226   0.01862   0.10706   0.24743   0.11214   0.00134   6.84522   1.58411   1.12481   1.91229   0.97603  
 31 39.5760   2153.012903  x:  0.20915   0.00620   0.14032   0.19742   0.03145   0.02453   0.08137   0.00000   0.10873   0.05112   0.11629   0.01763   0.00000   0.16480   0.20192   0.06156   0.00600   0.12232   0.01652   0.10803   0.25268   0.11334   0.00170   6.84535   1.58464   1.12458   1.91135   0.97319  
 32 34.3835   2153.005289  x:  0.20942   0.00701   0.14045   0.19784   0.03139   0.02453   0.08138   0.00000   0.10871   0.05113   0.11627   0.01749   0.00000   0.16511   0.20265   0.06133   0.00656   0.12225   0.01615   0.10800   0.25318   0.11337   0.00192   6.84537   1.58471   1.12456   1.91118   0.97275  
 33 15.8597   2153.002064  x:  0.20954   0.00747   0.14043   0.19801   0.03130   0.02452   0.08140   0.00000   0.10863   0.05115   0.11612   0.01737   0.00000   0.16501   0.20294   0.06101   0.00623   0.12216   0.01598   0.10789   0.25351   0.11328   0.00163   6.84540   1.58476   1.12456   1.91099   0.97229  
 34  8.7571   2152.990929  x:  0.20992   0.00694   0.13985   0.19850   0.03090   0.02456   0.08152   0.00000   0.10802   0.05128   0.11499   0.01728   0.00000   0.16348   0.20380   0.05928   0.00655   0.12153   0.01600   0.10714   0.25532   0.11266   0.00140   6.84559   1.58510   1.12454   1.90966   0.96919  
 35  7.7590   2152.985113  x:  0.21004   0.00708   0.13955   0.19864   0.03170   0.02472   0.08150   0.00000   0.10791   0.05120   0.11472   0.01807   0.00000   0.16246   0.20408   0.05981   0.00654   0.12117   0.01590   0.10696   0.25638   0.11251   0.00134   6.84577   1.58539   1.12451   1.90839   0.96623  
 36  6.6265   2152.976211  x:  0.21015   0.00701   0.13918   0.19871   0.03197   0.02447   0.08143   0.00000   0.10799   0.05095   0.11468   0.01714   0.00000   0.16117   0.20429   0.06115   0.00647   0.12082   0.01572   0.10697   0.25783   0.11255   0.00141   6.84612   1.58589   1.12444   1.90607   0.96084  
 37 14.2271   2152.966991  x:  0.21012   0.00717   0.13912   0.19860   0.03055   0.02433   0.08139   0.00000   0.10830   0.05110   0.11516   0.01765   0.00000   0.16074   0.20408   0.06157   0.00638   0.12101   0.01587   0.10731   0.25871   0.11286   0.00154   6.84654   1.58641   1.12430   1.90325   0.95435  
 38 13.7164   2152.954730  x:  0.20988   0.00728   0.13941   0.19819   0.03111   0.02527   0.08143   0.00000   0.10870   0.05143   0.11598   0.01735   0.00000   0.16154   0.20322   0.06035   0.00634   0.12184   0.01633   0.10786   0.25874   0.11335   0.00167   6.84719   1.58702   1.12401   1.89905   0.94487  
 39 15.8197   2152.949725  x:  0.20971   0.00724   0.13961   0.19795   0.03154   0.02420   0.08147   0.00000   0.10866   0.05131   0.11604   0.01745   0.00000   0.16230   0.20278   0.05995   0.00637   0.12207   0.01619   0.10786   0.25811   0.11335   0.00166   6.84749   1.58715   1.12381   1.89722   0.94092  
 40 13.2075   2152.945475  x:  0.20950   0.00716   0.13984   0.19776   0.03130   0.02458   0.08151   0.00000   0.10828   0.05094   0.11548   0.01748   0.00000   0.16338   0.20245   0.06054   0.00646   0.12188   0.01585   0.10743   0.25656   0.11294   0.00151   6.84780   1.58698   1.12347   1.89546   0.93745  
 41  6.4109   2152.944769  x:  0.20958   0.00716   0.13982   0.19795   0.03132   0.02455   0.08146   0.00000   0.10828   0.05149   0.11530   0.01745   0.00000   0.16333   0.20279   0.06061   0.00644   0.12166   0.01593   0.10734   0.25591   0.11283   0.00156   6.84793   1.58660   1.12318   1.89495   0.93690  
 42  1.5757   2152.944032  x:  0.20973   0.00718   0.13973   0.19828   0.03132   0.02454   0.08144   0.00000   0.10836   0.05112   0.11528   0.01747   0.00000   0.16301   0.20335   0.06044   0.00642   0.12147   0.01611   0.10733   0.25510   0.11278   0.00164   6.84815   1.58578   1.12260   1.89417   0.93641  
 43  1.7421   2152.942725  x:  0.20984   0.00714   0.13958   0.19835   0.03132   0.02456   0.08169   0.00000   0.10837   0.05123   0.11587   0.01746   0.00000   0.16245   0.20361   0.06051   0.00647   0.12197   0.01588   0.10762   0.25461   0.11309   0.00151   6.84885   1.58278   1.12065   1.89197   0.93608  
 44  1.1589   2152.937835  x:  0.21004   0.00719   0.13979   0.19820   0.03133   0.02456   0.08084   0.00000   0.10825   0.05121   0.11543   0.01746   0.00000   0.16293   0.20336   0.06057   0.00646   0.12228   0.01601   0.10742   0.25558   0.11298   0.00151   6.85181   1.57030   1.11267   1.88268   0.93531  
 45  3.9453   2152.936953  x:  0.20996   0.00721   0.13981   0.19820   0.03133   0.02455   0.08164   0.00000   0.10836   0.05122   0.11540   0.01746   0.00000   0.16316   0.20325   0.06057   0.00645   0.12187   0.01608   0.10741   0.25584   0.11294   0.00152   6.85240   1.56808   1.11131   1.88077   0.93527  
 46  4.7319   2152.936662  x:  0.20972   0.00720   0.13976   0.19825   0.03133   0.02456   0.08146   0.00000   0.10848   0.05122   0.11564   0.01746   0.00000   0.16322   0.20320   0.06051   0.00647   0.12140   0.01607   0.10752   0.25587   0.11303   0.00148   6.85274   1.56765   1.11122   1.87956   0.93555  
 47  0.7306   2152.935717  x:  0.20932   0.00719   0.13980   0.19847   0.03134   0.02456   0.08156   0.00000   0.10827   0.05123   0.11554   0.01747   0.00000   0.16327   0.20343   0.06058   0.00646   0.12180   0.01611   0.10744   0.25592   0.11307   0.00149   6.85421   1.56693   1.11161   1.87447   0.93704  
 48  1.1422   2152.935527  x:  0.20983   0.00718   0.13989   0.19833   0.03134   0.02456   0.08155   0.00000   0.10854   0.05123   0.11549   0.01747   0.00000   0.16324   0.20334   0.06058   0.00646   0.12181   0.01609   0.10748   0.25589   0.11298   0.00148   6.85462   1.56691   1.11162   1.87345   0.93737  
 49  0.8414   2152.935473  x:  0.21004   0.00719   0.13986   0.19829   0.03134   0.02456   0.08155   0.00000   0.10835   0.05123   0.11556   0.01747   0.00000   0.16326   0.20330   0.06058   0.00646   0.12174   0.01610   0.10747   0.25588   0.11305   0.00148   6.85484   1.56700   1.11151   1.87323   0.93745  
 50  0.3001   2152.935114  x:  0.20995   0.00720   0.13957   0.19840   0.03134   0.02455   0.08155   0.00000   0.10849   0.05123   0.11551   0.01747   0.00000   0.16337   0.20328   0.06061   0.00647   0.12181   0.01612   0.10738   0.25589   0.11313   0.00145   6.85730   1.56826   1.10989   1.87266   0.93788  
 51  0.2345   2152.934935  x:  0.20984   0.00718   0.13997   0.19836   0.03134   0.02455   0.08155   0.00000   0.10839   0.05123   0.11555   0.01747   0.00000   0.16327   0.20335   0.06061   0.00647   0.12178   0.01613   0.10756   0.25591   0.11294   0.00145   6.85865   1.56871   1.10933   1.87252   0.93802  
 52  0.8820   2152.934181  x:  0.20977   0.00715   0.14056   0.19808   0.03134   0.02454   0.08155   0.00000   0.10854   0.05122   0.11557   0.01746   0.00000   0.16320   0.20364   0.06061   0.00650   0.12169   0.01626   0.10701   0.25595   0.11353   0.00137   6.86511   1.56893   1.10944   1.87290   0.93815  
 53  0.5685   2152.928618  x:  0.21005   0.00720   0.13989   0.19784   0.03137   0.02443   0.08153   0.00000   0.10849   0.05121   0.11561   0.01742   0.00000   0.16402   0.20476   0.06078   0.00663   0.12183   0.01689   0.10782   0.25639   0.11319   0.00106   6.91328   1.56940   1.11189   1.87623   0.93879  
 54  6.3191   2152.928037  x:  0.21023   0.00716   0.14013   0.19885   0.03137   0.02442   0.08153   0.00000   0.10851   0.05121   0.11583   0.01741   0.00000   0.16400   0.20427   0.06083   0.00665   0.12190   0.01693   0.10760   0.25643   0.11307   0.00103   6.91832   1.56942   1.11217   1.87660   0.93885  
 55  3.5098   2152.928021  x:  0.21024   0.00715   0.14015   0.19891   0.03137   0.02442   0.08153   0.00000   0.10851   0.05121   0.11574   0.01742   0.00000   0.16400   0.20423   0.06083   0.00665   0.12189   0.01693   0.10768   0.25643   0.11316   0.00103   6.91846   1.56942   1.11218   1.87661   0.93885  
 56  0.2628   2152.927986  x:  0.21028   0.00714   0.14018   0.19898   0.03138   0.02442   0.08153   0.00000   0.10852   0.05121   0.11575   0.01742   0.00000   0.16408   0.20434   0.06083   0.00667   0.12189   0.01697   0.10770   0.25649   0.11318   0.00106   6.91621   1.56935   1.11214   1.87650   0.93874  
 57  0.0023   2152.927986  x:  0.21028   0.00714   0.14018   0.19898   0.03138   0.02442   0.08153   0.00000   0.10852   0.05121   0.11575   0.01742   0.00000   0.16408   0.20435   0.06083   0.00667   0.12189   0.01697   0.10770   0.25649   0.11318   0.00106   6.91607   1.56935   1.11213   1.87649   0.93874  
 58  0.0001   2152.927986  x:  0.21028   0.00714   0.14018   0.19898   0.03138   0.02442   0.08153   0.00000   0.10852   0.05121   0.11575   0.01742   0.00000   0.16408   0.20435   0.06083   0.00667   0.12189   0.01697   0.10770   0.25649   0.11318   0.00106   6.91608   1.56935   1.11213   1.87649   0.93874  