

TREE # 1

  0  0.0000   2025.117476  x:  0.20925   0.02571   0.03211   0.02495   0.05815   0.02188   0.05666   0.08536   0.02661   0.17168   0.20925   0.02571   0.03211   0.02495   0.05815   0.02188   0.05666   0.08536   0.02661   0.17168   0.21568   8.40433   1.31200   1.21164   1.37856   1.00000  
  1 99.0000   2012.787054  x:  0.19972   0.02584   0.05670   0.01626   0.09139   0.02292   0.06786   0.11738   0.04637   0.17719   0.21755   0.02583   0.01763   0.00697   0.05297   0.06290   0.05609   0.11667   0.00886   0.17008   0.21630   8.40460   1.31228   1.20691   1.38338   0.99784  
  2 321.3325   2010.872487  x:  0.19010   0.02267   0.06019   0.01955   0.10389   0.02089   0.07181   0.13414   0.04895   0.18183   0.22514   0.02807   0.01720   0.02540   0.05096   0.06072   0.05646   0.13399   0.01577   0.16869   0.21685   8.40488   1.31265   1.20210   1.38814   0.99556  
  3 166.5628   2008.430967  x:  0.16954   0.01892   0.05419   0.02180   0.11458   0.01853   0.07380   0.15648   0.04538   0.19052   0.23997   0.02821   0.02159   0.01666   0.04880   0.03562   0.05669   0.15684   0.01253   0.16604   0.21801   8.40556   1.31361   1.19120   1.39888   0.99021  
  4 133.1516   2007.830163  x:  0.15672   0.02649   0.04621   0.01851   0.11140   0.02296   0.07132   0.16167   0.04406   0.19477   0.24836   0.02688   0.01636   0.01507   0.05092   0.03598   0.05682   0.16105   0.01691   0.16490   0.21872   8.40618   1.31449   1.18205   1.40782   0.98549  
  5 65.3618   2007.287981  x:  0.14169   0.02607   0.03856   0.01986   0.10403   0.02079   0.06852   0.16407   0.04488   0.19906   0.25795   0.02622   0.02014   0.01690   0.05272   0.04275   0.05688   0.16143   0.01239   0.16391   0.21959   8.40714   1.31584   1.16829   1.42122   0.97818  
  6 78.0733   2006.876464  x:  0.13169   0.02023   0.04273   0.02109   0.09796   0.01979   0.06903   0.16301   0.05031   0.20137   0.26523   0.02926   0.01750   0.01493   0.05139   0.04316   0.05664   0.15692   0.01573   0.16387   0.22029   8.40843   1.31756   1.15125   1.43781   0.96864  
  7 60.4112   2006.490380  x:  0.12749   0.02340   0.04979   0.01877   0.09694   0.02247   0.07127   0.16066   0.05437   0.20210   0.27054   0.02780   0.01831   0.01778   0.04950   0.03965   0.05641   0.15122   0.01164   0.16449   0.22080   8.41013   1.31970   1.13029   1.45834   0.95632  
  8 77.3635   2005.877598  x:  0.13380   0.02679   0.05046   0.02044   0.10712   0.01821   0.07389   0.15640   0.04989   0.20020   0.27418   0.02525   0.02244   0.01539   0.05015   0.04124   0.05629   0.14557   0.01629   0.16617   0.22093   8.41376   1.32385   1.08970   1.49873   0.93066  
  9 75.0971   2005.531551  x:  0.14011   0.02212   0.04691   0.02046   0.11172   0.02124   0.07310   0.15449   0.04577   0.19816   0.27360   0.02650   0.01802   0.01663   0.05101   0.04147   0.05636   0.14510   0.01335   0.16675   0.22054   8.41604   1.32613   1.06715   1.52189   0.91512  
 10 121.2221   2005.405346  x:  0.14446   0.02288   0.04564   0.01790   0.10868   0.01990   0.07043   0.15562   0.04792   0.19622   0.26932   0.03014   0.01848   0.01677   0.05046   0.04098   0.05630   0.14936   0.01305   0.16605   0.21960   8.41744   1.32690   1.05925   1.53181   0.90686  
 11 35.2726   2005.331684  x:  0.14678   0.02367   0.04585   0.02085   0.10519   0.02089   0.06916   0.15704   0.04937   0.19473   0.26499   0.02886   0.01845   0.01636   0.05013   0.04090   0.05618   0.15300   0.01317   0.16521   0.21869   8.41858   1.32730   1.05529   1.53816   0.90062  
 12 40.9615   2005.297825  x:  0.14667   0.02265   0.04635   0.01956   0.10330   0.02053   0.06986   0.15790   0.04867   0.19404   0.26181   0.02634   0.01848   0.01641   0.05033   0.04099   0.05617   0.15443   0.01368   0.16460   0.21809   8.41944   1.32741   1.05459   1.54127   0.89656  
 13 21.4333   2005.262989  x:  0.14430   0.02301   0.04703   0.01965   0.10263   0.02119   0.07211   0.15870   0.04649   0.19366   0.25686   0.02789   0.01901   0.01628   0.05086   0.04136   0.05635   0.15451   0.01364   0.16382   0.21730   8.42110   1.32741   1.05624   1.54508   0.88966  
 14 13.9945   2005.238819  x:  0.14249   0.02358   0.04643   0.02009   0.10360   0.01975   0.07215   0.15875   0.04693   0.19384   0.25373   0.02787   0.01773   0.01651   0.05063   0.04096   0.05631   0.15367   0.01311   0.16358   0.21694   8.42275   1.32743   1.05892   1.54798   0.88339  
 15 16.9906   2005.204632  x:  0.14038   0.02300   0.04513   0.01979   0.10595   0.02080   0.07071   0.15865   0.04898   0.19450   0.25033   0.02746   0.01865   0.01643   0.05008   0.04077   0.05615   0.15235   0.01364   0.16363   0.21673   8.42559   1.32754   1.06406   1.55240   0.87314  
 16 28.8142   2005.147116  x:  0.14262   0.02298   0.04733   0.01980   0.10526   0.02056   0.06856   0.15880   0.04761   0.19672   0.25428   0.02763   0.01859   0.01644   0.05218   0.04084   0.05650   0.15253   0.01342   0.16571   0.21836   8.43265   1.32884   1.07762   1.56083   0.85178  
 17 11.8900   2005.127904  x:  0.14391   0.02307   0.04641   0.01979   0.10453   0.02066   0.07045   0.15837   0.04756   0.19670   0.25655   0.02767   0.01851   0.01641   0.04992   0.04112   0.05619   0.15292   0.01343   0.16585   0.21877   8.43554   1.32978   1.08259   1.56385   0.84466  
 18 18.0470   2005.123399  x:  0.14405   0.02303   0.04601   0.01981   0.10461   0.02069   0.07133   0.15799   0.04829   0.19549   0.25739   0.02767   0.01851   0.01639   0.05090   0.04097   0.05622   0.15313   0.01340   0.16496   0.21842   8.43704   1.33087   1.08401   1.56489   0.84347  
 19  4.2360   2005.117075  x:  0.14360   0.02305   0.04646   0.01979   0.10494   0.02065   0.07047   0.15764   0.04777   0.19299   0.25842   0.02768   0.01850   0.01640   0.05040   0.04105   0.05633   0.15326   0.01339   0.16327   0.21750   8.44054   1.33386   1.08624   1.56693   0.84284  
 20  4.3595   2005.077787  x:  0.14384   0.02301   0.04614   0.01977   0.10471   0.02067   0.07052   0.15980   0.04777   0.19196   0.25775   0.02774   0.01848   0.01632   0.05062   0.04105   0.05385   0.15227   0.01330   0.16630   0.21525   8.47343   1.36265   1.10093   1.58501   0.84794  
 21  4.2200   2005.059621  x:  0.14407   0.02299   0.04596   0.01976   0.10469   0.02069   0.07073   0.15985   0.04797   0.19261   0.25713   0.02767   0.01845   0.01622   0.05038   0.04108   0.05691   0.15231   0.01327   0.16674   0.21521   8.48947   1.37582   1.10783   1.59377   0.85070  
 22 37.8500   2005.045486  x:  0.14424   0.02298   0.04640   0.01974   0.10500   0.02068   0.07067   0.15750   0.04778   0.19508   0.25623   0.02766   0.01843   0.01618   0.05040   0.04116   0.05619   0.15372   0.01324   0.16395   0.21768   8.50310   1.38395   1.11304   1.60096   0.85351  
 23 12.1442   2005.017982  x:  0.14490   0.02291   0.04613   0.01971   0.10481   0.02069   0.07063   0.16001   0.04777   0.19275   0.25595   0.02764   0.01842   0.01602   0.05038   0.04119   0.05621   0.15216   0.01320   0.16347   0.22179   8.54119   1.38059   1.12257   1.61725   0.86281  
 24  3.4505   2004.995311  x:  0.14451   0.02291   0.04655   0.01968   0.10519   0.02067   0.07063   0.15713   0.04762   0.19343   0.25633   0.02761   0.01841   0.01586   0.05036   0.04128   0.05620   0.15423   0.01313   0.16534   0.21725   8.57494   1.37658   1.12878   1.62807   0.86933  
 25 12.8296   2004.969485  x:  0.14651   0.02283   0.04649   0.01965   0.10495   0.02068   0.07063   0.15970   0.04766   0.19688   0.25699   0.02763   0.01842   0.01570   0.05034   0.04140   0.05617   0.15181   0.01303   0.16148   0.21284   8.61938   1.37501   1.12933   1.62930   0.87082  
 26  6.4439   2004.256432  x:  0.14407   0.02246   0.04809   0.01882   0.10788   0.02080   0.07132   0.16008   0.04917   0.19465   0.25884   0.02749   0.01834   0.01044   0.05028   0.04346   0.05618   0.15452   0.01026   0.16543   0.21910   9.91541   1.35907   1.09976   1.58702   0.87219  
 27 28.5424   2004.208838  x:  0.14440   0.02284   0.04869   0.01861   0.10798   0.02089   0.07134   0.15990   0.04975   0.19453   0.25808   0.02756   0.01797   0.01266   0.05036   0.04467   0.05614   0.15426   0.01115   0.16541   0.21895  10.11494   1.35918   1.10083   1.58852   0.87305  
 28  0.2453   2004.202846  x:  0.14421   0.02282   0.04830   0.01886   0.10801   0.02079   0.07131   0.16065   0.04952   0.19505   0.25850   0.02758   0.01810   0.01234   0.05035   0.04426   0.05618   0.15495   0.01143   0.16503   0.21851  10.23965   1.36116   1.10328   1.59410   0.87404  
 29  0.1065   2004.202563  x:  0.14426   0.02276   0.04830   0.01885   0.10797   0.02079   0.07132   0.16061   0.04950   0.19499   0.25850   0.02760   0.01811   0.01237   0.05034   0.04415   0.05618   0.15491   0.01125   0.16507   0.21856  10.25544   1.36100   1.10291   1.59337   0.87413  
 30  0.0174   2004.202544  x:  0.14428   0.02276   0.04831   0.01884   0.10794   0.02080   0.07132   0.16053   0.04950   0.19495   0.25848   0.02759   0.01810   0.01236   0.05034   0.04412   0.05618   0.15483   0.01127   0.16509   0.21859  10.25791   1.36090   1.10277   1.59298   0.87417  
 31  0.0022   2004.202542  x:  0.14428   0.02277   0.04830   0.01884   0.10792   0.02080   0.07132   0.16051   0.04949   0.19495   0.25847   0.02759   0.01810   0.01236   0.05034   0.04412   0.05618   0.15482   0.01127   0.16509   0.21859  10.25760   1.36094   1.10283   1.59309   0.87417  
 32  0.0003   2004.202542  x:  0.14428   0.02277   0.04830   0.01884   0.10792   0.02080   0.07131   0.16051   0.04949   0.19495   0.25847   0.02759   0.01810   0.01236   0.05034   0.04412   0.05618   0.15482   0.01127   0.16509   0.21859  10.25758   1.36094   1.10282   1.59309   0.87417  